16	1
17	2
18	3
19	2
20	2
22	1
23	6
24	6
25	2
26	4
27	1
28	4
29	3
30	6
31	5
32	11
33	8
34	5
35	9
36	14
37	5
38	15
39	20
40	11
41	18
42	25
43	18
44	18
45	12
46	23
47	20
48	18
49	22
50	20
51	16
52	31
53	24
54	20
55	17
56	21
57	17
58	23
59	26
60	20
61	14
62	26
63	19
64	32
65	21
66	24
67	20
68	34
69	35
70	30
71	32
72	31
73	33
74	40
75	29
76	41
77	38
78	47
79	71
80	71
81	53
82	45
83	63
84	56
85	57
86	72
87	78
88	96
89	86
90	96
91	93
92	115
93	105
94	98
95	114
96	123
97	134
98	139
99	152
100	154
101	151
102	176
103	173
104	210
105	175
106	187
107	220
108	230
109	251
110	208
111	259
112	272
113	284
114	272
115	281
116	274
117	241
118	268
119	263
120	288
121	304
122	346
123	377
124	365
125	361
126	389
127	416
128	391
129	400
130	416
131	475
132	449
133	452
134	470
135	463
136	546
137	547
138	545
139	651
140	748
141	827
142	941
143	1239
144	1634
145	2320
146	3655
147	5783
148	7895
149	24037
150	20191
