16	1
17	2
18	3
19	2
20	2
22	1
23	6
24	6
25	2
26	4
27	1
28	4
29	3
30	6
31	5
32	11
33	8
34	5
35	9
36	14
37	5
38	15
39	20
40	12
41	22
42	27
43	19
44	19
45	12
46	33
47	33
48	20
49	40
50	148
51	165
52	40
53	24
54	21
55	18
56	22
57	17
58	24
59	30
60	24
61	14
62	27
63	19
64	35
65	23
66	27
67	21
68	36
69	39
70	35
71	32
72	36
73	41
74	47
75	35
76	46
77	41
78	52
79	85
80	88
81	62
82	52
83	76
84	74
85	71
86	91
87	99
88	117
89	110
90	116
91	121
92	151
93	131
94	131
95	155
96	154
97	184
98	204
99	201
100	201
101	210
102	236
103	235
104	293
105	225
106	278
107	293
108	352
109	375
110	341
111	366
112	412
113	425
114	390
115	503
116	446
117	385
118	441
119	444
120	451
121	489
122	543
123	569
124	553
125	588
126	615
127	665
128	664
129	647
130	679
131	735
132	728
133	711
134	788
135	733
136	871
137	891
138	948
139	1090
140	1318
141	1437
142	1819
143	2289
144	3174
145	4864
146	8780
147	11588
148	16950
149	86605
150	70872
