16	2
17	6
18	8
19	9
20	12
21	16
22	14
23	17
24	17
25	25
26	23
27	24
28	38
29	39
30	55
31	71
32	94
33	119
34	167
35	176
36	249
37	294
38	337
39	305
40	380
41	473
42	543
43	663
44	787
45	858
46	916
47	1027
48	1096
49	1170
50	1204
51	1302
52	1320
53	1440
54	1449
55	1542
56	1609
57	1759
58	1891
59	1938
60	1844
61	1862
62	2028
63	1998
64	2040
65	2169
66	2179
67	2264
68	2384
69	2347
70	2462
71	2600
72	2652
73	2777
74	2849
75	2984
76	3079
77	3089
78	3220
79	3411
80	3542
81	3769
82	3799
83	3964
84	4192
85	4401
86	4722
87	4866
88	5124
89	5352
90	5439
91	5888
92	6253
93	6517
94	7104
95	7323
96	7421
97	8052
98	8543
99	8903
100	9526
101	9951
102	10042
103	10808
104	11359
105	11680
106	12312
107	13052
108	13869
109	14345
110	14986
111	15494
112	16208
113	16295
114	16654
115	17331
116	17735
117	18227
118	18886
119	19415
120	20154
121	20178
122	20837
123	20512
124	20987
125	21371
126	21575
127	21964
128	22169
129	22664
130	23354
131	24590
132	25112
133	25567
134	26937
135	28182
136	30440
137	32751
138	35285
139	40305
140	45274
141	54073
142	67863
143	101789
144	125072
145	192765
146	317501
147	547962
148	779976
149	2445035
150	2026342
