0	0
1	0
2	0
3	0
4	0
5	0
6	0
7	0
8	0
9	0
10	0
11	0
12	5
13	11
14	11
15	14
16	12
17	9
18	16
19	12
20	12
21	8
22	13
23	16
24	25
25	34
26	30
27	42
28	57
29	38
30	50
31	43
32	47
33	58
34	61
35	72
36	63
37	76
38	81
39	78
40	84
41	66
42	84
43	100
44	118
45	100
46	80
47	426
48	62
49	75
50	88
51	105
52	79
53	67
54	77
55	81
56	87
57	103
58	98
59	89
60	61
61	97
62	75
63	91
64	75
65	105
66	93
67	102
68	81
69	108
70	90
71	86
72	93
73	105
74	106
75	132
76	112
77	122
78	144
79	125
80	122
81	149
82	156
83	187
84	192
85	144
86	143
87	157
88	176
89	163
90	171
91	195
92	211
93	199
94	178
95	215
96	194
97	224
98	243
99	209
100	264
101	242
102	243
103	263
104	239
105	252
106	253
107	235
108	230
109	259
110	271
111	259
112	234
113	324
114	278
115	298
116	318
117	287
118	288
119	272
120	287
121	277
122	312
123	305
124	272
125	332
126	261
127	310
128	297
129	302
130	303
131	300
132	328
133	303
134	284
135	381
136	475
137	587
138	681
139	909
140	406
141	389
142	374
143	420
144	307
145	360
146	252
147	281
148	236
149	233
150	255
151	237
152	221
153	269
154	278
155	237
156	226
157	291
158	241
159	258
160	257
161	270
162	219
163	251
164	250
165	234
166	277
167	258
168	274
169	257
170	255
171	276
172	232
173	254
174	246
175	248
176	281
177	256
178	268
179	266
180	236
181	245
182	278
183	214
184	245
185	207
186	229
187	295
188	216
189	248
190	225
191	304
192	241
193	268
194	237
195	269
196	277
197	237
198	245
199	205
200	232
201	216
202	250
203	233
204	234
205	193
206	240
207	208
208	186
209	200
210	267
211	260
212	234
213	176
214	225
215	189
216	225
217	208
218	219
219	177
220	182
221	174
222	204
223	185
224	164
225	156
226	138
227	197
228	197
229	188
230	170
231	201
232	170
233	159
234	166
235	169
236	184
237	201
238	177
239	175
240	199
241	190
242	174
243	178
244	196
245	154
246	182
247	177
248	165
249	191
250	245
251	199
252	223
253	264
254	221
255	230
256	207
257	212
258	217
259	206
260	247
261	283
262	198
263	212
264	191
265	180
266	177
267	200
268	211
269	196
270	185
271	150
272	214
273	188
274	163
275	185
276	188
277	192
278	192
279	196
280	202
281	202
282	207
283	195
284	189
285	189
286	176
287	203
288	179
289	166
290	196
291	160
292	184
293	202
294	177
295	195
296	222
297	186
298	200
299	216
300	201
301	198
302	178
303	201
304	223
305	245
306	149
307	192
308	176
309	186
310	165
311	181
312	203
313	218
314	148
315	173
316	167
317	223
318	149
319	188
320	184
321	145
322	195
323	173
324	190
325	171
326	182
327	172
328	177
329	159
330	177
331	157
332	152
333	146
334	159
335	145
336	135
337	157
338	167
339	160
340	161
341	167
342	148
343	166
344	139
345	154
346	185
347	174
348	131
349	155
350	142
351	130
352	176
353	132
354	137
355	171
356	172
357	176
358	117
359	160
360	151
361	187
362	140
363	170
364	157
365	173
366	171
367	175
368	187
369	173
370	177
371	190
372	165
373	140
374	142
375	164
376	164
377	135
378	157
379	160
380	174
381	135
382	179
383	158
384	151
385	136
386	141
387	143
388	155
389	156
390	147
391	132
392	167
393	154
394	143
395	154
396	136
397	134
398	139
399	145
400	165
401	144
402	129
403	153
404	159
405	172
406	145
407	137
408	153
409	153
410	126
411	136
412	133
413	157
414	123
415	138
416	156
417	160
418	123
419	126
420	149
421	147
422	131
423	125
424	129
425	113
426	146
427	122
428	127
429	141
430	145
431	117
432	139
433	142
434	140
435	146
436	126
437	150
438	110
439	127
440	130
441	134
442	133
443	139
444	138
445	126
446	140
447	128
448	134
449	126
450	104
451	131
452	110
453	118
454	92
455	79
456	123
457	87
458	107
459	102
460	110
461	86
462	103
463	115
464	101
465	95
466	85
467	93
468	95
469	97
470	83
471	84
472	96
473	104
474	87
475	76
476	72
477	82
478	67
479	79
480	65
481	96
482	84
483	114
484	106
485	106
486	89
487	98
488	130
489	100
490	73
491	82
492	72
493	78
494	64
495	83
496	70
497	86
498	102
499	75
500	78
501	68
502	92
503	82
504	95
505	74
506	104
507	160
508	134
509	105
510	91
511	67
512	68
513	84
514	71
515	93
516	65
517	84
518	81
519	95
520	108
521	101
522	99
523	101
524	103
525	107
526	81
527	50
528	77
529	79
530	98
531	87
532	74
533	64
534	78
535	93
536	87
537	72
538	79
539	61
540	101
541	74
542	56
543	84
544	73
545	46
546	75
547	62
548	64
549	53
550	66
551	48
552	49
553	50
554	50
555	54
556	27
557	47
558	37
559	69
560	52
561	50
562	70
563	51
564	41
565	34
566	50
567	64
568	75
569	32
570	24
