0	0
1	0
2	0
3	0
4	0
5	0
6	0
7	0
8	0
9	0
10	0
11	0
12	5
13	11
14	11
15	14
16	11
17	9
18	16
19	12
20	12
21	8
22	13
23	15
24	25
25	33
26	30
27	42
28	56
29	38
30	49
31	43
32	47
33	54
34	58
35	69
36	58
37	71
38	78
39	70
40	75
41	63
42	75
43	80
44	95
45	78
46	70
47	80
48	49
49	56
50	68
51	89
52	65
53	60
54	74
55	77
56	74
57	83
58	88
59	88
60	61
61	95
62	71
63	89
64	71
65	104
66	89
67	96
68	80
69	97
70	88
71	82
72	92
73	99
74	103
75	124
76	108
77	120
78	136
79	122
80	115
81	137
82	146
83	176
84	170
85	136
86	138
87	152
88	169
89	150
90	165
91	184
92	198
93	179
94	172
95	197
96	184
97	205
98	222
99	199
100	235
101	221
102	222
103	244
104	216
105	227
106	225
107	211
108	213
109	224
110	244
111	222
112	205
113	291
114	247
115	253
116	282
117	262
118	260
119	251
120	252
121	250
122	278
123	265
124	245
125	284
126	230
127	274
128	252
129	267
130	263
131	264
132	285
133	261
134	235
135	264
136	287
137	295
138	282
139	308
140	288
141	314
142	318
143	326
144	253
145	275
146	206
147	231
148	192
149	195
150	209
151	195
152	185
153	219
154	239
155	202
156	179
157	231
158	208
159	217
160	207
161	213
162	188
163	206
164	203
165	193
166	231
167	203
168	214
169	215
170	196
171	212
172	184
173	208
174	193
175	189
176	219
177	203
178	194
179	211
180	195
181	204
182	208
183	180
184	185
185	168
186	174
187	216
188	177
189	190
190	167
191	234
192	182
193	202
194	188
195	210
196	226
197	195
198	184
199	164
200	182
201	182
202	196
203	173
204	191
205	163
206	181
207	161
208	156
209	167
210	214
211	201
212	185
213	152
214	182
215	158
216	181
217	168
218	164
219	137
220	152
221	140
222	169
223	162
224	128
225	130
226	117
227	159
228	165
229	160
230	145
231	170
232	140
233	132
234	144
235	144
236	156
237	173
238	144
239	146
240	157
241	166
242	136
243	144
244	162
245	124
246	148
247	144
248	144
249	174
250	198
251	167
252	184
253	198
254	183
255	189
256	168
257	178
258	165
259	158
260	191
261	180
262	159
263	167
264	163
265	147
266	146
267	162
268	183
269	164
270	158
271	129
272	173
273	155
274	144
275	161
276	158
277	168
278	159
279	168
280	179
281	184
282	180
283	175
284	149
285	165
286	151
287	177
288	146
289	139
290	158
291	138
292	153
293	172
294	153
295	168
296	184
297	159
298	182
299	189
300	169
301	167
302	152
303	165
304	186
305	209
306	141
307	156
308	163
309	168
310	138
311	165
312	173
313	190
314	119
315	150
316	145
317	193
318	129
319	161
320	162
321	127
322	169
323	143
324	162
325	142
326	149
327	163
328	157
329	135
330	145
331	133
332	140
333	130
334	136
335	136
336	126
337	134
338	154
339	147
340	147
341	149
342	136
343	146
344	125
345	141
346	162
347	159
348	121
349	144
350	128
351	117
352	147
353	120
354	124
355	151
356	155
357	164
358	109
359	151
360	141
361	162
362	126
363	159
364	143
365	153
366	156
367	162
368	167
369	156
370	160
371	170
372	150
373	131
374	135
375	153
376	148
377	131
378	138
379	142
380	150
381	126
382	158
383	147
384	139
385	125
386	121
387	135
388	144
389	144
390	135
391	125
392	149
393	141
394	130
395	140
396	132
397	123
398	129
399	136
400	155
401	137
402	118
403	141
404	151
405	154
406	129
407	127
408	144
409	141
410	120
411	130
412	127
413	146
414	115
415	129
416	136
417	145
418	119
419	119
420	133
421	129
422	124
423	114
424	119
425	106
426	130
427	111
428	122
429	123
430	135
431	110
432	127
433	132
434	130
435	133
436	108
437	140
438	102
439	119
440	123
441	122
442	116
443	123
444	129
445	118
446	124
447	115
448	126
449	115
450	98
451	122
452	100
453	99
454	86
455	77
456	115
457	80
458	103
459	99
460	96
461	81
462	95
463	109
464	93
465	91
466	80
467	89
468	88
469	93
470	79
471	79
472	87
473	97
474	82
475	68
476	67
477	79
478	65
479	69
480	60
481	89
482	72
483	102
484	91
485	86
486	80
487	84
488	92
489	78
490	67
491	76
492	64
493	73
494	59
495	75
496	66
497	81
498	94
499	73
500	64
501	59
502	79
503	73
504	82
505	67
506	92
507	123
508	120
509	94
510	81
511	59
512	64
513	72
514	58
515	82
516	53
517	72
518	61
519	82
520	90
521	82
522	82
523	80
524	84
525	84
526	66
527	40
528	64
529	74
530	75
531	72
532	63
533	48
534	53
535	68
536	68
537	59
538	72
539	52
540	83
541	54
542	52
543	64
544	54
545	41
546	64
547	48
548	49
549	49
550	56
551	44
552	45
553	45
554	45
555	45
556	24
557	45
558	32
559	54
560	44
561	40
562	55
563	45
564	38
565	32
566	42
567	51
568	53
569	28
570	24
571	31
572	25
