0	0
1	0
2	0
3	0
4	0
5	0
6	0
7	0
8	0
9	0
10	0
11	0
12	2
13	2
14	4
15	5
16	7
17	6
18	2
19	8
20	1
21	4
22	3
23	9
24	4
25	9
26	19
27	15
28	17
29	6
30	9
31	13
32	18
33	23
34	18
35	15
36	31
37	15
38	33
39	27
40	37
41	19
42	30
43	17
44	13
45	17
46	14
47	22
48	13
49	31
50	17
51	18
52	26
53	26
54	19
55	29
56	18
57	38
58	27
59	30
60	17
61	25
62	42
63	44
64	26
65	17
66	31
67	32
68	25
69	35
70	25
71	21
72	38
73	30
74	63
75	27
76	36
77	25
78	59
79	52
80	45
81	45
82	41
83	39
84	63
85	52
86	39
87	49
88	62
89	57
90	61
91	63
92	57
93	90
94	56
95	57
96	85
97	73
98	70
99	37
100	75
101	89
102	56
103	54
104	37
105	65
106	47
107	57
108	76
109	66
110	71
111	66
112	55
113	71
114	65
115	62
116	87
117	54
118	55
119	80
120	64
121	55
122	45
123	85
124	83
125	62
126	79
127	55
128	63
129	121
130	93
131	48
132	65
133	66
134	65
135	80
136	87
137	116
138	92
139	51
140	80
141	88
142	60
143	75
144	73
145	50
146	74
147	51
148	59
149	37
150	35
151	37
152	28
153	33
154	44
155	55
156	68
157	24
158	37
159	22
160	55
161	37
162	52
163	48
164	41
165	48
166	30
167	38
168	45
169	67
170	24
171	29
172	20
173	29
174	23
175	37
176	20
177	16
178	28
179	25
180	8
181	37
182	61
183	26
184	30
185	31
186	60
187	27
188	30
189	27
190	40
191	36
192	31
193	41
194	69
195	58
196	33
197	25
198	58
199	26
200	39
201	29
202	23
203	24
204	34
205	33
206	36
207	32
208	30
209	46
210	26
211	40
212	35
213	25
214	46
215	35
216	35
217	46
218	54
219	28
220	17
221	22
222	30
223	30
224	27
225	44
226	31
227	41
228	37
229	72
230	52
231	53
232	41
233	25
234	41
235	42
236	46
237	26
238	21
239	20
240	31
241	34
242	40
243	66
244	43
245	23
246	38
247	36
248	29
249	15
250	56
251	49
252	74
253	57
254	49
255	45
256	37
257	29
258	27
259	43
260	35
261	43
262	45
263	55
264	45
265	82
266	59
267	50
268	41
269	40
270	30
271	53
272	33
273	40
274	37
275	47
276	37
277	34
278	54
279	53
280	34
281	42
282	69
283	28
284	52
285	39
286	48
287	41
288	61
289	42
290	67
291	58
292	44
293	51
294	85
295	59
296	57
297	45
298	46
299	38
300	62
301	50
302	59
303	46
304	53
305	64
306	52
307	44
308	56
309	43
310	48
311	48
312	36
313	40
314	41
315	59
316	47
317	34
318	46
319	50
320	45
321	40
322	50
323	47
324	57
325	82
326	75
327	48
328	52
329	50
330	55
331	46
332	48
333	60
334	57
335	47
336	65
337	45
338	61
339	42
340	42
341	33
342	35
343	32
344	32
345	51
346	63
347	48
348	35
349	36
350	35
351	34
352	48
353	46
354	53
355	48
356	30
357	36
358	38
359	54
360	40
361	52
362	37
363	39
364	33
365	51
366	52
367	55
368	42
369	52
370	55
371	55
372	42
373	36
374	38
375	39
376	44
377	34
378	48
379	42
380	35
381	37
382	37
383	70
384	49
385	51
386	61
387	38
388	57
389	64
390	55
391	54
392	34
393	43
394	42
395	65
396	21
397	34
398	36
399	40
400	32
401	29
402	46
403	49
404	85
405	67
406	45
407	42
408	55
409	75
410	65
411	59
412	47
413	51
414	35
415	32
416	27
417	62
418	48
419	55
420	62
421	63
422	41
423	38
424	62
425	67
426	52
427	53
428	51
429	76
430	43
431	46
432	55
433	42
434	23
435	43
436	34
437	48
438	40
439	39
440	44
441	39
442	47
443	43
444	30
445	48
446	44
447	67
448	58
449	56
450	43
451	62
452	46
453	34
454	51
455	27
456	41
457	52
458	40
459	60
460	33
461	30
462	32
463	28
464	41
465	36
466	41
467	40
468	31
469	43
470	26
471	38
472	20
473	31
474	43
475	64
476	58
477	33
478	32
479	27
480	23
481	33
482	28
483	25
484	26
485	28
486	24
487	22
488	27
489	34
490	21
491	32
492	36
493	25
494	23
495	33
496	41
497	24
498	40
499	23
500	24
501	28
502	26
503	28
504	29
505	34
506	32
507	46
508	42
509	32
510	18
511	21
512	16
513	17
514	20
515	18
516	21
517	21
518	34
519	30
520	14
521	36
522	18
523	19
524	28
525	17
526	19
527	17
528	14
529	29
530	22
531	13
532	17
533	15
534	27
535	15
536	21
537	9
538	17
539	28
540	30
541	14
542	13
543	11
544	17
545	28
546	16
547	25
548	13
549	23
550	38
551	26
552	26
553	17
554	11
555	10
556	9
557	8
558	12
559	33
560	26
561	16
562	13
563	15
564	26
565	12
566	7
567	9
568	9
569	7
570	6
571	13
572	7
573	7
574	18
575	12
576	21
577	6
578	9
579	7
580	12
581	12
582	5
583	15
584	6
585	12
