0	0
1	0
2	0
3	0
4	0
5	0
6	0
7	0
8	0
9	0
10	0
11	0
12	1
13	40
14	120
15	227
16	220
17	176
18	127
19	74
20	54
21	39
22	41
23	41
24	51
25	43
26	68
27	69
28	85
29	115
30	119
31	153
32	158
33	182
34	207
35	280
36	281
37	455
38	403
39	499
40	596
41	720
42	713
43	787
44	887
45	984
46	981
47	1164
48	1198
49	1306
50	1387
51	1537
52	1531
53	1500
54	1649
55	1661
56	1777
57	1806
58	1832
59	2008
60	1912
61	1936
62	1872
63	1913
64	2004
65	1916
66	2166
67	2127
68	2086
69	2266
70	2156
71	2419
72	2260
73	2270
74	2346
75	2514
76	2402
77	2373
78	2355
79	2500
80	2779
81	2587
82	2735
83	3672
84	2905
85	3494
86	2751
87	2503
88	2919
89	3419
90	5346
91	3407
92	2667
93	2964
94	3001
95	3257
96	2819
97	3122
98	3133
99	3188
100	3085
101	3000
102	3168
103	3131
104	3004
105	3062
106	3059
107	3271
108	3240
109	3222
110	3355
111	3526
112	3473
113	3461
114	3402
115	3225
116	3503
117	3301
118	3375
119	3517
120	3440
121	3467
122	3561
123	3361
124	3800
125	3496
126	3567
127	3362
128	3204
129	3553
130	3577
131	3444
132	3396
133	3458
134	3630
135	3460
136	3656
137	3448
138	3516
139	3533
140	3413
141	3548
142	3346
143	3465
144	3704
145	3609
146	3595
147	3647
148	3581
149	3682
150	3610
151	3531
152	3482
153	3310
154	3428
155	3510
156	3561
157	3436
158	3401
159	3401
160	3437
161	3225
162	3542
163	3346
164	3507
165	3398
166	3287
167	3293
168	3421
169	3171
170	3164
171	3243
172	3361
173	3295
174	3255
175	3009
176	3211
177	3021
178	3438
179	3157
180	3203
181	3087
182	3052
183	3016
184	2811
185	3001
186	2860
187	2923
188	2717
189	2713
190	2977
191	2790
192	2843
193	2636
194	2827
195	2658
196	2920
197	2970
198	2779
199	2605
200	2573
201	2427
202	2448
203	2553
204	2803
205	2548
206	2612
207	2572
208	2677
209	2663
210	2588
211	2550
212	2468
213	2424
214	2267
215	2422
216	2314
217	2290
218	2300
219	2286
220	2225
221	2195
222	2419
223	2180
224	2113
225	2170
226	2092
227	2074
228	2167
229	2191
230	1995
231	2138
232	1935
233	1964
234	2094
235	1977
236	2112
237	1977
238	2162
239	2118
240	1992
241	1821
242	1870
243	1903
244	1890
245	1765
246	1829
247	1832
248	1989
249	1797
250	1760
251	1770
252	1858
253	1855
254	1858
255	1888
256	1815
257	1988
258	1688
259	1630
260	1595
261	1538
262	1503
263	1527
264	1694
265	1569
266	1571
267	1396
268	1475
269	1604
270	1685
271	1579
272	1651
273	1605
274	1735
275	1561
276	1587
277	1601
278	1624
279	1548
280	1544
281	1331
282	1314
283	1418
284	1261
285	1287
286	1336
287	1227
288	1374
289	1343
290	1210
291	1295
292	1341
293	1353
294	1300
295	1346
296	1256
297	1154
298	1204
299	1119
300	1223
301	1249
302	1149
303	1254
304	1100
305	1096
306	1090
307	1092
308	1144
309	992
310	1050
311	1091
312	1029
313	1013
314	1031
315	946
316	1000
317	1133
318	1046
319	1056
320	963
321	897
322	978
323	973
324	950
325	864
326	869
327	924
328	825
329	876
330	919
331	903
332	793
333	825
334	866
335	828
336	815
337	864
338	809
339	857
340	895
341	764
342	836
343	772
344	808
345	850
346	827
347	837
348	747
349	753
350	762
351	692
352	837
353	791
354	751
355	704
356	728
357	794
358	693
359	721
360	708
361	808
362	709
363	750
364	774
365	620
366	683
367	539
368	645
369	719
370	669
371	648
372	665
373	652
374	665
375	640
376	599
377	619
378	684
379	576
380	627
381	622
382	636
383	520
384	514
385	536
386	479
387	569
388	567
389	567
390	463
391	538
392	598
393	542
394	572
395	495
396	533
397	574
398	499
399	474
400	548
401	544
402	509
403	557
404	503
405	513
406	562
407	518
408	541
409	443
410	528
411	400
412	446
413	379
414	396
415	438
416	452
417	467
418	463
419	458
420	468
421	473
422	406
423	388
424	408
425	368
426	400
427	400
428	482
429	444
430	436
431	488
432	487
433	446
434	430
435	452
436	409
437	446
438	401
439	361
440	349
441	308
442	360
443	351
444	387
445	337
446	367
447	389
448	336
449	330
450	330
451	337
452	348
453	475
454	420
455	348
456	339
457	402
458	406
459	302
460	415
461	395
462	373
463	332
464	306
465	317
466	363
467	325
468	348
469	307
470	322
471	355
472	277
473	312
474	361
475	326
476	384
477	259
478	315
479	347
480	314
481	346
482	324
483	304
484	274
485	245
486	322
487	262
488	318
489	296
490	338
491	289
492	313
493	285
494	320
495	296
496	299
497	272
498	268
499	230
500	249
501	277
502	273
503	288
504	341
505	352
506	272
507	243
508	292
509	306
510	302
511	292
512	254
513	282
514	339
515	316
516	253
517	264
518	285
519	281
520	371
521	321
522	336
523	305
524	268
525	317
526	317
527	324
528	355
529	282
530	315
531	328
532	241
533	291
534	239
535	260
536	291
537	246
538	236
539	226
540	299
541	267
542	270
543	249
544	325
545	255
546	207
547	220
548	259
549	310
550	240
551	316
552	230
553	258
554	247
555	226
556	211
557	209
558	250
559	227
560	246
561	257
562	277
563	163
564	180
565	189
566	206
567	206
568	211
569	198
570	205
571	229
572	212
573	213
574	195
575	240
576	256
577	278
578	256
579	241
580	213
581	210
582	144
583	195
584	205
585	173
586	173
587	209
588	167
589	201
590	189
591	221
592	179
593	172
594	259
595	264
596	248
597	249
598	228
599	260
600	236
601	230
602	229
603	208
604	243
605	239
606	234
607	174
608	144
609	196
610	157
611	176
612	165
613	222
614	162
615	158
616	141
617	177
618	163
619	173
620	200
621	212
622	252
623	191
624	224
625	206
626	196
627	163
628	176
629	162
630	158
631	207
632	202
633	205
634	190
635	176
636	206
637	186
638	179
639	153
640	165
641	149
642	164
643	181
644	184
645	237
646	225
647	246
648	241
649	206
650	136
651	184
652	212
653	229
654	201
655	188
656	184
657	175
658	140
659	127
660	163
661	171
662	243
663	148
664	230
665	179
666	203
667	175
668	191
669	153
670	305
671	213
672	154
673	202
674	177
675	202
676	217
677	240
678	239
679	227
680	201
681	183
682	215
683	180
684	169
685	186
686	211
687	186
688	239
689	194
690	221
691	210
692	140
693	177
694	199
695	168
696	176
697	187
698	237
699	182
700	170
701	159
702	158
703	157
704	154
705	171
706	191
707	164
708	179
709	194
710	191
711	206
712	191
713	217
714	207
715	174
716	197
717	205
718	191
719	190
720	170
721	161
722	187
723	154
724	168
725	136
726	153
727	185
728	154
729	178
730	188
731	193
732	175
733	169
734	134
735	112
736	169
737	156
738	162
739	139
740	156
741	139
742	131
743	162
744	146
745	150
746	183
747	146
748	149
749	188
750	155
751	171
752	163
753	145
754	172
755	144
756	151
757	184
758	193
759	145
760	122
761	142
762	158
763	150
764	157
765	128
766	129
767	116
768	171
769	159
770	154
771	150
772	127
773	142
774	117
775	135
776	163
777	132
778	141
779	137
780	117
781	114
782	124
783	136
784	115
785	149
786	144
787	105
788	121
789	124
790	113
791	176
792	157
793	136
794	147
795	131
796	152
797	154
798	177
799	185
800	129
801	213
802	167
803	129
804	138
805	132
806	140
807	136
808	125
809	141
810	145
811	121
812	136
813	144
814	154
815	146
816	119
817	139
818	115
819	119
820	161
821	148
822	188
823	199
824	142
825	143
826	118
827	151
828	124
829	100
830	127
831	144
832	128
833	148
834	161
835	165
836	148
837	132
838	154
839	149
840	133
841	147
842	123
843	167
844	171
845	165
846	147
847	148
848	149
849	139
850	144
851	120
852	154
853	115
854	163
855	132
856	140
857	123
858	134
859	185
860	153
861	163
862	129
863	111
864	138
865	180
866	163
867	131
868	105
869	115
870	164
871	180
872	168
873	130
874	150
875	110
876	165
877	147
878	129
879	158
880	166
881	162
882	114
883	145
884	108
885	154
886	136
887	151
888	147
889	138
890	120
891	181
892	150
893	175
894	149
895	128
896	157
897	104
898	104
899	101
900	137
901	110
902	116
903	119
904	115
905	118
906	138
907	139
908	91
909	87
910	114
911	85
912	96
913	112
914	84
915	111
916	107
917	131
918	114
919	117
920	94
921	114
922	110
923	116
924	123
925	139
926	167
927	130
928	149
929	152
930	146
931	123
932	123
933	141
934	88
935	111
936	98
937	107
938	133
939	150
940	159
941	125
942	147
943	190
944	131
945	121
946	128
947	135
948	176
949	118
950	113
951	141
952	145
953	136
954	141
955	119
956	122
957	136
958	133
959	127
960	163
961	149
962	123
963	119
964	107
965	150
966	133
967	158
968	167
969	129
970	130
971	155
972	113
973	124
974	143
975	119
976	105
977	96
978	101
979	103
980	91
981	140
982	144
983	90
984	124
985	120
986	126
987	122
988	148
989	95
990	87
991	115
992	132
993	128
994	115
995	127
996	142
997	110
998	132
999	141
1000	163
1001	130
1002	129
1003	141
1004	129
1005	125
1006	116
1007	124
1008	124
1009	148
1010	123
1011	126
1012	107
1013	117
1014	107
1015	105
1016	127
1017	117
1018	130
1019	137
1020	198
1021	157
1022	143
1023	113
1024	105
1025	133
1026	120
1027	147
1028	128
1029	93
1030	119
1031	110
1032	122
1033	112
1034	154
1035	134
1036	78
1037	107
1038	77
1039	90
1040	82
1041	93
1042	107
1043	101
1044	128
1045	136
1046	105
1047	134
1048	87
1049	89
1050	105
1051	89
1052	105
1053	88
1054	94
1055	69
1056	108
1057	139
1058	89
1059	67
1060	68
1061	89
1062	116
1063	103
1064	124
1065	129
1066	123
1067	194
1068	106
1069	103
1070	122
1071	110
1072	138
1073	94
1074	110
1075	100
1076	92
1077	84
1078	80
1079	97
1080	88
1081	127
1082	126
1083	125
1084	136
1085	85
1086	111
1087	109
1088	78
1089	84
1090	108
1091	138
1092	81
1093	65
1094	84
1095	148
1096	126
1097	110
1098	71
1099	113
1100	111
1101	96
1102	115
1103	135
1104	126
1105	86
1106	123
1107	118
1108	103
1109	86
1110	106
1111	146
1112	119
1113	147
1114	119
1115	93
1116	111
1117	118
1118	113
1119	136
1120	114
1121	132
1122	118
1123	107
1124	68
1125	130
1126	131
1127	123
1128	158
1129	132
1130	103
1131	103
1132	80
1133	96
1134	129
1135	126
1136	123
1137	95
1138	85
1139	113
1140	116
1141	80
1142	110
1143	94
1144	170
1145	110
1146	109
1147	114
1148	116
1149	118
1150	57
1151	115
1152	123
1153	113
1154	92
1155	113
1156	89
1157	89
1158	121
1159	124
1160	100
1161	143
1162	131
1163	138
1164	126
1165	81
1166	69
1167	93
1168	103
1169	126
1170	112
1171	131
1172	111
1173	90
1174	89
1175	131
1176	118
1177	168
1178	160
1179	110
1180	123
1181	138
1182	123
1183	141
1184	153
1185	127
1186	125
1187	121
1188	102
1189	100
1190	98
1191	115
1192	105
1193	94
1194	121
1195	120
1196	85
1197	123
1198	113
1199	118
1200	109
1201	133
1202	88
1203	114
1204	128
1205	115
1206	150
1207	114
1208	96
1209	95
1210	106
1211	116
1212	79
1213	105
1214	116
1215	110
1216	61
1217	110
1218	124
1219	95
1220	89
1221	112
1222	99
1223	96
1224	108
1225	108
1226	86
1227	109
1228	76
1229	92
1230	104
1231	138
1232	134
1233	134
1234	159
1235	112
1236	134
1237	178
1238	141
1239	108
1240	92
1241	103
1242	86
1243	89
1244	90
1245	94
1246	127
1247	88
1248	106
1249	129
1250	151
1251	105
1252	102
1253	108
1254	118
1255	115
1256	109
1257	78
1258	100
1259	105
1260	91
1261	128
1262	109
1263	120
1264	107
1265	113
1266	128
1267	111
1268	132
1269	140
1270	141
1271	113
1272	102
1273	114
1274	123
1275	103
1276	111
1277	84
1278	84
1279	111
1280	109
1281	138
1282	133
1283	117
1284	95
1285	105
1286	74
1287	110
1288	115
1289	109
1290	98
1291	106
1292	83
1293	74
1294	95
1295	40
1296	90
1297	86
1298	86
1299	97
1300	73
1301	98
1302	100
1303	125
1304	103
1305	120
1306	80
1307	128
1308	124
1309	102
1310	95
1311	94
1312	108
1313	96
1314	113
1315	102
1316	140
1317	188
1318	71
1319	113
1320	128
1321	118
1322	106
1323	122
1324	91
1325	82
1326	83
1327	80
1328	112
1329	115
1330	94
1331	111
1332	140
1333	107
1334	116
1335	88
1336	75
1337	79
1338	122
1339	78
1340	83
1341	120
1342	124
1343	113
1344	79
1345	84
1346	100
1347	77
1348	96
1349	104
1350	70
1351	85
1352	114
1353	113
1354	102
1355	72
1356	64
1357	83
1358	89
1359	73
1360	109
1361	69
1362	63
1363	68
1364	74
1365	101
1366	114
1367	104
1368	112
1369	103
1370	88
1371	84
1372	81
1373	69
1374	67
1375	77
1376	73
1377	140
1378	84
1379	95
1380	99
1381	102
1382	114
1383	106
1384	113
1385	65
1386	95
1387	64
1388	67
1389	65
1390	100
1391	68
1392	100
1393	87
1394	72
1395	66
1396	84
1397	65
1398	85
1399	79
1400	80
1401	69
1402	75
1403	91
1404	96
1405	87
1406	80
1407	97
1408	114
1409	97
1410	115
1411	73
1412	79
1413	103
1414	101
1415	91
1416	95
1417	77
1418	103
1419	118
1420	109
1421	103
1422	77
1423	81
1424	108
1425	88
1426	73
1427	90
1428	77
1429	74
1430	114
1431	100
1432	103
1433	79
1434	97
1435	123
1436	82
1437	102
1438	99
1439	105
1440	87
1441	97
1442	92
1443	68
1444	75
1445	99
1446	93
1447	81
1448	98
1449	108
1450	115
1451	135
1452	69
1453	65
1454	65
1455	69
1456	83
1457	75
1458	99
1459	99
1460	97
1461	81
1462	106
1463	104
1464	106
1465	71
1466	96
1467	84
1468	74
1469	105
1470	92
1471	108
1472	101
1473	111
1474	81
1475	99
1476	102
1477	71
1478	86
1479	74
1480	85
1481	95
1482	41
1483	80
1484	143
1485	85
1486	113
1487	94
1488	106
1489	83
1490	67
1491	63
1492	69
1493	57
1494	78
1495	65
1496	92
1497	67
1498	72
1499	92
1500	75
1501	92
1502	72
1503	89
1504	85
1505	107
1506	84
1507	83
1508	73
1509	103
1510	120
1511	142
1512	77
1513	109
1514	103
1515	67
1516	86
1517	57
1518	52
1519	131
1520	77
1521	75
1522	80
1523	113
1524	98
1525	116
1526	92
1527	106
1528	92
1529	95
1530	106
1531	102
1532	125
1533	94
1534	106
1535	73
1536	83
1537	100
1538	61
1539	87
1540	93
1541	111
1542	110
1543	74
1544	79
1545	110
1546	165
1547	135
1548	114
1549	100
1550	71
1551	82
1552	88
1553	94
1554	143
1555	70
1556	75
1557	80
1558	75
1559	122
1560	114
1561	89
1562	80
1563	70
1564	53
1565	67
1566	84
1567	89
1568	86
1569	98
1570	89
1571	102
1572	114
1573	102
1574	81
1575	84
1576	110
1577	85
1578	110
1579	107
1580	95
1581	104
1582	116
1583	104
1584	110
1585	111
1586	113
1587	91
1588	84
1589	111
1590	111
1591	99
1592	75
1593	101
1594	107
1595	107
1596	94
1597	78
1598	98
1599	121
1600	79
1601	88
1602	94
1603	105
1604	71
1605	82
1606	112
1607	78
1608	80
1609	61
1610	79
1611	88
1612	121
1613	68
1614	88
1615	82
1616	71
1617	97
1618	57
1619	87
1620	88
1621	96
1622	93
1623	61
1624	72
1625	64
1626	85
1627	76
1628	81
1629	128
1630	125
1631	91
1632	104
1633	65
1634	75
1635	76
1636	97
1637	84
1638	71
1639	61
1640	56
1641	80
1642	92
1643	82
1644	98
1645	42
1646	48
1647	90
1648	77
1649	85
1650	69
1651	92
1652	88
1653	87
1654	87
1655	101
1656	91
1657	99
1658	101
1659	84
1660	56
1661	96
1662	64
1663	78
1664	92
1665	97
1666	82
1667	64
1668	89
1669	93
1670	90
1671	89
1672	90
1673	66
1674	99
1675	78
1676	128
1677	91
1678	69
1679	101
1680	64
1681	79
1682	77
1683	72
1684	68
1685	62
1686	88
1687	89
1688	85
1689	101
1690	138
1691	118
1692	144
1693	93
1694	67
1695	85
1696	79
1697	126
1698	42
1699	64
1700	77
1701	72
1702	76
1703	90
1704	82
1705	55
1706	61
1707	115
1708	98
1709	95
1710	62
1711	49
1712	40
1713	60
1714	60
1715	56
1716	66
1717	86
1718	72
1719	97
1720	82
1721	63
1722	71
1723	66
1724	80
1725	88
1726	85
1727	71
1728	114
1729	97
1730	58
1731	92
1732	102
1733	108
1734	122
1735	92
1736	105
1737	93
1738	83
1739	79
1740	126
1741	61
1742	72
1743	151
1744	93
1745	47
1746	82
1747	79
1748	64
1749	70
1750	95
1751	77
1752	93
1753	91
1754	83
1755	87
1756	88
1757	72
1758	92
1759	90
1760	81
1761	105
1762	69
1763	79
1764	77
1765	76
1766	78
1767	107
1768	73
1769	101
1770	156
1771	97
1772	73
1773	49
1774	81
1775	95
1776	78
1777	92
1778	44
1779	85
1780	95
1781	63
1782	89
1783	60
1784	94
1785	72
1786	75
1787	86
1788	67
1789	66
1790	66
1791	67
1792	93
1793	102
1794	88
1795	91
1796	100
1797	69
1798	102
1799	86
1800	58
1801	76
1802	103
1803	74
1804	103
1805	88
1806	94
1807	76
1808	62
1809	44
1810	80
1811	82
1812	115
1813	84
1814	90
1815	63
1816	53
1817	56
1818	57
1819	80
1820	72
1821	72
1822	62
1823	53
1824	47
1825	64
1826	67
1827	70
1828	59
1829	64
1830	75
1831	57
1832	86
1833	75
1834	84
1835	68
1836	61
1837	58
1838	50
1839	67
1840	49
1841	73
1842	49
1843	53
1844	50
1845	75
1846	93
1847	50
1848	56
1849	89
1850	68
1851	74
1852	64
1853	63
1854	55
1855	68
1856	79
1857	94
1858	113
1859	53
1860	58
1861	74
1862	63
1863	38
1864	56
1865	36
1866	70
1867	67
1868	51
1869	41
1870	48
1871	67
1872	62
1873	85
1874	69
1875	94
1876	57
1877	68
1878	59
1879	83
1880	64
1881	67
1882	74
1883	67
1884	74
1885	62
1886	50
1887	67
1888	82
1889	59
1890	75
1891	72
1892	59
1893	94
1894	91
1895	67
1896	44
1897	63
1898	65
1899	70
1900	56
1901	100
1902	65
1903	42
1904	57
1905	36
1906	55
1907	80
1908	88
1909	89
1910	67
1911	84
1912	82
1913	45
1914	59
1915	69
1916	79
1917	59
1918	53
1919	65
1920	71
1921	72
1922	51
1923	63
1924	74
1925	50
1926	46
1927	75
1928	50
1929	75
1930	65
1931	43
1932	36
1933	38
1934	60
1935	65
1936	73
1937	71
1938	107
1939	53
1940	46
1941	54
1942	54
1943	63
1944	43
1945	35
1946	58
1947	61
1948	55
1949	50
1950	57
1951	56
1952	32
1953	69
1954	70
1955	68
1956	59
1957	60
1958	64
1959	55
1960	51
1961	42
1962	36
1963	52
1964	51
1965	69
1966	64
1967	78
1968	53
1969	53
1970	50
1971	57
1972	86
1973	67
1974	75
1975	44
1976	65
1977	86
1978	83
1979	75
1980	76
1981	68
1982	64
1983	65
1984	57
1985	70
1986	100
1987	46
1988	42
1989	54
1990	53
1991	45
1992	82
1993	48
1994	62
1995	88
1996	73
1997	66
1998	92
1999	78
2000	96
2001	88
2002	104
2003	79
2004	57
2005	54
2006	83
2007	58
2008	81
2009	79
2010	51
2011	85
2012	92
2013	88
2014	111
2015	92
2016	95
2017	57
2018	74
2019	83
2020	72
2021	83
2022	96
2023	74
2024	63
2025	70
2026	68
2027	113
2028	37
2029	63
2030	79
2031	60
2032	68
2033	73
2034	61
2035	73
2036	78
2037	83
2038	80
2039	90
2040	95
2041	75
2042	92
2043	68
2044	71
2045	91
2046	82
2047	74
2048	63
2049	59
2050	89
2051	69
2052	69
2053	58
2054	38
2055	49
2056	42
2057	53
2058	73
2059	90
2060	83
2061	81
2062	83
2063	84
2064	86
2065	78
2066	70
2067	29
2068	42
2069	68
2070	66
2071	76
2072	58
2073	49
2074	54
2075	55
2076	60
2077	67
2078	50
2079	48
2080	58
2081	75
2082	63
2083	45
2084	44
2085	63
2086	63
2087	55
2088	43
2089	61
2090	65
2091	57
2092	76
2093	59
2094	75
2095	41
2096	55
2097	61
2098	79
2099	66
2100	80
2101	70
2102	58
2103	43
2104	52
2105	78
2106	104
2107	89
2108	99
2109	81
2110	58
2111	45
2112	46
2113	44
2114	58
2115	69
2116	81
2117	77
2118	55
2119	47
2120	53
2121	68
2122	73
2123	68
2124	81
2125	90
2126	59
2127	84
2128	49
2129	34
2130	34
2131	54
2132	34
2133	56
2134	54
2135	48
2136	68
2137	56
2138	61
2139	79
2140	48
2141	59
2142	56
2143	51
2144	61
2145	58
2146	67
2147	72
2148	72
2149	53
2150	64
2151	43
2152	46
2153	42
2154	31
2155	16
2156	31
2157	75
2158	48
2159	55
2160	55
2161	50
2162	71
2163	61
2164	47
2165	52
2166	65
2167	94
2168	80
2169	32
2170	95
2171	60
2172	64
2173	77
2174	82
2175	51
2176	85
2177	61
2178	41
2179	55
2180	57
2181	36
2182	51
2183	62
2184	38
2185	87
2186	90
2187	29
2188	60
2189	82
2190	47
2191	84
2192	60
2193	51
2194	52
2195	60
2196	84
2197	60
2198	72
2199	66
2200	74
2201	73
2202	42
2203	67
2204	40
2205	77
2206	62
2207	49
2208	66
2209	57
2210	35
2211	48
2212	60
2213	66
2214	77
2215	90
2216	75
2217	83
2218	67
2219	46
2220	83
2221	86
2222	78
2223	82
2224	85
2225	70
2226	85
2227	69
2228	77
2229	79
2230	59
2231	68
2232	68
2233	65
2234	81
2235	90
2236	89
2237	82
2238	77
2239	110
2240	116
2241	98
2242	105
2243	67
2244	69
2245	86
2246	76
2247	89
2248	70
2249	92
2250	67
2251	68
2252	46
2253	73
2254	78
2255	113
2256	64
2257	72
2258	77
2259	84
2260	97
2261	85
2262	55
2263	58
2264	78
2265	83
2266	58
2267	63
2268	57
2269	62
2270	69
2271	66
2272	87
2273	69
2274	52
2275	68
2276	77
2277	67
2278	56
2279	68
2280	101
2281	50
2282	43
2283	75
2284	90
2285	105
2286	126
2287	92
2288	104
2289	91
2290	68
2291	48
2292	60
2293	64
2294	62
2295	60
2296	25
2297	57
2298	60
2299	60
2300	71
2301	60
2302	63
2303	65
2304	54
2305	67
2306	49
2307	91
2308	78
2309	67
2310	53
2311	51
2312	59
2313	46
2314	89
2315	49
2316	57
2317	54
2318	89
2319	57
2320	69
2321	73
2322	79
2323	62
2324	79
2325	66
2326	79
2327	60
2328	73
2329	68
2330	88
2331	84
2332	47
2333	70
2334	50
2335	77
2336	63
2337	81
2338	67
2339	50
2340	48
2341	19
2342	58
2343	56
2344	50
2345	58
2346	46
2347	53
2348	47
2349	53
2350	64
2351	65
2352	34
2353	63
2354	29
2355	33
2356	30
2357	42
2358	51
2359	76
2360	57
2361	59
2362	58
2363	64
2364	50
2365	47
2366	60
2367	89
2368	46
2369	50
2370	70
2371	49
2372	54
2373	40
2374	37
2375	55
2376	53
2377	69
2378	43
2379	37
2380	37
2381	21
2382	38
2383	58
2384	68
2385	47
2386	50
2387	51
2388	58
2389	61
2390	61
2391	56
2392	68
2393	95
2394	79
2395	46
2396	75
2397	64
2398	46
2399	47
2400	43
2401	54
2402	58
2403	52
2404	39
2405	53
2406	82
2407	22
2408	42
2409	46
2410	27
2411	56
2412	54
2413	37
2414	72
2415	56
2416	55
2417	52
2418	56
2419	56
2420	42
2421	49
2422	35
2423	62
2424	74
2425	63
2426	63
2427	62
2428	71
2429	65
2430	63
2431	69
2432	54
2433	45
2434	35
2435	49
2436	29
2437	53
2438	45
2439	45
2440	81
2441	60
2442	67
2443	59
2444	67
2445	65
2446	98
2447	68
2448	81
2449	75
2450	82
2451	64
2452	47
2453	47
2454	40
2455	42
2456	52
2457	42
2458	52
2459	42
2460	76
2461	41
2462	49
2463	68
2464	78
2465	73
2466	72
2467	54
2468	63
2469	66
2470	63
2471	62
2472	52
2473	49
2474	46
2475	60
2476	68
2477	72
2478	57
2479	76
2480	37
2481	48
2482	38
2483	37
2484	25
2485	33
2486	53
2487	61
2488	49
2489	66
2490	42
2491	68
2492	86
2493	62
2494	41
2495	85
2496	51
2497	37
2498	57
2499	51
2500	51
2501	35
2502	31
2503	51
2504	41
2505	64
2506	55
2507	62
2508	80
2509	55
2510	52
2511	71
2512	47
2513	58
2514	81
2515	44
2516	32
2517	63
2518	61
2519	62
2520	76
2521	123
2522	103
2523	78
2524	81
2525	55
2526	35
2527	48
2528	71
2529	76
2530	70
2531	69
2532	60
2533	77
2534	42
2535	39
2536	57
2537	48
2538	46
2539	72
2540	63
2541	44
2542	30
2543	82
2544	55
2545	55
2546	26
2547	28
2548	71
2549	55
2550	70
2551	47
2552	54
2553	27
2554	38
2555	59
2556	22
2557	38
2558	55
2559	50
2560	48
2561	41
2562	30
2563	59
2564	49
2565	39
2566	69
2567	56
2568	57
2569	57
2570	58
2571	88
2572	53
2573	56
2574	52
2575	33
2576	21
2577	55
2578	44
2579	34
2580	29
2581	50
2582	25
2583	62
2584	37
2585	44
2586	52
2587	45
2588	46
2589	46
2590	50
2591	66
2592	49
2593	59
2594	51
2595	66
2596	87
2597	60
2598	67
2599	71
2600	88
2601	52
2602	61
2603	45
2604	52
2605	47
2606	21
2607	31
2608	60
2609	33
2610	54
2611	72
2612	72
2613	50
2614	47
2615	51
2616	36
2617	32
2618	65
2619	35
2620	67
2621	31
2622	33
2623	51
2624	52
2625	66
2626	35
2627	37
2628	67
2629	33
2630	51
2631	37
2632	24
2633	39
2634	44
2635	27
2636	40
2637	39
2638	54
2639	44
2640	34
2641	41
2642	51
2643	37
2644	25
2645	46
2646	54
2647	63
2648	67
2649	64
2650	39
2651	32
2652	24
2653	33
2654	57
2655	50
2656	41
2657	60
2658	44
2659	37
2660	49
2661	21
2662	37
2663	26
2664	50
2665	48
2666	70
2667	73
2668	53
2669	54
2670	68
2671	83
2672	72
2673	51
2674	50
2675	74
2676	43
2677	73
2678	40
2679	48
2680	52
2681	40
2682	45
2683	50
2684	44
2685	38
2686	37
2687	18
2688	24
2689	49
2690	44
2691	51
2692	83
2693	37
2694	29
2695	35
2696	21
2697	26
2698	58
2699	58
2700	42
2701	51
2702	51
2703	42
2704	56
2705	58
2706	41
2707	35
2708	53
2709	42
2710	66
2711	47
2712	56
2713	49
2714	53
2715	40
2716	70
2717	36
2718	42
2719	60
2720	34
2721	44
2722	46
2723	65
2724	31
2725	68
2726	24
2727	29
2728	36
2729	30
2730	43
2731	62
2732	52
2733	45
2734	63
2735	64
2736	24
2737	33
2738	36
2739	76
2740	45
2741	40
2742	41
2743	42
2744	42
2745	66
2746	26
2747	27
2748	29
2749	55
2750	31
2751	70
2752	23
2753	23
2754	38
2755	32
2756	34
2757	53
2758	61
2759	76
2760	78
2761	92
2762	60
2763	53
2764	46
2765	51
2766	76
2767	64
2768	66
2769	40
2770	40
2771	33
2772	55
2773	59
2774	49
2775	49
2776	70
2777	77
2778	54
2779	85
2780	77
2781	73
2782	49
2783	36
2784	29
2785	41
2786	35
2787	30
2788	34
2789	27
2790	32
2791	43
2792	38
2793	36
2794	36
2795	45
2796	61
2797	48
2798	127
2799	90
2800	56
2801	36
2802	50
2803	47
2804	51
2805	65
2806	61
2807	49
2808	47
2809	60
2810	32
2811	30
2812	39
2813	51
2814	28
2815	24
2816	38
2817	56
2818	44
2819	42
2820	63
2821	64
2822	45
2823	52
2824	28
2825	58
2826	58
2827	67
2828	58
2829	71
2830	34
2831	58
2832	45
2833	45
2834	52
2835	39
2836	74
2837	39
2838	60
2839	57
2840	51
2841	40
2842	43
2843	45
2844	35
2845	35
2846	36
2847	51
2848	40
2849	47
2850	44
2851	31
2852	42
2853	49
2854	73
2855	85
2856	76
2857	51
2858	49
2859	40
2860	30
2861	30
2862	23
2863	18
2864	32
2865	25
2866	15
2867	27
2868	26
2869	21
2870	27
2871	38
2872	36
2873	40
2874	44
2875	36
2876	28
2877	52
2878	41
2879	18
2880	25
2881	21
2882	61
2883	61
2884	38
2885	50
2886	39
2887	23
2888	35
2889	69
2890	40
2891	57
2892	32
2893	44
2894	18
2895	27
2896	34
2897	23
2898	18
2899	35
2900	16
2901	31
2902	29
2903	30
2904	29
2905	44
2906	59
2907	37
2908	41
2909	61
2910	22
2911	57
2912	37
2913	34
2914	40
2915	32
2916	57
2917	43
2918	34
2919	45
2920	44
2921	38
2922	34
2923	20
2924	25
2925	42
2926	29
2927	6
2928	21
2929	24
2930	18
2931	18
2932	24
2933	43
2934	21
2935	23
2936	48
2937	47
2938	50
2939	44
2940	15
2941	63
2942	40
2943	45
2944	51
2945	46
2946	47
2947	48
2948	53
2949	40
2950	41
2951	20
2952	29
2953	30
2954	52
2955	33
2956	38
2957	27
2958	32
2959	37
2960	50
2961	45
2962	29
2963	24
2964	23
2965	20
2966	20
2967	27
2968	23
2969	9
2970	18
2971	60
2972	52
2973	63
2974	29
2975	37
2976	25
2977	36
2978	61
2979	40
2980	58
2981	31
2982	39
2983	28
2984	34
2985	53
2986	41
2987	40
2988	42
2989	20
2990	20
2991	37
2992	44
2993	35
2994	37
2995	39
2996	41
2997	42
2998	41
2999	29
3000	33
3001	41
3002	35
3003	38
3004	37
3005	45
3006	53
3007	41
3008	64
3009	64
3010	33
3011	35
3012	56
3013	63
3014	54
3015	42
3016	66
3017	38
3018	46
3019	39
3020	42
3021	30
3022	30
3023	37
3024	31
3025	29
3026	38
3027	58
3028	39
3029	34
3030	31
3031	37
3032	23
3033	17
3034	50
3035	29
3036	28
3037	53
3038	40
3039	43
3040	21
3041	10
3042	24
3043	35
3044	38
3045	39
3046	40
3047	52
3048	35
3049	62
3050	62
3051	50
3052	31
3053	52
3054	57
3055	54
3056	28
3057	39
3058	62
3059	34
3060	36
3061	33
3062	11
3063	18
3064	21
3065	29
3066	32
3067	40
3068	53
3069	46
3070	46
3071	37
3072	40
3073	34
3074	51
3075	41
3076	36
3077	32
3078	34
3079	54
3080	46
3081	32
3082	42
3083	45
3084	34
3085	18
3086	15
3087	31
3088	41
3089	18
3090	38
3091	36
3092	58
3093	45
3094	51
3095	46
3096	37
3097	32
3098	29
3099	28
3100	38
3101	38
3102	46
3103	46
3104	20
3105	25
3106	33
3107	18
3108	17
3109	31
3110	16
3111	39
3112	34
3113	24
3114	46
3115	49
3116	49
3117	20
3118	38
3119	51
3120	23
3121	27
3122	17
3123	56
3124	43
3125	33
3126	41
3127	46
3128	42
3129	25
3130	13
3131	13
3132	14
3133	29
3134	7
3135	13
3136	36
3137	15
3138	32
3139	37
3140	23
3141	22
3142	43
3143	48
3144	54
3145	46
3146	21
3147	47
3148	57
3149	48
3150	53
3151	39
3152	57
3153	49
3154	36
3155	47
3156	69
3157	62
3158	34
3159	37
3160	23
3161	34
3162	50
3163	31
3164	36
3165	49
3166	43
3167	32
3168	50
3169	52
3170	45
3171	61
3172	38
3173	29
3174	47
3175	50
3176	27
3177	22
3178	34
3179	38
3180	36
3181	42
3182	59
3183	49
3184	40
3185	29
3186	42
3187	35
3188	17
3189	19
3190	30
3191	27
3192	20
3193	32
3194	35
3195	44
3196	47
3197	41
3198	46
3199	64
3200	54
3201	51
3202	18
3203	39
3204	35
3205	39
3206	52
3207	40
3208	58
3209	43
3210	23
3211	35
3212	26
3213	45
3214	47
3215	34
3216	29
3217	30
3218	26
3219	34
3220	48
3221	33
3222	34
3223	40
3224	57
3225	29
3226	35
3227	35
3228	23
3229	34
3230	28
3231	24
3232	45
3233	50
3234	42
3235	35
3236	30
3237	36
3238	55
3239	54
3240	29
3241	34
3242	34
3243	27
3244	34
3245	29
3246	43
3247	31
3248	34
3249	41
3250	56
3251	22
3252	33
3253	47
3254	47
3255	48
3256	34
3257	43
3258	32
3259	49
3260	62
3261	32
3262	27
3263	34
3264	17
3265	18
3266	42
3267	39
3268	47
3269	30
3270	25
3271	31
3272	53
3273	41
3274	61
3275	57
3276	45
3277	46
3278	45
3279	63
3280	53
3281	52
3282	28
3283	23
3284	41
3285	32
3286	47
3287	44
3288	41
3289	55
3290	45
3291	66
3292	48
3293	54
3294	69
3295	47
3296	46
3297	46
3298	42
3299	81
3300	94
3301	54
3302	43
3303	66
3304	65
3305	43
3306	36
3307	44
3308	60
3309	54
3310	49
3311	53
3312	46
3313	53
3314	46
3315	52
3316	66
3317	28
3318	42
3319	76
3320	65
3321	34
3322	24
3323	33
3324	63
3325	66
3326	47
3327	26
3328	44
3329	46
3330	42
3331	34
3332	40
3333	26
3334	23
3335	49
3336	52
3337	50
3338	54
3339	35
3340	50
3341	44
3342	51
3343	53
3344	57
3345	50
3346	66
3347	38
3348	23
3349	44
3350	55
3351	26
3352	29
3353	27
3354	15
3355	23
3356	35
3357	45
3358	61
3359	34
3360	44
3361	37
3362	34
3363	42
3364	42
3365	52
3366	56
3367	54
3368	48
3369	29
3370	21
3371	33
3372	31
3373	6
3374	31
3375	17
3376	29
3377	32
3378	38
3379	30
3380	50
3381	36
3382	22
3383	53
3384	64
3385	49
3386	81
3387	58
3388	46
3389	46
3390	25
3391	41
3392	22
3393	22
3394	44
3395	30
3396	10
3397	37
3398	31
3399	40
3400	35
3401	39
3402	40
3403	28
3404	29
3405	20
3406	17
3407	23
3408	26
3409	16
3410	16
3411	26
3412	16
3413	22
3414	24
3415	39
3416	36
3417	30
3418	23
3419	12
3420	26
3421	17
3422	35
3423	35
3424	19
3425	36
3426	32
3427	40
3428	51
3429	24
3430	40
3431	35
3432	28
3433	28
3434	25
3435	12
3436	37
3437	31
3438	30
3439	31
3440	26
3441	25
3442	49
3443	26
3444	30
3445	25
3446	25
3447	27
3448	14
3449	16
3450	42
3451	23
3452	44
3453	36
3454	59
3455	21
3456	21
3457	49
3458	39
3459	74
3460	35
3461	26
3462	51
3463	38
3464	20
3465	16
3466	21
3467	14
3468	13
3469	27
3470	24
3471	12
3472	42
3473	59
3474	15
3475	38
3476	37
3477	23
3478	24
3479	34
3480	44
3481	33
3482	43
3483	29
3484	39
3485	23
3486	13
3487	32
3488	67
3489	15
3490	38
3491	46
3492	34
3493	43
3494	31
3495	15
3496	28
3497	43
3498	50
3499	36
3500	36
3501	43
3502	19
3503	37
3504	30
3505	61
3506	29
3507	42
3508	24
3509	16
3510	34
3511	48
3512	27
3513	49
3514	37
3515	28
3516	29
3517	33
3518	23
3519	26
3520	43
3521	45
3522	58
3523	47
3524	42
3525	47
3526	20
3527	21
3528	22
3529	33
3530	23
3531	32
3532	64
3533	49
3534	66
3535	32
3536	28
3537	26
3538	19
3539	35
3540	19
3541	24
3542	33
3543	24
3544	22
3545	19
3546	21
3547	35
3548	37
3549	27
3550	32
3551	42
3552	64
3553	35
3554	29
3555	18
3556	21
3557	24
3558	21
3559	39
3560	38
3561	32
3562	18
3563	27
3564	32
3565	20
3566	33
3567	40
3568	46
3569	53
3570	26
3571	36
3572	34
3573	31
3574	36
3575	36
3576	31
3577	42
3578	30
3579	19
3580	25
3581	19
3582	31
3583	25
3584	28
3585	30
3586	28
3587	32
3588	27
3589	26
3590	25
3591	38
3592	51
3593	25
3594	46
3595	33
3596	34
3597	65
3598	24
3599	40
3600	34
3601	32
3602	25
3603	30
3604	26
3605	34
3606	14
3607	41
3608	44
3609	22
3610	43
3611	30
3612	35
3613	38
3614	30
3615	32
3616	42
3617	37
3618	39
3619	23
3620	47
3621	32
3622	15
3623	32
3624	46
3625	41
3626	30
3627	41
3628	26
3629	15
3630	21
3631	38
3632	41
3633	21
3634	44
3635	40
3636	39
3637	34
3638	40
3639	25
3640	21
3641	18
3642	7
3643	16
3644	40
3645	54
3646	25
3647	27
3648	49
3649	33
3650	46
3651	44
3652	56
3653	55
3654	36
3655	27
3656	28
3657	21
3658	40
3659	24
3660	18
3661	17
3662	21
3663	27
3664	35
3665	15
3666	23
3667	43
3668	21
3669	38
3670	16
3671	15
3672	23
3673	26
3674	27
3675	46
3676	46
3677	13
3678	20
3679	19
3680	25
3681	21
3682	21
3683	32
3684	18
3685	14
3686	25
3687	16
3688	21
3689	33
3690	20
3691	36
3692	29
3693	32
3694	35
3695	24
3696	31
3697	39
3698	36
3699	30
3700	24
3701	25
3702	34
3703	22
3704	22
3705	22
3706	35
3707	45
3708	30
3709	17
3710	29
3711	28
3712	37
3713	19
3714	38
3715	19
3716	19
3717	18
3718	24
3719	40
3720	12
3721	23
3722	31
3723	20
3724	23
3725	11
3726	29
3727	32
3728	16
3729	12
3730	20
3731	27
3732	19
3733	32
3734	17
3735	16
3736	46
3737	46
3738	41
3739	50
3740	44
3741	30
3742	41
3743	37
3744	66
3745	34
3746	27
3747	36
3748	27
3749	24
3750	39
3751	27
3752	23
3753	30
3754	27
3755	22
3756	15
3757	29
3758	35
3759	13
3760	19
3761	20
3762	33
3763	33
3764	21
3765	41
3766	40
3767	41
3768	31
3769	19
3770	23
3771	29
3772	40
3773	52
3774	23
3775	22
3776	29
3777	32
3778	26
3779	33
3780	23
3781	27
3782	22
3783	11
3784	13
3785	24
3786	33
3787	46
3788	33
3789	38
3790	62
3791	31
3792	39
3793	35
3794	27
3795	22
3796	20
3797	36
3798	39
3799	38
3800	22
3801	21
3802	17
3803	17
3804	30
3805	26
3806	28
3807	26
3808	29
3809	33
3810	35
3811	51
3812	50
3813	63
3814	44
3815	71
3816	42
3817	35
3818	30
3819	29
3820	27
3821	27
3822	24
3823	44
3824	24
3825	9
3826	8
3827	21
3828	33
3829	23
3830	23
3831	22
3832	24
3833	20
3834	22
3835	20
3836	22
3837	22
3838	41
3839	31
3840	31
3841	17
3842	20
3843	30
3844	15
3845	16
3846	26
3847	24
3848	42
3849	30
3850	36
3851	26
3852	20
3853	30
3854	36
3855	31
3856	42
3857	45
3858	25
3859	15
3860	39
3861	27
3862	23
3863	22
3864	24
3865	24
3866	38
3867	28
3868	26
3869	33
3870	50
3871	44
3872	27
3873	21
3874	20
3875	35
3876	39
3877	35
3878	28
3879	28
3880	32
3881	28
3882	20
3883	59
3884	44
3885	38
3886	51
3887	32
3888	33
3889	36
3890	44
3891	44
3892	45
3893	28
3894	48
3895	41
3896	36
3897	32
3898	33
3899	30
3900	17
3901	27
3902	44
3903	29
3904	16
3905	44
3906	28
3907	20
3908	28
3909	31
3910	30
3911	26
3912	54
3913	41
3914	20
3915	38
3916	43
3917	33
3918	45
3919	40
3920	36
3921	28
3922	22
3923	23
3924	30
3925	33
3926	57
3927	31
3928	50
3929	55
3930	34
3931	60
3932	49
3933	40
3934	52
3935	18
3936	44
3937	32
3938	32
3939	60
3940	60
3941	47
3942	20
3943	36
3944	42
3945	42
3946	59
3947	47
3948	56
3949	28
3950	43
3951	35
3952	32
3953	37
3954	67
3955	67
3956	27
3957	29
3958	63
3959	16
3960	15
3961	18
3962	22
3963	10
3964	33
3965	28
3966	50
3967	24
3968	36
3969	40
3970	40
3971	37
3972	35
3973	32
3974	29
3975	22
3976	22
3977	27
3978	39
3979	26
3980	28
3981	39
3982	18
3983	26
3984	38
3985	63
3986	41
3987	57
3988	25
3989	22
3990	30
3991	19
3992	28
3993	23
3994	29
3995	35
3996	39
3997	27
3998	12
3999	13
4000	18
4001	22
4002	49
4003	48
4004	27
4005	41
4006	32
4007	44
4008	28
4009	47
4010	29
4011	40
4012	41
4013	31
4014	32
4015	50
4016	26
4017	26
4018	25
4019	28
4020	18
4021	30
4022	38
4023	34
4024	48
4025	34
4026	41
4027	28
4028	30
4029	25
4030	39
4031	24
4032	19
4033	26
4034	46
4035	39
4036	28
4037	30
4038	27
4039	49
4040	42
4041	35
4042	28
4043	32
4044	25
4045	39
4046	51
4047	76
4048	54
4049	54
4050	49
4051	64
4052	49
4053	27
4054	50
4055	41
4056	40
4057	46
4058	44
4059	33
4060	35
4061	37
4062	45
4063	38
4064	33
4065	39
4066	27
4067	34
4068	31
4069	28
4070	31
4071	26
4072	35
4073	27
4074	29
4075	38
4076	60
4077	32
4078	35
4079	37
4080	50
4081	26
4082	22
4083	30
4084	23
4085	22
4086	40
4087	57
4088	42
4089	46
4090	51
4091	34
4092	38
4093	48
4094	21
4095	38
4096	15
4097	44
4098	42
4099	24
4100	28
4101	28
4102	30
4103	40
4104	42
4105	33
4106	24
4107	22
4108	19
4109	8
4110	12
4111	22
4112	27
4113	41
4114	42
4115	46
4116	30
4117	23
4118	28
4119	34
4120	46
4121	42
4122	32
4123	24
4124	16
4125	19
4126	22
4127	24
4128	28
4129	23
4130	26
4131	12
4132	19
4133	22
4134	38
4135	23
4136	40
4137	32
4138	37
4139	23
4140	35
4141	42
4142	30
4143	40
4144	57
4145	42
4146	53
4147	34
4148	46
4149	30
4150	29
4151	25
4152	31
4153	38
4154	27
4155	27
4156	15
4157	19
4158	40
4159	23
4160	28
4161	39
4162	14
4163	14
4164	22
4165	19
4166	9
4167	12
4168	32
4169	23
4170	43
4171	34
4172	25
4173	42
4174	29
4175	29
4176	15
4177	17
4178	37
4179	28
4180	10
4181	19
4182	16
4183	6
4184	17
4185	27
4186	17
4187	13
4188	27
4189	18
4190	17
4191	27
4192	23
4193	12
4194	5
4195	19
4196	27
4197	19
4198	26
4199	14
4200	22
4201	12
4202	33
4203	20
4204	22
4205	20
4206	24
4207	30
4208	17
4209	35
4210	23
4211	41
4212	22
4213	8
4214	26
4215	28
4216	22
4217	31
4218	13
4219	19
4220	22
4221	30
4222	24
4223	20
4224	11
4225	22
4226	23
4227	17
4228	20
4229	27
4230	11
4231	27
4232	36
4233	45
4234	34
4235	18
4236	20
4237	23
4238	16
4239	25
4240	20
4241	39
4242	22
4243	9
4244	8
4245	2
4246	13
4247	15
4248	35
4249	38
4250	22
4251	22
4252	19
4253	15
4254	26
4255	32
4256	26
4257	16
4258	19
4259	24
4260	14
4261	21
4262	24
4263	33
4264	51
4265	28
4266	37
4267	30
4268	18
4269	11
4270	21
4271	23
4272	17
4273	22
4274	23
4275	26
4276	21
4277	13
4278	19
4279	14
4280	43
4281	18
4282	30
4283	35
4284	33
4285	43
4286	60
4287	29
4288	23
4289	22
4290	34
4291	20
4292	17
4293	38
4294	25
4295	38
4296	13
4297	27
4298	23
4299	16
4300	18
4301	20
4302	37
4303	10
4304	21
4305	24
4306	11
4307	11
4308	7
4309	16
4310	13
4311	12
4312	10
4313	11
4314	36
4315	43
4316	34
4317	24
4318	18
4319	22
4320	21
4321	15
4322	28
4323	29
4324	27
4325	8
4326	14
4327	6
4328	10
4329	16
4330	36
4331	20
4332	40
4333	29
4334	19
4335	64
4336	31
4337	18
4338	10
4339	22
4340	26
4341	32
4342	52
4343	52
4344	26
4345	15
4346	13
4347	11
4348	30
4349	37
4350	18
4351	25
4352	24
4353	8
4354	14
4355	29
4356	34
4357	36
4358	20
4359	11
4360	6
4361	27
4362	19
4363	35
4364	26
4365	15
4366	7
4367	17
4368	14
4369	11
4370	22
4371	21
4372	4
4373	26
4374	21
4375	15
4376	22
4377	12
4378	15
4379	13
4380	10
4381	14
4382	30
4383	30
4384	43
4385	27
4386	33
4387	20
4388	25
4389	14
4390	17
4391	20
4392	15
4393	15
4394	14
4395	15
4396	22
4397	2
4398	11
4399	13
4400	7
4401	9
4402	15
4403	24
4404	28
4405	37
4406	11
4407	4
4408	7
4409	7
4410	14
4411	13
4412	26
4413	23
4414	30
4415	33
4416	20
4417	30
4418	39
4419	40
4420	26
4421	22
4422	27
4423	32
4424	16
4425	21
4426	38
4427	26
4428	35
4429	28
4430	16
4431	11
4432	9
4433	10
4434	19
4435	21
4436	13
4437	16
4438	18
4439	16
4440	31
4441	21
4442	19
4443	23
4444	9
4445	22
4446	22
4447	11
4448	9
4449	10
4450	10
4451	13
4452	12
4453	25
4454	21
4455	18
4456	24
4457	18
4458	27
4459	32
4460	15
4461	23
4462	51
4463	26
4464	41
4465	16
4466	21
4467	51
4468	22
4469	30
4470	27
4471	23
4472	26
4473	15
4474	19
4475	35
4476	10
4477	25
4478	30
4479	22
4480	25
4481	35
4482	16
4483	32
4484	13
4485	4
4486	15
4487	13
4488	6
4489	25
4490	15
4491	26
4492	27
4493	35
4494	36
4495	28
4496	24
4497	23
4498	27
4499	21
4500	42
4501	29
4502	24
4503	33
4504	16
4505	31
4506	30
4507	22
4508	19
4509	14
4510	18
4511	23
4512	23
4513	30
4514	29
4515	25
4516	13
4517	19
4518	19
4519	19
4520	18
4521	7
4522	17
4523	15
4524	12
4525	18
4526	52
4527	29
4528	17
4529	29
4530	15
4531	27
4532	15
4533	14
4534	24
4535	12
4536	22
4537	20
4538	27
4539	25
4540	28
4541	43
4542	42
4543	31
4544	30
4545	40
4546	32
4547	34
4548	36
4549	36
4550	40
4551	57
4552	47
4553	57
4554	50
4555	28
4556	37
4557	30
4558	7
4559	12
4560	15
4561	20
4562	21
4563	18
4564	20
4565	21
4566	17
4567	9
4568	36
4569	25
4570	14
4571	37
4572	22
4573	33
4574	15
4575	19
4576	17
4577	19
4578	25
4579	32
4580	30
4581	24
4582	31
4583	29
4584	22
4585	19
4586	15
4587	15
4588	9
4589	24
4590	13
4591	13
4592	11
4593	28
4594	20
4595	16
4596	27
4597	47
4598	25
4599	21
4600	37
4601	11
4602	7
4603	17
4604	19
4605	16
4606	26
4607	27
4608	18
4609	22
4610	13
4611	13
4612	10
4613	26
4614	15
4615	11
4616	32
4617	47
4618	26
4619	35
4620	36
4621	31
4622	14
4623	21
4624	24
4625	19
4626	23
4627	8
4628	22
4629	37
4630	23
4631	15
4632	12
4633	19
4634	21
4635	29
4636	25
4637	28
4638	45
4639	24
4640	32
4641	19
4642	29
4643	26
4644	39
4645	17
4646	10
4647	24
4648	10
4649	17
4650	16
4651	13
4652	12
4653	25
4654	18
4655	15
4656	23
4657	9
4658	9
4659	16
4660	40
4661	19
4662	24
4663	26
4664	20
4665	27
4666	27
4667	24
4668	12
4669	16
4670	21
4671	16
4672	16
4673	20
4674	4
4675	12
4676	14
4677	19
4678	28
4679	16
4680	29
4681	22
4682	11
4683	22
4684	32
4685	23
4686	7
4687	5
4688	16
4689	30
4690	19
4691	19
4692	21
4693	19
4694	14
4695	38
4696	7
4697	8
4698	13
4699	14
4700	22
4701	19
4702	19
4703	20
4704	19
4705	16
4706	26
4707	26
4708	27
4709	12
4710	20
4711	14
4712	18
4713	27
4714	34
4715	24
4716	31
4717	40
4718	35
4719	55
4720	19
4721	21
4722	31
4723	19
4724	11
4725	10
4726	15
4727	28
4728	25
4729	27
4730	16
4731	23
4732	5
4733	17
4734	4
4735	30
4736	21
4737	24
4738	26
4739	23
4740	22
4741	39
4742	12
4743	12
4744	34
4745	16
4746	21
4747	9
4748	11
4749	23
4750	29
4751	24
4752	24
4753	27
4754	17
4755	26
4756	20
4757	12
4758	24
4759	22
4760	22
4761	17
4762	24
4763	19
4764	20
4765	21
4766	34
4767	32
4768	15
4769	15
4770	29
4771	17
4772	20
4773	25
4774	46
4775	29
4776	15
4777	24
4778	29
4779	17
4780	21
4781	27
4782	21
4783	22
4784	26
4785	29
4786	23
4787	15
4788	36
4789	32
4790	28
4791	29
4792	27
4793	21
4794	13
4795	8
4796	30
4797	24
4798	24
4799	10
4800	20
4801	20
4802	11
4803	25
4804	22
4805	25
4806	38
4807	21
4808	26
4809	23
4810	31
4811	12
4812	20
4813	18
4814	13
4815	12
4816	18
4817	14
4818	16
4819	18
4820	3
4821	10
4822	3
4823	7
4824	12
4825	7
4826	23
4827	18
4828	11
4829	25
4830	10
4831	16
4832	14
4833	18
4834	13
4835	9
4836	12
4837	16
4838	10
4839	30
4840	15
4841	10
4842	6
4843	11
4844	24
4845	5
4846	12
4847	19
4848	18
4849	13
4850	15
4851	18
4852	16
4853	28
4854	15
4855	4
4856	9
4857	9
4858	16
4859	8
4860	4
4861	5
4862	7
4863	18
4864	15
4865	19
4866	14
4867	13
4868	13
4869	5
4870	6
4871	5
4872	2
4873	10
4874	18
4875	22
4876	15
4877	23
4878	31
4879	21
4880	19
4881	40
4882	28
4883	46
4884	27
4885	18
4886	18
4887	11
4888	16
4889	14
4890	20
4891	7
4892	11
4893	26
4894	10
4895	24
4896	31
4897	42
4898	29
4899	24
4900	15
4901	11
4902	13
4903	9
4904	17
4905	16
4906	16
4907	11
4908	22
4909	17
4910	9
4911	22
4912	19
4913	20
4914	26
4915	22
4916	27
4917	18
4918	22
4919	41
4920	24
4921	19
4922	28
4923	35
4924	28
4925	20
4926	18
4927	20
4928	38
4929	24
4930	13
4931	17
4932	10
4933	7
4934	7
4935	20
4936	29
4937	29
4938	21
4939	22
4940	21
4941	23
4942	29
4943	32
4944	30
4945	26
4946	23
4947	26
4948	44
4949	24
4950	12
4951	12
4952	22
4953	25
4954	25
4955	29
4956	15
4957	15
4958	22
4959	22
4960	24
4961	27
4962	10
4963	34
4964	17
4965	26
4966	20
4967	17
4968	20
4969	20
4970	10
4971	13
4972	18
4973	14
4974	20
4975	11
4976	11
4977	13
4978	30
4979	14
4980	18
4981	12
4982	29
4983	30
4984	38
4985	22
4986	20
4987	27
4988	21
4989	30
4990	28
4991	12
4992	23
4993	26
4994	31
4995	17
4996	30
4997	40
4998	20
4999	34
5000	17
5001	29
5002	20
5003	14
5004	15
5005	23
5006	31
5007	15
5008	17
5009	23
5010	25
5011	16
5012	21
5013	34
5014	34
5015	33
5016	29
5017	11
5018	17
5019	20
5020	14
5021	15
5022	14
5023	17
5024	14
5025	15
5026	32
5027	46
5028	65
5029	37
5030	34
5031	19
5032	22
5033	12
5034	9
5035	27
5036	12
5037	19
5038	17
5039	19
5040	32
5041	33
5042	37
5043	16
5044	10
5045	19
5046	15
5047	27
5048	21
5049	35
5050	25
5051	26
5052	10
5053	10
5054	11
5055	15
5056	36
5057	32
5058	16
5059	21
5060	18
5061	27
5062	43
5063	42
5064	37
5065	26
5066	15
5067	37
5068	17
5069	36
5070	5
5071	5
5072	18
5073	8
5074	6
5075	27
5076	18
5077	25
5078	35
5079	26
5080	10
5081	11
5082	5
5083	21
5084	15
5085	18
5086	18
5087	9
5088	13
5089	9
5090	13
5091	13
5092	17
5093	20
5094	10
5095	16
5096	17
5097	24
5098	29
5099	18
5100	17
5101	28
5102	32
5103	24
5104	13
5105	26
5106	16
5107	31
5108	31
5109	19
5110	32
5111	12
5112	7
5113	34
5114	16
5115	14
5116	19
5117	21
5118	26
5119	20
5120	23
5121	29
5122	20
5123	36
5124	31
5125	48
5126	29
5127	13
5128	18
5129	37
5130	23
5131	17
5132	21
5133	14
5134	11
5135	9
5136	11
5137	24
5138	20
5139	23
5140	23
5141	21
5142	12
5143	21
5144	10
5145	39
5146	21
5147	20
5148	27
5149	34
5150	14
5151	24
5152	30
5153	19
5154	24
5155	25
5156	25
5157	7
5158	18
5159	22
5160	23
5161	28
5162	11
5163	17
5164	30
5165	24
5166	25
5167	13
5168	17
5169	25
5170	13
5171	29
5172	19
5173	26
5174	16
5175	14
5176	7
5177	8
5178	1
5179	1
5180	2
5181	5
5182	6
5183	5
5184	14
5185	3
5186	10
5187	19
5188	27
5189	6
5190	10
5191	18
5192	16
5193	29
5194	46
5195	33
5196	25
5197	15
5198	9
5199	14
5200	23
5201	10
5202	20
5203	6
5204	12
5205	12
5206	25
5207	15
5208	9
5209	4
5210	15
5211	17
5212	20
5213	13
5214	13
5215	13
5216	19
5217	6
5218	17
5219	18
5220	10
5221	25
5222	19
5223	13
5224	15
5225	18
5226	23
5227	12
5228	14
5229	6
5230	13
5231	25
5232	16
5233	14
5234	35
5235	9
5236	1
5237	10
5238	8
5239	9
5240	5
5241	0
5242	2
5243	1
5244	2
5245	9
5246	22
5247	8
5248	11
5249	0
5250	7
5251	4
5252	22
5253	13
5254	17
5255	29
5256	26
5257	17
5258	23
5259	14
5260	22
5261	19
5262	32
5263	40
5264	33
5265	37
5266	46
5267	42
5268	12
5269	27
5270	8
5271	16
5272	8
5273	19
5274	23
5275	10
5276	5
5277	12
5278	19
5279	12
5280	35
5281	12
5282	7
5283	18
5284	8
5285	5
5286	14
5287	22
5288	15
5289	16
5290	22
5291	22
5292	23
5293	24
5294	39
5295	32
5296	13
5297	19
5298	13
5299	20
5300	15
5301	32
5302	5
5303	12
5304	16
5305	12
5306	12
5307	25
5308	17
5309	16
5310	20
5311	13
5312	24
5313	8
5314	26
5315	13
5316	17
5317	38
5318	35
5319	22
5320	16
5321	29
5322	12
5323	42
5324	28
5325	41
5326	27
5327	10
5328	14
5329	13
5330	6
5331	6
5332	15
5333	16
5334	16
5335	17
5336	8
5337	11
5338	12
5339	16
5340	7
5341	5
5342	13
5343	29
5344	12
5345	22
5346	8
5347	17
5348	16
5349	5
5350	16
5351	13
5352	31
5353	10
5354	7
5355	6
5356	29
5357	19
5358	10
5359	8
5360	3
5361	13
5362	14
5363	23
5364	24
5365	24
5366	16
5367	46
5368	21
5369	15
5370	20
5371	10
5372	18
5373	20
5374	30
5375	8
5376	10
5377	14
5378	22
5379	7
5380	13
5381	24
5382	22
5383	23
5384	20
5385	27
5386	35
5387	29
5388	19
5389	19
5390	15
5391	5
5392	12
5393	17
5394	2
5395	7
5396	10
5397	5
5398	15
5399	13
5400	10
5401	8
5402	23
5403	17
5404	43
5405	13
5406	23
5407	27
5408	33
5409	9
5410	29
5411	23
5412	15
5413	11
5414	13
5415	10
5416	6
5417	14
5418	20
5419	11
5420	21
5421	26
5422	21
5423	10
5424	10
5425	20
5426	1
5427	6
5428	25
5429	1
5430	1
5431	3
5432	9
5433	7
5434	10
5435	7
5436	18
5437	14
5438	30
5439	37
5440	26
5441	20
5442	19
5443	16
5444	24
5445	19
5446	26
5447	18
5448	14
5449	23
5450	33
5451	56
5452	16
5453	8
5454	53
5455	15
5456	19
5457	32
5458	30
5459	45
5460	20
5461	27
5462	10
5463	19
5464	13
5465	12
5466	17
5467	13
5468	20
5469	39
5470	7
5471	14
5472	15
5473	37
5474	27
5475	19
5476	32
5477	22
5478	21
5479	18
5480	20
5481	32
5482	16
5483	3
5484	13
5485	14
5486	29
5487	37
5488	19
5489	26
5490	51
5491	13
5492	13
5493	8
5494	25
5495	22
5496	34
5497	18
5498	21
5499	11
5500	20
5501	20
5502	14
5503	28
5504	17
5505	33
5506	18
5507	15
5508	14
5509	11
5510	11
5511	7
5512	16
5513	17
5514	30
5515	21
5516	15
5517	20
5518	38
5519	21
5520	14
5521	3
5522	3
5523	7
5524	6
5525	13
5526	8
5527	15
5528	20
5529	18
5530	7
5531	17
5532	18
5533	27
5534	19
5535	24
5536	19
5537	21
5538	11
5539	22
5540	18
5541	20
5542	24
5543	17
5544	27
5545	25
5546	37
5547	27
5548	17
5549	30
5550	19
5551	10
5552	9
5553	11
5554	9
5555	17
5556	39
5557	21
5558	38
5559	18
5560	13
5561	41
5562	51
5563	51
5564	26
5565	28
5566	22
5567	23
5568	26
5569	9
5570	4
5571	11
5572	9
5573	17
5574	21
5575	19
5576	25
5577	21
5578	26
5579	29
5580	14
5581	27
5582	8
5583	21
5584	21
5585	14
5586	27
5587	25
5588	14
5589	12
5590	28
5591	30
5592	17
5593	19
5594	16
5595	23
5596	22
5597	17
5598	17
5599	11
5600	16
5601	17
5602	21
5603	20
5604	19
5605	14
5606	9
5607	9
5608	8
5609	14
5610	15
5611	20
5612	15
5613	19
5614	14
5615	9
5616	16
5617	12
5618	12
5619	20
5620	11
5621	15
5622	8
5623	41
5624	16
5625	26
5626	16
5627	34
5628	12
5629	9
5630	12
5631	7
5632	14
5633	13
5634	18
5635	15
5636	41
5637	25
5638	5
5639	5
5640	18
5641	5
5642	8
5643	8
5644	14
5645	13
5646	5
5647	10
5648	22
5649	27
5650	10
5651	5
5652	14
5653	14
5654	14
5655	12
5656	27
5657	18
5658	21
5659	32
5660	22
5661	19
5662	20
5663	13
5664	15
5665	17
5666	27
5667	18
5668	11
5669	14
5670	7
5671	9
5672	14
5673	2
5674	0
5675	9
5676	4
5677	5
5678	18
5679	15
5680	10
5681	7
5682	14
5683	25
5684	16
5685	18
5686	11
5687	8
5688	3
5689	21
5690	8
5691	17
5692	14
5693	13
5694	14
5695	25
5696	12
5697	18
5698	5
5699	5
5700	12
5701	10
5702	22
5703	12
5704	11
5705	7
5706	11
5707	11
5708	13
5709	8
5710	7
5711	1
5712	12
5713	17
5714	9
5715	10
5716	15
5717	11
5718	21
5719	5
5720	6
5721	15
5722	14
5723	22
5724	11
5725	13
5726	15
5727	10
5728	13
5729	30
5730	7
5731	30
5732	19
5733	42
5734	28
5735	5
5736	16
5737	5
5738	20
5739	17
5740	2
5741	14
5742	18
5743	13
5744	14
5745	13
5746	16
5747	11
5748	9
5749	27
5750	10
5751	7
5752	23
5753	28
5754	19
5755	15
5756	23
5757	17
5758	15
5759	32
5760	27
5761	24
5762	12
5763	21
5764	16
5765	10
5766	33
5767	7
5768	6
5769	10
5770	1
5771	13
5772	13
5773	14
5774	6
5775	5
5776	1
5777	6
5778	6
5779	14
5780	22
5781	12
5782	22
5783	13
5784	0
5785	3
5786	12
5787	8
5788	7
5789	20
5790	5
5791	11
5792	34
5793	9
5794	14
5795	14
5796	13
5797	12
5798	9
5799	18
5800	10
5801	12
5802	4
5803	14
5804	16
5805	8
5806	5
5807	16
5808	18
5809	20
5810	32
5811	19
5812	15
5813	23
5814	20
5815	17
5816	21
5817	23
5818	9
5819	30
5820	8
5821	7
5822	13
5823	17
5824	29
5825	24
5826	11
5827	14
5828	29
5829	27
5830	28
5831	27
5832	31
5833	25
5834	22
5835	25
5836	13
5837	19
5838	27
5839	4
5840	6
5841	2
5842	4
5843	5
5844	8
5845	8
5846	9
5847	19
5848	19
5849	15
5850	8
5851	13
5852	8
5853	39
5854	13
5855	17
5856	10
5857	28
5858	6
5859	4
5860	2
5861	21
5862	4
5863	7
5864	22
5865	10
5866	4
5867	4
5868	29
5869	15
5870	9
5871	10
5872	16
5873	9
5874	11
5875	28
5876	18
5877	19
5878	24
5879	22
5880	13
5881	21
5882	22
5883	21
5884	23
5885	27
5886	16
5887	8
5888	13
5889	28
5890	13
5891	4
5892	8
5893	1
5894	4
5895	14
5896	13
5897	16
5898	22
5899	16
5900	4
5901	1
5902	1
5903	4
5904	9
5905	10
5906	19
5907	12
5908	12
5909	17
5910	28
5911	32
5912	20
5913	33
5914	20
5915	28
5916	26
5917	36
5918	22
5919	24
5920	11
5921	22
5922	29
5923	15
5924	24
5925	13
5926	23
5927	24
5928	26
5929	39
5930	21
5931	8
5932	21
5933	12
5934	18
5935	21
5936	36
5937	28
5938	18
5939	19
5940	26
5941	10
5942	14
5943	16
5944	19
5945	32
5946	38
5947	12
5948	20
5949	16
5950	24
5951	23
5952	24
5953	15
5954	10
5955	9
5956	11
5957	4
5958	6
5959	6
5960	25
5961	26
5962	17
5963	17
5964	21
5965	43
5966	26
5967	20
5968	23
5969	44
5970	46
5971	26
5972	14
5973	11
5974	27
5975	24
5976	20
5977	23
5978	18
5979	24
5980	14
5981	22
5982	17
5983	9
5984	24
5985	10
5986	17
5987	18
5988	28
5989	11
5990	7
5991	24
5992	18
5993	14
5994	15
5995	16
5996	19
5997	13
5998	10
5999	13
6000	8
6001	10
6002	18
6003	22
6004	18
6005	13
6006	10
6007	13
6008	25
6009	26
6010	35
6011	14
6012	14
6013	3
6014	8
6015	11
6016	16
6017	27
6018	30
6019	21
6020	19
6021	32
6022	24
6023	16
6024	33
6025	18
6026	5
6027	5
6028	17
6029	16
6030	28
6031	50
6032	21
6033	20
6034	33
6035	21
6036	23
6037	13
6038	13
6039	21
6040	13
6041	11
6042	16
6043	12
6044	19
6045	16
6046	8
6047	25
6048	17
6049	13
6050	14
6051	17
6052	18
6053	10
6054	9
6055	9
6056	17
6057	16
6058	14
6059	7
6060	11
6061	9
6062	8
6063	9
6064	4
6065	7
6066	1
6067	4
6068	1
6069	6
6070	3
6071	8
6072	17
6073	18
6074	18
6075	13
6076	29
6077	17
6078	14
6079	9
6080	4
6081	10
6082	11
6083	3
6084	12
6085	14
6086	18
6087	15
6088	9
6089	54
6090	36
6091	16
6092	16
6093	13
6094	12
6095	16
6096	3
6097	11
6098	5
6099	14
6100	28
6101	29
6102	20
6103	25
6104	29
6105	11
6106	15
6107	6
6108	11
6109	19
6110	35
6111	22
6112	21
6113	32
6114	36
6115	13
6116	13
6117	15
6118	11
6119	16
6120	3
6121	5
6122	33
6123	11
6124	9
6125	8
6126	9
6127	11
6128	21
6129	12
6130	11
6131	35
6132	26
6133	46
6134	30
6135	16
6136	16
6137	7
6138	27
6139	22
6140	14
6141	22
6142	21
6143	35
6144	12
6145	13
6146	30
6147	14
6148	11
6149	9
6150	18
6151	16
6152	29
6153	37
6154	17
6155	20
6156	9
6157	15
6158	11
6159	10
6160	14
6161	9
6162	11
6163	4
6164	14
6165	28
6166	31
6167	25
6168	13
6169	16
6170	16
6171	14
6172	27
6173	29
6174	4
6175	7
6176	11
6177	19
6178	6
6179	15
6180	11
6181	19
6182	24
6183	23
6184	11
6185	14
6186	11
6187	17
6188	13
6189	3
6190	3
6191	5
6192	8
6193	30
6194	18
6195	13
6196	21
6197	19
6198	20
6199	13
6200	5
6201	28
6202	7
6203	21
6204	4
6205	39
6206	14
6207	21
6208	13
6209	19
6210	5
6211	10
6212	6
6213	11
6214	6
6215	9
6216	13
6217	9
6218	20
6219	16
6220	9
6221	11
6222	11
6223	5
6224	17
6225	7
6226	4
6227	13
6228	4
6229	13
6230	13
6231	15
6232	21
6233	21
6234	23
6235	12
6236	3
6237	5
6238	8
6239	20
6240	17
6241	12
6242	11
6243	19
6244	10
6245	21
6246	5
6247	24
6248	14
6249	7
6250	9
6251	9
6252	15
6253	11
6254	18
6255	19
6256	9
6257	23
6258	20
6259	16
6260	16
6261	19
6262	25
6263	31
6264	27
6265	21
6266	27
6267	19
6268	29
6269	20
6270	27
6271	14
6272	16
6273	18
6274	28
6275	47
6276	8
6277	23
6278	21
6279	29
6280	16
6281	15
6282	14
6283	3
6284	13
6285	10
6286	10
6287	20
6288	25
6289	30
6290	14
6291	22
6292	16
6293	23
6294	13
6295	15
6296	17
6297	18
6298	18
6299	20
6300	8
6301	4
6302	10
6303	15
6304	36
6305	9
6306	8
6307	6
6308	3
6309	10
6310	15
6311	20
6312	20
6313	21
6314	26
6315	11
6316	13
6317	17
6318	11
6319	18
6320	22
6321	30
6322	17
6323	25
6324	25
6325	23
6326	15
6327	15
6328	12
6329	18
6330	22
6331	18
6332	9
6333	30
6334	12
6335	14
6336	22
6337	30
6338	32
6339	15
6340	19
6341	21
6342	20
6343	7
6344	7
6345	12
6346	20
6347	13
6348	17
6349	20
6350	15
6351	13
6352	21
6353	7
6354	10
6355	9
6356	12
6357	18
6358	22
6359	12
6360	14
6361	12
6362	18
6363	8
6364	24
6365	33
6366	15
6367	6
6368	31
6369	10
6370	9
6371	1
6372	7
6373	19
6374	25
6375	18
6376	0
6377	9
6378	6
6379	13
6380	17
6381	9
6382	15
6383	12
6384	7
6385	2
6386	2
6387	2
6388	13
6389	10
6390	21
6391	21
6392	18
6393	28
6394	12
6395	17
6396	10
6397	8
6398	24
6399	9
6400	18
6401	12
6402	11
6403	8
6404	12
6405	3
6406	7
6407	8
6408	11
6409	13
6410	12
6411	3
6412	7
6413	14
6414	24
6415	8
6416	14
6417	13
6418	8
6419	8
6420	6
6421	9
6422	5
6423	10
6424	7
6425	13
6426	6
6427	7
6428	21
6429	10
6430	3
6431	8
6432	19
6433	5
6434	9
6435	8
6436	10
6437	10
6438	6
6439	14
6440	9
6441	10
6442	11
6443	12
6444	10
6445	17
6446	16
6447	17
6448	31
6449	23
6450	21
6451	29
6452	11
6453	20
6454	17
6455	6
6456	15
6457	15
6458	10
6459	8
6460	22
6461	20
6462	34
6463	33
6464	17
6465	38
6466	33
6467	26
6468	23
6469	6
6470	8
6471	24
6472	18
6473	17
6474	22
6475	25
6476	13
6477	8
6478	8
6479	12
6480	28
6481	9
6482	7
6483	13
6484	20
6485	19
6486	21
6487	19
6488	11
6489	23
6490	21
6491	8
6492	11
6493	8
6494	15
6495	16
6496	19
6497	18
6498	12
6499	30
6500	29
6501	38
6502	21
6503	7
6504	12
6505	7
6506	2
6507	10
6508	26
6509	18
6510	16
6511	9
6512	22
6513	18
6514	12
6515	11
6516	22
6517	15
6518	19
6519	13
6520	22
6521	8
6522	23
6523	11
6524	9
6525	2
6526	4
6527	8
6528	9
6529	4
6530	3
6531	7
6532	6
6533	6
6534	12
6535	14
6536	29
6537	17
6538	26
6539	10
6540	32
6541	13
6542	21
6543	23
6544	13
6545	12
6546	7
6547	22
6548	21
6549	26
6550	6
6551	15
6552	12
6553	21
6554	4
6555	9
6556	9
6557	9
6558	24
6559	21
6560	12
6561	4
6562	6
6563	4
6564	9
6565	9
6566	16
6567	4
6568	5
6569	14
6570	9
6571	14
6572	22
6573	7
6574	32
6575	5
6576	6
6577	5
6578	8
6579	16
6580	7
6581	6
6582	8
6583	8
6584	12
6585	7
6586	18
6587	25
6588	12
6589	26
6590	20
6591	21
6592	14
6593	7
6594	9
6595	21
6596	11
6597	8
6598	11
6599	9
6600	22
6601	16
6602	10
6603	9
6604	6
6605	3
6606	4
6607	3
6608	0
6609	3
6610	5
6611	12
6612	24
6613	31
6614	12
6615	16
6616	4
6617	3
6618	4
6619	15
6620	7
6621	36
6622	19
6623	6
6624	2
6625	6
6626	8
6627	15
6628	6
6629	11
6630	7
6631	13
6632	12
6633	13
6634	27
6635	29
6636	26
6637	14
6638	16
6639	28
6640	9
6641	3
6642	7
6643	15
6644	8
6645	0
6646	2
6647	8
6648	10
6649	19
6650	36
6651	26
6652	22
6653	10
6654	11
6655	22
6656	7
6657	2
6658	5
6659	3
6660	0
6661	1
6662	2
6663	2
6664	7
6665	29
6666	9
6667	14
6668	10
6669	8
6670	3
6671	4
6672	10
6673	18
6674	4
6675	9
6676	11
6677	9
6678	14
6679	11
6680	12
6681	6
6682	6
6683	1
6684	2
6685	4
6686	9
6687	10
6688	13
6689	4
6690	9
6691	8
6692	12
6693	19
6694	25
6695	13
6696	2
6697	14
6698	1
6699	4
6700	8
6701	11
6702	18
6703	10
6704	20
6705	51
6706	14
6707	19
6708	27
6709	11
6710	9
6711	7
6712	15
6713	26
6714	18
6715	29
6716	7
6717	11
6718	21
6719	22
6720	24
6721	8
6722	8
6723	20
6724	9
6725	4
6726	9
6727	7
6728	16
6729	8
6730	14
6731	10
6732	12
6733	11
6734	11
6735	8
6736	10
6737	21
6738	12
6739	10
6740	8
6741	13
6742	11
6743	13
6744	15
6745	6
6746	12
6747	4
6748	3
6749	10
6750	4
6751	4
6752	1
6753	2
6754	10
6755	7
6756	3
6757	13
6758	14
6759	8
6760	8
6761	2
6762	9
6763	9
6764	17
6765	16
6766	17
6767	24
6768	32
6769	22
6770	12
6771	17
6772	18
6773	6
6774	7
6775	12
6776	6
6777	6
6778	19
6779	17
6780	12
6781	13
6782	12
6783	17
6784	13
6785	15
6786	6
6787	16
6788	25
6789	17
6790	44
6791	7
6792	19
6793	3
6794	0
6795	1
6796	5
6797	6
6798	17
6799	16
6800	5
6801	6
6802	19
6803	7
6804	4
6805	8
6806	8
6807	8
6808	11
6809	15
6810	17
6811	17
6812	12
6813	14
6814	8
6815	10
6816	26
6817	3
6818	8
6819	3
6820	3
6821	13
6822	4
6823	7
6824	10
6825	9
6826	11
6827	19
6828	20
6829	10
6830	3
6831	11
6832	22
6833	32
6834	5
6835	5
6836	13
6837	11
6838	20
6839	11
6840	2
6841	9
6842	16
6843	3
6844	5
6845	10
6846	28
6847	11
6848	18
6849	4
6850	11
6851	9
6852	4
6853	4
6854	4
6855	2
6856	0
6857	2
6858	5
6859	24
6860	5
6861	20
6862	23
6863	15
6864	10
6865	9
6866	7
6867	1
6868	4
6869	5
6870	12
6871	1
6872	2
6873	13
6874	11
6875	15
6876	20
6877	9
6878	25
6879	18
6880	36
6881	22
6882	27
6883	21
6884	20
6885	10
6886	20
6887	9
6888	9
6889	13
6890	18
6891	14
6892	11
6893	6
6894	10
6895	3
6896	6
6897	16
6898	26
6899	13
6900	10
6901	5
6902	10
6903	11
6904	9
6905	16
6906	10
6907	7
6908	9
6909	5
6910	1
6911	5
6912	5
6913	11
6914	3
6915	12
6916	26
6917	6
6918	5
6919	11
6920	14
6921	12
6922	14
6923	18
6924	21
6925	30
6926	16
6927	22
6928	27
6929	43
6930	11
6931	9
6932	6
6933	11
6934	8
6935	10
6936	5
6937	10
6938	3
6939	5
6940	14
6941	10
6942	11
6943	13
6944	19
6945	4
6946	0
6947	5
6948	2
6949	9
6950	18
6951	15
6952	13
6953	18
6954	12
6955	10
6956	22
6957	18
6958	19
6959	4
6960	19
6961	19
6962	19
6963	15
6964	9
6965	4
6966	8
6967	7
6968	13
6969	8
6970	19
6971	29
6972	35
6973	7
6974	16
6975	20
6976	2
6977	16
6978	6
6979	5
6980	5
6981	15
6982	12
6983	6
6984	8
6985	21
6986	4
6987	9
6988	15
6989	7
6990	6
6991	20
6992	10
6993	13
6994	19
6995	11
6996	16
6997	12
6998	6
6999	15
7000	13
7001	13
7002	2
7003	5
7004	8
7005	10
7006	27
7007	13
7008	6
7009	15
7010	11
7011	9
7012	15
7013	5
7014	7
7015	8
7016	20
7017	12
7018	8
7019	8
7020	10
7021	7
7022	1
7023	7
7024	9
7025	6
7026	11
7027	5
7028	12
7029	7
7030	18
7031	10
7032	19
7033	13
7034	10
7035	13
7036	19
7037	24
7038	24
7039	12
7040	21
7041	14
7042	12
7043	6
7044	11
7045	16
7046	13
7047	15
7048	16
7049	17
7050	9
7051	16
7052	20
7053	9
7054	8
7055	14
7056	20
7057	28
7058	7
7059	14
7060	17
7061	8
7062	15
7063	10
7064	10
7065	19
7066	9
7067	11
7068	10
7069	11
7070	1
7071	3
7072	19
7073	8
7074	6
7075	20
7076	25
7077	28
7078	13
7079	11
7080	12
7081	14
7082	14
7083	9
7084	26
7085	13
7086	21
7087	9
7088	10
7089	16
7090	12
7091	30
7092	9
7093	5
7094	5
7095	9
7096	27
7097	25
7098	11
7099	6
7100	9
7101	13
7102	15
7103	30
7104	11
7105	6
7106	5
7107	3
7108	12
7109	1
7110	18
7111	45
7112	25
7113	18
7114	11
7115	14
7116	10
7117	15
7118	14
7119	10
7120	11
7121	6
7122	4
7123	6
7124	10
7125	8
7126	5
7127	13
7128	14
7129	20
7130	10
7131	11
7132	7
7133	6
7134	8
7135	10
7136	11
7137	4
7138	8
7139	14
7140	15
7141	16
7142	26
7143	19
7144	22
7145	10
7146	12
7147	13
7148	6
7149	21
7150	13
7151	5
7152	10
7153	1
7154	11
7155	11
7156	14
7157	29
7158	22
7159	7
7160	3
7161	5
7162	5
7163	5
7164	4
7165	17
7166	12
7167	12
7168	5
7169	10
7170	4
7171	17
7172	7
7173	4
7174	10
7175	10
7176	9
7177	12
7178	14
7179	12
7180	11
7181	17
7182	0
7183	19
7184	6
7185	2
7186	6
7187	5
7188	10
7189	2
7190	9
7191	11
7192	19
7193	14
7194	22
7195	7
7196	5
7197	4
7198	4
7199	31
7200	16
7201	14
7202	10
7203	30
7204	23
7205	10
7206	10
7207	9
7208	11
7209	9
7210	17
7211	8
7212	6
7213	7
7214	9
7215	6
7216	4
7217	7
7218	18
7219	11
7220	17
7221	13
7222	19
7223	16
7224	22
7225	20
7226	8
7227	15
7228	9
7229	16
7230	15
7231	7
7232	13
7233	20
7234	21
7235	13
7236	8
7237	2
7238	18
7239	25
7240	11
7241	16
7242	13
7243	14
7244	11
7245	17
7246	12
7247	5
7248	14
7249	8
7250	8
7251	2
7252	5
7253	13
7254	14
7255	14
7256	14
7257	3
7258	8
7259	10
7260	14
7261	4
7262	7
7263	9
7264	15
7265	10
7266	24
7267	14
7268	21
7269	16
7270	13
7271	18
7272	16
7273	20
7274	17
7275	18
7276	14
7277	21
7278	16
7279	29
7280	33
7281	26
7282	15
7283	10
7284	22
7285	12
7286	6
7287	7
7288	8
7289	9
7290	12
7291	9
7292	12
7293	18
7294	38
7295	17
7296	16
7297	23
7298	16
7299	13
7300	10
7301	13
7302	11
7303	20
7304	17
7305	13
7306	23
7307	9
7308	12
7309	24
7310	10
7311	9
7312	2
7313	7
7314	7
7315	8
7316	1
7317	0
7318	7
7319	16
7320	8
7321	12
7322	20
7323	7
7324	12
7325	2
7326	3
7327	17
7328	4
7329	11
7330	2
7331	6
7332	8
7333	6
7334	21
7335	31
7336	4
7337	4
7338	5
7339	17
7340	8
7341	13
7342	19
7343	9
7344	11
7345	12
7346	1
7347	1
7348	0
7349	6
7350	7
7351	2
7352	0
7353	7
7354	16
7355	10
7356	8
7357	16
7358	10
7359	11
7360	13
7361	18
7362	27
7363	15
7364	8
7365	17
7366	11
7367	1
7368	10
7369	13
7370	6
7371	11
7372	18
7373	10
7374	18
7375	14
7376	10
7377	5
7378	12
7379	12
7380	5
7381	0
7382	2
7383	7
7384	4
7385	8
7386	10
7387	6
7388	8
7389	17
7390	7
7391	9
7392	11
7393	9
7394	13
7395	15
7396	26
7397	9
7398	5
7399	16
7400	9
7401	6
7402	3
7403	2
7404	6
7405	9
7406	9
7407	12
7408	11
7409	20
7410	9
7411	9
7412	6
7413	20
7414	6
7415	5
7416	5
7417	0
7418	6
7419	1
7420	4
7421	9
7422	6
7423	11
7424	12
7425	3
7426	10
7427	25
7428	15
7429	17
7430	5
7431	2
7432	3
7433	8
7434	14
7435	9
7436	12
7437	8
7438	12
7439	19
7440	10
7441	10
7442	12
7443	8
7444	12
7445	25
7446	34
7447	28
7448	20
7449	7
7450	11
7451	13
7452	22
7453	0
7454	0
7455	1
7456	3
7457	4
7458	2
7459	2
7460	4
7461	6
7462	5
7463	7
7464	20
7465	4
7466	4
7467	0
7468	0
7469	3
7470	5
7471	9
7472	19
7473	10
7474	3
7475	2
7476	2
7477	0
7478	4
7479	5
7480	8
7481	10
7482	0
7483	10
7484	13
7485	7
7486	7
7487	9
7488	11
7489	14
7490	7
7491	13
7492	25
7493	13
7494	16
7495	8
7496	10
7497	7
7498	5
7499	23
7500	5
7501	9
7502	17
7503	19
7504	8
7505	0
7506	6
7507	15
7508	12
7509	10
7510	13
7511	13
7512	2
7513	7
7514	3
7515	10
7516	23
7517	9
7518	3
7519	6
7520	7
7521	4
7522	9
7523	17
7524	9
7525	8
7526	3
7527	5
7528	5
7529	3
7530	4
7531	13
7532	18
7533	5
7534	5
7535	8
7536	4
7537	11
7538	3
7539	7
7540	9
7541	5
7542	9
7543	2
7544	2
7545	12
7546	5
7547	13
7548	6
7549	16
7550	11
7551	20
7552	30
7553	3
7554	5
7555	6
7556	3
7557	5
7558	19
7559	7
7560	4
7561	7
7562	3
7563	3
7564	13
7565	11
7566	1
7567	4
7568	9
7569	0
7570	0
7571	0
7572	1
7573	0
7574	6
7575	8
7576	6
7577	11
7578	10
7579	10
7580	9
7581	17
7582	17
7583	8
7584	17
7585	6
7586	1
7587	2
7588	1
7589	5
7590	11
7591	3
7592	9
7593	9
7594	12
7595	4
7596	10
7597	19
7598	5
7599	15
7600	5
7601	23
7602	18
7603	4
7604	7
7605	1
7606	14
7607	12
7608	8
7609	7
7610	12
7611	12
7612	21
7613	13
7614	21
7615	7
7616	7
7617	3
7618	3
7619	5
7620	11
7621	5
7622	9
7623	4
7624	3
7625	7
7626	3
7627	2
7628	4
7629	9
7630	24
7631	22
7632	21
7633	14
7634	12
7635	11
7636	6
7637	7
7638	4
7639	5
7640	4
7641	8
7642	1
7643	11
7644	10
7645	3
7646	8
7647	9
7648	13
7649	8
7650	21
7651	4
7652	11
7653	5
7654	9
7655	6
7656	20
7657	2
7658	7
7659	7
7660	0
7661	2
7662	6
7663	8
7664	8
7665	10
7666	15
7667	11
7668	9
7669	16
7670	15
7671	6
7672	8
7673	17
7674	3
7675	5
7676	3
7677	7
7678	5
7679	14
7680	8
7681	7
7682	9
7683	15
7684	18
7685	15
7686	22
7687	4
7688	15
7689	4
7690	3
7691	7
7692	5
7693	3
7694	12
7695	3
7696	6
7697	6
7698	9
7699	16
7700	15
7701	15
7702	19
7703	10
7704	30
7705	2
7706	5
7707	8
7708	0
7709	0
7710	3
7711	2
7712	4
7713	9
7714	20
7715	8
7716	8
7717	2
7718	0
7719	0
7720	0
7721	5
7722	6
7723	3
7724	4
7725	6
7726	8
7727	8
7728	28
7729	10
7730	7
7731	7
7732	17
7733	19
7734	8
7735	7
7736	14
7737	13
7738	9
7739	5
7740	5
7741	9
7742	0
7743	0
7744	0
7745	2
7746	3
7747	11
7748	14
7749	7
7750	9
7751	5
7752	2
7753	10
7754	12
7755	12
7756	5
7757	10
7758	12
7759	9
7760	21
7761	13
7762	15
7763	9
7764	13
7765	7
7766	1
7767	4
7768	4
7769	0
7770	3
7771	0
7772	2
7773	4
7774	5
7775	4
7776	8
7777	7
7778	7
7779	7
7780	18
7781	14
7782	11
7783	4
7784	2
7785	0
7786	3
7787	7
7788	9
7789	6
7790	12
7791	17
7792	17
7793	17
7794	15
7795	23
7796	12
7797	8
7798	22
7799	15
7800	13
7801	20
7802	7
7803	18
7804	4
7805	3
7806	6
7807	6
7808	9
7809	1
7810	3
7811	6
7812	8
7813	8
7814	6
7815	0
7816	3
7817	8
7818	18
7819	8
7820	24
7821	5
7822	4
7823	2
7824	5
7825	4
7826	1
7827	1
7828	7
7829	2
7830	7
7831	28
7832	13
7833	21
7834	12
7835	11
7836	21
7837	13
7838	19
7839	12
7840	22
7841	14
7842	7
7843	26
7844	20
7845	19
7846	16
7847	16
7848	12
7849	5
7850	9
7851	12
7852	16
7853	15
7854	23
7855	8
7856	12
7857	2
7858	13
7859	23
7860	11
7861	7
7862	25
7863	18
7864	24
7865	33
7866	20
7867	16
7868	14
7869	15
7870	21
7871	11
7872	28
7873	20
7874	9
7875	7
7876	11
7877	4
7878	2
7879	5
7880	22
7881	27
7882	37
7883	58
7884	81
7885	83
7886	14
7887	8
7888	11
7889	5
7890	5
7891	11
7892	3
7893	1
7894	10
7895	7
7896	14
7897	17
7898	18
7899	9
7900	25
7901	42
7902	14
7903	20
7904	20
7905	9
7906	15
7907	12
7908	19
7909	8
7910	9
7911	15
7912	18
7913	3
7914	7
7915	9
7916	8
7917	9
7918	15
7919	5
7920	16
7921	9
7922	5
7923	2
7924	4
7925	14
7926	14
7927	12
7928	19
7929	21
7930	0
7931	3
7932	5
7933	7
7934	15
7935	21
7936	25
7937	10
7938	9
7939	12
7940	7
7941	6
7942	2
7943	3
7944	3
7945	11
7946	8
7947	4
7948	3
7949	11
7950	13
7951	6
7952	12
7953	7
7954	5
7955	6
7956	11
7957	20
7958	27
7959	10
7960	9
7961	6
7962	7
7963	5
7964	19
7965	13
7966	12
7967	22
7968	13
7969	17
7970	19
7971	8
7972	7
7973	7
7974	15
7975	15
7976	18
7977	20
7978	14
7979	11
7980	17
7981	8
7982	17
7983	13
7984	5
7985	4
7986	9
7987	5
7988	4
7989	4
7990	3
7991	0
7992	0
7993	4
7994	5
7995	4
7996	9
7997	4
7998	15
7999	14
8000	201629
