0	0
1	0
2	0
3	0
4	0
5	0
6	0
7	0
8	0
9	0
10	0
11	0
12	0
13	4
14	6
15	8
16	3
17	7
18	4
19	3
20	9
21	5
22	7
23	7
24	11
25	10
26	13
27	20
28	16
29	23
30	15
31	27
32	16
33	20
34	33
35	23
36	40
37	31
38	38
39	29
40	29
41	42
42	61
43	87
44	89
45	43
46	44
47	833
48	61
49	29
50	53
51	40
52	46
53	52
54	38
55	42
56	49
57	43
58	35
59	43
60	31
61	47
62	45
63	36
64	37
65	48
66	38
67	55
68	38
69	51
70	41
71	61
72	54
73	52
74	48
75	64
76	70
77	58
78	62
79	68
80	71
81	71
82	65
83	81
84	92
85	86
86	85
87	78
88	106
89	85
90	114
91	103
92	95
93	112
94	99
95	108
96	106
97	141
98	145
99	122
100	138
101	129
102	138
103	153
104	134
105	137
106	121
107	145
108	160
109	155
110	165
111	166
112	146
113	148
114	138
115	175
116	165
117	146
118	137
119	154
120	150
121	168
122	170
123	165
124	192
125	183
126	188
127	189
128	178
129	146
130	186
131	148
132	140
133	193
134	163
135	224
136	182
137	184
138	194
139	236
140	220
141	200
142	157
143	170
144	176
145	147
146	125
147	131
148	142
149	137
150	109
151	114
152	105
153	108
154	112
155	110
156	135
157	127
158	105
159	122
160	162
161	119
162	127
163	119
164	117
165	146
166	131
167	111
168	99
169	141
170	114
171	107
172	110
173	114
174	149
175	145
176	161
177	155
178	154
179	129
180	136
181	128
182	157
183	139
184	159
185	102
186	113
187	130
188	129
189	114
190	89
191	123
192	136
193	115
194	159
195	140
196	106
197	122
198	167
199	156
200	138
201	142
202	128
203	136
204	133
205	94
206	167
207	99
208	110
209	114
210	152
211	126
212	124
213	154
214	123
215	112
216	126
217	143
218	154
219	108
220	161
221	129
222	110
223	117
224	126
225	65
226	94
227	152
228	89
229	124
230	107
231	131
232	112
233	101
234	113
235	103
236	78
237	122
238	118
239	100
240	92
241	125
242	128
243	154
244	114
245	130
246	172
247	139
248	139
249	129
250	127
251	169
252	130
253	216
254	146
255	115
256	174
257	178
258	113
259	173
260	251
261	230
262	138
263	152
264	149
265	157
266	119
267	156
268	161
269	149
270	122
271	136
272	151
273	197
274	154
275	152
276	136
277	116
278	175
279	149
280	150
281	135
282	129
283	136
284	143
285	136
286	137
287	148
288	130
289	167
290	154
291	108
292	148
293	123
294	126
295	142
296	142
297	166
298	117
299	124
300	119
301	137
302	102
303	115
304	114
305	108
306	169
307	149
308	133
309	165
310	175
311	83
312	129
313	130
314	129
315	138
316	140
317	154
318	144
319	115
320	119
321	140
322	106
323	97
324	146
325	152
326	150
327	110
328	112
329	92
330	123
331	110
332	116
333	122
334	115
335	125
336	118
337	119
338	102
339	123
340	134
341	124
342	136
343	117
344	128
345	136
346	130
347	124
348	119
349	91
350	101
351	102
352	113
353	113
354	114
355	94
356	80
357	96
358	103
359	91
360	116
361	132
362	105
363	110
364	148
365	116
366	131
367	128
368	124
369	111
370	135
371	92
372	107
373	94
374	119
375	118
376	119
377	134
378	115
379	109
380	117
381	128
382	117
383	109
384	134
385	146
386	117
387	141
388	181
389	148
390	85
391	99
392	108
393	92
394	146
395	95
396	96
397	58
398	110
399	116
400	97
401	82
402	119
403	121
404	127
405	106
406	107
407	109
408	109
409	102
410	139
411	127
412	104
413	96
414	106
415	121
416	89
417	131
418	96
419	116
420	103
421	105
422	92
423	100
424	96
425	113
426	104
427	92
428	94
429	105
430	99
431	113
432	97
433	92
434	87
435	83
436	108
437	91
438	86
439	85
440	90
441	75
442	91
443	110
444	87
445	70
446	82
447	102
448	102
449	94
450	74
451	103
452	78
453	99
454	98
455	75
456	83
457	84
458	75
459	77
460	69
461	75
462	68
463	60
464	65
465	81
466	69
467	55
468	78
469	82
470	48
471	81
472	77
473	76
474	55
475	59
476	54
477	51
478	78
479	62
480	67
481	63
482	55
483	72
484	53
485	57
486	64
487	55
488	76
489	59
490	43
491	55
492	46
493	53
494	68
495	53
496	65
497	64
498	64
499	69
500	67
501	75
502	71
503	66
504	106
505	70
506	70
507	123
508	96
509	72
510	61
511	47
512	67
513	69
514	57
515	73
516	48
517	41
518	40
519	66
520	53
521	84
522	77
523	85
524	80
525	72
526	52
527	57
528	44
529	58
530	45
531	56
532	56
533	36
534	40
535	65
536	42
537	54
538	67
539	52
540	72
541	60
542	69
543	59
544	99
545	61
546	27
547	60
548	43
549	45
550	34
551	31
552	49
553	42
554	49
555	28
556	32
557	38
558	20
559	52
560	38
561	26
562	36
563	34
564	27
565	24
566	20
567	32
568	38
569	26
570	25
571	25
572	12
573	22
574	41
575	33
576	36
577	26
