length	rRNA	lncRNA	miRNA	mRNA	piRNA	snoRNA	snRNA	srpRNA	tRNA	tucpRNA	Y_RNA
0	0	0	0	0	0	0	0	0	0	0	0
1	0	0	0	0	0	0	0	0	0	0	0
2	0	0	0	0	0	0	0	0	0	0	0
3	0	0	0	0	0	0	0	0	0	0	0
4	0	0	0	0	0	0	0	0	0	0	0
5	0	0	0	0	0	0	0	0	0	0	0
6	0	0	0	0	0	0	0	0	0	0	0
7	0	0	0	0	0	0	0	0	0	0	0
8	0	0	0	0	0	0	0	0	0	0	0
9	0	0	0	0	0	0	0	0	0	0	0
10	0	0	0	0	0	0	0	0	0	0	0
11	0	0	0	0	0	0	0	0	0	0	0
12	0	0	0	0	0	0	0	0	0	0	0
13	0	0	0	0	0	0	0	0	0	0	0
14	0	0	0	0	0	0	0	0	0	0	0
15	0	0	0	0	0	0	0	0	0	0	0
16	38428	25160	57482	26587	4339	2849	916	979	3296	23804	7492
17	66823	11295	65201	13157	2752	4104	1167	444	2962	14977	12680
18	60439	3963	490215	6213	3041	1776	1614	447	3291	4162	76047
19	41295	2614	408007	3103	3041	1012	1995	390	3460	1695	23520
20	133032	4910	1757100	2274	2167	1349	4700	562	4159	920	13850
21	49379	2791	8964677	2364	5583	1435	8161	701	2630	432	37626
22	129176	2347	6352966	2314	14009	1852	8115	461	1901	361	67683
23	66318	1157	2085352	1471	3864	2658	4946	573	2284	172	114091
24	35419	500	519665	1214	5856	1593	1861	355	1575	114	17605
25	41115	713	79356	970	52045	1706	965	204	2511	98	15465
26	73900	420	15333	779	71101	2071	212	192	3010	95	67459
27	33303	525	4382	763	145197	11975	214	112	1863	86	34176
28	89141	1078	2019	747	14475	5209	169	192	1804	75	84871
29	23453	4729	902	750	12573	3306	251	186	3726	112	103476
30	48612	6685	198	579	43664	2948	280	151	7852	101	216957
31	138882	796	98	532	17696	2543	426	133	35551	100	1530777
32	43335	688	43	612	13041	1248	520	281	35326	98	10076475
33	38322	410	51	563	14577	1650	472	232	48556	77	1442982
34	34080	758	16	449	2952	3114	221	315	14250	73	134763
35	45961	685	14	510	1	2529	310	1850	19005	121	25507
36	92963	521	10	557	0	6558	292	3000	3424	105	146614
37	38873	601	19	485	0	3466	283	998	933	102	106322
38	23216	452	30	490	0	3040	195	156	559	55	26210
39	18460	427	7	549	0	3788	252	207	924	95	24862
40	20915	623	13	502	0	2278	119	123	573	103	29094
41	20972	570	3	640	0	2742	253	127	687	97	6979
42	18353	954	18	554	0	2261	399	171	678	156	2126
43	43772	2162	3	453	0	1444	192	120	193	88	917
44	129294	2475	13	492	0	1095	119	149	176	86	753
45	70843	547	2	382	0	1750	80	135	216	69	776
46	37059	415	9	396	0	2037	74	90	198	58	431
47	16703	355	4	559	0	1325	116	245	411	81	1278
48	12949	339	5	417	0	1229	106	230	905	98	358
49	11631	532	0	696	0	1882	151	189	800	79	352
50	14351	385	0	379	0	1535	125	222	1244	92	563
51	10489	383	9	535	0	1326	100	113	7386	73	339
52	8262	482	6	317	0	1591	113	80	21808	112	925
53	9567	596	1	267	0	1705	62	83	11587	77	429
54	24834	823	9	272	0	1253	133	59	2798	56	1888
55	10077	640	16	246	0	1601	77	94	4407	43	4118
56	12032	433	0	328	0	1705	150	68	496	58	2014
57	22384	389	14	418	0	2045	164	105	1041	63	1188
58	16381	315	15	304	0	4752	282	160	367	44	330
59	44107	228	4	352	0	4475	478	137	424	55	669
60	10261	288	12	270	0	3811	250	212	306	56	5519
61	15426	219	5	228	0	68609	283	152	222	34	14869
62	15277	179	3	241	0	68591	466	149	273	33	1211
63	13934	115	9	255	0	69344	970	144	343	38	2400
64	10133	141	31	328	0	16066	162	151	470	43	544
65	6677	138	64	243	0	37452	163	106	234	23	468
66	10636	132	152	310	0	46935	146	93	87	24	374
67	13094	167	381	2287	0	177372	123	120	36	24	503
68	34646	232	4062	322	0	58932	97	113	37	28	358
69	13780	284	456	443	0	73757	74	336	7	9	326
70	8715	244	9	346	0	18809	98	132	3	20	228
71	16597	199	2	273	0	118803	80	56	5	20	276
72	50401	172	12	531	0	115084	99	39	11	19	146
73	24705	249	4	495	0	101050	186	24	4	19	85
74	26002	165	25	570	0	71538	79	56	7	18	80
75	21887	179	6	952	0	65118	107	150	4	11	364
76	14317	202	7	1777	0	19725	108	151	4	12	346
77	21981	153	16	301	0	17958	52	144	4	11	277
78	8944	182	5	222	0	6578	135	89	0	14	143
79	13059	166	4	210	0	6312	90	152	1	8	171
80	16113	295	12	292	0	5165	31	106	1	17	165
81	37535	136	15	297	0	4881	127	108	0	11	192
82	17391	157	1	313	0	3243	145	190	0	11	155
83	9703	155	5	230	0	9279	93	75	0	8	117
84	12161	133	2	240	0	1394	113	65	1	37	122
85	14818	143	4	192	0	2373	102	112	0	12	242
86	18254	142	0	211	0	3981	106	288	0	11	322
87	11761	127	2	185	0	4051	90	136	0	31	138
88	6198	202	6	192	0	4896	115	196	0	13	235
89	6280	176	0	375	0	13056	74	113	1	15	141
90	7095	320	0	261	0	1472	140	112	0	5	118
91	13933	295	0	162	0	4205	262	122	0	31	216
92	7868	250	0	206	0	928	452	140	0	17	190
93	14494	162	0	205	0	2192	327	118	0	11	598
94	8181	298	0	217	0	5023	356	127	0	16	160
95	15603	109	0	184	0	707	504	156	0	11	130
96	13569	129	0	190	0	397	258	116	0	8	48
97	23089	79	0	159	0	16135	240	74	0	12	205
98	21147	129	0	237	0	5449	172	74	0	16	36
99	20311	112	0	175	0	3165	144	57	0	16	36
100	26713	98	0	161	0	789	262	66	0	4	45
101	19381	96	0	163	0	735	119	63	0	13	12
102	18819	85	0	172	0	281	275	49	0	14	0
103	32577	158	0	147	0	108	299	58	0	12	1
104	14148	93	0	148	0	293	67	56	0	9	3
105	30022	111	0	166	0	799	55	12	0	12	171
106	18536	250	0	159	0	472	113	47	3	10	86
107	16835	93	0	167	0	195	40	26	0	2	117
108	22899	101	0	166	0	69	28	53	0	5	252
109	8278	119	0	199	0	122	21	42	0	2	91
110	17267	57	1	144	0	699	39	31	0	17	6
111	15493	87	0	172	0	94	56	29	0	8	28
112	13914	96	5	153	0	88	57	16	0	11	1
113	9990	88	9	146	0	90	452	44	0	7	0
114	5427	101	1	114	0	100	284	60	0	4	1
115	15158	85	0	149	0	145	36	22	0	7	0
116	5185	94	4	149	0	183	230	67	0	5	0
117	5232	40	0	134	0	172	115	27	0	12	0
118	10437	55	0	136	0	627	47	80	0	8	0
119	12760	144	25	113	0	224	29	40	0	10	0
120	20151	131	0	167	0	397	17	66	0	11	0
121	7892	81	0	177	0	459	34	114	0	11	0
122	7154	64	0	139	0	297	28	20	0	11	0
123	41387	151	0	146	0	215	24	27	0	5	0
124	18696	142	0	122	0	279	18	24	0	12	0
125	21753	219	0	150	0	373	50	13	0	11	0
126	9479	173	0	104	0	340	52	22	0	10	0
127	19642	149	0	142	0	336	27	130	0	7	0
128	45764	160	0	106	0	447	36	173	0	14	0
129	56147	165	0	230	0	1275	50	179	0	16	0
130	31068	131	0	191	0	785	106	76	0	3	0
131	10053	114	0	128	0	705	61	24	0	4	0
132	15301	92	0	110	0	1779	109	23	0	4	0
133	58902	106	0	96	0	1228	105	47	0	4	0
134	20759	128	0	132	0	2080	69	55	0	7	0
135	27004	115	0	89	0	887	48	28	0	3	0
136	29615	131	0	160	0	1684	66	22	0	18	0
137	19554	185	0	227	0	1932	60	23	0	8	0
138	40464	176	0	190	0	1593	62	31	0	7	0
139	16214	182	0	153	0	3792	76	24	0	6	0
140	54662	122	0	123	0	331	49	24	0	9	0
141	286425	489	0	497	0	2142	313	134	0	20	0
142	314462	703	0	777	0	825	534	204	0	30	0
143	88978	304	0	551	0	234	211	89	0	13	0
144	69962	355	0	520	0	211	113	65	0	21	0
145	34972	197	0	1748	0	944	245	198	0	14	0
146	61896	86	0	502	0	176	94	40	0	6	0
147	28812	62	0	252	0	172	56	39	0	11	0
148	43429	92	0	275	0	190	284	190	0	10	0
149	27957	279	0	531	0	446	238	195	0	17	0
150	339363	2136	0	5879	0	4417	1861	996	0	95	0
151	0	0	0	0	0	0	0	0	0	0	0
152	0	0	0	0	0	0	0	0	0	0	0
153	0	0	0	0	0	0	0	0	0	0	0
154	0	0	0	0	0	0	0	0	0	0	0
155	0	0	0	0	0	0	0	0	0	0	0
156	0	0	0	0	0	0	0	0	0	0	0
157	0	0	0	0	0	0	0	0	0	0	0
158	0	0	0	0	0	0	0	0	0	0	0
159	0	0	0	0	0	0	0	0	0	0	0
160	0	0	0	0	0	0	0	0	0	0	0
161	0	0	0	0	0	0	0	0	0	0	0
162	0	0	0	0	0	0	0	0	0	0	0
163	0	0	0	0	0	0	0	0	0	0	0
164	0	0	0	0	0	0	0	0	0	0	0
165	0	0	0	0	0	0	0	0	0	0	0
166	0	0	0	0	0	0	0	0	0	0	0
167	0	0	0	0	0	0	0	0	0	0	0
168	0	0	0	0	0	0	0	0	0	0	0
169	0	0	0	0	0	0	0	0	0	0	0
170	0	0	0	0	0	0	0	0	0	0	0
171	0	0	0	0	0	0	0	0	0	0	0
172	0	0	0	0	0	0	0	0	0	0	0
173	0	0	0	0	0	0	0	0	0	0	0
174	0	0	0	0	0	0	0	0	0	0	0
175	0	0	0	0	0	0	0	0	0	0	0
176	0	0	0	0	0	0	0	0	0	0	0
177	0	0	0	0	0	0	0	0	0	0	0
178	0	0	0	0	0	0	0	0	0	0	0
179	0	0	0	0	0	0	0	0	0	0	0
180	0	0	0	0	0	0	0	0	0	0	0
181	0	0	0	0	0	0	0	0	0	0	0
182	0	0	0	0	0	0	0	0	0	0	0
183	0	0	0	0	0	0	0	0	0	0	0
184	0	0	0	0	0	0	0	0	0	0	0
185	0	0	0	0	0	0	0	0	0	0	0
186	0	0	0	0	0	0	0	0	0	0	0
187	0	0	0	0	0	0	0	0	0	0	0
188	0	0	0	0	0	0	0	0	0	0	0
189	0	0	0	0	0	0	0	0	0	0	0
190	0	0	0	0	0	0	0	0	0	0	0
191	0	0	0	0	0	0	0	0	0	0	0
192	0	0	0	0	0	0	0	0	0	0	0
193	0	0	0	0	0	0	0	0	0	0	0
194	0	0	0	0	0	0	0	0	0	0	0
195	0	0	0	0	0	0	0	0	0	0	0
196	0	0	0	0	0	0	0	0	0	0	0
197	0	0	0	0	0	0	0	0	0	0	0
198	0	0	0	0	0	0	0	0	0	0	0
199	0	0	0	0	0	0	0	0	0	0	0
200	0	0	0	0	0	0	0	0	0	0	0
201	0	0	0	0	0	0	0	0	0	0	0
202	0	0	0	0	0	0	0	0	0	0	0
203	0	0	0	0	0	0	0	0	0	0	0
204	0	0	0	0	0	0	0	0	0	0	0
205	0	0	0	0	0	0	0	0	0	0	0
206	0	0	0	0	0	0	0	0	0	0	0
207	0	0	0	0	0	0	0	0	0	0	0
208	0	0	0	0	0	0	0	0	0	0	0
209	0	0	0	0	0	0	0	0	0	0	0
210	0	0	0	0	0	0	0	0	0	0	0
211	0	0	0	0	0	0	0	0	0	0	0
212	0	0	0	0	0	0	0	0	0	0	0
213	0	0	0	0	0	0	0	0	0	0	0
214	0	0	0	0	0	0	0	0	0	0	0
215	0	0	0	0	0	0	0	0	0	0	0
216	0	0	0	0	0	0	0	0	0	0	0
217	0	0	0	0	0	0	0	0	0	0	0
218	0	0	0	0	0	0	0	0	0	0	0
219	0	0	0	0	0	0	0	0	0	0	0
220	0	0	0	0	0	0	0	0	0	0	0
221	0	0	0	0	0	0	0	0	0	0	0
222	0	0	0	0	0	0	0	0	0	0	0
223	0	0	0	0	0	0	0	0	0	0	0
224	0	0	0	0	0	0	0	0	0	0	0
225	0	0	0	0	0	0	0	0	0	0	0
226	0	0	0	0	0	0	0	0	0	0	0
227	0	0	0	0	0	0	0	0	0	0	0
228	0	0	0	0	0	0	0	0	0	0	0
229	0	0	0	0	0	0	0	0	0	0	0
230	0	0	0	0	0	0	0	0	0	0	0
231	0	0	0	0	0	0	0	0	0	0	0
232	0	0	0	0	0	0	0	0	0	0	0
233	0	0	0	0	0	0	0	0	0	0	0
234	0	0	0	0	0	0	0	0	0	0	0
235	0	0	0	0	0	0	0	0	0	0	0
236	0	0	0	0	0	0	0	0	0	0	0
237	0	0	0	0	0	0	0	0	0	0	0
238	0	0	0	0	0	0	0	0	0	0	0
239	0	0	0	0	0	0	0	0	0	0	0
240	0	0	0	0	0	0	0	0	0	0	0
241	0	0	0	0	0	0	0	0	0	0	0
242	0	0	0	0	0	0	0	0	0	0	0
243	0	0	0	0	0	0	0	0	0	0	0
244	0	0	0	0	0	0	0	0	0	0	0
245	0	0	0	0	0	0	0	0	0	0	0
246	0	0	0	0	0	0	0	0	0	0	0
247	0	0	0	0	0	0	0	0	0	0	0
248	0	0	0	0	0	0	0	0	0	0	0
249	0	0	0	0	0	0	0	0	0	0	0
250	0	0	0	0	0	0	0	0	0	0	0
251	0	0	0	0	0	0	0	0	0	0	0
252	0	0	0	0	0	0	0	0	0	0	0
253	0	0	0	0	0	0	0	0	0	0	0
254	0	0	0	0	0	0	0	0	0	0	0
255	0	0	0	0	0	0	0	0	0	0	0
256	0	0	0	0	0	0	0	0	0	0	0
257	0	0	0	0	0	0	0	0	0	0	0
258	0	0	0	0	0	0	0	0	0	0	0
259	0	0	0	0	0	0	0	0	0	0	0
260	0	0	0	0	0	0	0	0	0	0	0
261	0	0	0	0	0	0	0	0	0	0	0
262	0	0	0	0	0	0	0	0	0	0	0
263	0	0	0	0	0	0	0	0	0	0	0
264	0	0	0	0	0	0	0	0	0	0	0
265	0	0	0	0	0	0	0	0	0	0	0
266	0	0	0	0	0	0	0	0	0	0	0
267	0	0	0	0	0	0	0	0	0	0	0
268	0	0	0	0	0	0	0	0	0	0	0
269	0	0	0	0	0	0	0	0	0	0	0
270	0	0	0	0	0	0	0	0	0	0	0
271	0	0	0	0	0	0	0	0	0	0	0
272	0	0	0	0	0	0	0	0	0	0	0
273	0	0	0	0	0	0	0	0	0	0	0
274	0	0	0	0	0	0	0	0	0	0	0
275	0	0	0	0	0	0	0	0	0	0	0
276	0	0	0	0	0	0	0	0	0	0	0
277	0	0	0	0	0	0	0	0	0	0	0
278	0	0	0	0	0	0	0	0	0	0	0
279	0	0	0	0	0	0	0	0	0	0	0
280	0	0	0	0	0	0	0	0	0	0	0
281	0	0	0	0	0	0	0	0	0	0	0
282	0	0	0	0	0	0	0	0	0	0	0
283	0	0	0	0	0	0	0	0	0	0	0
284	0	0	0	0	0	0	0	0	0	0	0
285	0	0	0	0	0	0	0	0	0	0	0
286	0	0	0	0	0	0	0	0	0	0	0
287	0	0	0	0	0	0	0	0	0	0	0
288	0	0	0	0	0	0	0	0	0	0	0
289	0	0	0	0	0	0	0	0	0	0	0
290	0	0	0	0	0	0	0	0	0	0	0
291	0	0	0	0	0	0	0	0	0	0	0
292	0	0	0	0	0	0	0	0	0	0	0
293	0	0	0	0	0	0	0	0	0	0	0
294	0	0	0	0	0	0	0	0	0	0	0
295	0	0	0	0	0	0	0	0	0	0	0
296	0	0	0	0	0	0	0	0	0	0	0
297	0	0	0	0	0	0	0	0	0	0	0
298	0	0	0	0	0	0	0	0	0	0	0
299	0	0	0	0	0	0	0	0	0	0	0
300	0	0	0	0	0	0	0	0	0	0	0
301	0	0	0	0	0	0	0	0	0	0	0
302	0	0	0	0	0	0	0	0	0	0	0
303	0	0	0	0	0	0	0	0	0	0	0
304	0	0	0	0	0	0	0	0	0	0	0
305	0	0	0	0	0	0	0	0	0	0	0
306	0	0	0	0	0	0	0	0	0	0	0
307	0	0	0	0	0	0	0	0	0	0	0
308	0	0	0	0	0	0	0	0	0	0	0
309	0	0	0	0	0	0	0	0	0	0	0
310	0	0	0	0	0	0	0	0	0	0	0
311	0	0	0	0	0	0	0	0	0	0	0
312	0	0	0	0	0	0	0	0	0	0	0
313	0	0	0	0	0	0	0	0	0	0	0
314	0	0	0	0	0	0	0	0	0	0	0
315	0	0	0	0	0	0	0	0	0	0	0
316	0	0	0	0	0	0	0	0	0	0	0
317	0	0	0	0	0	0	0	0	0	0	0
318	0	0	0	0	0	0	0	0	0	0	0
319	0	0	0	0	0	0	0	0	0	0	0
320	0	0	0	0	0	0	0	0	0	0	0
321	0	0	0	0	0	0	0	0	0	0	0
322	0	0	0	0	0	0	0	0	0	0	0
323	0	0	0	0	0	0	0	0	0	0	0
324	0	0	0	0	0	0	0	0	0	0	0
325	0	0	0	0	0	0	0	0	0	0	0
326	0	0	0	0	0	0	0	0	0	0	0
327	0	0	0	0	0	0	0	0	0	0	0
328	0	0	0	0	0	0	0	0	0	0	0
329	0	0	0	0	0	0	0	0	0	0	0
330	0	0	0	0	0	0	0	0	0	0	0
331	0	0	0	0	0	0	0	0	0	0	0
332	0	0	0	0	0	0	0	0	0	0	0
333	0	0	0	0	0	0	0	0	0	0	0
334	0	0	0	0	0	0	0	0	0	0	0
335	0	0	0	0	0	0	0	0	0	0	0
336	0	0	0	0	0	0	0	0	0	0	0
337	0	0	0	0	0	0	0	0	0	0	0
338	0	0	0	0	0	0	0	0	0	0	0
339	0	0	0	0	0	0	0	0	0	0	0
340	0	0	0	0	0	0	0	0	0	0	0
341	0	0	0	0	0	0	0	0	0	0	0
342	0	0	0	0	0	0	0	0	0	0	0
343	0	0	0	0	0	0	0	0	0	0	0
344	0	0	0	0	0	0	0	0	0	0	0
345	0	0	0	0	0	0	0	0	0	0	0
346	0	0	0	0	0	0	0	0	0	0	0
347	0	0	0	0	0	0	0	0	0	0	0
348	0	0	0	0	0	0	0	0	0	0	0
349	0	0	0	0	0	0	0	0	0	0	0
350	0	0	0	0	0	0	0	0	0	0	0
351	0	0	0	0	0	0	0	0	0	0	0
352	0	0	0	0	0	0	0	0	0	0	0
353	0	0	0	0	0	0	0	0	0	0	0
354	0	0	0	0	0	0	0	0	0	0	0
355	0	0	0	0	0	0	0	0	0	0	0
356	0	0	0	0	0	0	0	0	0	0	0
357	0	0	0	0	0	0	0	0	0	0	0
358	0	0	0	0	0	0	0	0	0	0	0
359	0	0	0	0	0	0	0	0	0	0	0
360	0	0	0	0	0	0	0	0	0	0	0
361	0	0	0	0	0	0	0	0	0	0	0
362	0	0	0	0	0	0	0	0	0	0	0
363	0	0	0	0	0	0	0	0	0	0	0
364	0	0	0	0	0	0	0	0	0	0	0
365	0	0	0	0	0	0	0	0	0	0	0
366	0	0	0	0	0	0	0	0	0	0	0
367	0	0	0	0	0	0	0	0	0	0	0
368	0	0	0	0	0	0	0	0	0	0	0
369	0	0	0	0	0	0	0	0	0	0	0
370	0	0	0	0	0	0	0	0	0	0	0
371	0	0	0	0	0	0	0	0	0	0	0
372	0	0	0	0	0	0	0	0	0	0	0
373	0	0	0	0	0	0	0	0	0	0	0
374	0	0	0	0	0	0	0	0	0	0	0
375	0	0	0	0	0	0	0	0	0	0	0
376	0	0	0	0	0	0	0	0	0	0	0
377	0	0	0	0	0	0	0	0	0	0	0
378	0	0	0	0	0	0	0	0	0	0	0
379	0	0	0	0	0	0	0	0	0	0	0
380	0	0	0	0	0	0	0	0	0	0	0
381	0	0	0	0	0	0	0	0	0	0	0
382	0	0	0	0	0	0	0	0	0	0	0
383	0	0	0	0	0	0	0	0	0	0	0
384	0	0	0	0	0	0	0	0	0	0	0
385	0	0	0	0	0	0	0	0	0	0	0
386	0	0	0	0	0	0	0	0	0	0	0
387	0	0	0	0	0	0	0	0	0	0	0
388	0	0	0	0	0	0	0	0	0	0	0
389	0	0	0	0	0	0	0	0	0	0	0
390	0	0	0	0	0	0	0	0	0	0	0
391	0	0	0	0	0	0	0	0	0	0	0
392	0	0	0	0	0	0	0	0	0	0	0
393	0	0	0	0	0	0	0	0	0	0	0
394	0	0	0	0	0	0	0	0	0	0	0
395	0	0	0	0	0	0	0	0	0	0	0
396	0	0	0	0	0	0	0	0	0	0	0
397	0	0	0	0	0	0	0	0	0	0	0
398	0	0	0	0	0	0	0	0	0	0	0
399	0	0	0	0	0	0	0	0	0	0	0
400	0	0	0	0	0	0	0	0	0	0	0
401	0	0	0	0	0	0	0	0	0	0	0
402	0	0	0	0	0	0	0	0	0	0	0
403	0	0	0	0	0	0	0	0	0	0	0
404	0	0	0	0	0	0	0	0	0	0	0
405	0	0	0	0	0	0	0	0	0	0	0
406	0	0	0	0	0	0	0	0	0	0	0
407	0	0	0	0	0	0	0	0	0	0	0
408	0	0	0	0	0	0	0	0	0	0	0
409	0	0	0	0	0	0	0	0	0	0	0
410	0	0	0	0	0	0	0	0	0	0	0
411	0	0	0	0	0	0	0	0	0	0	0
412	0	0	0	0	0	0	0	0	0	0	0
413	0	0	0	0	0	0	0	0	0	0	0
414	0	0	0	0	0	0	0	0	0	0	0
415	0	0	0	0	0	0	0	0	0	0	0
416	0	0	0	0	0	0	0	0	0	0	0
417	0	0	0	0	0	0	0	0	0	0	0
418	0	0	0	0	0	0	0	0	0	0	0
419	0	0	0	0	0	0	0	0	0	0	0
420	0	0	0	0	0	0	0	0	0	0	0
421	0	0	0	0	0	0	0	0	0	0	0
422	0	0	0	0	0	0	0	0	0	0	0
423	0	0	0	0	0	0	0	0	0	0	0
424	0	0	0	0	0	0	0	0	0	0	0
425	0	0	0	0	0	0	0	0	0	0	0
426	0	0	0	0	0	0	0	0	0	0	0
427	0	0	0	0	0	0	0	0	0	0	0
428	0	0	0	0	0	0	0	0	0	0	0
429	0	0	0	0	0	0	0	0	0	0	0
430	0	0	0	0	0	0	0	0	0	0	0
431	0	0	0	0	0	0	0	0	0	0	0
432	0	0	0	0	0	0	0	0	0	0	0
433	0	0	0	0	0	0	0	0	0	0	0
434	0	0	0	0	0	0	0	0	0	0	0
435	0	0	0	0	0	0	0	0	0	0	0
436	0	0	0	0	0	0	0	0	0	0	0
437	0	0	0	0	0	0	0	0	0	0	0
438	0	0	0	0	0	0	0	0	0	0	0
439	0	0	0	0	0	0	0	0	0	0	0
440	0	0	0	0	0	0	0	0	0	0	0
441	0	0	0	0	0	0	0	0	0	0	0
442	0	0	0	0	0	0	0	0	0	0	0
443	0	0	0	0	0	0	0	0	0	0	0
444	0	0	0	0	0	0	0	0	0	0	0
445	0	0	0	0	0	0	0	0	0	0	0
446	0	0	0	0	0	0	0	0	0	0	0
447	0	0	0	0	0	0	0	0	0	0	0
448	0	0	0	0	0	0	0	0	0	0	0
449	0	0	0	0	0	0	0	0	0	0	0
450	0	0	0	0	0	0	0	0	0	0	0
451	0	0	0	0	0	0	0	0	0	0	0
452	0	0	0	0	0	0	0	0	0	0	0
453	0	0	0	0	0	0	0	0	0	0	0
454	0	0	0	0	0	0	0	0	0	0	0
455	0	0	0	0	0	0	0	0	0	0	0
456	0	0	0	0	0	0	0	0	0	0	0
457	0	0	0	0	0	0	0	0	0	0	0
458	0	0	0	0	0	0	0	0	0	0	0
459	0	0	0	0	0	0	0	0	0	0	0
460	0	0	0	0	0	0	0	0	0	0	0
461	0	0	0	0	0	0	0	0	0	0	0
462	0	0	0	0	0	0	0	0	0	0	0
463	0	0	0	0	0	0	0	0	0	0	0
464	0	0	0	0	0	0	0	0	0	0	0
465	0	0	0	0	0	0	0	0	0	0	0
466	0	0	0	0	0	0	0	0	0	0	0
467	0	0	0	0	0	0	0	0	0	0	0
468	0	0	0	0	0	0	0	0	0	0	0
469	0	0	0	0	0	0	0	0	0	0	0
470	0	0	0	0	0	0	0	0	0	0	0
471	0	0	0	0	0	0	0	0	0	0	0
472	0	0	0	0	0	0	0	0	0	0	0
473	0	0	0	0	0	0	0	0	0	0	0
474	0	0	0	0	0	0	0	0	0	0	0
475	0	0	0	0	0	0	0	0	0	0	0
476	0	0	0	0	0	0	0	0	0	0	0
477	0	0	0	0	0	0	0	0	0	0	0
478	0	0	0	0	0	0	0	0	0	0	0
479	0	0	0	0	0	0	0	0	0	0	0
480	0	0	0	0	0	0	0	0	0	0	0
481	0	0	0	0	0	0	0	0	0	0	0
482	0	0	0	0	0	0	0	0	0	0	0
483	0	0	0	0	0	0	0	0	0	0	0
484	0	0	0	0	0	0	0	0	0	0	0
485	0	0	0	0	0	0	0	0	0	0	0
486	0	0	0	0	0	0	0	0	0	0	0
487	0	0	0	0	0	0	0	0	0	0	0
488	0	0	0	0	0	0	0	0	0	0	0
489	0	0	0	0	0	0	0	0	0	0	0
490	0	0	0	0	0	0	0	0	0	0	0
491	0	0	0	0	0	0	0	0	0	0	0
492	0	0	0	0	0	0	0	0	0	0	0
493	0	0	0	0	0	0	0	0	0	0	0
494	0	0	0	0	0	0	0	0	0	0	0
495	0	0	0	0	0	0	0	0	0	0	0
496	0	0	0	0	0	0	0	0	0	0	0
497	0	0	0	0	0	0	0	0	0	0	0
498	0	0	0	0	0	0	0	0	0	0	0
499	0	0	0	0	0	0	0	0	0	0	0
500	0	0	0	0	0	0	0	0	0	0	0
501	0	0	0	0	0	0	0	0	0	0	0
502	0	0	0	0	0	0	0	0	0	0	0
503	0	0	0	0	0	0	0	0	0	0	0
504	0	0	0	0	0	0	0	0	0	0	0
505	0	0	0	0	0	0	0	0	0	0	0
506	0	0	0	0	0	0	0	0	0	0	0
507	0	0	0	0	0	0	0	0	0	0	0
508	0	0	0	0	0	0	0	0	0	0	0
509	0	0	0	0	0	0	0	0	0	0	0
510	0	0	0	0	0	0	0	0	0	0	0
511	0	0	0	0	0	0	0	0	0	0	0
512	0	0	0	0	0	0	0	0	0	0	0
513	0	0	0	0	0	0	0	0	0	0	0
514	0	0	0	0	0	0	0	0	0	0	0
515	0	0	0	0	0	0	0	0	0	0	0
516	0	0	0	0	0	0	0	0	0	0	0
517	0	0	0	0	0	0	0	0	0	0	0
518	0	0	0	0	0	0	0	0	0	0	0
519	0	0	0	0	0	0	0	0	0	0	0
520	0	0	0	0	0	0	0	0	0	0	0
521	0	0	0	0	0	0	0	0	0	0	0
522	0	0	0	0	0	0	0	0	0	0	0
523	0	0	0	0	0	0	0	0	0	0	0
524	0	0	0	0	0	0	0	0	0	0	0
525	0	0	0	0	0	0	0	0	0	0	0
526	0	0	0	0	0	0	0	0	0	0	0
527	0	0	0	0	0	0	0	0	0	0	0
528	0	0	0	0	0	0	0	0	0	0	0
529	0	0	0	0	0	0	0	0	0	0	0
530	0	0	0	0	0	0	0	0	0	0	0
531	0	0	0	0	0	0	0	0	0	0	0
532	0	0	0	0	0	0	0	0	0	0	0
533	0	0	0	0	0	0	0	0	0	0	0
534	0	0	0	0	0	0	0	0	0	0	0
535	0	0	0	0	0	0	0	0	0	0	0
536	0	0	0	0	0	0	0	0	0	0	0
537	0	0	0	0	0	0	0	0	0	0	0
538	0	0	0	0	0	0	0	0	0	0	0
539	0	0	0	0	0	0	0	0	0	0	0
540	0	0	0	0	0	0	0	0	0	0	0
541	0	0	0	0	0	0	0	0	0	0	0
542	0	0	0	0	0	0	0	0	0	0	0
543	0	0	0	0	0	0	0	0	0	0	0
544	0	0	0	0	0	0	0	0	0	0	0
545	0	0	0	0	0	0	0	0	0	0	0
546	0	0	0	0	0	0	0	0	0	0	0
547	0	0	0	0	0	0	0	0	0	0	0
548	0	0	0	0	0	0	0	0	0	0	0
549	0	0	0	0	0	0	0	0	0	0	0
550	0	0	0	0	0	0	0	0	0	0	0
551	0	0	0	0	0	0	0	0	0	0	0
552	0	0	0	0	0	0	0	0	0	0	0
553	0	0	0	0	0	0	0	0	0	0	0
554	0	0	0	0	0	0	0	0	0	0	0
555	0	0	0	0	0	0	0	0	0	0	0
556	0	0	0	0	0	0	0	0	0	0	0
557	0	0	0	0	0	0	0	0	0	0	0
558	0	0	0	0	0	0	0	0	0	0	0
559	0	0	0	0	0	0	0	0	0	0	0
560	0	0	0	0	0	0	0	0	0	0	0
561	0	0	0	0	0	0	0	0	0	0	0
562	0	0	0	0	0	0	0	0	0	0	0
563	0	0	0	0	0	0	0	0	0	0	0
564	0	0	0	0	0	0	0	0	0	0	0
565	0	0	0	0	0	0	0	0	0	0	0
566	0	0	0	0	0	0	0	0	0	0	0
567	0	0	0	0	0	0	0	0	0	0	0
568	0	0	0	0	0	0	0	0	0	0	0
569	0	0	0	0	0	0	0	0	0	0	0
570	0	0	0	0	0	0	0	0	0	0	0
571	0	0	0	0	0	0	0	0	0	0	0
572	0	0	0	0	0	0	0	0	0	0	0
573	0	0	0	0	0	0	0	0	0	0	0
574	0	0	0	0	0	0	0	0	0	0	0
575	0	0	0	0	0	0	0	0	0	0	0
576	0	0	0	0	0	0	0	0	0	0	0
577	0	0	0	0	0	0	0	0	0	0	0
578	0	0	0	0	0	0	0	0	0	0	0
579	0	0	0	0	0	0	0	0	0	0	0
580	0	0	0	0	0	0	0	0	0	0	0
581	0	0	0	0	0	0	0	0	0	0	0
582	0	0	0	0	0	0	0	0	0	0	0
583	0	0	0	0	0	0	0	0	0	0	0
584	0	0	0	0	0	0	0	0	0	0	0
585	0	0	0	0	0	0	0	0	0	0	0
586	0	0	0	0	0	0	0	0	0	0	0
587	0	0	0	0	0	0	0	0	0	0	0
588	0	0	0	0	0	0	0	0	0	0	0
589	0	0	0	0	0	0	0	0	0	0	0
590	0	0	0	0	0	0	0	0	0	0	0
591	0	0	0	0	0	0	0	0	0	0	0
592	0	0	0	0	0	0	0	0	0	0	0
593	0	0	0	0	0	0	0	0	0	0	0
594	0	0	0	0	0	0	0	0	0	0	0
595	0	0	0	0	0	0	0	0	0	0	0
596	0	0	0	0	0	0	0	0	0	0	0
597	0	0	0	0	0	0	0	0	0	0	0
598	0	0	0	0	0	0	0	0	0	0	0
599	0	0	0	0	0	0	0	0	0	0	0
