length	rRNA	lncRNA	miRNA	mRNA	piRNA	snoRNA	snRNA	srpRNA	tRNA	tucpRNA	Y_RNA
0	0	0	0	0	0	0	0	0	0	0	0
1	0	0	0	0	0	0	0	0	0	0	0
2	0	0	0	0	0	0	0	0	0	0	0
3	0	0	0	0	0	0	0	0	0	0	0
4	0	0	0	0	0	0	0	0	0	0	0
5	0	0	0	0	0	0	0	0	0	0	0
6	0	0	0	0	0	0	0	0	0	0	0
7	0	0	0	0	0	0	0	0	0	0	0
8	0	0	0	0	0	0	0	0	0	0	0
9	0	0	0	0	0	0	0	0	0	0	0
10	0	0	0	0	0	0	0	0	0	0	0
11	0	0	0	0	0	0	0	0	0	0	0
12	0	0	0	0	0	0	0	0	0	0	0
13	0	0	0	0	0	0	0	0	0	0	0
14	0	0	0	0	0	0	0	0	0	0	0
15	0	0	0	0	0	0	0	0	0	0	0
16	46965	25379	25789	28596	3643	858	320	612	1733	18761	4892
17	62694	12348	26666	24862	2857	1234	566	469	1807	13513	9742
18	71775	5061	171320	21872	4393	462	673	629	2017	4560	56571
19	77704	3283	134401	19727	3428	219	1184	624	2100	2531	17422
20	115881	3349	551235	20486	3462	333	3343	851	3309	1307	9488
21	87085	2680	2072987	21333	10076	336	5693	807	2144	564	23991
22	113128	2848	3502750	21043	48795	658	5101	671	1913	581	50702
23	81939	2098	1295026	19886	5651	1202	3673	728	2743	437	87728
24	76267	1594	459078	17878	5472	543	1539	713	1255	473	16184
25	62018	1638	92760	17090	50793	411	586	482	2449	328	18021
26	58158	1387	16906	15405	112577	513	115	456	4120	306	75332
27	53978	1369	5020	14208	229396	2557	165	417	1178	285	43071
28	55206	1411	2819	13449	12588	1133	106	303	1777	311	123375
29	46163	2386	1060	11293	11961	689	154	401	5383	240	108627
30	53139	3116	224	10949	39316	545	258	357	6574	335	258474
31	77494	1348	96	9700	14178	524	397	319	25468	190	2005491
32	56557	1595	60	9516	13190	231	615	395	112548	230	14924962
33	50361	834	85	8604	75692	406	681	255	252333	165	2681438
34	41160	2143	55	7396	15731	534	279	433	106064	220	233822
35	38241	1480	20	6844	4	404	178	1996	276457	236	45511
36	56291	975	11	6667	0	945	305	3988	8651	195	332179
37	48177	1096	43	5815	0	521	269	1962	1676	198	206471
38	31494	631	42	5375	0	551	52	264	1888	102	47724
39	24081	550	12	5486	0	695	130	212	4020	170	40580
40	28975	601	17	4500	0	421	84	158	3171	236	50089
41	24288	649	23	4330	0	444	102	129	4585	143	10222
42	33586	732	0	4579	0	348	76	150	9961	125	3120
43	35840	1152	12	3671	0	226	36	203	2808	157	1401
44	102380	1016	11	3378	0	192	42	82	981	147	845
45	54075	630	78	3129	0	248	47	114	1077	108	713
46	53921	488	8	2856	0	337	20	81	1981	89	619
47	21675	456	7	2823	0	281	40	102	2099	87	1161
48	15507	617	247	2656	0	174	45	216	3158	130	620
49	14374	562	4	2696	0	345	40	249	1536	106	468
50	11619	451	2	2369	0	204	47	141	2051	118	697
51	9534	397	0	2105	0	223	41	131	10505	58	614
52	7970	482	6	2068	0	288	40	65	27253	72	933
53	8003	393	3	1970	0	298	39	72	10440	105	552
54	15077	413	1	1875	0	211	76	68	4090	83	2059
55	8473	271	1	1722	0	246	27	62	47064	65	4616
56	9597	344	0	1705	0	271	19	59	2541	68	2070
57	11738	365	8	1678	0	420	60	93	1070	57	1033
58	12914	294	33	1539	0	824	139	155	477	73	370
59	43055	355	0	1511	0	868	126	162	468	57	605
60	10164	322	2	1480	0	650	118	389	319	53	4129
61	9234	234	9	1382	0	11545	102	185	367	21	16917
62	10190	237	0	1237	0	12438	110	192	469	48	1162
63	15421	240	1	1297	0	16869	498	50	573	64	2924
64	8461	229	6	1227	0	2923	63	68	1029	60	526
65	9471	216	17	1191	0	6685	47	93	713	21	402
66	10248	225	14	1221	0	9107	64	76	413	28	308
67	8455	227	50	1510	0	35209	69	53	184	36	637
68	13097	215	780	1043	0	11324	63	30	185	11	369
69	9363	207	97	1196	0	15625	49	203	45	41	324
70	8845	173	5	979	0	4028	42	61	10	26	164
71	9594	133	1	1006	0	32089	42	61	2	46	259
72	15174	225	1	1093	0	19741	25	76	8	52	115
73	12504	135	10	940	0	15157	26	29	2	20	107
74	12640	143	0	964	0	12319	25	66	9	12	92
75	9889	196	0	1138	0	11534	37	56	7	27	459
76	6695	143	5	1057	0	3743	40	88	3	35	413
77	7060	133	4	846	0	3613	26	161	1	22	366
78	4428	127	1	696	0	1226	54	110	0	17	162
79	5055	103	1	862	0	916	35	111	5	18	114
80	5208	200	1	845	0	824	21	89	0	27	195
81	11588	83	0	987	0	921	44	56	6	10	204
82	6330	132	0	848	0	510	66	126	0	12	147
83	4440	100	0	814	0	1603	23	59	5	22	145
84	4889	107	0	622	0	229	23	26	1	25	132
85	4983	109	0	790	0	669	19	43	0	40	175
86	7557	56	0	687	0	958	29	130	0	7	269
87	4871	94	0	667	0	650	26	15	0	16	160
88	3167	133	0	709	0	841	28	100	0	13	235
89	3230	128	0	882	0	2227	13	102	0	18	277
90	3077	135	0	523	0	198	39	35	0	17	154
91	5581	89	0	580	0	314	91	85	0	29	185
92	5256	94	0	607	0	105	128	22	0	10	192
93	12033	72	0	440	0	252	136	21	0	3	556
94	8063	145	0	583	0	435	116	59	0	8	128
95	23259	79	0	572	0	71	191	74	0	14	166
96	6716	109	0	578	0	57	94	48	0	7	37
97	7029	69	0	497	0	3040	21	46	0	17	48
98	9844	135	0	564	0	821	42	37	0	9	36
99	10830	75	0	473	0	521	28	29	0	13	5
100	17258	70	0	440	0	129	58	37	0	1	18
101	15160	55	0	480	0	70	50	17	0	4	14
102	18148	80	0	411	0	35	52	5	0	17	2
103	40592	69	0	424	0	15	47	18	0	17	0
104	8614	68	0	335	0	80	20	12	0	11	9
105	9760	81	0	407	0	97	19	8	0	20	103
106	6166	202	0	376	0	82	28	15	0	7	142
107	5008	72	0	368	0	33	3	4	0	10	108
108	8120	37	0	481	0	5	3	25	0	8	190
109	3673	61	0	373	0	9	9	16	0	0	81
110	5811	43	0	348	0	114	14	20	0	11	3
111	4684	45	0	291	0	22	3	12	0	13	10
112	4862	35	0	286	0	12	40	10	0	3	7
113	4043	43	0	284	0	13	70	12	0	13	0
114	2740	31	0	367	0	22	42	2	0	6	0
115	4996	42	0	284	0	58	9	20	0	2	0
116	3756	29	0	366	0	26	53	14	0	8	0
117	4382	39	0	359	0	28	51	7	0	15	0
118	7075	35	0	233	0	103	10	74	0	13	0
119	5284	75	1	260	0	30	6	32	0	15	0
120	4949	45	0	375	0	53	8	24	0	5	0
121	2940	24	0	306	0	70	7	20	0	16	0
122	2606	40	0	346	0	52	8	53	0	8	0
123	10836	38	0	389	0	60	12	13	0	14	0
124	5672	39	0	232	0	27	13	34	0	8	0
125	11142	46	0	321	0	61	10	12	0	1	0
126	3894	45	0	281	0	50	13	10	0	4	0
127	6858	50	0	269	0	75	1	23	0	7	0
128	15351	37	0	330	0	76	4	30	0	12	0
129	20754	57	0	406	0	184	16	35	0	15	0
130	11055	52	0	354	0	154	19	36	0	13	0
131	4804	32	0	267	0	139	17	18	0	1	0
132	5903	55	0	231	0	400	16	32	0	4	0
133	16371	50	0	209	0	245	23	17	0	17	0
134	6463	52	0	224	0	262	20	11	0	8	0
135	11330	55	0	205	0	126	8	20	0	1	0
136	11709	58	0	239	0	426	17	61	0	5	0
137	9111	50	0	349	0	731	8	21	0	9	0
138	13327	73	0	309	0	382	15	31	0	14	0
139	6818	49	0	247	0	813	12	14	0	15	0
140	19404	43	0	264	0	65	9	24	0	4	0
141	88545	169	0	900	0	452	81	215	0	37	0
142	103569	241	0	1577	0	154	111	205	0	25	0
143	28746	141	0	944	0	59	37	90	0	12	0
144	22094	116	0	947	0	43	15	55	0	16	0
145	12040	96	0	2744	0	129	58	216	0	7	0
146	31328	45	0	913	0	40	14	49	0	1	0
147	9264	33	0	422	0	34	16	32	0	3	0
148	16122	46	0	547	0	33	47	75	0	8	0
149	10863	93	0	907	0	79	48	144	0	9	0
150	131066	733	0	9972	0	860	340	991	0	88	0
151	0	0	0	0	0	0	0	0	0	0	0
152	0	0	0	0	0	0	0	0	0	0	0
153	0	0	0	0	0	0	0	0	0	0	0
154	0	0	0	0	0	0	0	0	0	0	0
155	0	0	0	0	0	0	0	0	0	0	0
156	0	0	0	0	0	0	0	0	0	0	0
157	0	0	0	0	0	0	0	0	0	0	0
158	0	0	0	0	0	0	0	0	0	0	0
159	0	0	0	0	0	0	0	0	0	0	0
160	0	0	0	0	0	0	0	0	0	0	0
161	0	0	0	0	0	0	0	0	0	0	0
162	0	0	0	0	0	0	0	0	0	0	0
163	0	0	0	0	0	0	0	0	0	0	0
164	0	0	0	0	0	0	0	0	0	0	0
165	0	0	0	0	0	0	0	0	0	0	0
166	0	0	0	0	0	0	0	0	0	0	0
167	0	0	0	0	0	0	0	0	0	0	0
168	0	0	0	0	0	0	0	0	0	0	0
169	0	0	0	0	0	0	0	0	0	0	0
170	0	0	0	0	0	0	0	0	0	0	0
171	0	0	0	0	0	0	0	0	0	0	0
172	0	0	0	0	0	0	0	0	0	0	0
173	0	0	0	0	0	0	0	0	0	0	0
174	0	0	0	0	0	0	0	0	0	0	0
175	0	0	0	0	0	0	0	0	0	0	0
176	0	0	0	0	0	0	0	0	0	0	0
177	0	0	0	0	0	0	0	0	0	0	0
178	0	0	0	0	0	0	0	0	0	0	0
179	0	0	0	0	0	0	0	0	0	0	0
180	0	0	0	0	0	0	0	0	0	0	0
181	0	0	0	0	0	0	0	0	0	0	0
182	0	0	0	0	0	0	0	0	0	0	0
183	0	0	0	0	0	0	0	0	0	0	0
184	0	0	0	0	0	0	0	0	0	0	0
185	0	0	0	0	0	0	0	0	0	0	0
186	0	0	0	0	0	0	0	0	0	0	0
187	0	0	0	0	0	0	0	0	0	0	0
188	0	0	0	0	0	0	0	0	0	0	0
189	0	0	0	0	0	0	0	0	0	0	0
190	0	0	0	0	0	0	0	0	0	0	0
191	0	0	0	0	0	0	0	0	0	0	0
192	0	0	0	0	0	0	0	0	0	0	0
193	0	0	0	0	0	0	0	0	0	0	0
194	0	0	0	0	0	0	0	0	0	0	0
195	0	0	0	0	0	0	0	0	0	0	0
196	0	0	0	0	0	0	0	0	0	0	0
197	0	0	0	0	0	0	0	0	0	0	0
198	0	0	0	0	0	0	0	0	0	0	0
199	0	0	0	0	0	0	0	0	0	0	0
200	0	0	0	0	0	0	0	0	0	0	0
201	0	0	0	0	0	0	0	0	0	0	0
202	0	0	0	0	0	0	0	0	0	0	0
203	0	0	0	0	0	0	0	0	0	0	0
204	0	0	0	0	0	0	0	0	0	0	0
205	0	0	0	0	0	0	0	0	0	0	0
206	0	0	0	0	0	0	0	0	0	0	0
207	0	0	0	0	0	0	0	0	0	0	0
208	0	0	0	0	0	0	0	0	0	0	0
209	0	0	0	0	0	0	0	0	0	0	0
210	0	0	0	0	0	0	0	0	0	0	0
211	0	0	0	0	0	0	0	0	0	0	0
212	0	0	0	0	0	0	0	0	0	0	0
213	0	0	0	0	0	0	0	0	0	0	0
214	0	0	0	0	0	0	0	0	0	0	0
215	0	0	0	0	0	0	0	0	0	0	0
216	0	0	0	0	0	0	0	0	0	0	0
217	0	0	0	0	0	0	0	0	0	0	0
218	0	0	0	0	0	0	0	0	0	0	0
219	0	0	0	0	0	0	0	0	0	0	0
220	0	0	0	0	0	0	0	0	0	0	0
221	0	0	0	0	0	0	0	0	0	0	0
222	0	0	0	0	0	0	0	0	0	0	0
223	0	0	0	0	0	0	0	0	0	0	0
224	0	0	0	0	0	0	0	0	0	0	0
225	0	0	0	0	0	0	0	0	0	0	0
226	0	0	0	0	0	0	0	0	0	0	0
227	0	0	0	0	0	0	0	0	0	0	0
228	0	0	0	0	0	0	0	0	0	0	0
229	0	0	0	0	0	0	0	0	0	0	0
230	0	0	0	0	0	0	0	0	0	0	0
231	0	0	0	0	0	0	0	0	0	0	0
232	0	0	0	0	0	0	0	0	0	0	0
233	0	0	0	0	0	0	0	0	0	0	0
234	0	0	0	0	0	0	0	0	0	0	0
235	0	0	0	0	0	0	0	0	0	0	0
236	0	0	0	0	0	0	0	0	0	0	0
237	0	0	0	0	0	0	0	0	0	0	0
238	0	0	0	0	0	0	0	0	0	0	0
239	0	0	0	0	0	0	0	0	0	0	0
240	0	0	0	0	0	0	0	0	0	0	0
241	0	0	0	0	0	0	0	0	0	0	0
242	0	0	0	0	0	0	0	0	0	0	0
243	0	0	0	0	0	0	0	0	0	0	0
244	0	0	0	0	0	0	0	0	0	0	0
245	0	0	0	0	0	0	0	0	0	0	0
246	0	0	0	0	0	0	0	0	0	0	0
247	0	0	0	0	0	0	0	0	0	0	0
248	0	0	0	0	0	0	0	0	0	0	0
249	0	0	0	0	0	0	0	0	0	0	0
250	0	0	0	0	0	0	0	0	0	0	0
251	0	0	0	0	0	0	0	0	0	0	0
252	0	0	0	0	0	0	0	0	0	0	0
253	0	0	0	0	0	0	0	0	0	0	0
254	0	0	0	0	0	0	0	0	0	0	0
255	0	0	0	0	0	0	0	0	0	0	0
256	0	0	0	0	0	0	0	0	0	0	0
257	0	0	0	0	0	0	0	0	0	0	0
258	0	0	0	0	0	0	0	0	0	0	0
259	0	0	0	0	0	0	0	0	0	0	0
260	0	0	0	0	0	0	0	0	0	0	0
261	0	0	0	0	0	0	0	0	0	0	0
262	0	0	0	0	0	0	0	0	0	0	0
263	0	0	0	0	0	0	0	0	0	0	0
264	0	0	0	0	0	0	0	0	0	0	0
265	0	0	0	0	0	0	0	0	0	0	0
266	0	0	0	0	0	0	0	0	0	0	0
267	0	0	0	0	0	0	0	0	0	0	0
268	0	0	0	0	0	0	0	0	0	0	0
269	0	0	0	0	0	0	0	0	0	0	0
270	0	0	0	0	0	0	0	0	0	0	0
271	0	0	0	0	0	0	0	0	0	0	0
272	0	0	0	0	0	0	0	0	0	0	0
273	0	0	0	0	0	0	0	0	0	0	0
274	0	0	0	0	0	0	0	0	0	0	0
275	0	0	0	0	0	0	0	0	0	0	0
276	0	0	0	0	0	0	0	0	0	0	0
277	0	0	0	0	0	0	0	0	0	0	0
278	0	0	0	0	0	0	0	0	0	0	0
279	0	0	0	0	0	0	0	0	0	0	0
280	0	0	0	0	0	0	0	0	0	0	0
281	0	0	0	0	0	0	0	0	0	0	0
282	0	0	0	0	0	0	0	0	0	0	0
283	0	0	0	0	0	0	0	0	0	0	0
284	0	0	0	0	0	0	0	0	0	0	0
285	0	0	0	0	0	0	0	0	0	0	0
286	0	0	0	0	0	0	0	0	0	0	0
287	0	0	0	0	0	0	0	0	0	0	0
288	0	0	0	0	0	0	0	0	0	0	0
289	0	0	0	0	0	0	0	0	0	0	0
290	0	0	0	0	0	0	0	0	0	0	0
291	0	0	0	0	0	0	0	0	0	0	0
292	0	0	0	0	0	0	0	0	0	0	0
293	0	0	0	0	0	0	0	0	0	0	0
294	0	0	0	0	0	0	0	0	0	0	0
295	0	0	0	0	0	0	0	0	0	0	0
296	0	0	0	0	0	0	0	0	0	0	0
297	0	0	0	0	0	0	0	0	0	0	0
298	0	0	0	0	0	0	0	0	0	0	0
299	0	0	0	0	0	0	0	0	0	0	0
300	0	0	0	0	0	0	0	0	0	0	0
301	0	0	0	0	0	0	0	0	0	0	0
302	0	0	0	0	0	0	0	0	0	0	0
303	0	0	0	0	0	0	0	0	0	0	0
304	0	0	0	0	0	0	0	0	0	0	0
305	0	0	0	0	0	0	0	0	0	0	0
306	0	0	0	0	0	0	0	0	0	0	0
307	0	0	0	0	0	0	0	0	0	0	0
308	0	0	0	0	0	0	0	0	0	0	0
309	0	0	0	0	0	0	0	0	0	0	0
310	0	0	0	0	0	0	0	0	0	0	0
311	0	0	0	0	0	0	0	0	0	0	0
312	0	0	0	0	0	0	0	0	0	0	0
313	0	0	0	0	0	0	0	0	0	0	0
314	0	0	0	0	0	0	0	0	0	0	0
315	0	0	0	0	0	0	0	0	0	0	0
316	0	0	0	0	0	0	0	0	0	0	0
317	0	0	0	0	0	0	0	0	0	0	0
318	0	0	0	0	0	0	0	0	0	0	0
319	0	0	0	0	0	0	0	0	0	0	0
320	0	0	0	0	0	0	0	0	0	0	0
321	0	0	0	0	0	0	0	0	0	0	0
322	0	0	0	0	0	0	0	0	0	0	0
323	0	0	0	0	0	0	0	0	0	0	0
324	0	0	0	0	0	0	0	0	0	0	0
325	0	0	0	0	0	0	0	0	0	0	0
326	0	0	0	0	0	0	0	0	0	0	0
327	0	0	0	0	0	0	0	0	0	0	0
328	0	0	0	0	0	0	0	0	0	0	0
329	0	0	0	0	0	0	0	0	0	0	0
330	0	0	0	0	0	0	0	0	0	0	0
331	0	0	0	0	0	0	0	0	0	0	0
332	0	0	0	0	0	0	0	0	0	0	0
333	0	0	0	0	0	0	0	0	0	0	0
334	0	0	0	0	0	0	0	0	0	0	0
335	0	0	0	0	0	0	0	0	0	0	0
336	0	0	0	0	0	0	0	0	0	0	0
337	0	0	0	0	0	0	0	0	0	0	0
338	0	0	0	0	0	0	0	0	0	0	0
339	0	0	0	0	0	0	0	0	0	0	0
340	0	0	0	0	0	0	0	0	0	0	0
341	0	0	0	0	0	0	0	0	0	0	0
342	0	0	0	0	0	0	0	0	0	0	0
343	0	0	0	0	0	0	0	0	0	0	0
344	0	0	0	0	0	0	0	0	0	0	0
345	0	0	0	0	0	0	0	0	0	0	0
346	0	0	0	0	0	0	0	0	0	0	0
347	0	0	0	0	0	0	0	0	0	0	0
348	0	0	0	0	0	0	0	0	0	0	0
349	0	0	0	0	0	0	0	0	0	0	0
350	0	0	0	0	0	0	0	0	0	0	0
351	0	0	0	0	0	0	0	0	0	0	0
352	0	0	0	0	0	0	0	0	0	0	0
353	0	0	0	0	0	0	0	0	0	0	0
354	0	0	0	0	0	0	0	0	0	0	0
355	0	0	0	0	0	0	0	0	0	0	0
356	0	0	0	0	0	0	0	0	0	0	0
357	0	0	0	0	0	0	0	0	0	0	0
358	0	0	0	0	0	0	0	0	0	0	0
359	0	0	0	0	0	0	0	0	0	0	0
360	0	0	0	0	0	0	0	0	0	0	0
361	0	0	0	0	0	0	0	0	0	0	0
362	0	0	0	0	0	0	0	0	0	0	0
363	0	0	0	0	0	0	0	0	0	0	0
364	0	0	0	0	0	0	0	0	0	0	0
365	0	0	0	0	0	0	0	0	0	0	0
366	0	0	0	0	0	0	0	0	0	0	0
367	0	0	0	0	0	0	0	0	0	0	0
368	0	0	0	0	0	0	0	0	0	0	0
369	0	0	0	0	0	0	0	0	0	0	0
370	0	0	0	0	0	0	0	0	0	0	0
371	0	0	0	0	0	0	0	0	0	0	0
372	0	0	0	0	0	0	0	0	0	0	0
373	0	0	0	0	0	0	0	0	0	0	0
374	0	0	0	0	0	0	0	0	0	0	0
375	0	0	0	0	0	0	0	0	0	0	0
376	0	0	0	0	0	0	0	0	0	0	0
377	0	0	0	0	0	0	0	0	0	0	0
378	0	0	0	0	0	0	0	0	0	0	0
379	0	0	0	0	0	0	0	0	0	0	0
380	0	0	0	0	0	0	0	0	0	0	0
381	0	0	0	0	0	0	0	0	0	0	0
382	0	0	0	0	0	0	0	0	0	0	0
383	0	0	0	0	0	0	0	0	0	0	0
384	0	0	0	0	0	0	0	0	0	0	0
385	0	0	0	0	0	0	0	0	0	0	0
386	0	0	0	0	0	0	0	0	0	0	0
387	0	0	0	0	0	0	0	0	0	0	0
388	0	0	0	0	0	0	0	0	0	0	0
389	0	0	0	0	0	0	0	0	0	0	0
390	0	0	0	0	0	0	0	0	0	0	0
391	0	0	0	0	0	0	0	0	0	0	0
392	0	0	0	0	0	0	0	0	0	0	0
393	0	0	0	0	0	0	0	0	0	0	0
394	0	0	0	0	0	0	0	0	0	0	0
395	0	0	0	0	0	0	0	0	0	0	0
396	0	0	0	0	0	0	0	0	0	0	0
397	0	0	0	0	0	0	0	0	0	0	0
398	0	0	0	0	0	0	0	0	0	0	0
399	0	0	0	0	0	0	0	0	0	0	0
400	0	0	0	0	0	0	0	0	0	0	0
401	0	0	0	0	0	0	0	0	0	0	0
402	0	0	0	0	0	0	0	0	0	0	0
403	0	0	0	0	0	0	0	0	0	0	0
404	0	0	0	0	0	0	0	0	0	0	0
405	0	0	0	0	0	0	0	0	0	0	0
406	0	0	0	0	0	0	0	0	0	0	0
407	0	0	0	0	0	0	0	0	0	0	0
408	0	0	0	0	0	0	0	0	0	0	0
409	0	0	0	0	0	0	0	0	0	0	0
410	0	0	0	0	0	0	0	0	0	0	0
411	0	0	0	0	0	0	0	0	0	0	0
412	0	0	0	0	0	0	0	0	0	0	0
413	0	0	0	0	0	0	0	0	0	0	0
414	0	0	0	0	0	0	0	0	0	0	0
415	0	0	0	0	0	0	0	0	0	0	0
416	0	0	0	0	0	0	0	0	0	0	0
417	0	0	0	0	0	0	0	0	0	0	0
418	0	0	0	0	0	0	0	0	0	0	0
419	0	0	0	0	0	0	0	0	0	0	0
420	0	0	0	0	0	0	0	0	0	0	0
421	0	0	0	0	0	0	0	0	0	0	0
422	0	0	0	0	0	0	0	0	0	0	0
423	0	0	0	0	0	0	0	0	0	0	0
424	0	0	0	0	0	0	0	0	0	0	0
425	0	0	0	0	0	0	0	0	0	0	0
426	0	0	0	0	0	0	0	0	0	0	0
427	0	0	0	0	0	0	0	0	0	0	0
428	0	0	0	0	0	0	0	0	0	0	0
429	0	0	0	0	0	0	0	0	0	0	0
430	0	0	0	0	0	0	0	0	0	0	0
431	0	0	0	0	0	0	0	0	0	0	0
432	0	0	0	0	0	0	0	0	0	0	0
433	0	0	0	0	0	0	0	0	0	0	0
434	0	0	0	0	0	0	0	0	0	0	0
435	0	0	0	0	0	0	0	0	0	0	0
436	0	0	0	0	0	0	0	0	0	0	0
437	0	0	0	0	0	0	0	0	0	0	0
438	0	0	0	0	0	0	0	0	0	0	0
439	0	0	0	0	0	0	0	0	0	0	0
440	0	0	0	0	0	0	0	0	0	0	0
441	0	0	0	0	0	0	0	0	0	0	0
442	0	0	0	0	0	0	0	0	0	0	0
443	0	0	0	0	0	0	0	0	0	0	0
444	0	0	0	0	0	0	0	0	0	0	0
445	0	0	0	0	0	0	0	0	0	0	0
446	0	0	0	0	0	0	0	0	0	0	0
447	0	0	0	0	0	0	0	0	0	0	0
448	0	0	0	0	0	0	0	0	0	0	0
449	0	0	0	0	0	0	0	0	0	0	0
450	0	0	0	0	0	0	0	0	0	0	0
451	0	0	0	0	0	0	0	0	0	0	0
452	0	0	0	0	0	0	0	0	0	0	0
453	0	0	0	0	0	0	0	0	0	0	0
454	0	0	0	0	0	0	0	0	0	0	0
455	0	0	0	0	0	0	0	0	0	0	0
456	0	0	0	0	0	0	0	0	0	0	0
457	0	0	0	0	0	0	0	0	0	0	0
458	0	0	0	0	0	0	0	0	0	0	0
459	0	0	0	0	0	0	0	0	0	0	0
460	0	0	0	0	0	0	0	0	0	0	0
461	0	0	0	0	0	0	0	0	0	0	0
462	0	0	0	0	0	0	0	0	0	0	0
463	0	0	0	0	0	0	0	0	0	0	0
464	0	0	0	0	0	0	0	0	0	0	0
465	0	0	0	0	0	0	0	0	0	0	0
466	0	0	0	0	0	0	0	0	0	0	0
467	0	0	0	0	0	0	0	0	0	0	0
468	0	0	0	0	0	0	0	0	0	0	0
469	0	0	0	0	0	0	0	0	0	0	0
470	0	0	0	0	0	0	0	0	0	0	0
471	0	0	0	0	0	0	0	0	0	0	0
472	0	0	0	0	0	0	0	0	0	0	0
473	0	0	0	0	0	0	0	0	0	0	0
474	0	0	0	0	0	0	0	0	0	0	0
475	0	0	0	0	0	0	0	0	0	0	0
476	0	0	0	0	0	0	0	0	0	0	0
477	0	0	0	0	0	0	0	0	0	0	0
478	0	0	0	0	0	0	0	0	0	0	0
479	0	0	0	0	0	0	0	0	0	0	0
480	0	0	0	0	0	0	0	0	0	0	0
481	0	0	0	0	0	0	0	0	0	0	0
482	0	0	0	0	0	0	0	0	0	0	0
483	0	0	0	0	0	0	0	0	0	0	0
484	0	0	0	0	0	0	0	0	0	0	0
485	0	0	0	0	0	0	0	0	0	0	0
486	0	0	0	0	0	0	0	0	0	0	0
487	0	0	0	0	0	0	0	0	0	0	0
488	0	0	0	0	0	0	0	0	0	0	0
489	0	0	0	0	0	0	0	0	0	0	0
490	0	0	0	0	0	0	0	0	0	0	0
491	0	0	0	0	0	0	0	0	0	0	0
492	0	0	0	0	0	0	0	0	0	0	0
493	0	0	0	0	0	0	0	0	0	0	0
494	0	0	0	0	0	0	0	0	0	0	0
495	0	0	0	0	0	0	0	0	0	0	0
496	0	0	0	0	0	0	0	0	0	0	0
497	0	0	0	0	0	0	0	0	0	0	0
498	0	0	0	0	0	0	0	0	0	0	0
499	0	0	0	0	0	0	0	0	0	0	0
500	0	0	0	0	0	0	0	0	0	0	0
501	0	0	0	0	0	0	0	0	0	0	0
502	0	0	0	0	0	0	0	0	0	0	0
503	0	0	0	0	0	0	0	0	0	0	0
504	0	0	0	0	0	0	0	0	0	0	0
505	0	0	0	0	0	0	0	0	0	0	0
506	0	0	0	0	0	0	0	0	0	0	0
507	0	0	0	0	0	0	0	0	0	0	0
508	0	0	0	0	0	0	0	0	0	0	0
509	0	0	0	0	0	0	0	0	0	0	0
510	0	0	0	0	0	0	0	0	0	0	0
511	0	0	0	0	0	0	0	0	0	0	0
512	0	0	0	0	0	0	0	0	0	0	0
513	0	0	0	0	0	0	0	0	0	0	0
514	0	0	0	0	0	0	0	0	0	0	0
515	0	0	0	0	0	0	0	0	0	0	0
516	0	0	0	0	0	0	0	0	0	0	0
517	0	0	0	0	0	0	0	0	0	0	0
518	0	0	0	0	0	0	0	0	0	0	0
519	0	0	0	0	0	0	0	0	0	0	0
520	0	0	0	0	0	0	0	0	0	0	0
521	0	0	0	0	0	0	0	0	0	0	0
522	0	0	0	0	0	0	0	0	0	0	0
523	0	0	0	0	0	0	0	0	0	0	0
524	0	0	0	0	0	0	0	0	0	0	0
525	0	0	0	0	0	0	0	0	0	0	0
526	0	0	0	0	0	0	0	0	0	0	0
527	0	0	0	0	0	0	0	0	0	0	0
528	0	0	0	0	0	0	0	0	0	0	0
529	0	0	0	0	0	0	0	0	0	0	0
530	0	0	0	0	0	0	0	0	0	0	0
531	0	0	0	0	0	0	0	0	0	0	0
532	0	0	0	0	0	0	0	0	0	0	0
533	0	0	0	0	0	0	0	0	0	0	0
534	0	0	0	0	0	0	0	0	0	0	0
535	0	0	0	0	0	0	0	0	0	0	0
536	0	0	0	0	0	0	0	0	0	0	0
537	0	0	0	0	0	0	0	0	0	0	0
538	0	0	0	0	0	0	0	0	0	0	0
539	0	0	0	0	0	0	0	0	0	0	0
540	0	0	0	0	0	0	0	0	0	0	0
541	0	0	0	0	0	0	0	0	0	0	0
542	0	0	0	0	0	0	0	0	0	0	0
543	0	0	0	0	0	0	0	0	0	0	0
544	0	0	0	0	0	0	0	0	0	0	0
545	0	0	0	0	0	0	0	0	0	0	0
546	0	0	0	0	0	0	0	0	0	0	0
547	0	0	0	0	0	0	0	0	0	0	0
548	0	0	0	0	0	0	0	0	0	0	0
549	0	0	0	0	0	0	0	0	0	0	0
550	0	0	0	0	0	0	0	0	0	0	0
551	0	0	0	0	0	0	0	0	0	0	0
552	0	0	0	0	0	0	0	0	0	0	0
553	0	0	0	0	0	0	0	0	0	0	0
554	0	0	0	0	0	0	0	0	0	0	0
555	0	0	0	0	0	0	0	0	0	0	0
556	0	0	0	0	0	0	0	0	0	0	0
557	0	0	0	0	0	0	0	0	0	0	0
558	0	0	0	0	0	0	0	0	0	0	0
559	0	0	0	0	0	0	0	0	0	0	0
560	0	0	0	0	0	0	0	0	0	0	0
561	0	0	0	0	0	0	0	0	0	0	0
562	0	0	0	0	0	0	0	0	0	0	0
563	0	0	0	0	0	0	0	0	0	0	0
564	0	0	0	0	0	0	0	0	0	0	0
565	0	0	0	0	0	0	0	0	0	0	0
566	0	0	0	0	0	0	0	0	0	0	0
567	0	0	0	0	0	0	0	0	0	0	0
568	0	0	0	0	0	0	0	0	0	0	0
569	0	0	0	0	0	0	0	0	0	0	0
570	0	0	0	0	0	0	0	0	0	0	0
571	0	0	0	0	0	0	0	0	0	0	0
572	0	0	0	0	0	0	0	0	0	0	0
573	0	0	0	0	0	0	0	0	0	0	0
574	0	0	0	0	0	0	0	0	0	0	0
575	0	0	0	0	0	0	0	0	0	0	0
576	0	0	0	0	0	0	0	0	0	0	0
577	0	0	0	0	0	0	0	0	0	0	0
578	0	0	0	0	0	0	0	0	0	0	0
579	0	0	0	0	0	0	0	0	0	0	0
580	0	0	0	0	0	0	0	0	0	0	0
581	0	0	0	0	0	0	0	0	0	0	0
582	0	0	0	0	0	0	0	0	0	0	0
583	0	0	0	0	0	0	0	0	0	0	0
584	0	0	0	0	0	0	0	0	0	0	0
585	0	0	0	0	0	0	0	0	0	0	0
586	0	0	0	0	0	0	0	0	0	0	0
587	0	0	0	0	0	0	0	0	0	0	0
588	0	0	0	0	0	0	0	0	0	0	0
589	0	0	0	0	0	0	0	0	0	0	0
590	0	0	0	0	0	0	0	0	0	0	0
591	0	0	0	0	0	0	0	0	0	0	0
592	0	0	0	0	0	0	0	0	0	0	0
593	0	0	0	0	0	0	0	0	0	0	0
594	0	0	0	0	0	0	0	0	0	0	0
595	0	0	0	0	0	0	0	0	0	0	0
596	0	0	0	0	0	0	0	0	0	0	0
597	0	0	0	0	0	0	0	0	0	0	0
598	0	0	0	0	0	0	0	0	0	0	0
599	0	0	0	0	0	0	0	0	0	0	0
