length	rRNA	lncRNA	miRNA	mRNA	piRNA	snoRNA	snRNA	srpRNA	tRNA	tucpRNA	Y_RNA
0	0	0	0	0	0	0	0	0	0	0	0
1	0	0	0	0	0	0	0	0	0	0	0
2	0	0	0	0	0	0	0	0	0	0	0
3	0	0	0	0	0	0	0	0	0	0	0
4	0	0	0	0	0	0	0	0	0	0	0
5	0	0	0	0	0	0	0	0	0	0	0
6	0	0	0	0	0	0	0	0	0	0	0
7	0	0	0	0	0	0	0	0	0	0	0
8	0	0	0	0	0	0	0	0	0	0	0
9	0	0	0	0	0	0	0	0	0	0	0
10	0	0	0	0	0	0	0	0	0	0	0
11	0	0	0	0	0	0	0	0	0	0	0
12	0	0	0	0	0	0	0	0	0	0	0
13	0	0	0	0	0	0	0	0	0	0	0
14	0	0	0	0	0	0	0	0	0	0	0
15	0	0	0	0	0	0	0	0	0	0	0
16	2839	1991	8860	2748	1929	359	186	43	1472	805	5453
17	3173	1097	33180	1779	1200	525	123	53	631	974	30704
18	3177	518	141227	942	1246	470	86	39	1081	416	110403
19	4593	620	95862	617	1152	355	74	73	1018	383	28580
20	33838	1353	642705	668	1051	435	135	87	2533	277	5009
21	5485	3149	2344729	1230	1809	370	225	191	1966	207	2721
22	6326	5387	6522098	1528	1638	915	272	169	1141	186	4810
23	6282	2978	2143826	1075	1755	1599	411	167	1337	132	4774
24	3659	379	937001	744	2115	617	259	86	1242	55	4806
25	4887	171	94850	411	8671	582	238	21	799	22	7770
26	6520	66	20210	312	55263	660	62	32	793	2	50586
27	2698	44	3558	219	122544	6741	58	22	648	10	25046
28	2671	56	905	229	2602	1810	55	32	662	14	44025
29	2543	94	713	253	2185	1377	51	35	799	15	83081
30	3271	306	427	232	3787	1141	151	30	5435	11	195323
31	3551	76	200	398	5893	1111	21	15	28950	13	4066530
32	4320	100	63	223	5235	474	40	35	44104	13	19950164
33	3792	85	103	271	2691	800	32	66	13748	11	1908969
34	5132	136	26	259	307	895	34	84	5692	17	260421
35	16550	55	17	228	0	750	48	1052	8889	11	43838
36	6368	119	13	171	0	3199	28	3540	4847	35	208243
37	12801	99	18	200	0	938	49	431	1201	21	198148
38	3549	66	17	226	0	877	34	80	547	11	59045
39	2266	46	3	222	0	965	29	27	454	22	60555
40	1424	38	3	203	0	1358	27	19	488	30	60063
41	2355	36	2	184	0	616	53	18	469	33	19126
42	1964	63	5	200	0	593	25	14	385	69	6420
43	6035	229	4	194	0	325	29	10	254	22	3896
44	5546	282	5	244	0	315	11	9	179	6	1793
45	3428	45	7	182	0	334	22	2	219	2	1307
46	1634	89	1	171	0	349	30	3	154	5	1329
47	1326	31	2	175	0	203	35	10	140	3	1282
48	1771	25	4	215	0	139	39	16	272	0	484
49	1514	11	9	166	0	152	32	10	301	2	401
50	2610	12	13	147	0	145	26	7	467	1	698
51	2965	21	9	203	0	218	20	4	2945	5	1246
52	1464	18	10	177	0	340	11	6	10545	9	792
53	1381	26	6	158	0	184	32	5	7488	6	1684
54	2494	52	7	157	0	125	25	9	6856	5	6226
55	1418	52	4	152	0	121	13	3	3026	7	8718
56	2016	35	7	152	0	188	15	10	807	1	2080
57	3551	27	2	142	0	320	49	13	974	5	1182
58	11926	17	0	146	0	818	31	8	803	2	795
59	43714	23	0	167	0	1273	327	8	568	1	2867
60	3225	19	0	154	0	856	100	12	512	0	10496
61	3271	22	1	111	0	10080	77	8	431	0	40275
62	3036	18	2	125	0	8107	40	3	299	2	3747
63	3192	18	1	157	0	5698	149	8	320	0	3967
64	2877	31	1	127	0	3002	25	9	341	4	1908
65	1662	16	5	125	0	5849	22	6	129	3	992
66	1150	20	11	147	0	12671	30	10	62	1	640
67	1446	7	14	342	0	20791	21	6	87	3	725
68	1821	10	218	120	0	12047	5	14	87	3	374
69	1248	11	34	156	0	10857	4	44	70	2	320
70	1756	4	1	148	0	1630	5	54	55	1	184
71	1061	9	16	129	0	11120	5	13	14	3	148
72	1824	6	10	137	0	7268	12	11	16	1	125
73	2789	6	3	113	0	7885	1	3	28	0	116
74	3306	8	0	137	0	4967	4	3	23	2	197
75	2538	13	0	158	0	5575	4	8	37	0	581
76	2435	16	0	337	0	1404	6	6	10	0	808
77	852	12	0	96	0	1301	21	12	6	0	651
78	719	24	0	85	0	938	53	13	4	3	273
79	987	3	0	164	0	678	10	3	17	2	248
80	1328	2	0	101	0	405	8	7	0	1	371
81	2861	14	1	93	0	488	12	13	0	0	399
82	2341	2	0	90	0	436	4	1	0	0	209
83	978	5	0	82	0	888	9	1	1	1	124
84	1253	2	0	67	0	71	3	0	0	0	75
85	1303	3	0	66	0	79	6	5	1	0	55
86	1369	2	0	78	0	167	17	2	0	2	72
87	1007	6	0	62	0	336	29	1	0	2	67
88	738	3	0	84	0	413	18	3	0	0	104
89	643	3	0	172	0	903	9	0	0	1	50
90	471	4	0	97	0	158	12	9	0	1	57
91	973	11	0	77	0	261	25	4	0	1	112
92	658	5	0	135	0	36	53	8	0	0	283
93	1628	9	0	277	0	112	141	27	0	0	1341
94	1168	20	0	273	0	218	81	123	0	0	237
95	951	10	0	435	0	59	84	55	0	4	114
96	1262	15	0	4058	0	38	67	10	0	3	39
97	1351	8	0	45	0	913	9	14	0	2	77
98	7289	14	0	75	0	352	22	9	0	0	133
99	10333	14	1	109	0	285	23	4	0	4	133
100	12726	32	0	161	0	196	21	60	0	3	164
101	16824	49	2	193	0	470	54	29	0	12	69
102	59469	108	7	715	0	669	208	42	0	15	228
103	102478	152	12	943	0	684	190	40	0	28	89
104	56575	63	7	440	0	273	46	40	0	9	49
105	24154	29	0	213	0	95	28	7	0	3	29
106	13991	12	0	278	0	114	15	5	0	1	6
107	18076	21	1	119	0	69	16	7	0	3	25
108	12550	16	0	132	0	49	24	6	0	4	8
109	5024	12	0	182	0	93	14	9	0	6	6
110	2699	10	0	96	0	42	23	10	0	2	3
111	1983	2	1	47	0	31	11	13	0	1	4
112	2701	10	0	88	0	22	7	3	0	2	2
113	912	8	0	29	0	24	2	1	0	2	0
114	847	3	0	63	0	20	10	1	0	0	0
115	1570	3	0	65	0	25	2	0	0	1	0
116	573	1	0	49	0	39	11	1	0	1	0
117	728	4	0	63	0	24	13	3	0	3	0
118	493	4	0	45	0	10	0	0	0	1	0
119	223	0	0	42	0	53	3	1	0	1	0
120	506	3	0	29	0	25	1	1	0	1	0
121	305	1	0	27	0	13	2	1	0	0	0
122	470	4	0	21	0	24	0	1	0	0	0
123	156	1	0	17	0	7	0	0	0	0	0
124	297	1	0	14	0	5	0	0	0	0	0
125	182	1	0	15	0	2	1	1	0	0	0
126	159	2	0	23	0	4	0	0	0	0	0
127	230	2	0	12	0	51	0	0	0	0	0
128	164	2	0	16	0	5	0	0	0	0	0
129	83	0	0	7	0	32	2	0	0	2	0
130	60	1	0	5	0	4	0	0	0	0	0
131	42	1	0	5	0	2	0	0	0	0	0
132	108	0	0	2	0	13	0	0	0	0	0
133	154	0	0	7	0	8	0	0	0	0	0
134	485	0	0	17	0	114	4	0	0	0	0
135	324	0	0	426	0	12	0	0	0	0	0
136	345	2	0	108	0	27	1	0	0	0	0
137	381	0	0	24	0	10	0	0	0	0	0
138	302	2	0	14	0	55	0	0	0	1	0
139	264	0	0	35	0	147	2	1	0	0	0
140	480	0	0	6	0	10	4	0	0	0	0
141	182	3	0	7	0	5	2	0	0	0	0
142	87	0	0	2	0	2	0	0	0	0	0
143	76	0	0	4	0	1	0	1	0	0	0
144	74	2	0	3	0	11	0	1	0	0	0
145	162	1	0	13	0	12	0	1	0	0	0
146	455	1	0	22	0	22	1	0	0	1	0
147	738	1	0	42	0	41	1	0	0	1	0
148	256	6	0	26	0	33	0	1	0	0	0
149	1646	8	0	73	0	79	6	8	0	2	0
150	51101	97	0	534	0	630	37	53	0	11	0
151	0	0	0	0	0	0	0	0	0	0	0
152	0	0	0	0	0	0	0	0	0	0	0
153	0	0	0	0	0	0	0	0	0	0	0
154	0	0	0	0	0	0	0	0	0	0	0
155	0	0	0	0	0	0	0	0	0	0	0
156	0	0	0	0	0	0	0	0	0	0	0
157	0	0	0	0	0	0	0	0	0	0	0
158	0	0	0	0	0	0	0	0	0	0	0
159	0	0	0	0	0	0	0	0	0	0	0
160	0	0	0	0	0	0	0	0	0	0	0
161	0	0	0	0	0	0	0	0	0	0	0
162	0	0	0	0	0	0	0	0	0	0	0
163	0	0	0	0	0	0	0	0	0	0	0
164	0	0	0	0	0	0	0	0	0	0	0
165	0	0	0	0	0	0	0	0	0	0	0
166	0	0	0	0	0	0	0	0	0	0	0
167	0	0	0	0	0	0	0	0	0	0	0
168	0	0	0	0	0	0	0	0	0	0	0
169	0	0	0	0	0	0	0	0	0	0	0
170	0	0	0	0	0	0	0	0	0	0	0
171	0	0	0	0	0	0	0	0	0	0	0
172	0	0	0	0	0	0	0	0	0	0	0
173	0	0	0	0	0	0	0	0	0	0	0
174	0	0	0	0	0	0	0	0	0	0	0
175	0	0	0	0	0	0	0	0	0	0	0
176	0	0	0	0	0	0	0	0	0	0	0
177	0	0	0	0	0	0	0	0	0	0	0
178	0	0	0	0	0	0	0	0	0	0	0
179	0	0	0	0	0	0	0	0	0	0	0
180	0	0	0	0	0	0	0	0	0	0	0
181	0	0	0	0	0	0	0	0	0	0	0
182	0	0	0	0	0	0	0	0	0	0	0
183	0	0	0	0	0	0	0	0	0	0	0
184	0	0	0	0	0	0	0	0	0	0	0
185	0	0	0	0	0	0	0	0	0	0	0
186	0	0	0	0	0	0	0	0	0	0	0
187	0	0	0	0	0	0	0	0	0	0	0
188	0	0	0	0	0	0	0	0	0	0	0
189	0	0	0	0	0	0	0	0	0	0	0
190	0	0	0	0	0	0	0	0	0	0	0
191	0	0	0	0	0	0	0	0	0	0	0
192	0	0	0	0	0	0	0	0	0	0	0
193	0	0	0	0	0	0	0	0	0	0	0
194	0	0	0	0	0	0	0	0	0	0	0
195	0	0	0	0	0	0	0	0	0	0	0
196	0	0	0	0	0	0	0	0	0	0	0
197	0	0	0	0	0	0	0	0	0	0	0
198	0	0	0	0	0	0	0	0	0	0	0
199	0	0	0	0	0	0	0	0	0	0	0
200	0	0	0	0	0	0	0	0	0	0	0
201	0	0	0	0	0	0	0	0	0	0	0
202	0	0	0	0	0	0	0	0	0	0	0
203	0	0	0	0	0	0	0	0	0	0	0
204	0	0	0	0	0	0	0	0	0	0	0
205	0	0	0	0	0	0	0	0	0	0	0
206	0	0	0	0	0	0	0	0	0	0	0
207	0	0	0	0	0	0	0	0	0	0	0
208	0	0	0	0	0	0	0	0	0	0	0
209	0	0	0	0	0	0	0	0	0	0	0
210	0	0	0	0	0	0	0	0	0	0	0
211	0	0	0	0	0	0	0	0	0	0	0
212	0	0	0	0	0	0	0	0	0	0	0
213	0	0	0	0	0	0	0	0	0	0	0
214	0	0	0	0	0	0	0	0	0	0	0
215	0	0	0	0	0	0	0	0	0	0	0
216	0	0	0	0	0	0	0	0	0	0	0
217	0	0	0	0	0	0	0	0	0	0	0
218	0	0	0	0	0	0	0	0	0	0	0
219	0	0	0	0	0	0	0	0	0	0	0
220	0	0	0	0	0	0	0	0	0	0	0
221	0	0	0	0	0	0	0	0	0	0	0
222	0	0	0	0	0	0	0	0	0	0	0
223	0	0	0	0	0	0	0	0	0	0	0
224	0	0	0	0	0	0	0	0	0	0	0
225	0	0	0	0	0	0	0	0	0	0	0
226	0	0	0	0	0	0	0	0	0	0	0
227	0	0	0	0	0	0	0	0	0	0	0
228	0	0	0	0	0	0	0	0	0	0	0
229	0	0	0	0	0	0	0	0	0	0	0
230	0	0	0	0	0	0	0	0	0	0	0
231	0	0	0	0	0	0	0	0	0	0	0
232	0	0	0	0	0	0	0	0	0	0	0
233	0	0	0	0	0	0	0	0	0	0	0
234	0	0	0	0	0	0	0	0	0	0	0
235	0	0	0	0	0	0	0	0	0	0	0
236	0	0	0	0	0	0	0	0	0	0	0
237	0	0	0	0	0	0	0	0	0	0	0
238	0	0	0	0	0	0	0	0	0	0	0
239	0	0	0	0	0	0	0	0	0	0	0
240	0	0	0	0	0	0	0	0	0	0	0
241	0	0	0	0	0	0	0	0	0	0	0
242	0	0	0	0	0	0	0	0	0	0	0
243	0	0	0	0	0	0	0	0	0	0	0
244	0	0	0	0	0	0	0	0	0	0	0
245	0	0	0	0	0	0	0	0	0	0	0
246	0	0	0	0	0	0	0	0	0	0	0
247	0	0	0	0	0	0	0	0	0	0	0
248	0	0	0	0	0	0	0	0	0	0	0
249	0	0	0	0	0	0	0	0	0	0	0
250	0	0	0	0	0	0	0	0	0	0	0
251	0	0	0	0	0	0	0	0	0	0	0
252	0	0	0	0	0	0	0	0	0	0	0
253	0	0	0	0	0	0	0	0	0	0	0
254	0	0	0	0	0	0	0	0	0	0	0
255	0	0	0	0	0	0	0	0	0	0	0
256	0	0	0	0	0	0	0	0	0	0	0
257	0	0	0	0	0	0	0	0	0	0	0
258	0	0	0	0	0	0	0	0	0	0	0
259	0	0	0	0	0	0	0	0	0	0	0
260	0	0	0	0	0	0	0	0	0	0	0
261	0	0	0	0	0	0	0	0	0	0	0
262	0	0	0	0	0	0	0	0	0	0	0
263	0	0	0	0	0	0	0	0	0	0	0
264	0	0	0	0	0	0	0	0	0	0	0
265	0	0	0	0	0	0	0	0	0	0	0
266	0	0	0	0	0	0	0	0	0	0	0
267	0	0	0	0	0	0	0	0	0	0	0
268	0	0	0	0	0	0	0	0	0	0	0
269	0	0	0	0	0	0	0	0	0	0	0
270	0	0	0	0	0	0	0	0	0	0	0
271	0	0	0	0	0	0	0	0	0	0	0
272	0	0	0	0	0	0	0	0	0	0	0
273	0	0	0	0	0	0	0	0	0	0	0
274	0	0	0	0	0	0	0	0	0	0	0
275	0	0	0	0	0	0	0	0	0	0	0
276	0	0	0	0	0	0	0	0	0	0	0
277	0	0	0	0	0	0	0	0	0	0	0
278	0	0	0	0	0	0	0	0	0	0	0
279	0	0	0	0	0	0	0	0	0	0	0
280	0	0	0	0	0	0	0	0	0	0	0
281	0	0	0	0	0	0	0	0	0	0	0
282	0	0	0	0	0	0	0	0	0	0	0
283	0	0	0	0	0	0	0	0	0	0	0
284	0	0	0	0	0	0	0	0	0	0	0
285	0	0	0	0	0	0	0	0	0	0	0
286	0	0	0	0	0	0	0	0	0	0	0
287	0	0	0	0	0	0	0	0	0	0	0
288	0	0	0	0	0	0	0	0	0	0	0
289	0	0	0	0	0	0	0	0	0	0	0
290	0	0	0	0	0	0	0	0	0	0	0
291	0	0	0	0	0	0	0	0	0	0	0
292	0	0	0	0	0	0	0	0	0	0	0
293	0	0	0	0	0	0	0	0	0	0	0
294	0	0	0	0	0	0	0	0	0	0	0
295	0	0	0	0	0	0	0	0	0	0	0
296	0	0	0	0	0	0	0	0	0	0	0
297	0	0	0	0	0	0	0	0	0	0	0
298	0	0	0	0	0	0	0	0	0	0	0
299	0	0	0	0	0	0	0	0	0	0	0
300	0	0	0	0	0	0	0	0	0	0	0
301	0	0	0	0	0	0	0	0	0	0	0
302	0	0	0	0	0	0	0	0	0	0	0
303	0	0	0	0	0	0	0	0	0	0	0
304	0	0	0	0	0	0	0	0	0	0	0
305	0	0	0	0	0	0	0	0	0	0	0
306	0	0	0	0	0	0	0	0	0	0	0
307	0	0	0	0	0	0	0	0	0	0	0
308	0	0	0	0	0	0	0	0	0	0	0
309	0	0	0	0	0	0	0	0	0	0	0
310	0	0	0	0	0	0	0	0	0	0	0
311	0	0	0	0	0	0	0	0	0	0	0
312	0	0	0	0	0	0	0	0	0	0	0
313	0	0	0	0	0	0	0	0	0	0	0
314	0	0	0	0	0	0	0	0	0	0	0
315	0	0	0	0	0	0	0	0	0	0	0
316	0	0	0	0	0	0	0	0	0	0	0
317	0	0	0	0	0	0	0	0	0	0	0
318	0	0	0	0	0	0	0	0	0	0	0
319	0	0	0	0	0	0	0	0	0	0	0
320	0	0	0	0	0	0	0	0	0	0	0
321	0	0	0	0	0	0	0	0	0	0	0
322	0	0	0	0	0	0	0	0	0	0	0
323	0	0	0	0	0	0	0	0	0	0	0
324	0	0	0	0	0	0	0	0	0	0	0
325	0	0	0	0	0	0	0	0	0	0	0
326	0	0	0	0	0	0	0	0	0	0	0
327	0	0	0	0	0	0	0	0	0	0	0
328	0	0	0	0	0	0	0	0	0	0	0
329	0	0	0	0	0	0	0	0	0	0	0
330	0	0	0	0	0	0	0	0	0	0	0
331	0	0	0	0	0	0	0	0	0	0	0
332	0	0	0	0	0	0	0	0	0	0	0
333	0	0	0	0	0	0	0	0	0	0	0
334	0	0	0	0	0	0	0	0	0	0	0
335	0	0	0	0	0	0	0	0	0	0	0
336	0	0	0	0	0	0	0	0	0	0	0
337	0	0	0	0	0	0	0	0	0	0	0
338	0	0	0	0	0	0	0	0	0	0	0
339	0	0	0	0	0	0	0	0	0	0	0
340	0	0	0	0	0	0	0	0	0	0	0
341	0	0	0	0	0	0	0	0	0	0	0
342	0	0	0	0	0	0	0	0	0	0	0
343	0	0	0	0	0	0	0	0	0	0	0
344	0	0	0	0	0	0	0	0	0	0	0
345	0	0	0	0	0	0	0	0	0	0	0
346	0	0	0	0	0	0	0	0	0	0	0
347	0	0	0	0	0	0	0	0	0	0	0
348	0	0	0	0	0	0	0	0	0	0	0
349	0	0	0	0	0	0	0	0	0	0	0
350	0	0	0	0	0	0	0	0	0	0	0
351	0	0	0	0	0	0	0	0	0	0	0
352	0	0	0	0	0	0	0	0	0	0	0
353	0	0	0	0	0	0	0	0	0	0	0
354	0	0	0	0	0	0	0	0	0	0	0
355	0	0	0	0	0	0	0	0	0	0	0
356	0	0	0	0	0	0	0	0	0	0	0
357	0	0	0	0	0	0	0	0	0	0	0
358	0	0	0	0	0	0	0	0	0	0	0
359	0	0	0	0	0	0	0	0	0	0	0
360	0	0	0	0	0	0	0	0	0	0	0
361	0	0	0	0	0	0	0	0	0	0	0
362	0	0	0	0	0	0	0	0	0	0	0
363	0	0	0	0	0	0	0	0	0	0	0
364	0	0	0	0	0	0	0	0	0	0	0
365	0	0	0	0	0	0	0	0	0	0	0
366	0	0	0	0	0	0	0	0	0	0	0
367	0	0	0	0	0	0	0	0	0	0	0
368	0	0	0	0	0	0	0	0	0	0	0
369	0	0	0	0	0	0	0	0	0	0	0
370	0	0	0	0	0	0	0	0	0	0	0
371	0	0	0	0	0	0	0	0	0	0	0
372	0	0	0	0	0	0	0	0	0	0	0
373	0	0	0	0	0	0	0	0	0	0	0
374	0	0	0	0	0	0	0	0	0	0	0
375	0	0	0	0	0	0	0	0	0	0	0
376	0	0	0	0	0	0	0	0	0	0	0
377	0	0	0	0	0	0	0	0	0	0	0
378	0	0	0	0	0	0	0	0	0	0	0
379	0	0	0	0	0	0	0	0	0	0	0
380	0	0	0	0	0	0	0	0	0	0	0
381	0	0	0	0	0	0	0	0	0	0	0
382	0	0	0	0	0	0	0	0	0	0	0
383	0	0	0	0	0	0	0	0	0	0	0
384	0	0	0	0	0	0	0	0	0	0	0
385	0	0	0	0	0	0	0	0	0	0	0
386	0	0	0	0	0	0	0	0	0	0	0
387	0	0	0	0	0	0	0	0	0	0	0
388	0	0	0	0	0	0	0	0	0	0	0
389	0	0	0	0	0	0	0	0	0	0	0
390	0	0	0	0	0	0	0	0	0	0	0
391	0	0	0	0	0	0	0	0	0	0	0
392	0	0	0	0	0	0	0	0	0	0	0
393	0	0	0	0	0	0	0	0	0	0	0
394	0	0	0	0	0	0	0	0	0	0	0
395	0	0	0	0	0	0	0	0	0	0	0
396	0	0	0	0	0	0	0	0	0	0	0
397	0	0	0	0	0	0	0	0	0	0	0
398	0	0	0	0	0	0	0	0	0	0	0
399	0	0	0	0	0	0	0	0	0	0	0
400	0	0	0	0	0	0	0	0	0	0	0
401	0	0	0	0	0	0	0	0	0	0	0
402	0	0	0	0	0	0	0	0	0	0	0
403	0	0	0	0	0	0	0	0	0	0	0
404	0	0	0	0	0	0	0	0	0	0	0
405	0	0	0	0	0	0	0	0	0	0	0
406	0	0	0	0	0	0	0	0	0	0	0
407	0	0	0	0	0	0	0	0	0	0	0
408	0	0	0	0	0	0	0	0	0	0	0
409	0	0	0	0	0	0	0	0	0	0	0
410	0	0	0	0	0	0	0	0	0	0	0
411	0	0	0	0	0	0	0	0	0	0	0
412	0	0	0	0	0	0	0	0	0	0	0
413	0	0	0	0	0	0	0	0	0	0	0
414	0	0	0	0	0	0	0	0	0	0	0
415	0	0	0	0	0	0	0	0	0	0	0
416	0	0	0	0	0	0	0	0	0	0	0
417	0	0	0	0	0	0	0	0	0	0	0
418	0	0	0	0	0	0	0	0	0	0	0
419	0	0	0	0	0	0	0	0	0	0	0
420	0	0	0	0	0	0	0	0	0	0	0
421	0	0	0	0	0	0	0	0	0	0	0
422	0	0	0	0	0	0	0	0	0	0	0
423	0	0	0	0	0	0	0	0	0	0	0
424	0	0	0	0	0	0	0	0	0	0	0
425	0	0	0	0	0	0	0	0	0	0	0
426	0	0	0	0	0	0	0	0	0	0	0
427	0	0	0	0	0	0	0	0	0	0	0
428	0	0	0	0	0	0	0	0	0	0	0
429	0	0	0	0	0	0	0	0	0	0	0
430	0	0	0	0	0	0	0	0	0	0	0
431	0	0	0	0	0	0	0	0	0	0	0
432	0	0	0	0	0	0	0	0	0	0	0
433	0	0	0	0	0	0	0	0	0	0	0
434	0	0	0	0	0	0	0	0	0	0	0
435	0	0	0	0	0	0	0	0	0	0	0
436	0	0	0	0	0	0	0	0	0	0	0
437	0	0	0	0	0	0	0	0	0	0	0
438	0	0	0	0	0	0	0	0	0	0	0
439	0	0	0	0	0	0	0	0	0	0	0
440	0	0	0	0	0	0	0	0	0	0	0
441	0	0	0	0	0	0	0	0	0	0	0
442	0	0	0	0	0	0	0	0	0	0	0
443	0	0	0	0	0	0	0	0	0	0	0
444	0	0	0	0	0	0	0	0	0	0	0
445	0	0	0	0	0	0	0	0	0	0	0
446	0	0	0	0	0	0	0	0	0	0	0
447	0	0	0	0	0	0	0	0	0	0	0
448	0	0	0	0	0	0	0	0	0	0	0
449	0	0	0	0	0	0	0	0	0	0	0
450	0	0	0	0	0	0	0	0	0	0	0
451	0	0	0	0	0	0	0	0	0	0	0
452	0	0	0	0	0	0	0	0	0	0	0
453	0	0	0	0	0	0	0	0	0	0	0
454	0	0	0	0	0	0	0	0	0	0	0
455	0	0	0	0	0	0	0	0	0	0	0
456	0	0	0	0	0	0	0	0	0	0	0
457	0	0	0	0	0	0	0	0	0	0	0
458	0	0	0	0	0	0	0	0	0	0	0
459	0	0	0	0	0	0	0	0	0	0	0
460	0	0	0	0	0	0	0	0	0	0	0
461	0	0	0	0	0	0	0	0	0	0	0
462	0	0	0	0	0	0	0	0	0	0	0
463	0	0	0	0	0	0	0	0	0	0	0
464	0	0	0	0	0	0	0	0	0	0	0
465	0	0	0	0	0	0	0	0	0	0	0
466	0	0	0	0	0	0	0	0	0	0	0
467	0	0	0	0	0	0	0	0	0	0	0
468	0	0	0	0	0	0	0	0	0	0	0
469	0	0	0	0	0	0	0	0	0	0	0
470	0	0	0	0	0	0	0	0	0	0	0
471	0	0	0	0	0	0	0	0	0	0	0
472	0	0	0	0	0	0	0	0	0	0	0
473	0	0	0	0	0	0	0	0	0	0	0
474	0	0	0	0	0	0	0	0	0	0	0
475	0	0	0	0	0	0	0	0	0	0	0
476	0	0	0	0	0	0	0	0	0	0	0
477	0	0	0	0	0	0	0	0	0	0	0
478	0	0	0	0	0	0	0	0	0	0	0
479	0	0	0	0	0	0	0	0	0	0	0
480	0	0	0	0	0	0	0	0	0	0	0
481	0	0	0	0	0	0	0	0	0	0	0
482	0	0	0	0	0	0	0	0	0	0	0
483	0	0	0	0	0	0	0	0	0	0	0
484	0	0	0	0	0	0	0	0	0	0	0
485	0	0	0	0	0	0	0	0	0	0	0
486	0	0	0	0	0	0	0	0	0	0	0
487	0	0	0	0	0	0	0	0	0	0	0
488	0	0	0	0	0	0	0	0	0	0	0
489	0	0	0	0	0	0	0	0	0	0	0
490	0	0	0	0	0	0	0	0	0	0	0
491	0	0	0	0	0	0	0	0	0	0	0
492	0	0	0	0	0	0	0	0	0	0	0
493	0	0	0	0	0	0	0	0	0	0	0
494	0	0	0	0	0	0	0	0	0	0	0
495	0	0	0	0	0	0	0	0	0	0	0
496	0	0	0	0	0	0	0	0	0	0	0
497	0	0	0	0	0	0	0	0	0	0	0
498	0	0	0	0	0	0	0	0	0	0	0
499	0	0	0	0	0	0	0	0	0	0	0
500	0	0	0	0	0	0	0	0	0	0	0
501	0	0	0	0	0	0	0	0	0	0	0
502	0	0	0	0	0	0	0	0	0	0	0
503	0	0	0	0	0	0	0	0	0	0	0
504	0	0	0	0	0	0	0	0	0	0	0
505	0	0	0	0	0	0	0	0	0	0	0
506	0	0	0	0	0	0	0	0	0	0	0
507	0	0	0	0	0	0	0	0	0	0	0
508	0	0	0	0	0	0	0	0	0	0	0
509	0	0	0	0	0	0	0	0	0	0	0
510	0	0	0	0	0	0	0	0	0	0	0
511	0	0	0	0	0	0	0	0	0	0	0
512	0	0	0	0	0	0	0	0	0	0	0
513	0	0	0	0	0	0	0	0	0	0	0
514	0	0	0	0	0	0	0	0	0	0	0
515	0	0	0	0	0	0	0	0	0	0	0
516	0	0	0	0	0	0	0	0	0	0	0
517	0	0	0	0	0	0	0	0	0	0	0
518	0	0	0	0	0	0	0	0	0	0	0
519	0	0	0	0	0	0	0	0	0	0	0
520	0	0	0	0	0	0	0	0	0	0	0
521	0	0	0	0	0	0	0	0	0	0	0
522	0	0	0	0	0	0	0	0	0	0	0
523	0	0	0	0	0	0	0	0	0	0	0
524	0	0	0	0	0	0	0	0	0	0	0
525	0	0	0	0	0	0	0	0	0	0	0
526	0	0	0	0	0	0	0	0	0	0	0
527	0	0	0	0	0	0	0	0	0	0	0
528	0	0	0	0	0	0	0	0	0	0	0
529	0	0	0	0	0	0	0	0	0	0	0
530	0	0	0	0	0	0	0	0	0	0	0
531	0	0	0	0	0	0	0	0	0	0	0
532	0	0	0	0	0	0	0	0	0	0	0
533	0	0	0	0	0	0	0	0	0	0	0
534	0	0	0	0	0	0	0	0	0	0	0
535	0	0	0	0	0	0	0	0	0	0	0
536	0	0	0	0	0	0	0	0	0	0	0
537	0	0	0	0	0	0	0	0	0	0	0
538	0	0	0	0	0	0	0	0	0	0	0
539	0	0	0	0	0	0	0	0	0	0	0
540	0	0	0	0	0	0	0	0	0	0	0
541	0	0	0	0	0	0	0	0	0	0	0
542	0	0	0	0	0	0	0	0	0	0	0
543	0	0	0	0	0	0	0	0	0	0	0
544	0	0	0	0	0	0	0	0	0	0	0
545	0	0	0	0	0	0	0	0	0	0	0
546	0	0	0	0	0	0	0	0	0	0	0
547	0	0	0	0	0	0	0	0	0	0	0
548	0	0	0	0	0	0	0	0	0	0	0
549	0	0	0	0	0	0	0	0	0	0	0
550	0	0	0	0	0	0	0	0	0	0	0
551	0	0	0	0	0	0	0	0	0	0	0
552	0	0	0	0	0	0	0	0	0	0	0
553	0	0	0	0	0	0	0	0	0	0	0
554	0	0	0	0	0	0	0	0	0	0	0
555	0	0	0	0	0	0	0	0	0	0	0
556	0	0	0	0	0	0	0	0	0	0	0
557	0	0	0	0	0	0	0	0	0	0	0
558	0	0	0	0	0	0	0	0	0	0	0
559	0	0	0	0	0	0	0	0	0	0	0
560	0	0	0	0	0	0	0	0	0	0	0
561	0	0	0	0	0	0	0	0	0	0	0
562	0	0	0	0	0	0	0	0	0	0	0
563	0	0	0	0	0	0	0	0	0	0	0
564	0	0	0	0	0	0	0	0	0	0	0
565	0	0	0	0	0	0	0	0	0	0	0
566	0	0	0	0	0	0	0	0	0	0	0
567	0	0	0	0	0	0	0	0	0	0	0
568	0	0	0	0	0	0	0	0	0	0	0
569	0	0	0	0	0	0	0	0	0	0	0
570	0	0	0	0	0	0	0	0	0	0	0
571	0	0	0	0	0	0	0	0	0	0	0
572	0	0	0	0	0	0	0	0	0	0	0
573	0	0	0	0	0	0	0	0	0	0	0
574	0	0	0	0	0	0	0	0	0	0	0
575	0	0	0	0	0	0	0	0	0	0	0
576	0	0	0	0	0	0	0	0	0	0	0
577	0	0	0	0	0	0	0	0	0	0	0
578	0	0	0	0	0	0	0	0	0	0	0
579	0	0	0	0	0	0	0	0	0	0	0
580	0	0	0	0	0	0	0	0	0	0	0
581	0	0	0	0	0	0	0	0	0	0	0
582	0	0	0	0	0	0	0	0	0	0	0
583	0	0	0	0	0	0	0	0	0	0	0
584	0	0	0	0	0	0	0	0	0	0	0
585	0	0	0	0	0	0	0	0	0	0	0
586	0	0	0	0	0	0	0	0	0	0	0
587	0	0	0	0	0	0	0	0	0	0	0
588	0	0	0	0	0	0	0	0	0	0	0
589	0	0	0	0	0	0	0	0	0	0	0
590	0	0	0	0	0	0	0	0	0	0	0
591	0	0	0	0	0	0	0	0	0	0	0
592	0	0	0	0	0	0	0	0	0	0	0
593	0	0	0	0	0	0	0	0	0	0	0
594	0	0	0	0	0	0	0	0	0	0	0
595	0	0	0	0	0	0	0	0	0	0	0
596	0	0	0	0	0	0	0	0	0	0	0
597	0	0	0	0	0	0	0	0	0	0	0
598	0	0	0	0	0	0	0	0	0	0	0
599	0	0	0	0	0	0	0	0	0	0	0
