length	rRNA	lncRNA	miRNA	mRNA	piRNA	snoRNA	snRNA	srpRNA	tRNA	tucpRNA	Y_RNA
0	0	0	0	0	0	0	0	0	0	0	0
1	0	0	0	0	0	0	0	0	0	0	0
2	0	0	0	0	0	0	0	0	0	0	0
3	0	0	0	0	0	0	0	0	0	0	0
4	0	0	0	0	0	0	0	0	0	0	0
5	0	0	0	0	0	0	0	0	0	0	0
6	0	0	0	0	0	0	0	0	0	0	0
7	0	0	0	0	0	0	0	0	0	0	0
8	0	0	0	0	0	0	0	0	0	0	0
9	0	0	0	0	0	0	0	0	0	0	0
10	0	0	0	0	0	0	0	0	0	0	0
11	0	0	0	0	0	0	0	0	0	0	0
12	0	0	0	0	0	0	0	0	0	0	0
13	0	0	0	0	0	0	0	0	0	0	0
14	0	0	0	0	0	0	0	0	0	0	0
15	0	0	0	0	0	0	0	0	0	0	0
16	33478	25605	262630	23431	3941	534	615	898	4435	19027	2200
17	35337	10553	215405	11416	2247	823	518	579	3703	12638	13201
18	33421	4149	1500960	5698	4489	296	612	518	5869	3508	30901
19	28964	3874	1373896	3485	2440	359	905	651	4525	1696	6453
20	84092	8321	5417229	3272	2092	474	1855	962	4215	1054	3906
21	40575	7048	19799587	3254	3216	700	3503	1214	3330	669	6059
22	48623	6462	7709015	2664	4177	558	4472	682	2509	436	4732
23	28114	1943	1838627	1229	3577	305	2651	522	1831	188	7254
24	20830	540	417621	660	3776	124	803	229	1115	155	4562
25	39156	718	17425	433	4902	152	226	166	1208	154	4988
26	60664	484	3169	378	21431	156	79	171	1473	130	53306
27	15233	546	464	347	57608	681	44	223	1804	141	16939
28	25689	978	153	293	1664	119	61	270	1246	133	76790
29	13936	4807	180	319	2191	175	57	200	1919	191	160079
30	14092	9967	95	309	5802	185	43	174	2575	177	560654
31	12251	620	43	263	3919	136	36	220	9388	114	1920097
32	11367	494	8	234	6117	65	60	141	13401	93	4995103
33	12900	285	16	241	4591	76	62	195	22251	108	341514
34	10599	658	14	248	998	62	34	342	5970	145	26931
35	16183	717	15	217	0	67	34	1883	9135	193	5382
36	11542	486	20	226	0	214	44	1782	1884	173	23188
37	27688	464	40	240	0	84	54	246	706	123	19143
38	51366	351	31	218	0	60	16	123	524	132	4605
39	8153	328	13	204	0	68	65	109	447	125	4484
40	7302	311	9	150	0	83	44	95	442	132	2901
41	7702	359	10	141	0	64	28	70	463	123	931
42	8096	469	4	160	0	66	22	95	506	112	536
43	31934	895	1	146	0	52	36	108	197	118	300
44	35164	776	0	153	0	46	10	89	150	176	207
45	23452	419	3	191	0	39	15	54	196	160	194
46	5934	383	0	144	0	27	23	39	165	163	215
47	4373	435	1	178	0	33	24	42	178	183	200
48	3343	486	6	170	0	18	18	109	311	211	93
49	2841	647	2	183	0	18	16	45	466	240	99
50	2904	496	7	147	0	25	17	64	874	213	127
51	4005	496	1	179	0	43	18	85	3879	211	138
52	2161	422	2	154	0	42	4	51	6455	190	675
53	2180	382	0	167	0	15	12	29	1843	192	329
54	3138	348	0	135	0	12	6	46	1155	156	726
55	2360	355	1	129	0	11	3	28	922	156	759
56	2227	324	0	125	0	22	12	38	394	134	287
57	3253	290	2	106	0	49	16	27	216	130	340
58	9004	250	3	113	0	116	16	39	148	140	211
59	16749	220	0	98	0	208	13	28	129	106	645
60	1837	193	5	98	0	93	29	32	117	82	818
61	2435	169	1	85	0	1398	27	28	137	97	2631
62	2756	211	6	103	0	3434	22	35	136	105	425
63	3803	166	2	72	0	3239	54	30	171	159	349
64	3269	178	0	68	0	851	25	35	206	132	173
65	1885	147	0	89	0	1651	13	26	160	64	106
66	2790	143	0	70	0	2308	27	28	104	58	87
67	4608	141	3	129	0	6376	23	32	51	58	98
68	4913	232	33	65	0	4455	9	85	62	73	89
69	3836	218	8	82	0	4038	9	297	29	63	94
70	2569	164	4	87	0	664	12	37	9	55	100
71	2657	161	0	76	0	7202	5	17	18	42	107
72	11142	123	1	81	0	1425	5	20	44	40	76
73	15134	121	1	81	0	561	5	13	41	80	38
74	18314	124	0	70	0	448	5	12	21	49	39
75	14970	135	0	49	0	637	4	26	12	44	94
76	4321	163	0	119	0	335	9	40	1	33	147
77	2923	144	0	77	0	401	3	32	2	34	112
78	3046	143	2	40	0	124	6	13	0	35	46
79	6306	141	1	57	0	56	1	29	5	43	48
80	16286	193	0	50	0	40	6	43	0	30	54
81	25657	88	0	60	0	74	0	32	0	25	72
82	12499	100	0	55	0	25	3	41	0	27	43
83	6179	104	0	44	0	56	10	16	3	22	26
84	7370	128	0	51	0	5	6	20	0	36	38
85	9408	103	0	57	0	5	4	11	0	20	40
86	9142	79	0	51	0	12	4	6	0	26	48
87	6919	94	0	39	0	21	17	10	0	44	29
88	4499	68	0	54	0	31	6	9	0	31	164
89	2828	155	0	42	0	53	4	12	0	37	66
90	2694	112	0	53	0	12	6	3	1	28	111
91	7112	120	0	69	0	52	17	6	0	28	258
92	3403	91	0	51	0	2	15	19	0	23	226
93	7305	132	0	51	0	25	27	32	0	24	912
94	4783	157	0	53	0	63	21	21	0	51	87
95	3706	104	0	65	0	7	10	8	0	45	48
96	3759	151	0	80	0	1	7	7	0	41	31
97	5425	113	0	33	0	28	1	10	0	44	93
98	18535	236	0	50	0	14	6	14	0	46	43
99	32598	454	0	112	0	16	6	46	1	101	55
100	51372	543	0	145	0	10	10	74	0	145	81
101	72160	825	0	171	0	20	15	73	0	154	69
102	319784	2261	1	533	0	39	63	90	0	490	402
103	453986	2909	3	623	0	45	65	105	0	597	203
104	336353	1255	1	297	0	18	24	164	0	262	130
105	114141	568	0	120	0	11	19	18	0	138	65
106	80334	370	0	117	0	2	8	6	0	86	57
107	74063	448	0	100	0	1	8	12	0	65	66
108	72075	425	0	84	0	4	5	12	0	80	84
109	17913	319	2	87	0	2	5	28	0	64	18
110	12109	201	0	51	0	5	7	12	0	29	11
111	5668	152	0	36	0	2	4	19	0	32	1
112	10859	162	1	45	0	1	4	13	0	35	1
113	3231	120	0	17	0	2	2	4	0	29	1
114	3833	156	0	28	0	1	1	2	0	32	0
115	6992	151	0	39	0	1	3	12	0	42	0
116	2735	177	0	23	0	0	3	9	0	44	0
117	2795	145	0	28	0	1	1	5	0	23	0
118	2009	193	0	24	0	0	4	5	0	35	0
119	871	95	0	22	0	3	1	4	0	20	0
120	1547	132	0	15	0	1	0	2	0	30	0
121	1312	65	0	12	0	1	1	1	0	18	0
122	2079	53	0	10	0	0	0	0	0	13	0
123	771	50	0	4	0	1	0	0	0	9	0
124	766	30	0	5	0	0	0	2	0	2	0
125	530	24	0	2	0	1	0	0	0	4	0
126	574	27	0	4	0	0	0	0	0	8	0
127	529	29	0	6	0	0	0	0	0	5	0
128	679	12	0	7	0	0	0	0	0	4	0
129	211	12	0	4	0	0	0	0	0	0	0
130	163	8	0	3	0	1	0	0	0	3	0
131	133	9	0	4	0	0	0	0	0	1	0
132	263	13	0	4	0	0	0	0	0	2	0
133	897	12	0	3	0	0	0	0	0	3	0
134	2079	18	0	6	0	0	1	0	0	5	0
135	1591	15	0	83	0	0	1	0	0	4	0
136	701	14	0	18	0	1	3	1	0	2	0
137	496	7	0	3	0	0	0	0	0	3	0
138	519	8	0	0	0	0	0	1	0	3	0
139	530	30	0	6	0	4	0	3	0	5	0
140	1034	15	0	2	0	0	1	3	0	3	0
141	379	4	0	3	0	0	1	0	0	1	0
142	210	5	0	0	0	0	0	2	0	2	0
143	533	5	0	0	0	1	0	1	0	5	0
144	207	19	0	3	0	1	0	0	0	4	0
145	334	20	0	1	0	0	0	1	0	7	0
146	1064	39	0	6	0	0	1	1	0	9	0
147	4669	64	0	19	0	2	2	5	0	20	0
148	737	38	0	12	0	1	0	1	0	17	0
149	9635	152	0	59	0	5	1	28	0	35	0
150	233611	893	0	210	0	23	11	131	0	185	0
151	0	0	0	0	0	0	0	0	0	0	0
152	0	0	0	0	0	0	0	0	0	0	0
153	0	0	0	0	0	0	0	0	0	0	0
154	0	0	0	0	0	0	0	0	0	0	0
155	0	0	0	0	0	0	0	0	0	0	0
156	0	0	0	0	0	0	0	0	0	0	0
157	0	0	0	0	0	0	0	0	0	0	0
158	0	0	0	0	0	0	0	0	0	0	0
159	0	0	0	0	0	0	0	0	0	0	0
160	0	0	0	0	0	0	0	0	0	0	0
161	0	0	0	0	0	0	0	0	0	0	0
162	0	0	0	0	0	0	0	0	0	0	0
163	0	0	0	0	0	0	0	0	0	0	0
164	0	0	0	0	0	0	0	0	0	0	0
165	0	0	0	0	0	0	0	0	0	0	0
166	0	0	0	0	0	0	0	0	0	0	0
167	0	0	0	0	0	0	0	0	0	0	0
168	0	0	0	0	0	0	0	0	0	0	0
169	0	0	0	0	0	0	0	0	0	0	0
170	0	0	0	0	0	0	0	0	0	0	0
171	0	0	0	0	0	0	0	0	0	0	0
172	0	0	0	0	0	0	0	0	0	0	0
173	0	0	0	0	0	0	0	0	0	0	0
174	0	0	0	0	0	0	0	0	0	0	0
175	0	0	0	0	0	0	0	0	0	0	0
176	0	0	0	0	0	0	0	0	0	0	0
177	0	0	0	0	0	0	0	0	0	0	0
178	0	0	0	0	0	0	0	0	0	0	0
179	0	0	0	0	0	0	0	0	0	0	0
180	0	0	0	0	0	0	0	0	0	0	0
181	0	0	0	0	0	0	0	0	0	0	0
182	0	0	0	0	0	0	0	0	0	0	0
183	0	0	0	0	0	0	0	0	0	0	0
184	0	0	0	0	0	0	0	0	0	0	0
185	0	0	0	0	0	0	0	0	0	0	0
186	0	0	0	0	0	0	0	0	0	0	0
187	0	0	0	0	0	0	0	0	0	0	0
188	0	0	0	0	0	0	0	0	0	0	0
189	0	0	0	0	0	0	0	0	0	0	0
190	0	0	0	0	0	0	0	0	0	0	0
191	0	0	0	0	0	0	0	0	0	0	0
192	0	0	0	0	0	0	0	0	0	0	0
193	0	0	0	0	0	0	0	0	0	0	0
194	0	0	0	0	0	0	0	0	0	0	0
195	0	0	0	0	0	0	0	0	0	0	0
196	0	0	0	0	0	0	0	0	0	0	0
197	0	0	0	0	0	0	0	0	0	0	0
198	0	0	0	0	0	0	0	0	0	0	0
199	0	0	0	0	0	0	0	0	0	0	0
200	0	0	0	0	0	0	0	0	0	0	0
201	0	0	0	0	0	0	0	0	0	0	0
202	0	0	0	0	0	0	0	0	0	0	0
203	0	0	0	0	0	0	0	0	0	0	0
204	0	0	0	0	0	0	0	0	0	0	0
205	0	0	0	0	0	0	0	0	0	0	0
206	0	0	0	0	0	0	0	0	0	0	0
207	0	0	0	0	0	0	0	0	0	0	0
208	0	0	0	0	0	0	0	0	0	0	0
209	0	0	0	0	0	0	0	0	0	0	0
210	0	0	0	0	0	0	0	0	0	0	0
211	0	0	0	0	0	0	0	0	0	0	0
212	0	0	0	0	0	0	0	0	0	0	0
213	0	0	0	0	0	0	0	0	0	0	0
214	0	0	0	0	0	0	0	0	0	0	0
215	0	0	0	0	0	0	0	0	0	0	0
216	0	0	0	0	0	0	0	0	0	0	0
217	0	0	0	0	0	0	0	0	0	0	0
218	0	0	0	0	0	0	0	0	0	0	0
219	0	0	0	0	0	0	0	0	0	0	0
220	0	0	0	0	0	0	0	0	0	0	0
221	0	0	0	0	0	0	0	0	0	0	0
222	0	0	0	0	0	0	0	0	0	0	0
223	0	0	0	0	0	0	0	0	0	0	0
224	0	0	0	0	0	0	0	0	0	0	0
225	0	0	0	0	0	0	0	0	0	0	0
226	0	0	0	0	0	0	0	0	0	0	0
227	0	0	0	0	0	0	0	0	0	0	0
228	0	0	0	0	0	0	0	0	0	0	0
229	0	0	0	0	0	0	0	0	0	0	0
230	0	0	0	0	0	0	0	0	0	0	0
231	0	0	0	0	0	0	0	0	0	0	0
232	0	0	0	0	0	0	0	0	0	0	0
233	0	0	0	0	0	0	0	0	0	0	0
234	0	0	0	0	0	0	0	0	0	0	0
235	0	0	0	0	0	0	0	0	0	0	0
236	0	0	0	0	0	0	0	0	0	0	0
237	0	0	0	0	0	0	0	0	0	0	0
238	0	0	0	0	0	0	0	0	0	0	0
239	0	0	0	0	0	0	0	0	0	0	0
240	0	0	0	0	0	0	0	0	0	0	0
241	0	0	0	0	0	0	0	0	0	0	0
242	0	0	0	0	0	0	0	0	0	0	0
243	0	0	0	0	0	0	0	0	0	0	0
244	0	0	0	0	0	0	0	0	0	0	0
245	0	0	0	0	0	0	0	0	0	0	0
246	0	0	0	0	0	0	0	0	0	0	0
247	0	0	0	0	0	0	0	0	0	0	0
248	0	0	0	0	0	0	0	0	0	0	0
249	0	0	0	0	0	0	0	0	0	0	0
250	0	0	0	0	0	0	0	0	0	0	0
251	0	0	0	0	0	0	0	0	0	0	0
252	0	0	0	0	0	0	0	0	0	0	0
253	0	0	0	0	0	0	0	0	0	0	0
254	0	0	0	0	0	0	0	0	0	0	0
255	0	0	0	0	0	0	0	0	0	0	0
256	0	0	0	0	0	0	0	0	0	0	0
257	0	0	0	0	0	0	0	0	0	0	0
258	0	0	0	0	0	0	0	0	0	0	0
259	0	0	0	0	0	0	0	0	0	0	0
260	0	0	0	0	0	0	0	0	0	0	0
261	0	0	0	0	0	0	0	0	0	0	0
262	0	0	0	0	0	0	0	0	0	0	0
263	0	0	0	0	0	0	0	0	0	0	0
264	0	0	0	0	0	0	0	0	0	0	0
265	0	0	0	0	0	0	0	0	0	0	0
266	0	0	0	0	0	0	0	0	0	0	0
267	0	0	0	0	0	0	0	0	0	0	0
268	0	0	0	0	0	0	0	0	0	0	0
269	0	0	0	0	0	0	0	0	0	0	0
270	0	0	0	0	0	0	0	0	0	0	0
271	0	0	0	0	0	0	0	0	0	0	0
272	0	0	0	0	0	0	0	0	0	0	0
273	0	0	0	0	0	0	0	0	0	0	0
274	0	0	0	0	0	0	0	0	0	0	0
275	0	0	0	0	0	0	0	0	0	0	0
276	0	0	0	0	0	0	0	0	0	0	0
277	0	0	0	0	0	0	0	0	0	0	0
278	0	0	0	0	0	0	0	0	0	0	0
279	0	0	0	0	0	0	0	0	0	0	0
280	0	0	0	0	0	0	0	0	0	0	0
281	0	0	0	0	0	0	0	0	0	0	0
282	0	0	0	0	0	0	0	0	0	0	0
283	0	0	0	0	0	0	0	0	0	0	0
284	0	0	0	0	0	0	0	0	0	0	0
285	0	0	0	0	0	0	0	0	0	0	0
286	0	0	0	0	0	0	0	0	0	0	0
287	0	0	0	0	0	0	0	0	0	0	0
288	0	0	0	0	0	0	0	0	0	0	0
289	0	0	0	0	0	0	0	0	0	0	0
290	0	0	0	0	0	0	0	0	0	0	0
291	0	0	0	0	0	0	0	0	0	0	0
292	0	0	0	0	0	0	0	0	0	0	0
293	0	0	0	0	0	0	0	0	0	0	0
294	0	0	0	0	0	0	0	0	0	0	0
295	0	0	0	0	0	0	0	0	0	0	0
296	0	0	0	0	0	0	0	0	0	0	0
297	0	0	0	0	0	0	0	0	0	0	0
298	0	0	0	0	0	0	0	0	0	0	0
299	0	0	0	0	0	0	0	0	0	0	0
300	0	0	0	0	0	0	0	0	0	0	0
301	0	0	0	0	0	0	0	0	0	0	0
302	0	0	0	0	0	0	0	0	0	0	0
303	0	0	0	0	0	0	0	0	0	0	0
304	0	0	0	0	0	0	0	0	0	0	0
305	0	0	0	0	0	0	0	0	0	0	0
306	0	0	0	0	0	0	0	0	0	0	0
307	0	0	0	0	0	0	0	0	0	0	0
308	0	0	0	0	0	0	0	0	0	0	0
309	0	0	0	0	0	0	0	0	0	0	0
310	0	0	0	0	0	0	0	0	0	0	0
311	0	0	0	0	0	0	0	0	0	0	0
312	0	0	0	0	0	0	0	0	0	0	0
313	0	0	0	0	0	0	0	0	0	0	0
314	0	0	0	0	0	0	0	0	0	0	0
315	0	0	0	0	0	0	0	0	0	0	0
316	0	0	0	0	0	0	0	0	0	0	0
317	0	0	0	0	0	0	0	0	0	0	0
318	0	0	0	0	0	0	0	0	0	0	0
319	0	0	0	0	0	0	0	0	0	0	0
320	0	0	0	0	0	0	0	0	0	0	0
321	0	0	0	0	0	0	0	0	0	0	0
322	0	0	0	0	0	0	0	0	0	0	0
323	0	0	0	0	0	0	0	0	0	0	0
324	0	0	0	0	0	0	0	0	0	0	0
325	0	0	0	0	0	0	0	0	0	0	0
326	0	0	0	0	0	0	0	0	0	0	0
327	0	0	0	0	0	0	0	0	0	0	0
328	0	0	0	0	0	0	0	0	0	0	0
329	0	0	0	0	0	0	0	0	0	0	0
330	0	0	0	0	0	0	0	0	0	0	0
331	0	0	0	0	0	0	0	0	0	0	0
332	0	0	0	0	0	0	0	0	0	0	0
333	0	0	0	0	0	0	0	0	0	0	0
334	0	0	0	0	0	0	0	0	0	0	0
335	0	0	0	0	0	0	0	0	0	0	0
336	0	0	0	0	0	0	0	0	0	0	0
337	0	0	0	0	0	0	0	0	0	0	0
338	0	0	0	0	0	0	0	0	0	0	0
339	0	0	0	0	0	0	0	0	0	0	0
340	0	0	0	0	0	0	0	0	0	0	0
341	0	0	0	0	0	0	0	0	0	0	0
342	0	0	0	0	0	0	0	0	0	0	0
343	0	0	0	0	0	0	0	0	0	0	0
344	0	0	0	0	0	0	0	0	0	0	0
345	0	0	0	0	0	0	0	0	0	0	0
346	0	0	0	0	0	0	0	0	0	0	0
347	0	0	0	0	0	0	0	0	0	0	0
348	0	0	0	0	0	0	0	0	0	0	0
349	0	0	0	0	0	0	0	0	0	0	0
350	0	0	0	0	0	0	0	0	0	0	0
351	0	0	0	0	0	0	0	0	0	0	0
352	0	0	0	0	0	0	0	0	0	0	0
353	0	0	0	0	0	0	0	0	0	0	0
354	0	0	0	0	0	0	0	0	0	0	0
355	0	0	0	0	0	0	0	0	0	0	0
356	0	0	0	0	0	0	0	0	0	0	0
357	0	0	0	0	0	0	0	0	0	0	0
358	0	0	0	0	0	0	0	0	0	0	0
359	0	0	0	0	0	0	0	0	0	0	0
360	0	0	0	0	0	0	0	0	0	0	0
361	0	0	0	0	0	0	0	0	0	0	0
362	0	0	0	0	0	0	0	0	0	0	0
363	0	0	0	0	0	0	0	0	0	0	0
364	0	0	0	0	0	0	0	0	0	0	0
365	0	0	0	0	0	0	0	0	0	0	0
366	0	0	0	0	0	0	0	0	0	0	0
367	0	0	0	0	0	0	0	0	0	0	0
368	0	0	0	0	0	0	0	0	0	0	0
369	0	0	0	0	0	0	0	0	0	0	0
370	0	0	0	0	0	0	0	0	0	0	0
371	0	0	0	0	0	0	0	0	0	0	0
372	0	0	0	0	0	0	0	0	0	0	0
373	0	0	0	0	0	0	0	0	0	0	0
374	0	0	0	0	0	0	0	0	0	0	0
375	0	0	0	0	0	0	0	0	0	0	0
376	0	0	0	0	0	0	0	0	0	0	0
377	0	0	0	0	0	0	0	0	0	0	0
378	0	0	0	0	0	0	0	0	0	0	0
379	0	0	0	0	0	0	0	0	0	0	0
380	0	0	0	0	0	0	0	0	0	0	0
381	0	0	0	0	0	0	0	0	0	0	0
382	0	0	0	0	0	0	0	0	0	0	0
383	0	0	0	0	0	0	0	0	0	0	0
384	0	0	0	0	0	0	0	0	0	0	0
385	0	0	0	0	0	0	0	0	0	0	0
386	0	0	0	0	0	0	0	0	0	0	0
387	0	0	0	0	0	0	0	0	0	0	0
388	0	0	0	0	0	0	0	0	0	0	0
389	0	0	0	0	0	0	0	0	0	0	0
390	0	0	0	0	0	0	0	0	0	0	0
391	0	0	0	0	0	0	0	0	0	0	0
392	0	0	0	0	0	0	0	0	0	0	0
393	0	0	0	0	0	0	0	0	0	0	0
394	0	0	0	0	0	0	0	0	0	0	0
395	0	0	0	0	0	0	0	0	0	0	0
396	0	0	0	0	0	0	0	0	0	0	0
397	0	0	0	0	0	0	0	0	0	0	0
398	0	0	0	0	0	0	0	0	0	0	0
399	0	0	0	0	0	0	0	0	0	0	0
400	0	0	0	0	0	0	0	0	0	0	0
401	0	0	0	0	0	0	0	0	0	0	0
402	0	0	0	0	0	0	0	0	0	0	0
403	0	0	0	0	0	0	0	0	0	0	0
404	0	0	0	0	0	0	0	0	0	0	0
405	0	0	0	0	0	0	0	0	0	0	0
406	0	0	0	0	0	0	0	0	0	0	0
407	0	0	0	0	0	0	0	0	0	0	0
408	0	0	0	0	0	0	0	0	0	0	0
409	0	0	0	0	0	0	0	0	0	0	0
410	0	0	0	0	0	0	0	0	0	0	0
411	0	0	0	0	0	0	0	0	0	0	0
412	0	0	0	0	0	0	0	0	0	0	0
413	0	0	0	0	0	0	0	0	0	0	0
414	0	0	0	0	0	0	0	0	0	0	0
415	0	0	0	0	0	0	0	0	0	0	0
416	0	0	0	0	0	0	0	0	0	0	0
417	0	0	0	0	0	0	0	0	0	0	0
418	0	0	0	0	0	0	0	0	0	0	0
419	0	0	0	0	0	0	0	0	0	0	0
420	0	0	0	0	0	0	0	0	0	0	0
421	0	0	0	0	0	0	0	0	0	0	0
422	0	0	0	0	0	0	0	0	0	0	0
423	0	0	0	0	0	0	0	0	0	0	0
424	0	0	0	0	0	0	0	0	0	0	0
425	0	0	0	0	0	0	0	0	0	0	0
426	0	0	0	0	0	0	0	0	0	0	0
427	0	0	0	0	0	0	0	0	0	0	0
428	0	0	0	0	0	0	0	0	0	0	0
429	0	0	0	0	0	0	0	0	0	0	0
430	0	0	0	0	0	0	0	0	0	0	0
431	0	0	0	0	0	0	0	0	0	0	0
432	0	0	0	0	0	0	0	0	0	0	0
433	0	0	0	0	0	0	0	0	0	0	0
434	0	0	0	0	0	0	0	0	0	0	0
435	0	0	0	0	0	0	0	0	0	0	0
436	0	0	0	0	0	0	0	0	0	0	0
437	0	0	0	0	0	0	0	0	0	0	0
438	0	0	0	0	0	0	0	0	0	0	0
439	0	0	0	0	0	0	0	0	0	0	0
440	0	0	0	0	0	0	0	0	0	0	0
441	0	0	0	0	0	0	0	0	0	0	0
442	0	0	0	0	0	0	0	0	0	0	0
443	0	0	0	0	0	0	0	0	0	0	0
444	0	0	0	0	0	0	0	0	0	0	0
445	0	0	0	0	0	0	0	0	0	0	0
446	0	0	0	0	0	0	0	0	0	0	0
447	0	0	0	0	0	0	0	0	0	0	0
448	0	0	0	0	0	0	0	0	0	0	0
449	0	0	0	0	0	0	0	0	0	0	0
450	0	0	0	0	0	0	0	0	0	0	0
451	0	0	0	0	0	0	0	0	0	0	0
452	0	0	0	0	0	0	0	0	0	0	0
453	0	0	0	0	0	0	0	0	0	0	0
454	0	0	0	0	0	0	0	0	0	0	0
455	0	0	0	0	0	0	0	0	0	0	0
456	0	0	0	0	0	0	0	0	0	0	0
457	0	0	0	0	0	0	0	0	0	0	0
458	0	0	0	0	0	0	0	0	0	0	0
459	0	0	0	0	0	0	0	0	0	0	0
460	0	0	0	0	0	0	0	0	0	0	0
461	0	0	0	0	0	0	0	0	0	0	0
462	0	0	0	0	0	0	0	0	0	0	0
463	0	0	0	0	0	0	0	0	0	0	0
464	0	0	0	0	0	0	0	0	0	0	0
465	0	0	0	0	0	0	0	0	0	0	0
466	0	0	0	0	0	0	0	0	0	0	0
467	0	0	0	0	0	0	0	0	0	0	0
468	0	0	0	0	0	0	0	0	0	0	0
469	0	0	0	0	0	0	0	0	0	0	0
470	0	0	0	0	0	0	0	0	0	0	0
471	0	0	0	0	0	0	0	0	0	0	0
472	0	0	0	0	0	0	0	0	0	0	0
473	0	0	0	0	0	0	0	0	0	0	0
474	0	0	0	0	0	0	0	0	0	0	0
475	0	0	0	0	0	0	0	0	0	0	0
476	0	0	0	0	0	0	0	0	0	0	0
477	0	0	0	0	0	0	0	0	0	0	0
478	0	0	0	0	0	0	0	0	0	0	0
479	0	0	0	0	0	0	0	0	0	0	0
480	0	0	0	0	0	0	0	0	0	0	0
481	0	0	0	0	0	0	0	0	0	0	0
482	0	0	0	0	0	0	0	0	0	0	0
483	0	0	0	0	0	0	0	0	0	0	0
484	0	0	0	0	0	0	0	0	0	0	0
485	0	0	0	0	0	0	0	0	0	0	0
486	0	0	0	0	0	0	0	0	0	0	0
487	0	0	0	0	0	0	0	0	0	0	0
488	0	0	0	0	0	0	0	0	0	0	0
489	0	0	0	0	0	0	0	0	0	0	0
490	0	0	0	0	0	0	0	0	0	0	0
491	0	0	0	0	0	0	0	0	0	0	0
492	0	0	0	0	0	0	0	0	0	0	0
493	0	0	0	0	0	0	0	0	0	0	0
494	0	0	0	0	0	0	0	0	0	0	0
495	0	0	0	0	0	0	0	0	0	0	0
496	0	0	0	0	0	0	0	0	0	0	0
497	0	0	0	0	0	0	0	0	0	0	0
498	0	0	0	0	0	0	0	0	0	0	0
499	0	0	0	0	0	0	0	0	0	0	0
500	0	0	0	0	0	0	0	0	0	0	0
501	0	0	0	0	0	0	0	0	0	0	0
502	0	0	0	0	0	0	0	0	0	0	0
503	0	0	0	0	0	0	0	0	0	0	0
504	0	0	0	0	0	0	0	0	0	0	0
505	0	0	0	0	0	0	0	0	0	0	0
506	0	0	0	0	0	0	0	0	0	0	0
507	0	0	0	0	0	0	0	0	0	0	0
508	0	0	0	0	0	0	0	0	0	0	0
509	0	0	0	0	0	0	0	0	0	0	0
510	0	0	0	0	0	0	0	0	0	0	0
511	0	0	0	0	0	0	0	0	0	0	0
512	0	0	0	0	0	0	0	0	0	0	0
513	0	0	0	0	0	0	0	0	0	0	0
514	0	0	0	0	0	0	0	0	0	0	0
515	0	0	0	0	0	0	0	0	0	0	0
516	0	0	0	0	0	0	0	0	0	0	0
517	0	0	0	0	0	0	0	0	0	0	0
518	0	0	0	0	0	0	0	0	0	0	0
519	0	0	0	0	0	0	0	0	0	0	0
520	0	0	0	0	0	0	0	0	0	0	0
521	0	0	0	0	0	0	0	0	0	0	0
522	0	0	0	0	0	0	0	0	0	0	0
523	0	0	0	0	0	0	0	0	0	0	0
524	0	0	0	0	0	0	0	0	0	0	0
525	0	0	0	0	0	0	0	0	0	0	0
526	0	0	0	0	0	0	0	0	0	0	0
527	0	0	0	0	0	0	0	0	0	0	0
528	0	0	0	0	0	0	0	0	0	0	0
529	0	0	0	0	0	0	0	0	0	0	0
530	0	0	0	0	0	0	0	0	0	0	0
531	0	0	0	0	0	0	0	0	0	0	0
532	0	0	0	0	0	0	0	0	0	0	0
533	0	0	0	0	0	0	0	0	0	0	0
534	0	0	0	0	0	0	0	0	0	0	0
535	0	0	0	0	0	0	0	0	0	0	0
536	0	0	0	0	0	0	0	0	0	0	0
537	0	0	0	0	0	0	0	0	0	0	0
538	0	0	0	0	0	0	0	0	0	0	0
539	0	0	0	0	0	0	0	0	0	0	0
540	0	0	0	0	0	0	0	0	0	0	0
541	0	0	0	0	0	0	0	0	0	0	0
542	0	0	0	0	0	0	0	0	0	0	0
543	0	0	0	0	0	0	0	0	0	0	0
544	0	0	0	0	0	0	0	0	0	0	0
545	0	0	0	0	0	0	0	0	0	0	0
546	0	0	0	0	0	0	0	0	0	0	0
547	0	0	0	0	0	0	0	0	0	0	0
548	0	0	0	0	0	0	0	0	0	0	0
549	0	0	0	0	0	0	0	0	0	0	0
550	0	0	0	0	0	0	0	0	0	0	0
551	0	0	0	0	0	0	0	0	0	0	0
552	0	0	0	0	0	0	0	0	0	0	0
553	0	0	0	0	0	0	0	0	0	0	0
554	0	0	0	0	0	0	0	0	0	0	0
555	0	0	0	0	0	0	0	0	0	0	0
556	0	0	0	0	0	0	0	0	0	0	0
557	0	0	0	0	0	0	0	0	0	0	0
558	0	0	0	0	0	0	0	0	0	0	0
559	0	0	0	0	0	0	0	0	0	0	0
560	0	0	0	0	0	0	0	0	0	0	0
561	0	0	0	0	0	0	0	0	0	0	0
562	0	0	0	0	0	0	0	0	0	0	0
563	0	0	0	0	0	0	0	0	0	0	0
564	0	0	0	0	0	0	0	0	0	0	0
565	0	0	0	0	0	0	0	0	0	0	0
566	0	0	0	0	0	0	0	0	0	0	0
567	0	0	0	0	0	0	0	0	0	0	0
568	0	0	0	0	0	0	0	0	0	0	0
569	0	0	0	0	0	0	0	0	0	0	0
570	0	0	0	0	0	0	0	0	0	0	0
571	0	0	0	0	0	0	0	0	0	0	0
572	0	0	0	0	0	0	0	0	0	0	0
573	0	0	0	0	0	0	0	0	0	0	0
574	0	0	0	0	0	0	0	0	0	0	0
575	0	0	0	0	0	0	0	0	0	0	0
576	0	0	0	0	0	0	0	0	0	0	0
577	0	0	0	0	0	0	0	0	0	0	0
578	0	0	0	0	0	0	0	0	0	0	0
579	0	0	0	0	0	0	0	0	0	0	0
580	0	0	0	0	0	0	0	0	0	0	0
581	0	0	0	0	0	0	0	0	0	0	0
582	0	0	0	0	0	0	0	0	0	0	0
583	0	0	0	0	0	0	0	0	0	0	0
584	0	0	0	0	0	0	0	0	0	0	0
585	0	0	0	0	0	0	0	0	0	0	0
586	0	0	0	0	0	0	0	0	0	0	0
587	0	0	0	0	0	0	0	0	0	0	0
588	0	0	0	0	0	0	0	0	0	0	0
589	0	0	0	0	0	0	0	0	0	0	0
590	0	0	0	0	0	0	0	0	0	0	0
591	0	0	0	0	0	0	0	0	0	0	0
592	0	0	0	0	0	0	0	0	0	0	0
593	0	0	0	0	0	0	0	0	0	0	0
594	0	0	0	0	0	0	0	0	0	0	0
595	0	0	0	0	0	0	0	0	0	0	0
596	0	0	0	0	0	0	0	0	0	0	0
597	0	0	0	0	0	0	0	0	0	0	0
598	0	0	0	0	0	0	0	0	0	0	0
599	0	0	0	0	0	0	0	0	0	0	0
