0	0
1	0
2	0
3	0
4	0
5	0
6	0
7	0
8	0
9	0
10	0
11	0
12	1
13	3
14	1
15	6
16	2
17	4
18	3
19	8
20	4
21	7
22	6
23	13
24	6
25	12
26	14
27	14
28	16
29	14
30	12
31	20
32	12
33	22
34	14
35	23
36	29
37	33
38	35
39	31
40	19
41	38
42	26
43	31
44	29
45	28
46	31
47	20
48	18
49	17
50	28
51	22
52	25
53	29
54	30
55	45
56	47
57	25
58	22
59	26
60	28
61	23
62	33
63	26
64	13
65	32
66	36
67	31
68	29
69	39
70	29
71	19
72	34
73	30
74	31
75	37
76	37
77	46
78	33
79	46
80	46
81	49
82	43
83	50
84	62
85	49
86	80
87	61
88	55
89	65
90	50
91	71
92	58
93	62
94	78
95	72
96	65
97	74
98	83
99	57
100	67
101	78
102	75
103	87
104	63
105	91
106	61
107	82
108	80
109	81
110	73
111	99
112	81
113	89
114	93
115	77
116	69
117	79
118	79
119	98
120	56
121	114
122	124
123	106
124	82
125	89
126	82
127	90
128	91
129	103
130	82
131	135
132	90
133	83
134	122
135	96
136	78
137	96
138	98
139	146
140	108
141	75
142	70
143	97
144	99
145	80
146	75
147	63
148	33
149	40
150	38
151	45
152	52
153	53
154	64
155	75
156	46
157	57
158	43
159	52
160	65
161	68
162	30
163	35
164	80
165	39
166	50
167	29
168	44
169	33
170	73
171	51
172	31
173	44
174	41
175	34
176	29
177	41
178	38
179	37
180	57
181	47
182	47
183	43
184	36
185	33
186	62
187	72
188	81
189	31
190	48
191	25
192	45
193	38
194	38
195	36
196	63
197	52
198	38
199	36
200	49
201	48
202	45
203	25
204	27
205	25
206	34
207	55
208	39
209	25
210	45
211	28
212	32
213	43
214	63
215	32
216	33
217	42
218	27
219	30
220	39
221	42
222	51
223	32
224	33
225	45
226	43
227	44
228	55
229	37
230	42
231	43
232	30
233	34
234	32
235	25
236	38
237	49
238	34
239	33
240	24
241	38
242	41
243	37
244	37
245	42
246	61
247	64
248	49
249	61
250	60
251	64
252	75
253	64
254	44
255	54
256	30
257	37
258	41
259	43
260	42
261	57
262	53
263	38
264	46
265	69
266	48
267	54
268	55
269	81
270	52
271	52
272	53
273	50
274	50
275	57
276	60
277	36
278	44
279	45
280	54
281	64
282	68
283	60
284	72
285	41
286	63
287	54
288	63
289	39
290	59
291	55
292	66
293	58
294	49
295	53
296	64
297	84
298	52
299	53
300	44
301	41
302	56
303	59
304	65
305	46
306	45
307	25
308	31
309	47
310	46
311	63
312	58
313	48
314	41
315	71
316	55
317	80
318	48
319	60
320	50
321	49
322	54
323	52
324	54
325	45
326	50
327	53
328	54
329	49
330	58
331	53
332	63
333	49
334	56
335	60
336	44
337	60
338	52
339	82
340	57
341	65
342	73
343	57
344	60
345	51
346	40
347	36
348	47
349	38
350	41
351	76
352	48
353	67
354	56
355	48
356	44
357	58
358	55
359	48
360	58
361	47
362	43
363	39
364	46
365	56
366	36
367	45
368	52
369	34
370	49
371	71
372	55
373	81
374	72
375	47
376	71
377	44
378	57
379	68
380	53
381	75
382	52
383	66
384	48
385	77
386	58
387	43
388	49
389	45
390	55
391	63
392	55
393	67
394	52
395	39
396	46
397	33
398	52
399	42
400	55
401	59
402	49
403	67
404	55
405	33
406	53
407	43
408	69
409	53
410	39
411	47
412	46
413	53
414	61
415	47
416	58
417	49
418	63
419	65
420	67
421	53
422	55
423	66
424	49
425	57
426	41
427	56
428	48
429	44
430	47
431	37
432	59
433	44
434	34
435	47
436	44
437	63
438	48
439	33
440	52
441	43
442	50
443	52
444	34
445	32
446	30
447	36
448	49
449	37
450	45
451	54
452	32
453	36
454	35
455	35
456	42
457	34
458	44
459	25
460	28
461	27
462	25
463	35
464	22
465	29
466	17
467	35
468	33
469	28
470	56
471	35
472	22
473	22
474	39
475	36
476	37
477	48
478	18
479	42
480	28
481	35
482	50
483	40
484	43
485	24
486	25
487	26
488	30
489	23
490	41
491	28
492	30
493	43
494	24
495	26
496	32
497	27
498	39
499	31
500	39
501	34
502	52
503	34
504	28
505	45
506	23
507	43
508	29
509	28
510	22
511	20
512	27
513	43
514	25
515	25
516	26
517	22
518	31
519	25
520	30
521	30
522	18
523	33
524	23
525	18
526	30
527	18
528	24
529	28
530	29
531	20
532	15
533	9
534	11
535	13
536	17
537	22
538	18
539	21
540	26
541	26
542	11
543	13
544	8
545	11
546	12
547	20
548	17
549	20
550	11
551	18
552	16
553	16
554	23
555	13
556	18
557	26
558	19
559	21
560	22
561	19
562	20
563	29
564	13
565	6
566	11
567	17
568	21
569	14
570	14
571	16
572	5
573	12
574	15
575	22
576	14
577	13
578	11
579	7
580	14
581	21
582	8
583	9
584	13
