0	0
1	0
2	0
3	0
4	0
5	0
6	0
7	0
8	0
9	0
10	0
11	0
12	1
13	3
14	1
15	6
16	2
17	4
18	3
19	8
20	4
21	8
22	6
23	17
24	6
25	18
26	15
27	20
28	20
29	16
30	12
31	24
32	12
33	27
34	14
35	24
36	37
37	37
38	39
39	41
40	24
41	40
42	28
43	33
44	33
45	28
46	38
47	31
48	63
49	23
50	42
51	40
52	37
53	36
54	38
55	54
56	78
57	32
58	27
59	29
60	31
61	32
62	44
63	29
64	14
65	46
66	62
67	42
68	44
69	52
70	38
71	29
72	40
73	49
74	44
75	58
76	50
77	83
78	44
79	70
80	58
81	68
82	80
83	77
84	99
85	79
86	118
87	96
88	91
89	104
90	67
91	157
92	128
93	115
94	125
95	214
96	147
97	128
98	152
99	78
100	97
101	157
102	183
103	189
104	126
105	253
106	151
107	210
108	162
109	218
110	140
111	229
112	200
113	259
114	275
115	207
116	130
117	166
118	219
119	362
120	82
121	278
122	351
123	260
124	260
125	377
126	189
127	286
128	396
129	349
130	226
131	517
132	322
133	275
134	361
135	333
136	225
137	432
138	511
139	688
140	487
141	205
142	488
143	318
144	454
145	313
146	313
147	367
148	148
149	213
150	154
151	393
152	263
153	279
154	471
155	417
156	392
157	335
158	265
159	348
160	473
161	503
162	258
163	165
164	723
165	181
166	309
167	174
168	343
169	91
170	558
171	507
172	152
173	308
174	297
175	183
176	112
177	351
178	228
179	284
180	268
181	257
182	374
183	236
184	194
185	139
186	500
187	591
188	652
189	351
190	283
191	162
192	191
193	245
194	526
195	276
196	499
197	263
198	157
199	406
200	601
201	495
202	237
203	360
204	60
205	121
206	82
207	674
208	307
209	167
210	277
211	104
212	153
213	144
214	871
215	288
216	235
217	334
218	72
219	323
220	221
221	242
222	371
223	136
224	267
225	143
226	148
227	238
228	423
229	474
230	151
231	345
232	46
233	319
234	225
235	79
236	230
237	295
238	108
239	491
240	202
241	122
242	108
243	78
244	321
245	96
246	442
247	217
248	559
249	448
250	175
251	389
252	273
253	526
254	330
255	396
256	174
257	92
258	220
259	81
260	175
261	545
262	172
263	156
264	388
265	435
266	233
267	194
268	251
269	374
270	241
271	121
272	248
273	235
274	395
275	511
276	409
277	90
278	307
279	93
280	258
281	270
282	291
283	435
284	387
285	99
286	486
287	249
288	272
289	106
290	245
291	329
292	312
293	264
294	87
295	329
296	458
297	458
298	154
299	74
300	94
301	123
302	162
303	185
304	511
305	180
306	198
307	108
308	51
309	149
310	109
311	334
312	463
313	201
314	105
315	252
316	169
317	443
318	208
319	303
320	122
321	159
322	367
323	217
324	253
325	91
326	121
327	92
328	133
329	115
330	144
331	275
332	134
333	246
334	473
335	172
336	203
337	350
338	170
339	254
340	241
341	155
342	240
343	240
344	244
345	133
346	215
347	71
348	300
349	81
350	78
351	370
352	163
353	329
354	241
355	169
356	400
357	361
358	146
359	97
360	290
361	245
362	97
363	85
364	150
365	194
366	71
367	70
368	83
369	67
370	166
371	196
372	130
373	281
374	160
375	163
376	598
377	181
378	234
379	207
380	75
381	206
382	251
383	261
384	180
385	245
386	292
387	122
388	103
389	146
390	119
391	355
392	147
393	430
394	234
395	226
396	189
397	43
398	102
399	215
400	143
401	329
402	72
403	264
404	128
405	92
406	193
407	163
408	281
409	118
410	75
411	80
412	108
413	92
414	221
415	70
416	261
417	162
418	136
419	98
420	189
421	100
422	134
423	148
424	91
425	152
426	118
427	156
428	111
429	73
430	160
431	141
432	201
433	133
434	57
435	82
436	84
437	95
438	124
439	182
440	65
441	52
442	107
443	102
444	64
445	142
446	49
447	80
448	83
449	60
450	129
451	169
452	51
453	65
454	43
455	61
456	70
457	73
458	137
459	85
460	74
461	71
462	41
463	114
464	78
465	38
466	23
467	99
468	52
469	53
470	119
471	115
472	36
473	34
474	67
475	74
476	219
477	112
478	27
479	104
480	44
481	41
482	74
483	101
484	74
485	62
486	43
487	106
488	59
489	58
490	104
491	33
492	53
493	176
494	79
495	41
496	91
497	68
498	55
499	45
500	63
501	54
502	145
503	89
504	80
505	69
506	25
507	66
508	42
509	41
510	40
511	26
512	40
513	66
514	38
515	58
516	79
517	30
518	37
519	33
520	43
521	36
522	26
523	49
524	36
525	36
526	35
527	21
528	35
529	33
530	70
531	33
532	41
533	56
534	12
535	16
536	19
537	50
538	21
539	23
540	51
541	40
542	22
543	13
544	9
545	13
546	16
547	41
548	22
549	24
550	14
551	37
552	20
553	21
554	53
555	16
556	26
557	189
558	29
559	28
560	75
561	26
562	39
563	69
564	25
565	10
566	13
567	20
568	52
