0	0
1	0
2	0
3	0
4	0
5	0
6	0
7	0
8	0
9	0
10	0
11	0
12	1
13	19
14	53
15	118
16	135
17	108
18	67
19	37
20	47
21	45
22	43
23	44
24	41
25	53
26	59
27	78
28	100
29	147
30	151
31	182
32	215
33	285
34	311
35	389
36	448
37	582
38	616
39	766
40	837
41	923
42	1086
43	1128
44	1228
45	1388
46	1478
47	1652
48	1681
49	1986
50	2008
51	2153
52	2115
53	2192
54	2473
55	2464
56	2556
57	2458
58	2369
59	2687
60	2562
61	2768
62	2671
63	2678
64	2862
65	2949
66	2985
67	3032
68	3188
69	3086
70	3232
71	3421
72	3154
73	3435
74	3340
75	3580
76	3650
77	3610
78	3704
79	4015
80	4025
81	3821
82	3960
83	5255
84	4147
85	5113
86	4070
87	4175
88	4154
89	4975
90	6904
91	4847
92	4397
93	4477
94	4486
95	4726
96	4623
97	4414
98	4523
99	4727
100	4597
101	4976
102	4635
103	4804
104	5101
105	4966
106	5299
107	4968
108	5086
109	5099
110	5116
111	5299
112	5208
113	5284
114	5183
115	5195
116	5338
117	5146
118	5137
119	5154
120	5100
121	5364
122	5826
123	5428
124	5318
125	5416
126	5339
127	5032
128	5270
129	5122
130	5169
131	5419
132	5017
133	5200
134	5065
135	5212
136	5076
137	5229
138	5023
139	4916
140	5120
141	5350
142	5022
143	5134
144	5390
145	5107
146	4983
147	5435
148	5477
149	5260
150	5657
151	5471
152	5194
153	5358
154	5267
155	5024
156	4961
157	5169
158	5161
159	5197
160	5362
161	5053
162	5002
163	5094
164	4989
165	5038
166	4814
167	4473
168	4840
169	4682
170	4865
171	4694
172	4479
173	4604
174	4664
175	4727
176	4383
177	4332
178	4381
179	4348
180	4506
181	4361
182	4471
183	4341
184	4245
185	4093
186	3984
187	4057
188	4023
189	4092
190	3912
191	4134
192	3964
193	3994
194	4024
195	3839
196	3860
197	3807
198	3703
199	3630
200	3797
201	3643
202	3586
203	3380
204	3525
205	3521
206	3634
207	3482
208	3540
209	3653
210	3620
211	3241
212	3270
213	2993
214	3102
215	3046
216	3162
217	3164
218	3164
219	3098
220	3009
221	3126
222	3072
223	3027
224	2946
225	3024
226	2992
227	2854
228	2818
229	2884
230	2831
231	2710
232	2902
233	2660
234	2675
235	2583
236	2733
237	2579
238	2614
239	2598
240	2537
241	2547
242	2411
243	2522
244	2339
245	2316
246	2457
247	2483
248	2376
249	2495
250	2233
251	2166
252	2301
253	2202
254	2278
255	2318
256	2338
257	2292
258	2227
259	2085
260	2139
261	2212
262	2107
263	2000
264	2168
265	2035
266	2119
267	2081
268	2167
269	2315
270	2281
271	1862
272	2002
273	1917
274	2010
275	2134
276	1839
277	1882
278	1983
279	1901
280	1657
281	1859
282	1844
283	1929
284	1791
285	1694
286	1710
287	1803
288	1780
289	1838
290	1647
291	1900
292	1770
293	1754
294	1756
295	1716
296	1602
297	1716
298	1643
299	1736
300	1587
301	1505
302	1595
303	1555
304	1479
305	1701
306	1433
307	1443
308	1490
309	1417
310	1465
311	1340
312	1507
313	1404
314	1503
315	1524
316	1476
317	1498
318	1389
319	1314
320	1274
321	1295
322	1319
323	1284
324	1287
325	1282
326	1270
327	1220
328	1260
329	1270
330	1308
331	1240
332	1254
333	1238
334	1267
335	1280
336	1215
337	1314
338	1319
339	1211
340	1292
341	1287
342	1242
343	1279
344	1141
345	1108
346	1195
347	1262
348	1109
349	1026
350	1110
351	967
352	1069
353	991
354	1120
355	1183
356	1158
357	992
358	1083
359	1102
360	1091
361	1097
362	1028
363	1064
364	961
365	942
366	993
367	931
368	978
369	957
370	966
371	994
372	1067
373	1017
374	911
375	1012
376	1026
377	975
378	870
379	940
380	895
381	927
382	882
383	793
384	858
385	853
386	882
387	939
388	911
389	844
390	822
391	907
392	764
393	807
394	821
395	703
396	773
397	789
398	681
399	735
400	821
401	661
402	756
403	732
404	733
405	766
406	632
407	719
408	794
409	596
410	715
411	694
412	645
413	652
414	638
415	705
416	557
417	649
418	623
419	586
420	732
421	591
422	624
423	653
424	618
425	575
426	645
427	740
428	598
429	585
430	679
431	605
432	646
433	597
434	634
435	626
436	581
437	476
438	551
439	586
440	635
441	565
442	531
443	569
444	538
445	535
446	569
447	540
448	578
449	595
450	552
451	474
452	458
453	490
454	512
455	467
456	436
457	511
458	500
459	507
460	524
461	526
462	454
463	471
464	458
465	467
466	473
467	540
468	552
469	528
470	458
471	476
472	509
473	443
474	498
475	488
476	395
477	462
478	395
479	476
480	431
481	498
482	417
483	455
484	511
485	422
486	467
487	423
488	491
489	426
490	407
491	428
492	424
493	442
494	430
495	458
496	401
497	428
498	459
499	371
500	435
501	389
502	444
503	458
504	465
505	478
506	436
507	384
508	438
509	447
510	402
511	390
512	478
513	411
514	428
515	408
516	381
517	446
518	401
519	445
520	409
521	431
522	424
523	442
524	370
525	412
526	400
527	345
528	404
529	355
530	405
531	370
532	376
533	410
534	400
535	417
536	421
537	392
538	426
539	328
540	440
541	402
542	428
543	401
544	356
545	352
546	375
547	361
548	447
549	393
550	319
551	329
552	344
553	380
554	344
555	352
556	362
557	378
558	393
559	367
560	314
561	326
562	331
563	331
564	333
565	345
566	316
567	290
568	322
569	379
570	293
571	354
572	269
573	246
574	237
575	314
576	301
577	408
578	374
579	360
580	379
581	352
582	339
583	335
584	297
585	307
586	372
587	363
588	326
589	383
590	305
591	313
592	324
593	326
594	334
595	310
596	291
597	367
598	353
599	295
600	290
601	315
602	287
603	300
604	334
605	259
606	295
607	294
608	305
609	303
610	381
611	299
612	285
613	366
614	377
615	299
616	320
617	278
618	343
619	332
620	295
621	318
622	314
623	298
624	307
625	299
626	321
627	212
628	247
629	258
630	261
631	298
632	319
633	329
634	338
635	310
636	323
637	273
638	291
639	281
640	269
641	209
642	307
643	339
644	272
645	342
646	293
647	213
648	260
649	298
650	248
651	271
652	257
653	299
654	278
655	215
656	295
657	285
658	260
659	239
660	244
661	300
662	250
663	247
664	218
665	220
666	252
667	281
668	275
669	357
670	272
671	244
672	302
673	258
674	268
675	267
676	275
677	315
678	243
679	294
680	249
681	295
682	311
683	233
684	293
685	267
686	322
687	207
688	274
689	238
690	223
691	261
692	248
693	251
694	229
695	204
696	230
697	231
698	254
699	222
700	308
701	265
702	275
703	253
704	226
705	300
706	258
707	280
708	239
709	217
710	242
711	269
712	205
713	217
714	265
715	222
716	259
717	233
718	249
719	261
720	195
721	218
722	246
723	216
724	219
725	257
726	247
727	217
728	192
729	260
730	235
731	215
732	284
733	256
734	209
735	255
736	257
737	236
738	213
739	228
740	245
741	270
742	206
743	208
744	229
745	208
746	220
747	241
748	203
749	206
750	185
751	203
752	177
753	238
754	237
755	240
756	201
757	249
758	192
759	183
760	205
761	219
762	179
763	198
764	173
765	178
766	195
767	270
768	211
769	225
770	207
771	211
772	198
773	194
774	198
775	219
776	242
777	215
778	251
779	186
780	161
781	172
782	223
783	246
784	218
785	177
786	247
787	207
788	203
789	208
790	206
791	239
792	194
793	212
794	192
795	154
796	173
797	202
798	206
799	197
800	241
801	233
802	188
803	170
804	221
805	228
806	210
807	219
808	234
809	171
810	210
811	242
812	193
813	216
814	255
815	233
816	205
817	224
818	190
819	218
820	162
821	224
822	199
823	222
824	260
825	226
826	197
827	182
828	187
829	176
830	239
831	150
832	240
833	186
834	237
835	223
836	229
837	140
838	211
839	175
840	199
841	219
842	168
843	229
844	204
845	176
846	157
847	177
848	198
849	197
850	227
851	246
852	219
853	196
854	206
855	173
856	160
857	218
858	153
859	160
860	157
861	172
862	138
863	215
864	236
865	235
866	198
867	170
868	221
869	211
870	292
871	203
872	184
873	195
874	192
875	141
876	182
877	202
878	162
879	182
880	197
881	171
882	156
883	181
884	187
885	215
886	209
887	228
888	211
889	197
890	172
891	178
892	153
893	140
894	172
895	179
896	188
897	188
898	163
899	161
900	192
901	210
902	163
903	188
904	205
905	152
906	221
907	208
908	174
909	185
910	194
911	176
912	168
913	105
914	152
915	114
916	120
917	132
918	135
919	171
920	153
921	199
922	177
923	209
924	117
925	156
926	137
927	204
928	155
929	162
930	189
931	165
932	204
933	202
934	211
935	176
936	147
937	157
938	144
939	168
940	183
941	257
942	221
943	208
944	197
945	197
946	240
947	176
948	184
949	217
950	189
951	157
952	187
953	216
954	200
955	211
956	203
957	198
958	208
959	185
960	188
961	166
962	195
963	169
964	214
965	181
966	148
967	152
968	184
969	201
970	147
971	180
972	142
973	169
974	196
975	202
976	244
977	207
978	205
979	182
980	216
981	138
982	160
983	220
984	247
985	221
986	215
987	204
988	217
989	203
990	161
991	163
992	184
993	160
994	175
995	162
996	198
997	195
998	173
999	200
1000	189
1001	162
1002	143
1003	157
1004	175
1005	198
1006	232
1007	194
1008	183
1009	194
1010	191
1011	188
1012	189
1013	183
1014	214
1015	173
1016	183
1017	180
1018	176
1019	156
1020	146
1021	189
1022	208
1023	195
1024	218
1025	216
1026	176
1027	148
1028	169
1029	184
1030	233
1031	247
1032	210
1033	201
1034	180
1035	176
1036	182
1037	152
1038	148
1039	190
1040	162
1041	149
1042	159
1043	166
1044	170
1045	180
1046	158
1047	172
1048	183
1049	168
1050	169
1051	186
1052	175
1053	189
1054	176
1055	169
1056	198
1057	168
1058	184
1059	184
1060	205
1061	181
1062	169
1063	187
1064	187
1065	185
1066	175
1067	178
1068	150
1069	151
1070	140
1071	191
1072	180
1073	184
1074	147
1075	168
1076	161
1077	150
1078	141
1079	136
1080	161
1081	162
1082	156
1083	154
1084	203
1085	160
1086	125
1087	177
1088	172
1089	161
1090	198
1091	162
1092	183
1093	163
1094	189
1095	160
1096	138
1097	198
1098	219
1099	219
1100	196
1101	150
1102	168
1103	157
1104	148
1105	120
1106	139
1107	187
1108	189
1109	194
1110	183
1111	192
1112	190
1113	189
1114	216
1115	193
1116	184
1117	186
1118	177
1119	171
1120	163
1121	150
1122	151
1123	202
1124	195
1125	186
1126	190
1127	200
1128	162
1129	168
1130	164
1131	186
1132	182
1133	154
1134	214
1135	165
1136	205
1137	161
1138	190
1139	223
1140	238
1141	209
1142	239
1143	209
1144	187
1145	203
1146	181
1147	169
1148	162
1149	177
1150	203
1151	157
1152	195
1153	178
1154	184
1155	136
1156	162
1157	160
1158	188
1159	182
1160	220
1161	192
1162	156
1163	137
1164	188
1165	198
1166	195
1167	197
1168	169
1169	160
1170	148
1171	176
1172	171
1173	137
1174	113
1175	153
1176	181
1177	156
1178	147
1179	168
1180	163
1181	198
1182	114
1183	131
1184	152
1185	146
1186	181
1187	168
1188	190
1189	179
1190	179
1191	136
1192	131
1193	128
1194	107
1195	134
1196	134
1197	141
1198	191
1199	130
1200	163
1201	139
1202	143
1203	106
1204	124
1205	137
1206	179
1207	142
1208	126
1209	152
1210	141
1211	155
1212	149
1213	156
1214	127
1215	163
1216	157
1217	160
1218	140
1219	162
1220	133
1221	160
1222	161
1223	137
1224	137
1225	152
1226	140
1227	186
1228	146
1229	136
1230	112
1231	130
1232	151
1233	138
1234	158
1235	140
1236	186
1237	153
1238	118
1239	169
1240	156
1241	189
1242	129
1243	104
1244	138
1245	139
1246	114
1247	133
1248	149
1249	139
1250	133
1251	128
1252	130
1253	149
1254	134
1255	197
1256	139
1257	131
1258	164
1259	154
1260	170
1261	163
1262	156
1263	130
1264	192
1265	190
1266	164
1267	159
1268	141
1269	170
1270	178
1271	154
1272	176
1273	127
1274	125
1275	144
1276	150
1277	137
1278	148
1279	171
1280	198
1281	174
1282	150
1283	160
1284	138
1285	131
1286	122
1287	138
1288	150
1289	146
1290	182
1291	175
1292	110
1293	182
1294	112
1295	174
1296	137
1297	166
1298	152
1299	169
1300	152
1301	142
1302	147
1303	161
1304	189
1305	160
1306	141
1307	151
1308	165
1309	173
1310	137
1311	125
1312	112
1313	140
1314	182
1315	135
1316	142
1317	160
1318	100
1319	132
1320	149
1321	105
1322	117
1323	101
1324	148
1325	167
1326	148
1327	177
1328	116
1329	146
1330	181
1331	169
1332	156
1333	128
1334	140
1335	118
1336	127
1337	136
1338	133
1339	117
1340	127
1341	143
1342	125
1343	107
1344	124
1345	124
1346	125
1347	117
1348	155
1349	139
1350	136
1351	154
1352	144
1353	133
1354	124
1355	127
1356	108
1357	111
1358	132
1359	127
1360	124
1361	132
1362	150
1363	177
1364	154
1365	133
1366	111
1367	118
1368	102
1369	137
1370	157
1371	130
1372	129
1373	114
1374	109
1375	131
1376	126
1377	116
1378	111
1379	108
1380	105
1381	154
1382	173
1383	129
1384	181
1385	121
1386	138
1387	132
1388	139
1389	157
1390	121
1391	104
1392	153
1393	168
1394	204
1395	157
1396	148
1397	122
1398	134
1399	123
1400	126
1401	129
1402	131
1403	129
1404	136
1405	158
1406	132
1407	136
1408	137
1409	145
1410	136
1411	109
1412	128
1413	95
1414	147
1415	116
1416	127
1417	130
1418	144
1419	149
1420	98
1421	95
1422	121
1423	104
1424	127
1425	111
1426	104
1427	123
1428	91
1429	156
1430	109
1431	88
1432	100
1433	87
1434	148
1435	105
1436	139
1437	135
1438	120
1439	98
1440	103
1441	102
1442	162
1443	132
1444	121
1445	103
1446	124
1447	96
1448	128
1449	134
1450	100
1451	123
1452	101
1453	121
1454	116
1455	117
1456	84
1457	79
1458	115
1459	109
1460	135
1461	125
1462	122
1463	87
1464	127
1465	125
1466	125
1467	96
1468	134
1469	94
1470	115
1471	159
1472	145
1473	152
1474	153
1475	132
1476	107
1477	109
1478	149
1479	114
1480	167
1481	100
1482	124
1483	133
1484	108
1485	81
1486	123
1487	108
1488	126
1489	120
1490	153
1491	107
1492	127
1493	75
1494	108
1495	140
1496	169
1497	122
1498	113
1499	83
1500	100
1501	101
1502	143
1503	142
1504	124
1505	113
1506	81
1507	97
1508	112
1509	130
1510	141
1511	126
1512	101
1513	142
1514	135
1515	142
1516	140
1517	138
1518	141
1519	133
1520	100
1521	136
1522	112
1523	133
1524	100
1525	142
1526	142
1527	149
1528	99
1529	133
1530	113
1531	109
1532	116
1533	126
1534	134
1535	112
1536	145
1537	107
1538	137
1539	127
1540	139
1541	153
1542	156
1543	166
1544	121
1545	141
1546	132
1547	128
1548	159
1549	113
1550	135
1551	116
1552	112
1553	130
1554	130
1555	102
1556	112
1557	121
1558	138
1559	103
1560	118
1561	136
1562	107
1563	163
1564	112
1565	108
1566	113
1567	173
1568	154
1569	125
1570	136
1571	167
1572	133
1573	126
1574	97
1575	139
1576	162
1577	96
1578	114
1579	119
1580	114
1581	136
1582	145
1583	185
1584	149
1585	123
1586	120
1587	127
1588	157
1589	152
1590	164
1591	131
1592	166
1593	182
1594	117
1595	143
1596	179
1597	151
1598	158
1599	123
1600	146
1601	134
1602	132
1603	133
1604	126
1605	131
1606	129
1607	108
1608	130
1609	175
1610	86
1611	105
1612	104
1613	104
1614	101
1615	115
1616	95
1617	105
1618	115
1619	69
1620	136
1621	86
1622	82
1623	78
1624	87
1625	110
1626	82
1627	95
1628	119
1629	134
1630	126
1631	141
1632	117
1633	84
1634	121
1635	147
1636	92
1637	108
1638	152
1639	139
1640	127
1641	138
1642	134
1643	91
1644	138
1645	105
1646	117
1647	94
1648	97
1649	91
1650	112
1651	81
1652	147
1653	143
1654	127
1655	155
1656	133
1657	89
1658	100
1659	100
1660	126
1661	151
1662	100
1663	111
1664	122
1665	91
1666	99
1667	127
1668	89
1669	108
1670	83
1671	84
1672	127
1673	97
1674	93
1675	96
1676	130
1677	141
1678	135
1679	131
1680	88
1681	92
1682	119
1683	129
1684	105
1685	131
1686	140
1687	144
1688	148
1689	123
1690	100
1691	101
1692	100
1693	124
1694	121
1695	111
1696	130
1697	142
1698	173
1699	85
1700	143
1701	122
1702	151
1703	109
1704	102
1705	124
1706	102
1707	92
1708	65
1709	82
1710	111
1711	91
1712	116
1713	118
1714	106
1715	98
1716	119
1717	119
1718	109
1719	115
1720	114
1721	124
1722	167
1723	125
1724	139
1725	126
1726	107
1727	88
1728	115
1729	144
1730	146
1731	120
1732	130
1733	118
1734	133
1735	97
1736	154
1737	179
1738	122
1739	144
1740	164
1741	118
1742	108
1743	120
1744	107
1745	121
1746	108
1747	115
1748	116
1749	108
1750	100
1751	100
1752	104
1753	128
1754	120
1755	84
1756	93
1757	89
1758	72
1759	73
1760	119
1761	88
1762	145
1763	132
1764	122
1765	142
1766	99
1767	99
1768	144
1769	151
1770	120
1771	92
1772	146
1773	146
1774	130
1775	151
1776	113
1777	123
1778	122
1779	93
1780	85
1781	67
1782	86
1783	91
1784	124
1785	108
1786	122
1787	127
1788	88
1789	106
1790	130
1791	114
1792	103
1793	63
1794	100
1795	121
1796	97
1797	80
1798	92
1799	74
1800	76
1801	90
1802	147
1803	93
1804	115
1805	77
1806	100
1807	84
1808	119
1809	100
1810	94
1811	81
1812	77
1813	70
1814	119
1815	108
1816	104
1817	118
1818	83
1819	119
1820	107
1821	78
1822	76
1823	71
1824	109
1825	106
1826	95
1827	71
1828	67
1829	92
1830	89
1831	156
1832	96
1833	148
1834	109
1835	112
1836	120
1837	105
1838	89
1839	124
1840	78
1841	81
1842	84
1843	88
1844	63
1845	53
1846	89
1847	69
1848	76
1849	99
1850	94
1851	99
1852	82
1853	91
1854	95
1855	105
1856	117
1857	96
1858	120
1859	89
1860	85
1861	130
1862	91
1863	125
1864	92
1865	96
1866	97
1867	89
1868	88
1869	98
1870	79
1871	91
1872	81
1873	82
1874	57
1875	79
1876	86
1877	93
1878	98
1879	122
1880	106
1881	90
1882	102
1883	84
1884	99
1885	97
1886	87
1887	108
1888	120
1889	110
1890	89
1891	105
1892	141
1893	99
1894	79
1895	81
1896	97
1897	86
1898	71
1899	75
1900	67
1901	50
1902	69
1903	91
1904	107
1905	68
1906	79
1907	112
1908	109
1909	100
1910	124
1911	135
1912	96
1913	132
1914	80
1915	64
1916	83
1917	77
1918	70
1919	47
1920	58
1921	65
1922	81
1923	81
1924	74
1925	95
1926	116
1927	77
1928	102
1929	69
1930	96
1931	92
1932	115
1933	99
1934	76
1935	89
1936	87
1937	75
1938	78
1939	92
1940	75
1941	73
1942	103
1943	58
1944	48
1945	69
1946	72
1947	75
1948	65
1949	81
1950	86
1951	94
1952	91
1953	130
1954	91
1955	128
1956	100
1957	90
1958	90
1959	118
1960	97
1961	95
1962	74
1963	111
1964	91
1965	91
1966	83
1967	71
1968	85
1969	90
1970	98
1971	100
1972	77
1973	77
1974	101
1975	119
1976	110
1977	100
1978	106
1979	78
1980	87
1981	82
1982	73
1983	114
1984	78
1985	86
1986	117
1987	100
1988	107
1989	110
1990	111
1991	121
1992	110
1993	121
1994	118
1995	69
1996	94
1997	107
1998	106
1999	102
2000	93
2001	121
2002	92
2003	105
2004	127
2005	120
2006	100
2007	100
2008	101
2009	102
2010	106
2011	134
2012	126
2013	99
2014	111
2015	88
2016	88
2017	88
2018	79
2019	66
2020	103
2021	71
2022	93
2023	95
2024	117
2025	99
2026	82
2027	131
2028	84
2029	138
2030	80
2031	87
2032	84
2033	67
2034	106
2035	76
2036	114
2037	78
2038	98
2039	80
2040	73
2041	103
2042	106
2043	103
2044	94
2045	91
2046	101
2047	114
2048	105
2049	67
2050	86
2051	48
2052	125
2053	82
2054	81
2055	71
2056	99
2057	125
2058	83
2059	86
2060	65
2061	101
2062	99
2063	87
2064	88
2065	117
2066	101
2067	103
2068	115
2069	80
2070	96
2071	113
2072	95
2073	73
2074	101
2075	110
2076	80
2077	114
2078	84
2079	88
2080	110
2081	129
2082	82
2083	102
2084	79
2085	66
2086	67
2087	82
2088	71
2089	76
2090	71
2091	85
2092	76
2093	122
2094	132
2095	70
2096	86
2097	93
2098	69
2099	93
2100	98
2101	67
2102	94
2103	98
2104	91
2105	117
2106	88
2107	102
2108	81
2109	69
2110	94
2111	73
2112	89
2113	100
2114	75
2115	80
2116	44
2117	84
2118	105
2119	70
2120	102
2121	91
2122	78
2123	88
2124	86
2125	66
2126	68
2127	90
2128	86
2129	49
2130	72
2131	89
2132	70
2133	83
2134	68
2135	68
2136	99
2137	63
2138	83
2139	104
2140	93
2141	99
2142	97
2143	102
2144	117
2145	80
2146	102
2147	131
2148	131
2149	118
2150	107
2151	76
2152	107
2153	103
2154	124
2155	81
2156	128
2157	105
2158	77
2159	84
2160	114
2161	105
2162	85
2163	87
2164	90
2165	78
2166	68
2167	123
2168	81
2169	81
2170	86
2171	54
2172	83
2173	74
2174	75
2175	128
2176	101
2177	108
2178	78
2179	97
2180	96
2181	63
2182	57
2183	73
2184	100
2185	91
2186	61
2187	75
2188	57
2189	83
2190	68
2191	68
2192	79
2193	67
2194	57
2195	67
2196	99
2197	114
2198	74
2199	126
2200	72
2201	91
2202	97
2203	63
2204	76
2205	94
2206	78
2207	76
2208	96
2209	117
2210	92
2211	97
2212	105
2213	139
2214	112
2215	124
2216	116
2217	101
2218	92
2219	78
2220	127
2221	92
2222	65
2223	93
2224	97
2225	112
2226	105
2227	117
2228	89
2229	114
2230	91
2231	95
2232	80
2233	55
2234	84
2235	75
2236	98
2237	85
2238	95
2239	105
2240	142
2241	95
2242	92
2243	88
2244	93
2245	101
2246	74
2247	106
2248	69
2249	92
2250	93
2251	82
2252	89
2253	110
2254	70
2255	104
2256	100
2257	111
2258	125
2259	112
2260	130
2261	134
2262	116
2263	110
2264	108
2265	126
2266	83
2267	80
2268	116
2269	90
2270	90
2271	63
2272	111
2273	118
2274	78
2275	71
2276	72
2277	87
2278	74
2279	85
2280	83
2281	101
2282	112
2283	125
2284	88
2285	82
2286	106
2287	141
2288	138
2289	49
2290	83
2291	96
2292	82
2293	91
2294	108
2295	103
2296	84
2297	86
2298	124
2299	93
2300	88
2301	80
2302	80
2303	106
2304	110
2305	92
2306	66
2307	89
2308	65
2309	86
2310	61
2311	107
2312	106
2313	91
2314	108
2315	111
2316	128
2317	75
2318	126
2319	97
2320	83
2321	92
2322	60
2323	79
2324	62
2325	79
2326	106
2327	116
2328	141
2329	75
2330	95
2331	97
2332	74
2333	79
2334	80
2335	86
2336	77
2337	80
2338	95
2339	57
2340	85
2341	73
2342	80
2343	66
2344	75
2345	96
2346	96
2347	94
2348	116
2349	124
2350	74
2351	116
2352	87
2353	83
2354	87
2355	89
2356	78
2357	62
2358	75
2359	113
2360	84
2361	60
2362	66
2363	93
2364	114
2365	90
2366	101
2367	85
2368	83
2369	61
2370	59
2371	88
2372	49
2373	54
2374	73
2375	75
2376	82
2377	79
2378	84
2379	107
2380	86
2381	83
2382	70
2383	89
2384	74
2385	93
2386	83
2387	78
2388	81
2389	91
2390	74
2391	80
2392	95
2393	114
2394	105
2395	104
2396	96
2397	112
2398	117
2399	76
2400	111
2401	86
2402	66
2403	87
2404	76
2405	112
2406	94
2407	78
2408	57
2409	71
2410	57
2411	67
2412	69
2413	92
2414	93
2415	96
2416	112
2417	76
2418	76
2419	102
2420	80
2421	90
2422	89
2423	94
2424	78
2425	70
2426	74
2427	90
2428	94
2429	147
2430	88
2431	100
2432	91
2433	81
2434	65
2435	79
2436	74
2437	54
2438	79
2439	90
2440	88
2441	93
2442	100
2443	88
2444	71
2445	70
2446	56
2447	70
2448	102
2449	92
2450	82
2451	126
2452	128
2453	92
2454	132
2455	103
2456	99
2457	89
2458	78
2459	84
2460	102
2461	85
2462	83
2463	121
2464	92
2465	79
2466	83
2467	86
2468	83
2469	81
2470	87
2471	63
2472	73
2473	74
2474	89
2475	65
2476	92
2477	85
2478	62
2479	63
2480	54
2481	62
2482	77
2483	73
2484	62
2485	88
2486	87
2487	91
2488	72
2489	88
2490	66
2491	81
2492	62
2493	95
2494	93
2495	85
2496	83
2497	87
2498	99
2499	106
2500	73
2501	94
2502	92
2503	66
2504	99
2505	82
2506	71
2507	68
2508	53
2509	55
2510	50
2511	53
2512	77
2513	55
2514	69
2515	70
2516	84
2517	105
2518	128
2519	70
2520	83
2521	79
2522	84
2523	77
2524	72
2525	60
2526	94
2527	61
2528	57
2529	54
2530	101
2531	67
2532	58
2533	89
2534	65
2535	58
2536	63
2537	72
2538	54
2539	66
2540	51
2541	66
2542	64
2543	72
2544	76
2545	67
2546	60
2547	56
2548	70
2549	81
2550	56
2551	67
2552	80
2553	92
2554	66
2555	83
2556	33
2557	48
2558	27
2559	56
2560	35
2561	53
2562	59
2563	42
2564	79
2565	63
2566	55
2567	62
2568	50
2569	59
2570	42
2571	40
2572	73
2573	92
2574	52
2575	74
2576	48
2577	55
2578	68
2579	55
2580	76
2581	97
2582	89
2583	54
2584	43
2585	55
2586	66
2587	68
2588	36
2589	81
2590	59
2591	68
2592	87
2593	57
2594	51
2595	48
2596	42
2597	93
2598	83
2599	84
2600	72
2601	70
2602	65
2603	40
2604	39
2605	73
2606	68
2607	78
2608	65
2609	65
2610	46
2611	48
2612	35
2613	73
2614	69
2615	60
2616	54
2617	63
2618	63
2619	55
2620	56
2621	50
2622	41
2623	86
2624	61
2625	79
2626	104
2627	47
2628	56
2629	71
2630	85
2631	56
2632	73
2633	83
2634	46
2635	57
2636	55
2637	70
2638	30
2639	60
2640	54
2641	67
2642	50
2643	41
2644	52
2645	63
2646	71
2647	74
2648	67
2649	67
2650	90
2651	63
2652	72
2653	43
2654	51
2655	44
2656	85
2657	81
2658	75
2659	83
2660	55
2661	57
2662	69
2663	91
2664	63
2665	73
2666	69
2667	63
2668	85
2669	63
2670	57
2671	44
2672	69
2673	74
2674	86
2675	65
2676	49
2677	37
2678	48
2679	37
2680	40
2681	76
2682	38
2683	34
2684	53
2685	91
2686	91
2687	64
2688	71
2689	117
2690	78
2691	62
2692	44
2693	59
2694	36
2695	62
2696	60
2697	66
2698	82
2699	60
2700	46
2701	87
2702	92
2703	64
2704	84
2705	98
2706	118
2707	100
2708	86
2709	100
2710	88
2711	134
2712	100
2713	98
2714	78
2715	70
2716	68
2717	78
2718	91
2719	73
2720	98
2721	80
2722	74
2723	89
2724	64
2725	66
2726	87
2727	63
2728	37
2729	80
2730	50
2731	64
2732	53
2733	87
2734	74
2735	89
2736	101
2737	94
2738	68
2739	81
2740	114
2741	73
2742	83
2743	114
2744	79
2745	71
2746	92
2747	106
2748	50
2749	83
2750	63
2751	73
2752	70
2753	78
2754	63
2755	64
2756	60
2757	70
2758	47
2759	72
2760	64
2761	77
2762	64
2763	72
2764	75
2765	75
2766	62
2767	73
2768	71
2769	69
2770	90
2771	76
2772	89
2773	69
2774	69
2775	52
2776	62
2777	53
2778	63
2779	59
2780	84
2781	67
2782	59
2783	50
2784	52
2785	39
2786	48
2787	68
2788	69
2789	68
2790	52
2791	80
2792	106
2793	54
2794	82
2795	75
2796	38
2797	73
2798	60
2799	61
2800	86
2801	86
2802	68
2803	88
2804	61
2805	82
2806	62
2807	73
2808	50
2809	88
2810	81
2811	53
2812	74
2813	76
2814	62
2815	61
2816	49
2817	58
2818	60
2819	73
2820	69
2821	52
2822	73
2823	67
2824	67
2825	39
2826	49
2827	38
2828	34
2829	46
2830	59
2831	38
2832	51
2833	59
2834	66
2835	81
2836	72
2837	72
2838	54
2839	68
2840	53
2841	78
2842	81
2843	74
2844	68
2845	70
2846	66
2847	64
2848	64
2849	68
2850	61
2851	61
2852	37
2853	33
2854	61
2855	85
2856	72
2857	67
2858	62
2859	80
2860	58
2861	65
2862	50
2863	49
2864	66
2865	61
2866	73
2867	67
2868	62
2869	36
2870	33
2871	87
2872	90
2873	71
2874	42
2875	38
2876	53
2877	60
2878	58
2879	76
2880	78
2881	79
2882	72
2883	77
2884	75
2885	77
2886	83
2887	69
2888	40
2889	43
2890	40
2891	53
2892	54
2893	48
2894	63
2895	53
2896	41
2897	46
2898	59
2899	52
2900	39
2901	60
2902	43
2903	61
2904	46
2905	49
2906	63
2907	44
2908	45
2909	50
2910	49
2911	42
2912	47
2913	62
2914	58
2915	77
2916	55
2917	77
2918	60
2919	68
2920	97
2921	64
2922	36
2923	68
2924	76
2925	85
2926	37
2927	29
2928	76
2929	70
2930	56
2931	60
2932	24
2933	55
2934	35
2935	40
2936	24
2937	54
2938	46
2939	44
2940	45
2941	45
2942	41
2943	70
2944	55
2945	57
2946	56
2947	44
2948	62
2949	69
2950	45
2951	54
2952	58
2953	41
2954	37
2955	57
2956	50
2957	64
2958	53
2959	68
2960	35
2961	58
2962	43
2963	67
2964	44
2965	39
2966	42
2967	43
2968	39
2969	30
2970	39
2971	39
2972	54
2973	71
2974	57
2975	73
2976	56
2977	66
2978	32
2979	56
2980	34
2981	38
2982	44
2983	30
2984	47
2985	72
2986	27
2987	51
2988	49
2989	72
2990	53
2991	54
2992	61
2993	43
2994	36
2995	48
2996	43
2997	43
2998	58
2999	57
3000	51
3001	62
3002	73
3003	91
3004	48
3005	65
3006	51
3007	53
3008	71
3009	62
3010	70
3011	50
3012	85
3013	50
3014	56
3015	61
3016	50
3017	62
3018	57
3019	43
3020	61
3021	65
3022	59
3023	61
3024	47
3025	43
3026	43
3027	45
3028	76
3029	44
3030	38
3031	57
3032	41
3033	67
3034	57
3035	53
3036	52
3037	30
3038	41
3039	34
3040	48
3041	32
3042	41
3043	51
3044	53
3045	67
3046	60
3047	54
3048	61
3049	40
3050	43
3051	76
3052	56
3053	82
3054	57
3055	66
3056	94
3057	45
3058	81
3059	99
3060	71
3061	51
3062	79
3063	64
3064	48
3065	54
3066	71
3067	64
3068	47
3069	44
3070	45
3071	48
3072	45
3073	59
3074	52
3075	62
3076	59
3077	63
3078	64
3079	63
3080	66
3081	70
3082	60
3083	61
3084	69
3085	66
3086	65
3087	56
3088	68
3089	45
3090	61
3091	60
3092	65
3093	67
3094	49
3095	78
3096	69
3097	65
3098	78
3099	63
3100	68
3101	43
3102	49
3103	65
3104	50
3105	57
3106	79
3107	40
3108	27
3109	34
3110	55
3111	43
3112	56
3113	39
3114	46
3115	62
3116	30
3117	44
3118	48
3119	53
3120	31
3121	32
3122	34
3123	37
3124	36
3125	48
3126	49
3127	47
3128	68
3129	67
3130	38
3131	28
3132	35
3133	60
3134	43
3135	32
3136	29
3137	36
3138	51
3139	59
3140	33
3141	49
3142	53
3143	43
3144	59
3145	69
3146	43
3147	65
3148	59
3149	43
3150	61
3151	55
3152	57
3153	51
3154	38
3155	29
3156	48
3157	53
3158	37
3159	70
3160	68
3161	39
3162	36
3163	59
3164	47
3165	48
3166	55
3167	64
3168	83
3169	54
3170	61
3171	43
3172	50
3173	68
3174	36
3175	53
3176	53
3177	67
3178	48
3179	53
3180	55
3181	62
3182	53
3183	65
3184	61
3185	80
3186	54
3187	79
3188	68
3189	64
3190	52
3191	74
3192	60
3193	90
3194	66
3195	63
3196	61
3197	64
3198	98
3199	87
3200	83
3201	72
3202	75
3203	69
3204	40
3205	62
3206	72
3207	42
3208	62
3209	54
3210	60
3211	66
3212	77
3213	56
3214	70
3215	68
3216	60
3217	52
3218	51
3219	62
3220	74
3221	49
3222	62
3223	60
3224	35
3225	34
3226	64
3227	38
3228	77
3229	62
3230	63
3231	64
3232	76
3233	50
3234	57
3235	44
3236	42
3237	37
3238	66
3239	38
3240	43
3241	83
3242	102
3243	77
3244	52
3245	48
3246	79
3247	51
3248	36
3249	21
3250	45
3251	51
3252	48
3253	55
3254	57
3255	45
3256	57
3257	39
3258	28
3259	68
3260	47
3261	62
3262	69
3263	59
3264	45
3265	43
3266	52
3267	59
3268	59
3269	57
3270	49
3271	49
3272	71
3273	45
3274	78
3275	63
3276	62
3277	50
3278	53
3279	40
3280	61
3281	67
3282	86
3283	53
3284	81
3285	71
3286	65
3287	39
3288	56
3289	50
3290	72
3291	41
3292	49
3293	48
3294	45
3295	49
3296	47
3297	33
3298	75
3299	64
3300	51
3301	45
3302	55
3303	52
3304	45
3305	49
3306	61
3307	49
3308	55
3309	43
3310	40
3311	50
3312	68
3313	72
3314	79
3315	92
3316	85
3317	39
3318	51
3319	48
3320	82
3321	73
3322	60
3323	62
3324	75
3325	74
3326	70
3327	58
3328	54
3329	76
3330	58
3331	49
3332	53
3333	71
3334	29
3335	51
3336	43
3337	56
3338	61
3339	46
3340	40
3341	53
3342	50
3343	44
3344	69
3345	63
3346	70
3347	51
3348	54
3349	55
3350	51
3351	64
3352	76
3353	68
3354	61
3355	51
3356	53
3357	68
3358	53
3359	47
3360	57
3361	48
3362	40
3363	52
3364	70
3365	49
3366	49
3367	80
3368	55
3369	58
3370	52
3371	57
3372	62
3373	61
3374	48
3375	38
3376	34
3377	24
3378	37
3379	28
3380	42
3381	39
3382	48
3383	63
3384	47
3385	44
3386	42
3387	63
3388	60
3389	48
3390	58
3391	40
3392	67
3393	49
3394	56
3395	46
3396	66
3397	51
3398	37
3399	49
3400	43
3401	33
3402	43
3403	54
3404	74
3405	59
3406	33
3407	49
3408	55
3409	40
3410	64
3411	24
3412	44
3413	30
3414	52
3415	40
3416	37
3417	41
3418	53
3419	40
3420	37
3421	67
3422	41
3423	38
3424	43
3425	39
3426	32
3427	44
3428	62
3429	46
3430	71
3431	48
3432	33
3433	59
3434	48
3435	35
3436	35
3437	36
3438	42
3439	53
3440	41
3441	36
3442	59
3443	62
3444	59
3445	34
3446	52
3447	43
3448	41
3449	51
3450	65
3451	60
3452	39
3453	78
3454	69
3455	57
3456	62
3457	53
3458	49
3459	43
3460	54
3461	39
3462	57
3463	66
3464	37
3465	50
3466	50
3467	38
3468	54
3469	64
3470	70
3471	52
3472	54
3473	47
3474	27
3475	40
3476	33
3477	25
3478	57
3479	38
3480	18
3481	47
3482	33
3483	44
3484	31
3485	33
3486	30
3487	26
3488	40
3489	43
3490	43
3491	35
3492	57
3493	55
3494	34
3495	29
3496	36
3497	40
3498	40
3499	41
3500	55
3501	46
3502	39
3503	40
3504	38
3505	49
3506	43
3507	44
3508	51
3509	51
3510	21
3511	29
3512	23
3513	26
3514	66
3515	38
3516	52
3517	56
3518	59
3519	45
3520	58
3521	64
3522	96
3523	85
3524	52
3525	49
3526	40
3527	44
3528	46
3529	38
3530	43
3531	45
3532	59
3533	54
3534	25
3535	43
3536	43
3537	28
3538	42
3539	41
3540	57
3541	40
3542	51
3543	48
3544	53
3545	59
3546	50
3547	52
3548	67
3549	56
3550	49
3551	32
3552	39
3553	44
3554	37
3555	51
3556	56
3557	30
3558	26
3559	39
3560	35
3561	43
3562	52
3563	44
3564	53
3565	46
3566	43
3567	38
3568	55
3569	54
3570	26
3571	41
3572	21
3573	25
3574	48
3575	66
3576	36
3577	42
3578	57
3579	58
3580	63
3581	42
3582	28
3583	33
3584	34
3585	47
3586	56
3587	43
3588	37
3589	40
3590	43
3591	27
3592	34
3593	80
3594	60
3595	58
3596	50
3597	56
3598	23
3599	33
3600	61
3601	55
3602	60
3603	53
3604	59
3605	60
3606	49
3607	41
3608	49
3609	31
3610	59
3611	43
3612	33
3613	40
3614	46
3615	43
3616	84
3617	32
3618	70
3619	51
3620	46
3621	74
3622	55
3623	51
3624	37
3625	31
3626	35
3627	53
3628	61
3629	37
3630	35
3631	35
3632	37
3633	51
3634	61
3635	69
3636	50
3637	59
3638	33
3639	37
3640	69
3641	44
3642	50
3643	52
3644	45
3645	39
3646	36
3647	62
3648	49
3649	49
3650	50
3651	37
3652	30
3653	37
3654	61
3655	49
3656	35
3657	38
3658	43
3659	41
3660	52
3661	33
3662	63
3663	49
3664	54
3665	44
3666	43
3667	48
3668	55
3669	40
3670	58
3671	65
3672	43
3673	52
3674	46
3675	52
3676	25
3677	57
3678	27
3679	30
3680	25
3681	38
3682	59
3683	50
3684	27
3685	37
3686	20
3687	38
3688	27
3689	32
3690	35
3691	32
3692	37
3693	37
3694	26
3695	36
3696	37
3697	27
3698	20
3699	18
3700	26
3701	69
3702	45
3703	32
3704	66
3705	47
3706	42
3707	30
3708	37
3709	46
3710	66
3711	54
3712	81
3713	46
3714	36
3715	31
3716	38
3717	32
3718	33
3719	36
3720	35
3721	46
3722	42
3723	30
3724	49
3725	48
3726	62
3727	31
3728	33
3729	36
3730	56
3731	52
3732	46
3733	25
3734	32
3735	45
3736	40
3737	61
3738	42
3739	41
3740	67
3741	21
3742	19
3743	34
3744	47
3745	25
3746	32
3747	46
3748	44
3749	57
3750	66
3751	35
3752	40
3753	33
3754	35
3755	46
3756	50
3757	51
3758	63
3759	37
3760	57
3761	49
3762	46
3763	76
3764	35
3765	41
3766	50
3767	40
3768	25
3769	38
3770	41
3771	40
3772	36
3773	42
3774	59
3775	49
3776	59
3777	45
3778	38
3779	41
3780	22
3781	32
3782	33
3783	28
3784	39
3785	50
3786	37
3787	54
3788	47
3789	30
3790	51
3791	55
3792	33
3793	47
3794	42
3795	33
3796	25
3797	33
3798	46
3799	36
3800	40
3801	46
3802	39
3803	36
3804	34
3805	46
3806	37
3807	37
3808	25
3809	42
3810	33
3811	19
3812	34
3813	71
3814	51
3815	42
3816	56
3817	48
3818	54
3819	42
3820	51
3821	45
3822	40
3823	36
3824	34
3825	37
3826	30
3827	27
3828	31
3829	59
3830	45
3831	30
3832	51
3833	43
3834	28
3835	33
3836	28
3837	48
3838	53
3839	45
3840	36
3841	27
3842	27
3843	36
3844	44
3845	46
3846	42
3847	44
3848	38
3849	45
3850	17
3851	25
3852	32
3853	38
3854	45
3855	26
3856	52
3857	55
3858	51
3859	40
3860	55
3861	47
3862	15
3863	24
3864	27
3865	33
3866	52
3867	49
3868	42
3869	37
3870	57
3871	31
3872	36
3873	48
3874	33
3875	30
3876	47
3877	33
3878	60
3879	54
3880	34
3881	41
3882	47
3883	58
3884	46
3885	39
3886	48
3887	71
3888	33
3889	38
3890	63
3891	30
3892	58
3893	34
3894	50
3895	52
3896	43
3897	83
3898	29
3899	35
3900	35
3901	40
3902	48
3903	58
3904	49
3905	46
3906	50
3907	70
3908	102
3909	65
3910	68
3911	79
3912	50
3913	61
3914	67
3915	68
3916	67
3917	65
3918	68
3919	48
3920	46
3921	70
3922	76
3923	58
3924	58
3925	63
3926	54
3927	44
3928	50
3929	85
3930	70
3931	78
3932	49
3933	66
3934	58
3935	35
3936	91
3937	75
3938	61
3939	64
3940	72
3941	75
3942	82
3943	68
3944	79
3945	71
3946	77
3947	75
3948	69
3949	73
3950	72
3951	74
3952	63
3953	70
3954	77
3955	65
3956	50
3957	58
3958	59
3959	56
3960	52
3961	52
3962	62
3963	44
3964	53
3965	45
3966	47
3967	54
3968	42
3969	53
3970	78
3971	40
3972	53
3973	74
3974	86
3975	44
3976	50
3977	30
3978	42
3979	28
3980	27
3981	65
3982	40
3983	36
3984	53
3985	35
3986	36
3987	25
3988	28
3989	48
3990	38
3991	48
3992	41
3993	24
3994	33
3995	61
3996	43
3997	43
3998	42
3999	38
4000	33
4001	23
4002	33
4003	54
4004	34
4005	33
4006	52
4007	42
4008	48
4009	53
4010	76
4011	44
4012	44
4013	36
4014	51
4015	46
4016	59
4017	56
4018	51
4019	56
4020	42
4021	53
4022	50
4023	53
4024	53
4025	44
4026	49
4027	37
4028	67
4029	45
4030	49
4031	63
4032	64
4033	71
4034	80
4035	62
4036	46
4037	48
4038	63
4039	37
4040	48
4041	70
4042	68
4043	60
4044	47
4045	59
4046	66
4047	56
4048	44
4049	62
4050	72
4051	56
4052	69
4053	107
4054	74
4055	55
4056	70
4057	72
4058	90
4059	68
4060	66
4061	58
4062	31
4063	38
4064	63
4065	80
4066	78
4067	77
4068	46
4069	76
4070	51
4071	44
4072	37
4073	80
4074	67
4075	44
4076	71
4077	74
4078	45
4079	47
4080	63
4081	48
4082	57
4083	54
4084	45
4085	59
4086	60
4087	58
4088	52
4089	67
4090	49
4091	57
4092	58
4093	57
4094	72
4095	51
4096	62
4097	94
4098	83
4099	69
4100	45
4101	45
4102	42
4103	49
4104	43
4105	47
4106	40
4107	41
4108	50
4109	44
4110	45
4111	58
4112	47
4113	61
4114	83
4115	63
4116	41
4117	46
4118	54
4119	43
4120	9
4121	31
4122	13
4123	11
4124	22
4125	49
4126	42
4127	38
4128	41
4129	33
4130	42
4131	48
4132	32
4133	32
4134	31
4135	59
4136	51
4137	32
4138	22
4139	37
4140	40
4141	60
4142	30
4143	66
4144	50
4145	48
4146	36
4147	29
4148	37
4149	61
4150	36
4151	26
4152	25
4153	27
4154	46
4155	46
4156	46
4157	41
4158	38
4159	44
4160	52
4161	40
4162	34
4163	26
4164	54
4165	25
4166	28
4167	29
4168	40
4169	27
4170	33
4171	31
4172	36
4173	57
4174	36
4175	39
4176	41
4177	42
4178	45
4179	43
4180	25
4181	21
4182	13
4183	18
4184	62
4185	42
4186	33
4187	35
4188	28
4189	25
4190	26
4191	38
4192	41
4193	31
4194	45
4195	47
4196	29
4197	27
4198	19
4199	31
4200	30
4201	49
4202	28
4203	38
4204	27
4205	29
4206	42
4207	28
4208	40
4209	25
4210	22
4211	41
4212	36
4213	41
4214	53
4215	26
4216	35
4217	38
4218	36
4219	36
4220	46
4221	41
4222	19
4223	40
4224	43
4225	29
4226	24
4227	16
4228	26
4229	16
4230	13
4231	26
4232	27
4233	40
4234	28
4235	47
4236	51
4237	22
4238	22
4239	30
4240	20
4241	36
4242	45
4243	26
4244	29
4245	27
4246	24
4247	35
4248	34
4249	26
4250	48
4251	39
4252	28
4253	38
4254	35
4255	33
4256	30
4257	29
4258	27
4259	34
4260	22
4261	19
4262	39
4263	26
4264	30
4265	66
4266	45
4267	33
4268	49
4269	46
4270	27
4271	32
4272	15
4273	25
4274	23
4275	17
4276	14
4277	25
4278	22
4279	37
4280	24
4281	30
4282	44
4283	32
4284	45
4285	40
4286	18
4287	16
4288	32
4289	39
4290	34
4291	28
4292	17
4293	23
4294	40
4295	27
4296	35
4297	32
4298	16
4299	23
4300	44
4301	54
4302	46
4303	57
4304	50
4305	55
4306	48
4307	34
4308	21
4309	34
4310	39
4311	50
4312	31
4313	41
4314	35
4315	19
4316	38
4317	57
4318	35
4319	44
4320	38
4321	29
4322	24
4323	44
4324	16
4325	25
4326	29
4327	29
4328	25
4329	30
4330	41
4331	26
4332	32
4333	32
4334	55
4335	41
4336	28
4337	36
4338	46
4339	28
4340	32
4341	33
4342	26
4343	34
4344	41
4345	18
4346	36
4347	21
4348	27
4349	22
4350	20
4351	36
4352	27
4353	25
4354	32
4355	32
4356	23
4357	27
4358	45
4359	16
4360	22
4361	19
4362	13
4363	14
4364	21
4365	37
4366	55
4367	42
4368	49
4369	27
4370	18
4371	27
4372	35
4373	40
4374	30
4375	29
4376	16
4377	27
4378	22
4379	22
4380	41
4381	48
4382	42
4383	28
4384	34
4385	27
4386	30
4387	24
4388	27
4389	36
4390	26
4391	52
4392	25
4393	16
4394	47
4395	22
4396	31
4397	32
4398	27
4399	32
4400	20
4401	56
4402	20
4403	29
4404	32
4405	48
4406	30
4407	41
4408	43
4409	56
4410	44
4411	55
4412	44
4413	43
4414	16
4415	36
4416	32
4417	35
4418	18
4419	21
4420	34
4421	24
4422	40
4423	22
4424	37
4425	21
4426	20
4427	29
4428	29
4429	49
4430	42
4431	30
4432	23
4433	17
4434	16
4435	18
4436	12
4437	37
4438	44
4439	21
4440	30
4441	32
4442	43
4443	44
4444	46
4445	28
4446	30
4447	25
4448	33
4449	17
4450	27
4451	39
4452	17
4453	27
4454	15
4455	30
4456	27
4457	24
4458	45
4459	22
4460	33
4461	33
4462	27
4463	55
4464	35
4465	36
4466	15
4467	32
4468	37
4469	43
4470	30
4471	30
4472	29
4473	26
4474	36
4475	20
4476	15
4477	23
4478	28
4479	35
4480	27
4481	40
4482	44
4483	28
4484	19
4485	45
4486	31
4487	31
4488	40
4489	35
4490	33
4491	32
4492	23
4493	22
4494	35
4495	30
4496	35
4497	17
4498	18
4499	32
4500	25
4501	26
4502	41
4503	45
4504	55
4505	42
4506	22
4507	25
4508	34
4509	56
4510	25
4511	34
4512	33
4513	23
4514	23
4515	31
4516	41
4517	18
4518	25
4519	54
4520	33
4521	29
4522	22
4523	23
4524	43
4525	42
4526	27
4527	37
4528	33
4529	36
4530	22
4531	29
4532	37
4533	48
4534	42
4535	61
4536	49
4537	38
4538	43
4539	37
4540	44
4541	24
4542	27
4543	55
4544	48
4545	54
4546	50
4547	39
4548	31
4549	23
4550	30
4551	47
4552	13
4553	11
4554	28
4555	22
4556	54
4557	37
4558	41
4559	34
4560	25
4561	29
4562	42
4563	27
4564	26
4565	40
4566	34
4567	36
4568	36
4569	33
4570	53
4571	20
4572	33
4573	45
4574	24
4575	19
4576	28
4577	45
4578	46
4579	50
4580	40
4581	45
4582	39
4583	24
4584	25
4585	29
4586	24
4587	48
4588	46
4589	28
4590	25
4591	30
4592	43
4593	38
4594	39
4595	23
4596	44
4597	31
4598	43
4599	38
4600	28
4601	42
4602	35
4603	50
4604	53
4605	25
4606	38
4607	34
4608	28
4609	36
4610	39
4611	40
4612	18
4613	21
4614	38
4615	43
4616	50
4617	59
4618	22
4619	34
4620	41
4621	44
4622	20
4623	14
4624	40
4625	23
4626	37
4627	34
4628	53
4629	53
4630	44
4631	41
4632	43
4633	32
4634	41
4635	38
4636	50
4637	22
4638	30
4639	28
4640	32
4641	17
4642	21
4643	13
4644	19
4645	28
4646	29
4647	33
4648	17
4649	28
4650	46
4651	33
4652	35
4653	21
4654	40
4655	37
4656	24
4657	23
4658	45
4659	50
4660	41
4661	28
4662	24
4663	41
4664	29
4665	16
4666	20
4667	36
4668	48
4669	27
4670	18
4671	8
4672	18
4673	15
4674	28
4675	29
4676	25
4677	45
4678	50
4679	30
4680	37
4681	30
4682	20
4683	27
4684	39
4685	33
4686	37
4687	31
4688	34
4689	46
4690	29
4691	42
4692	32
4693	38
4694	52
4695	46
4696	39
4697	45
4698	21
4699	25
4700	29
4701	33
4702	23
4703	11
4704	20
4705	26
4706	26
4707	35
4708	13
4709	21
4710	47
4711	44
4712	31
4713	20
4714	28
4715	21
4716	32
4717	19
4718	25
4719	17
4720	21
4721	25
4722	23
4723	12
4724	25
4725	13
4726	12
4727	26
4728	47
4729	24
4730	53
4731	32
4732	30
4733	29
4734	39
4735	12
4736	22
4737	40
4738	32
4739	28
4740	27
4741	36
4742	44
4743	40
4744	22
4745	38
4746	47
4747	39
4748	60
4749	50
4750	47
4751	49
4752	30
4753	18
4754	15
4755	31
4756	13
4757	28
4758	28
4759	22
4760	40
4761	45
4762	51
4763	34
4764	31
4765	21
4766	14
4767	20
4768	22
4769	15
4770	32
4771	26
4772	19
4773	25
4774	27
4775	19
4776	22
4777	37
4778	31
4779	38
4780	33
4781	48
4782	37
4783	49
4784	28
4785	32
4786	26
4787	36
4788	46
4789	53
4790	31
4791	38
4792	30
4793	24
4794	27
4795	28
4796	27
4797	21
4798	22
4799	30
4800	25
4801	21
4802	24
4803	18
4804	26
4805	28
4806	10
4807	31
4808	16
4809	39
4810	47
4811	30
4812	22
4813	28
4814	30
4815	23
4816	51
4817	35
4818	14
4819	17
4820	19
4821	29
4822	21
4823	33
4824	22
4825	37
4826	21
4827	29
4828	47
4829	44
4830	18
4831	33
4832	39
4833	22
4834	20
4835	17
4836	31
4837	38
4838	17
4839	20
4840	32
4841	18
4842	18
4843	23
4844	7
4845	25
4846	30
4847	45
4848	26
4849	11
4850	10
4851	23
4852	38
4853	40
4854	14
4855	17
4856	25
4857	32
4858	37
4859	24
4860	12
4861	33
4862	32
4863	25
4864	21
4865	18
4866	24
4867	23
4868	20
4869	27
4870	42
4871	45
4872	23
4873	31
4874	30
4875	35
4876	42
4877	22
4878	38
4879	54
4880	42
4881	35
4882	14
4883	11
4884	25
4885	25
4886	26
4887	34
4888	24
4889	37
4890	30
4891	24
4892	26
4893	42
4894	50
4895	26
4896	21
4897	17
4898	9
4899	28
4900	36
4901	26
4902	25
4903	32
4904	17
4905	30
4906	21
4907	15
4908	35
4909	20
4910	22
4911	30
4912	33
4913	35
4914	21
4915	47
4916	19
4917	25
4918	23
4919	28
4920	19
4921	24
4922	32
4923	32
4924	58
4925	26
4926	26
4927	17
4928	13
4929	10
4930	30
4931	23
4932	38
4933	44
4934	34
4935	22
4936	28
4937	30
4938	29
4939	50
4940	36
4941	30
4942	29
4943	30
4944	25
4945	41
4946	24
4947	5
4948	28
4949	11
4950	16
4951	22
4952	19
4953	19
4954	16
4955	31
4956	17
4957	20
4958	6
4959	17
4960	14
4961	21
4962	52
4963	48
4964	53
4965	29
4966	18
4967	26
4968	25
4969	35
4970	28
4971	24
4972	19
4973	16
4974	44
4975	41
4976	36
4977	55
4978	37
4979	25
4980	46
4981	39
4982	18
4983	14
4984	43
4985	24
4986	29
4987	38
4988	22
4989	20
4990	19
4991	32
4992	27
4993	34
4994	28
4995	17
4996	19
4997	21
4998	29
4999	10
5000	17
5001	28
5002	17
5003	23
5004	19
5005	34
5006	37
5007	43
5008	17
5009	20
5010	40
5011	30
5012	29
5013	43
5014	39
5015	8
5016	19
5017	18
5018	28
5019	18
5020	12
5021	13
5022	21
5023	24
5024	37
5025	48
5026	47
5027	42
5028	37
5029	44
5030	32
5031	16
5032	19
5033	12
5034	18
5035	37
5036	26
5037	26
5038	36
5039	40
5040	25
5041	24
5042	41
5043	23
5044	22
5045	34
5046	35
5047	33
5048	30
5049	32
5050	34
5051	46
5052	36
5053	44
5054	34
5055	32
5056	33
5057	43
5058	29
5059	65
5060	17
5061	23
5062	26
5063	31
5064	43
5065	60
5066	47
5067	19
5068	31
5069	18
5070	25
5071	26
5072	36
5073	36
5074	38
5075	25
5076	35
5077	38
5078	29
5079	47
5080	37
5081	49
5082	41
5083	20
5084	38
5085	17
5086	28
5087	22
5088	31
5089	50
5090	32
5091	17
5092	21
5093	19
5094	24
5095	38
5096	27
5097	28
5098	57
5099	38
5100	42
5101	55
5102	25
5103	36
5104	56
5105	47
5106	30
5107	20
5108	33
5109	33
5110	60
5111	27
5112	35
5113	30
5114	19
5115	29
5116	42
5117	19
5118	18
5119	16
5120	28
5121	20
5122	22
5123	35
5124	33
5125	29
5126	36
5127	34
5128	28
5129	13
5130	25
5131	25
5132	30
5133	30
5134	24
5135	18
5136	15
5137	35
5138	29
5139	25
5140	23
5141	38
5142	18
5143	32
5144	21
5145	35
5146	16
5147	44
5148	18
5149	17
5150	32
5151	22
5152	19
5153	9
5154	27
5155	19
5156	27
5157	25
5158	39
5159	36
5160	21
5161	27
5162	46
5163	29
5164	15
5165	28
5166	16
5167	24
5168	20
5169	30
5170	22
5171	23
5172	24
5173	24
5174	28
5175	39
5176	22
5177	27
5178	28
5179	38
5180	20
5181	39
5182	18
5183	32
5184	10
5185	20
5186	16
5187	14
5188	19
5189	24
5190	20
5191	25
5192	33
5193	16
5194	20
5195	16
5196	27
5197	26
5198	28
5199	44
5200	29
5201	29
5202	19
5203	23
5204	29
5205	24
5206	30
5207	18
5208	10
5209	13
5210	20
5211	14
5212	21
5213	28
5214	37
5215	22
5216	27
5217	16
5218	15
5219	16
5220	13
5221	36
5222	20
5223	4
5224	26
5225	23
5226	21
5227	43
5228	25
5229	30
5230	22
5231	20
5232	24
5233	7
5234	13
5235	9
5236	23
5237	10
5238	12
5239	7
5240	17
5241	14
5242	8
5243	7
5244	18
5245	16
5246	44
5247	27
5248	24
5249	20
5250	11
5251	12
5252	22
5253	15
5254	16
5255	23
5256	28
5257	26
5258	19
5259	18
5260	27
5261	24
5262	21
5263	33
5264	33
5265	12
5266	13
5267	15
5268	18
5269	7
5270	7
5271	14
5272	13
5273	15
5274	40
5275	16
5276	19
5277	40
5278	33
5279	23
5280	19
5281	23
5282	34
5283	23
5284	20
5285	22
5286	11
5287	22
5288	37
5289	11
5290	22
5291	20
5292	17
5293	16
5294	30
5295	16
5296	30
5297	46
5298	24
5299	25
5300	32
5301	14
5302	6
5303	19
5304	11
5305	35
5306	24
5307	33
5308	39
5309	41
5310	39
5311	23
5312	28
5313	42
5314	31
5315	33
5316	32
5317	32
5318	40
5319	34
5320	32
5321	25
5322	24
5323	17
5324	35
5325	29
5326	35
5327	32
5328	11
5329	11
5330	21
5331	16
5332	29
5333	13
5334	18
5335	18
5336	29
5337	27
5338	39
5339	20
5340	31
5341	31
5342	32
5343	7
5344	20
5345	17
5346	11
5347	29
5348	16
5349	17
5350	21
5351	22
5352	30
5353	23
5354	15
5355	22
5356	23
5357	24
5358	29
5359	14
5360	15
5361	18
5362	44
5363	38
5364	28
5365	13
5366	13
5367	33
5368	13
5369	25
5370	33
5371	31
5372	22
5373	26
5374	27
5375	17
5376	18
5377	19
5378	17
5379	27
5380	17
5381	22
5382	16
5383	17
5384	33
5385	12
5386	15
5387	17
5388	29
5389	27
5390	26
5391	18
5392	19
5393	39
5394	41
5395	23
5396	38
5397	39
5398	20
5399	27
5400	29
5401	29
5402	14
5403	19
5404	33
5405	22
5406	17
5407	33
5408	18
5409	16
5410	25
5411	16
5412	37
5413	20
5414	23
5415	34
5416	25
5417	36
5418	25
5419	32
5420	22
5421	32
5422	33
5423	48
5424	48
5425	38
5426	26
5427	19
5428	37
5429	39
5430	24
5431	27
5432	30
5433	20
5434	43
5435	37
5436	30
5437	25
5438	21
5439	12
5440	11
5441	17
5442	16
5443	5
5444	4
5445	4
5446	13
5447	22
5448	18
5449	15
5450	15
5451	21
5452	25
5453	26
5454	29
5455	26
5456	18
5457	30
5458	38
5459	25
5460	19
5461	29
5462	28
5463	20
5464	27
5465	20
5466	17
5467	23
5468	39
5469	22
5470	16
5471	31
5472	17
5473	33
5474	32
5475	24
5476	14
5477	25
5478	34
5479	26
5480	26
5481	35
5482	25
5483	26
5484	35
5485	23
5486	15
5487	16
5488	29
5489	38
5490	31
5491	33
5492	19
5493	32
5494	45
5495	26
5496	24
5497	27
5498	28
5499	31
5500	21
5501	43
5502	47
5503	28
5504	49
5505	29
5506	32
5507	26
5508	13
5509	24
5510	25
5511	30
5512	25
5513	24
5514	34
5515	30
5516	36
5517	18
5518	18
5519	21
5520	15
5521	21
5522	30
5523	42
5524	37
5525	43
5526	37
5527	35
5528	38
5529	37
5530	25
5531	39
5532	41
5533	32
5534	23
5535	32
5536	20
5537	31
5538	46
5539	32
5540	35
5541	47
5542	48
5543	42
5544	32
5545	38
5546	31
5547	48
5548	38
5549	28
5550	29
5551	42
5552	33
5553	13
5554	26
5555	26
5556	26
5557	33
5558	37
5559	24
5560	32
5561	35
5562	33
5563	18
5564	25
5565	13
5566	20
5567	19
5568	7
5569	28
5570	20
5571	29
5572	30
5573	20
5574	23
5575	29
5576	38
5577	21
5578	37
5579	32
5580	24
5581	27
5582	37
5583	40
5584	30
5585	37
5586	25
5587	37
5588	23
5589	21
5590	23
5591	17
5592	31
5593	43
5594	60
5595	46
5596	22
5597	40
5598	21
5599	14
5600	47
5601	27
5602	30
5603	16
5604	19
5605	15
5606	28
5607	42
5608	18
5609	16
5610	16
5611	22
5612	21
5613	39
5614	34
5615	27
5616	32
5617	41
5618	22
5619	12
5620	27
5621	24
5622	21
5623	23
5624	41
5625	31
5626	22
5627	27
5628	20
5629	23
5630	14
5631	39
5632	16
5633	26
5634	28
5635	15
5636	19
5637	26
5638	7
5639	13
5640	21
5641	25
5642	42
5643	43
5644	32
5645	62
5646	28
5647	26
5648	17
5649	35
5650	30
5651	34
5652	34
5653	37
5654	36
5655	22
5656	27
5657	22
5658	9
5659	20
5660	17
5661	28
5662	43
5663	14
5664	33
5665	11
5666	17
5667	27
5668	15
5669	11
5670	14
5671	18
5672	14
5673	22
5674	17
5675	15
5676	18
5677	16
5678	19
5679	53
5680	45
5681	50
5682	27
5683	28
5684	30
5685	31
5686	43
5687	21
5688	21
5689	14
5690	8
5691	28
5692	19
5693	19
5694	26
5695	29
5696	33
5697	49
5698	50
5699	27
5700	33
5701	43
5702	23
5703	22
5704	35
5705	22
5706	34
5707	31
5708	20
5709	27
5710	28
5711	30
5712	20
5713	10
5714	26
5715	22
5716	35
5717	25
5718	43
5719	38
5720	28
5721	21
5722	25
5723	20
5724	13
5725	31
5726	34
5727	23
5728	17
5729	25
5730	35
5731	10
5732	26
5733	30
5734	15
5735	20
5736	12
5737	12
5738	21
5739	16
5740	28
5741	25
5742	30
5743	20
5744	34
5745	37
5746	24
5747	20
5748	19
5749	12
5750	24
5751	32
5752	43
5753	34
5754	12
5755	17
5756	30
5757	22
5758	16
5759	31
5760	12
5761	21
5762	19
5763	29
5764	22
5765	21
5766	27
5767	23
5768	28
5769	22
5770	27
5771	38
5772	37
5773	17
5774	22
5775	33
5776	15
5777	10
5778	11
5779	7
5780	7
5781	12
5782	8
5783	16
5784	23
5785	11
5786	20
5787	15
5788	9
5789	24
5790	27
5791	20
5792	11
5793	16
5794	15
5795	27
5796	24
5797	22
5798	14
5799	6
5800	20
5801	16
5802	23
5803	24
5804	31
5805	22
5806	27
5807	37
5808	45
5809	25
5810	22
5811	14
5812	14
5813	22
5814	15
5815	23
5816	9
5817	17
5818	14
5819	18
5820	18
5821	13
5822	20
5823	9
5824	24
5825	16
5826	25
5827	33
5828	18
5829	23
5830	24
5831	25
5832	28
5833	25
5834	34
5835	31
5836	14
5837	29
5838	47
5839	38
5840	29
5841	26
5842	38
5843	37
5844	10
5845	18
5846	12
5847	29
5848	15
5849	19
5850	26
5851	32
5852	21
5853	15
5854	37
5855	20
5856	14
5857	28
5858	10
5859	15
5860	23
5861	20
5862	8
5863	5
5864	3
5865	15
5866	27
5867	15
5868	23
5869	13
5870	23
5871	9
5872	12
5873	20
5874	11
5875	6
5876	19
5877	15
5878	15
5879	17
5880	22
5881	39
5882	20
5883	22
5884	28
5885	8
5886	17
5887	40
5888	18
5889	30
5890	28
5891	16
5892	24
5893	40
5894	25
5895	28
5896	30
5897	19
5898	35
5899	27
5900	14
5901	11
5902	15
5903	17
5904	6
5905	27
5906	19
5907	9
5908	12
5909	23
5910	31
5911	26
5912	27
5913	27
5914	16
5915	26
5916	22
5917	32
5918	12
5919	8
5920	16
5921	15
5922	41
5923	27
5924	16
5925	26
5926	10
5927	12
5928	23
5929	35
5930	30
5931	23
5932	32
5933	36
5934	50
5935	22
5936	37
5937	21
5938	35
5939	23
5940	19
5941	32
5942	10
5943	9
5944	24
5945	38
5946	39
5947	35
5948	34
5949	41
5950	29
5951	25
5952	46
5953	26
5954	21
5955	24
5956	42
5957	24
5958	30
5959	19
5960	24
5961	33
5962	44
5963	29
5964	30
5965	35
5966	20
5967	38
5968	29
5969	23
5970	24
5971	41
5972	33
5973	29
5974	14
5975	20
5976	25
5977	22
5978	25
5979	33
5980	25
5981	19
5982	9
5983	16
5984	41
5985	34
5986	25
5987	25
5988	18
5989	30
5990	29
5991	39
5992	36
5993	31
5994	32
5995	25
5996	27
5997	26
5998	18
5999	24
6000	26
6001	24
6002	12
6003	20
6004	20
6005	26
6006	20
6007	18
6008	23
6009	21
6010	23
6011	34
6012	19
6013	12
6014	15
6015	16
6016	27
6017	11
6018	25
6019	32
6020	35
6021	25
6022	35
6023	15
6024	12
6025	7
6026	25
6027	25
6028	42
6029	18
6030	30
6031	9
6032	30
6033	23
6034	19
6035	12
6036	11
6037	11
6038	18
6039	29
6040	18
6041	23
6042	18
6043	20
6044	19
6045	26
6046	4
6047	6
6048	6
6049	16
6050	16
6051	14
6052	11
6053	18
6054	24
6055	16
6056	21
6057	13
6058	12
6059	4
6060	22
6061	24
6062	28
6063	20
6064	20
6065	37
6066	16
6067	14
6068	19
6069	8
6070	21
6071	23
6072	16
6073	23
6074	5
6075	20
6076	13
6077	16
6078	7
6079	15
6080	24
6081	16
6082	33
6083	12
6084	9
6085	36
6086	20
6087	13
6088	16
6089	9
6090	23
6091	26
6092	17
6093	14
6094	18
6095	11
6096	10
6097	10
6098	11
6099	15
6100	21
6101	19
6102	12
6103	28
6104	33
6105	34
6106	32
6107	31
6108	10
6109	13
6110	35
6111	32
6112	30
6113	31
6114	27
6115	11
6116	28
6117	19
6118	20
6119	21
6120	9
6121	18
6122	17
6123	17
6124	24
6125	8
6126	19
6127	15
6128	26
6129	39
6130	10
6131	20
6132	28
6133	35
6134	26
6135	31
6136	22
6137	13
6138	30
6139	25
6140	31
6141	42
6142	20
6143	12
6144	25
6145	26
6146	25
6147	15
6148	21
6149	27
6150	27
6151	31
6152	37
6153	30
6154	18
6155	19
6156	31
6157	22
6158	29
6159	46
6160	14
6161	24
6162	15
6163	30
6164	24
6165	24
6166	21
6167	17
6168	14
6169	18
6170	26
6171	19
6172	28
6173	27
6174	22
6175	24
6176	49
6177	12
6178	18
6179	10
6180	6
6181	11
6182	32
6183	11
6184	28
6185	23
6186	15
6187	15
6188	33
6189	34
6190	20
6191	23
6192	22
6193	24
6194	21
6195	9
6196	16
6197	32
6198	27
6199	17
6200	14
6201	10
6202	26
6203	42
6204	25
6205	18
6206	35
6207	26
6208	24
6209	46
6210	24
6211	17
6212	12
6213	18
6214	17
6215	18
6216	33
6217	38
6218	33
6219	28
6220	29
6221	28
6222	23
6223	18
6224	16
6225	26
6226	14
6227	26
6228	18
6229	13
6230	31
6231	14
6232	22
6233	8
6234	30
6235	23
6236	29
6237	44
6238	20
6239	21
6240	26
6241	25
6242	37
6243	34
6244	31
6245	29
6246	28
6247	17
6248	43
6249	18
6250	48
6251	34
6252	23
6253	24
6254	19
6255	18
6256	11
6257	16
6258	20
6259	11
6260	20
6261	28
6262	13
6263	26
6264	31
6265	23
6266	47
6267	35
6268	25
6269	21
6270	22
6271	24
6272	18
6273	34
6274	15
6275	13
6276	12
6277	13
6278	32
6279	24
6280	31
6281	33
6282	35
6283	42
6284	20
6285	19
6286	24
6287	13
6288	12
6289	28
6290	20
6291	25
6292	30
6293	25
6294	39
6295	36
6296	15
6297	15
6298	25
6299	39
6300	23
6301	32
6302	19
6303	18
6304	20
6305	4
6306	7
6307	18
6308	23
6309	28
6310	27
6311	35
6312	21
6313	20
6314	9
6315	20
6316	15
6317	33
6318	23
6319	26
6320	25
6321	29
6322	14
6323	9
6324	16
6325	20
6326	10
6327	39
6328	33
6329	21
6330	24
6331	22
6332	30
6333	27
6334	19
6335	18
6336	23
6337	35
6338	16
6339	18
6340	19
6341	25
6342	17
6343	15
6344	18
6345	24
6346	17
6347	13
6348	19
6349	13
6350	10
6351	9
6352	11
6353	12
6354	29
6355	18
6356	17
6357	34
6358	23
6359	34
6360	17
6361	16
6362	24
6363	26
6364	13
6365	9
6366	13
6367	13
6368	12
6369	11
6370	18
6371	20
6372	16
6373	16
6374	11
6375	26
6376	14
6377	16
6378	35
6379	47
6380	23
6381	8
6382	16
6383	22
6384	24
6385	19
6386	15
6387	26
6388	19
6389	20
6390	22
6391	27
6392	17
6393	16
6394	10
6395	8
6396	14
6397	13
6398	22
6399	16
6400	22
6401	26
6402	21
6403	17
6404	21
6405	19
6406	17
6407	27
6408	9
6409	31
6410	26
6411	11
6412	19
6413	16
6414	29
6415	30
6416	6
6417	11
6418	23
6419	19
6420	9
6421	17
6422	7
6423	12
6424	28
6425	19
6426	20
6427	25
6428	7
6429	16
6430	15
6431	11
6432	11
6433	10
6434	21
6435	33
6436	44
6437	25
6438	16
6439	33
6440	26
6441	32
6442	35
6443	35
6444	37
6445	44
6446	30
6447	15
6448	31
6449	35
6450	23
6451	28
6452	27
6453	11
6454	28
6455	21
6456	13
6457	19
6458	21
6459	33
6460	32
6461	19
6462	29
6463	22
6464	24
6465	16
6466	9
6467	10
6468	25
6469	26
6470	14
6471	44
6472	13
6473	12
6474	12
6475	21
6476	29
6477	36
6478	9
6479	20
6480	18
6481	17
6482	17
6483	20
6484	23
6485	15
6486	17
6487	26
6488	16
6489	19
6490	36
6491	21
6492	17
6493	17
6494	16
6495	33
6496	7
6497	8
6498	9
6499	18
6500	23
6501	26
6502	15
6503	13
6504	27
6505	28
6506	15
6507	31
6508	19
6509	15
6510	24
6511	17
6512	22
6513	24
6514	33
6515	36
6516	33
6517	28
6518	28
6519	6
6520	8
6521	18
6522	20
6523	22
6524	20
6525	22
6526	35
6527	17
6528	28
6529	23
6530	9
6531	21
6532	27
6533	12
6534	23
6535	12
6536	16
6537	26
6538	36
6539	25
6540	33
6541	27
6542	17
6543	13
6544	12
6545	10
6546	15
6547	31
6548	7
6549	13
6550	9
6551	16
6552	12
6553	20
6554	24
6555	18
6556	14
6557	28
6558	7
6559	11
6560	6
6561	13
6562	13
6563	33
6564	17
6565	11
6566	7
6567	16
6568	19
6569	12
6570	31
6571	16
6572	13
6573	23
6574	12
6575	2
6576	28
6577	18
6578	32
6579	44
6580	20
6581	18
6582	18
6583	21
6584	20
6585	9
6586	15
6587	35
6588	19
6589	6
6590	25
6591	6
6592	21
6593	17
6594	31
6595	24
6596	20
6597	37
6598	27
6599	17
6600	12
6601	13
6602	16
6603	13
6604	44
6605	14
6606	12
6607	20
6608	15
6609	20
6610	16
6611	18
6612	13
6613	13
6614	20
6615	12
6616	24
6617	22
6618	27
6619	16
6620	15
6621	15
6622	16
6623	14
6624	29
6625	11
6626	11
6627	27
6628	11
6629	15
6630	29
6631	14
6632	25
6633	10
6634	11
6635	18
6636	14
6637	22
6638	6
6639	16
6640	23
6641	4
6642	16
6643	12
6644	9
6645	11
6646	16
6647	11
6648	25
6649	23
6650	15
6651	33
6652	22
6653	4
6654	20
6655	10
6656	21
6657	23
6658	23
6659	23
6660	52
6661	27
6662	31
6663	38
6664	20
6665	17
6666	30
6667	18
6668	20
6669	24
6670	19
6671	21
6672	16
6673	11
6674	7
6675	11
6676	9
6677	17
6678	35
6679	16
6680	20
6681	18
6682	4
6683	19
6684	14
6685	2
6686	9
6687	21
6688	12
6689	11
6690	21
6691	17
6692	26
6693	27
6694	33
6695	15
6696	18
6697	13
6698	18
6699	17
6700	22
6701	18
6702	15
6703	20
6704	15
6705	25
6706	15
6707	21
6708	4
6709	11
6710	18
6711	25
6712	29
6713	29
6714	17
6715	27
6716	28
6717	12
6718	16
6719	13
6720	17
6721	32
6722	22
6723	10
6724	15
6725	20
6726	12
6727	9
6728	13
6729	14
6730	34
6731	25
6732	26
6733	32
6734	25
6735	20
6736	11
6737	13
6738	18
6739	17
6740	28
6741	17
6742	29
6743	12
6744	24
6745	14
6746	15
6747	18
6748	10
6749	10
6750	15
6751	16
6752	11
6753	24
6754	30
6755	23
6756	15
6757	32
6758	24
6759	18
6760	11
6761	6
6762	17
6763	18
6764	16
6765	22
6766	17
6767	9
6768	18
6769	15
6770	26
6771	28
6772	21
6773	32
6774	30
6775	27
6776	10
6777	11
6778	8
6779	13
6780	26
6781	17
6782	30
6783	7
6784	16
6785	24
6786	12
6787	11
6788	12
6789	16
6790	16
6791	9
6792	12
6793	11
6794	13
6795	19
6796	19
6797	18
6798	21
6799	18
6800	26
6801	23
6802	19
6803	19
6804	22
6805	15
6806	17
6807	17
6808	9
6809	19
6810	20
6811	15
6812	7
6813	11
6814	14
6815	11
6816	31
6817	20
6818	18
6819	28
6820	12
6821	12
6822	25
6823	22
6824	32
6825	25
6826	36
6827	28
6828	11
6829	21
6830	18
6831	11
6832	13
6833	17
6834	27
6835	25
6836	25
6837	32
6838	21
6839	32
6840	32
6841	21
6842	18
6843	17
6844	19
6845	27
6846	14
6847	20
6848	18
6849	11
6850	18
6851	11
6852	25
6853	10
6854	11
6855	17
6856	25
6857	19
6858	16
6859	28
6860	10
6861	8
6862	17
6863	12
6864	10
6865	15
6866	16
6867	6
6868	11
6869	16
6870	16
6871	17
6872	14
6873	21
6874	11
6875	15
6876	19
6877	28
6878	20
6879	18
6880	13
6881	5
6882	28
6883	9
6884	5
6885	17
6886	20
6887	11
6888	6
6889	13
6890	40
6891	35
6892	10
6893	14
6894	20
6895	45
6896	29
6897	20
6898	25
6899	14
6900	9
6901	9
6902	5
6903	16
6904	19
6905	10
6906	20
6907	17
6908	10
6909	17
6910	19
6911	27
6912	31
6913	35
6914	13
6915	8
6916	19
6917	9
6918	33
6919	27
6920	31
6921	12
6922	29
6923	29
6924	26
6925	6
6926	12
6927	18
6928	17
6929	13
6930	24
6931	22
6932	19
6933	17
6934	29
6935	21
6936	9
6937	14
6938	17
6939	8
6940	10
6941	17
6942	19
6943	15
6944	23
6945	24
6946	23
6947	21
6948	24
6949	16
6950	18
6951	14
6952	7
6953	8
6954	11
6955	11
6956	12
6957	15
6958	11
6959	17
6960	17
6961	33
6962	30
6963	18
6964	30
6965	17
6966	8
6967	22
6968	29
6969	23
6970	38
6971	32
6972	22
6973	15
6974	10
6975	15
6976	27
6977	20
6978	8
6979	15
6980	11
6981	8
6982	29
6983	8
6984	18
6985	23
6986	23
6987	21
6988	20
6989	19
6990	17
6991	2
6992	5
6993	19
6994	24
6995	8
6996	6
6997	13
6998	19
6999	12
7000	0
7001	18
7002	14
7003	20
7004	23
7005	14
7006	25
7007	11
7008	9
7009	22
7010	18
7011	18
7012	16
7013	17
7014	13
7015	5
7016	12
7017	15
7018	21
7019	17
7020	11
7021	26
7022	26
7023	36
7024	25
7025	10
7026	11
7027	4
7028	20
7029	21
7030	13
7031	9
7032	13
7033	30
7034	9
7035	17
7036	23
7037	9
7038	6
7039	11
7040	14
7041	35
7042	10
7043	15
7044	14
7045	8
7046	7
7047	20
7048	18
7049	7
7050	21
7051	20
7052	12
7053	6
7054	9
7055	14
7056	12
7057	22
7058	23
7059	11
7060	19
7061	23
7062	20
7063	2
7064	17
7065	14
7066	21
7067	27
7068	12
7069	10
7070	31
7071	22
7072	24
7073	13
7074	12
7075	14
7076	16
7077	13
7078	6
7079	2
7080	13
7081	8
7082	13
7083	24
7084	6
7085	17
7086	19
7087	11
7088	7
7089	8
7090	19
7091	16
7092	15
7093	12
7094	14
7095	16
7096	4
7097	7
7098	11
7099	12
7100	23
7101	12
7102	16
7103	18
7104	12
7105	13
7106	9
7107	23
7108	12
7109	24
7110	16
7111	19
7112	33
7113	31
7114	5
7115	8
7116	8
7117	15
7118	22
7119	18
7120	12
7121	11
7122	12
7123	40
7124	20
7125	5
7126	6
7127	16
7128	12
7129	22
7130	15
7131	37
7132	18
7133	10
7134	15
7135	7
7136	5
7137	10
7138	13
7139	27
7140	24
7141	33
7142	12
7143	9
7144	19
7145	14
7146	15
7147	15
7148	18
7149	16
7150	31
7151	18
7152	20
7153	7
7154	18
7155	14
7156	11
7157	16
7158	12
7159	18
7160	24
7161	21
7162	27
7163	18
7164	9
7165	16
7166	7
7167	10
7168	17
7169	9
7170	10
7171	13
7172	12
7173	16
7174	16
7175	28
7176	17
7177	16
7178	19
7179	15
7180	14
7181	14
7182	10
7183	27
7184	18
7185	29
7186	20
7187	17
7188	15
7189	15
7190	16
7191	12
7192	25
7193	25
7194	18
7195	17
7196	15
7197	19
7198	16
7199	20
7200	15
7201	26
7202	34
7203	21
7204	16
7205	21
7206	28
7207	15
7208	22
7209	25
7210	35
7211	10
7212	6
7213	7
7214	24
7215	16
7216	19
7217	12
7218	12
7219	12
7220	17
7221	15
7222	9
7223	13
7224	20
7225	19
7226	9
7227	19
7228	25
7229	12
7230	11
7231	23
7232	11
7233	28
7234	8
7235	14
7236	25
7237	18
7238	14
7239	12
7240	6
7241	11
7242	15
7243	14
7244	19
7245	12
7246	12
7247	24
7248	9
7249	15
7250	15
7251	10
7252	8
7253	16
7254	24
7255	21
7256	27
7257	11
7258	15
7259	24
7260	18
7261	15
7262	18
7263	26
7264	26
7265	28
7266	22
7267	20
7268	22
7269	6
7270	22
7271	19
7272	44
7273	30
7274	30
7275	26
7276	23
7277	15
7278	16
7279	31
7280	13
7281	22
7282	31
7283	11
7284	18
7285	18
7286	13
7287	13
7288	19
7289	15
7290	18
7291	12
7292	42
7293	23
7294	21
7295	18
7296	19
7297	8
7298	9
7299	12
7300	20
7301	28
7302	30
7303	46
7304	29
7305	17
7306	15
7307	17
7308	26
7309	11
7310	17
7311	16
7312	8
7313	13
7314	19
7315	16
7316	29
7317	12
7318	12
7319	19
7320	23
7321	18
7322	6
7323	7
7324	20
7325	15
7326	10
7327	8
7328	15
7329	10
7330	7
7331	28
7332	9
7333	13
7334	10
7335	17
7336	14
7337	9
7338	9
7339	12
7340	9
7341	25
7342	28
7343	17
7344	11
7345	25
7346	12
7347	19
7348	8
7349	9
7350	22
7351	14
7352	6
7353	7
7354	9
7355	7
7356	10
7357	14
7358	7
7359	10
7360	7
7361	14
7362	15
7363	16
7364	15
7365	25
7366	16
7367	29
7368	30
7369	13
7370	11
7371	7
7372	2
7373	6
7374	9
7375	20
7376	4
7377	3
7378	9
7379	7
7380	12
7381	11
7382	11
7383	11
7384	15
7385	16
7386	7
7387	7
7388	16
7389	6
7390	13
7391	19
7392	23
7393	22
7394	4
7395	7
7396	14
7397	9
7398	7
7399	4
7400	7
7401	13
7402	23
7403	6
7404	2
7405	4
7406	12
7407	26
7408	17
7409	19
7410	13
7411	2
7412	12
7413	14
7414	37
7415	13
7416	18
7417	15
7418	11
7419	3
7420	12
7421	1
7422	15
7423	17
7424	25
7425	21
7426	33
7427	7
7428	21
7429	10
7430	9
7431	19
7432	11
7433	9
7434	20
7435	26
7436	11
7437	29
7438	28
7439	25
7440	16
7441	17
7442	17
7443	10
7444	12
7445	15
7446	8
7447	20
7448	7
7449	8
7450	7
7451	10
7452	24
7453	2
7454	13
7455	5
7456	8
7457	3
7458	8
7459	14
7460	4
7461	9
7462	11
7463	10
7464	15
7465	8
7466	5
7467	10
7468	18
7469	21
7470	17
7471	28
7472	22
7473	10
7474	13
7475	14
7476	13
7477	12
7478	13
7479	20
7480	17
7481	6
7482	7
7483	13
7484	13
7485	13
7486	27
7487	15
7488	6
7489	0
7490	2
7491	1
7492	6
7493	9
7494	5
7495	9
7496	4
7497	17
7498	21
7499	11
7500	9
7501	29
7502	31
7503	19
7504	21
7505	13
7506	14
7507	10
7508	9
7509	18
7510	20
7511	15
7512	17
7513	15
7514	9
7515	10
7516	7
7517	18
7518	13
7519	11
7520	17
7521	5
7522	3
7523	8
7524	14
7525	12
7526	19
7527	24
7528	11
7529	20
7530	13
7531	11
7532	16
7533	14
7534	12
7535	42
7536	10
7537	16
7538	17
7539	14
7540	5
7541	12
7542	35
7543	19
7544	14
7545	31
7546	14
7547	9
7548	4
7549	9
7550	18
7551	15
7552	16
7553	23
7554	9
7555	12
7556	5
7557	15
7558	4
7559	3
7560	6
7561	12
7562	8
7563	11
7564	14
7565	14
7566	7
7567	4
7568	7
7569	10
7570	18
7571	8
7572	15
7573	33
7574	9
7575	21
7576	16
7577	23
7578	6
7579	3
7580	11
7581	9
7582	4
7583	9
7584	7
7585	6
7586	5
7587	4
7588	13
7589	7
7590	13
7591	11
7592	7
7593	7
7594	6
7595	7
7596	3
7597	12
7598	8
7599	6
7600	4
7601	1
7602	4
7603	5
7604	12
7605	29
7606	17
7607	11
7608	10
7609	6
7610	12
7611	14
7612	15
7613	10
7614	11
7615	6
7616	5
7617	3
7618	4
7619	7
7620	15
7621	19
7622	17
7623	18
7624	29
7625	34
7626	24
7627	8
7628	28
7629	15
7630	31
7631	26
7632	1
7633	10
7634	11
7635	10
7636	7
7637	9
7638	9
7639	13
7640	12
7641	26
7642	6
7643	11
7644	25
7645	23
7646	22
7647	9
7648	21
7649	31
7650	7
7651	16
7652	21
7653	20
7654	33
7655	13
7656	15
7657	4
7658	9
7659	23
7660	6
7661	22
7662	23
7663	6
7664	15
7665	13
7666	19
7667	14
7668	18
7669	24
7670	12
7671	7
7672	8
7673	11
7674	6
7675	10
7676	11
7677	27
7678	3
7679	17
7680	18
7681	21
7682	3
7683	6
7684	4
7685	6
7686	14
7687	24
7688	6
7689	2
7690	17
7691	11
7692	8
7693	20
7694	21
7695	14
7696	12
7697	23
7698	14
7699	7
7700	9
7701	12
7702	15
7703	22
7704	15
7705	18
7706	23
7707	8
7708	15
7709	14
7710	12
7711	15
7712	14
7713	17
7714	11
7715	15
7716	18
7717	23
7718	10
7719	6
7720	7
7721	9
7722	8
7723	12
7724	12
7725	11
7726	16
7727	11
7728	18
7729	19
7730	8
7731	8
7732	14
7733	7
7734	11
7735	9
7736	16
7737	10
7738	13
7739	31
7740	13
7741	10
7742	4
7743	10
7744	13
7745	11
7746	24
7747	8
7748	27
7749	7
7750	9
7751	9
7752	7
7753	10
7754	11
7755	12
7756	10
7757	11
7758	12
7759	11
7760	21
7761	23
7762	8
7763	10
7764	7
7765	10
7766	17
7767	11
7768	13
7769	20
7770	10
7771	19
7772	17
7773	12
7774	12
7775	17
7776	7
7777	7
7778	2
7779	4
7780	4
7781	16
7782	10
7783	19
7784	9
7785	14
7786	10
7787	15
7788	7
7789	12
7790	10
7791	8
7792	17
7793	14
7794	7
7795	8
7796	9
7797	11
7798	1
7799	6
7800	2
7801	6
7802	5
7803	5
7804	20
7805	7
7806	12
7807	15
7808	17
7809	17
7810	10
7811	8
7812	14
7813	6
7814	14
7815	16
7816	10
7817	6
7818	2
7819	5
7820	14
7821	7
7822	8
7823	13
7824	24
7825	12
7826	24
7827	25
7828	10
7829	24
7830	23
7831	22
7832	31
7833	18
7834	20
7835	7
7836	9
7837	8
7838	8
7839	15
7840	6
7841	14
7842	25
7843	10
7844	4
7845	10
7846	6
7847	9
7848	11
7849	6
7850	13
7851	20
7852	5
7853	8
7854	10
7855	17
7856	10
7857	22
7858	18
7859	17
7860	12
7861	16
7862	17
7863	14
7864	30
7865	36
7866	22
7867	39
7868	25
7869	29
7870	17
7871	18
7872	16
7873	19
7874	14
7875	17
7876	33
7877	28
7878	24
7879	17
7880	23
7881	31
7882	61
7883	80
7884	72
7885	75
7886	19
7887	12
7888	8
7889	17
7890	12
7891	15
7892	21
7893	14
7894	23
7895	43
7896	22
7897	13
7898	17
7899	12
7900	17
7901	13
7902	19
7903	27
7904	15
7905	13
7906	28
7907	24
7908	15
7909	17
7910	27
7911	13
7912	24
7913	1
7914	1
7915	7
7916	14
7917	12
7918	6
7919	5
7920	17
7921	17
7922	24
7923	15
7924	9
7925	14
7926	18
7927	15
7928	11
7929	14
7930	30
7931	13
7932	13
7933	9
7934	8
7935	2
7936	7
7937	9
7938	12
7939	25
7940	16
7941	10
7942	10
7943	14
7944	11
7945	15
7946	20
7947	26
7948	25
7949	22
7950	26
7951	7
7952	13
7953	27
7954	37
7955	28
7956	22
7957	14
7958	10
7959	8
7960	13
7961	24
7962	31
7963	10
7964	8
7965	8
7966	13
7967	9
7968	13
7969	29
7970	29
7971	11
7972	26
7973	5
7974	5
7975	6
7976	14
7977	11
7978	21
7979	26
7980	20
7981	14
7982	12
7983	5
7984	11
7985	10
7986	8
7987	13
7988	16
7989	19
7990	23
7991	29
7992	24
7993	10
7994	4
7995	21
7996	18
7997	7
7998	23
7999	13
8000	207349
