0	0
1	0
2	0
3	0
4	0
5	0
6	0
7	0
8	0
9	0
10	0
11	0
12	0
13	2
14	0
15	0
16	0
17	1
18	0
19	0
20	1
21	0
22	0
23	3
24	0
25	0
26	2
27	3
28	2
29	3
30	2
31	2
32	6
33	5
34	9
35	5
36	5
37	3
38	3
39	4
40	9
41	12
42	7
43	9
44	16
45	8
46	10
47	11
48	8
49	13
50	13
51	14
52	11
53	10
54	12
55	20
56	13
57	24
58	14
59	29
60	21
61	19
62	17
63	16
64	28
65	18
66	15
67	30
68	31
69	25
70	24
71	28
72	24
73	26
74	23
75	32
76	37
77	57
78	34
79	38
80	64
81	57
82	51
83	69
84	70
85	68
86	58
87	56
88	71
89	63
90	77
91	92
92	84
93	78
94	121
95	106
96	94
97	124
98	133
99	108
100	144
101	139
102	151
103	144
104	166
105	189
106	152
107	183
108	205
109	203
110	179
111	169
112	203
113	215
114	254
115	282
116	254
117	233
118	220
119	243
120	229
121	274
122	259
123	281
124	302
125	304
126	290
127	357
128	312
129	360
130	324
131	335
132	372
133	375
134	381
135	375
136	358
137	459
138	420
139	472
140	367
141	602
142	488
143	537
144	489
145	444
146	488
147	484
148	597
149	566
150	640
151	472
152	515
153	601
154	606
155	585
156	598
157	613
158	733
159	689
160	577
161	628
162	673
163	830
164	706
165	744
166	850
167	764
168	705
169	610
170	832
171	851
172	909
173	935
174	1115
175	1230
176	934
177	935
178	883
179	784
180	900
181	840
182	886
183	1130
184	976
185	1093
186	1083
187	1153
188	1043
189	966
190	1160
191	1155
192	855
193	857
194	1201
195	1019
196	1063
197	1028
198	1186
199	979
200	1213
201	885
202	1120
203	1048
204	1131
205	1120
206	1135
207	1059
208	939
209	1029
210	1196
211	1140
212	977
213	1090
214	1214
215	1162
216	825
217	1001
218	1130
219	913
220	968
221	623
222	812
223	915
224	787
225	1045
226	833
227	721
228	873
229	952
230	927
231	857
232	733
233	847
234	930
235	908
236	836
237	861
238	862
239	826
240	1046
241	953
242	764
243	1067
244	1061
245	894
246	1000
247	728
248	885
249	941
250	899
251	954
252	694
253	1098
254	878
255	940
256	1258
257	1108
258	813
259	909
260	971
261	924
262	951
263	948
264	1014
265	1159
266	863
267	971
268	812
269	911
270	674
271	1044
272	762
273	792
274	955
275	712
276	872
277	675
278	838
279	867
280	764
281	822
282	870
283	861
284	823
285	750
286	797
287	702
288	735
289	820
290	1037
291	911
292	862
293	894
294	862
295	834
296	689
297	918
298	737
299	863
300	813
301	781
302	882
303	804
304	818
305	742
306	835
307	656
308	543
309	688
310	660
311	627
312	653
313	806
314	821
315	757
316	730
317	698
318	711
319	741
320	692
321	599
322	708
323	950
324	661
325	755
326	694
327	685
328	720
329	913
330	619
331	540
332	499
333	504
334	487
335	590
336	555
337	669
338	711
339	472
340	535
341	679
342	572
343	702
344	614
345	598
346	577
347	537
348	609
349	561
350	583
351	550
352	692
353	438
354	469
355	453
356	464
357	576
358	486
359	559
360	551
361	482
362	559
363	515
364	477
365	534
366	441
367	526
368	584
369	485
370	505
371	473
372	476
373	531
374	446
375	525
376	471
377	485
378	343
379	414
380	372
381	469
382	476
383	333
384	361
385	539
386	446
387	398
388	518
389	360
390	443
391	419
392	408
393	408
394	414
395	579
396	476
397	458
398	355
399	340
400	323
401	382
402	459
403	423
404	466
405	425
406	446
407	470
408	440
409	401
410	375
411	334
412	467
413	433
414	367
415	387
416	407
417	403
418	322
419	434
420	330
421	436
422	415
423	293
424	393
425	328
426	390
427	432
428	293
429	289
430	315
431	308
432	327
433	282
434	309
435	249
436	285
437	260
438	341
439	346
440	251
441	277
442	363
443	388
444	385
445	244
446	223
447	247
448	279
449	295
450	159
451	236
452	199
453	199
454	316
455	176
456	211
457	207
458	282
459	237
460	214
461	215
462	241
463	182
464	212
465	283
466	174
467	200
468	235
469	214
470	250
471	176
472	167
473	151
474	167
475	121
476	185
477	222
478	155
479	174
480	156
481	208
482	156
483	233
484	164
485	187
486	132
487	127
488	254
489	183
490	191
491	159
492	138
493	144
494	184
495	165
496	156
497	178
498	110
499	127
500	147
501	117
502	148
503	170
504	208
505	158
506	165
507	197
508	151
509	149
510	250
511	121
512	118
513	157
514	108
515	88
516	105
517	132
518	135
519	126
520	101
521	106
522	142
523	117
524	178
525	168
526	149
527	88
528	113
529	114
530	192
531	110
532	135
533	80
534	131
535	110
536	137
537	101
538	159
539	140
540	197
541	151
542	125
543	90
544	125
545	99
546	87
547	96
548	105
549	91
550	93
551	99
552	89
553	62
554	71
555	89
556	106
557	71
