0	0
1	0
2	0
3	0
4	0
5	0
6	0
7	0
8	0
9	0
10	0
11	0
12	0
13	2
14	0
15	0
16	0
17	1
18	0
19	0
20	1
21	0
22	0
23	3
24	0
25	0
26	2
27	3
28	2
29	3
30	2
31	2
32	6
33	5
34	9
35	5
36	5
37	3
38	3
39	4
40	8
41	11
42	7
43	9
44	9
45	8
46	10
47	10
48	7
49	13
50	13
51	12
52	11
53	9
54	11
55	18
56	12
57	19
58	14
59	28
60	21
61	18
62	16
63	16
64	26
65	16
66	15
67	27
68	30
69	24
70	23
71	26
72	22
73	25
74	22
75	29
76	36
77	49
78	34
79	37
80	58
81	48
82	47
83	63
84	58
85	65
86	56
87	51
88	64
89	56
90	68
91	84
92	71
93	68
94	109
95	96
96	88
97	112
98	113
99	97
100	121
101	120
102	132
103	122
104	138
105	147
106	123
107	158
108	166
109	153
110	146
111	151
112	148
113	173
114	204
115	197
116	207
117	191
118	176
119	191
120	195
121	193
122	200
123	191
124	214
125	225
126	216
127	239
128	233
129	248
130	257
131	215
132	259
133	257
134	233
135	235
136	264
137	296
138	311
139	309
140	260
141	356
142	329
143	329
144	283
145	283
146	289
147	305
148	289
149	276
150	336
151	303
152	325
153	313
154	314
155	292
156	335
157	351
158	348
159	349
160	317
161	319
162	332
163	381
164	362
165	399
166	427
167	356
168	311
169	309
170	415
171	391
172	429
173	457
174	442
175	455
176	427
177	366
178	400
179	363
180	370
181	357
182	396
183	503
184	395
185	422
186	461
187	462
188	424
189	423
190	435
191	429
192	370
193	362
194	456
195	366
196	391
197	438
198	463
199	382
200	443
201	365
202	457
203	433
204	414
205	448
206	443
207	409
208	402
209	382
210	403
211	382
212	380
213	388
214	423
215	440
216	315
217	344
218	384
219	352
220	361
221	269
222	348
223	332
224	329
225	367
226	339
227	319
228	328
229	353
230	343
231	303
232	295
233	281
234	359
235	348
236	312
237	305
238	334
239	306
240	368
241	316
242	296
243	395
244	379
245	342
246	339
247	288
248	341
249	336
250	382
251	311
252	286
253	411
254	309
255	351
256	455
257	399
258	303
259	341
260	385
261	339
262	376
263	385
264	334
265	400
266	329
267	337
268	331
269	356
270	301
271	401
272	343
273	321
274	387
275	284
276	349
277	296
278	388
279	386
280	314
281	367
282	352
283	345
284	315
285	308
286	321
287	317
288	298
289	343
290	372
291	363
292	346
293	362
294	354
295	351
296	333
297	393
298	305
299	327
300	321
301	340
302	373
303	299
304	312
305	298
306	356
307	296
308	262
309	275
310	266
311	282
312	289
313	360
314	315
315	324
316	325
317	299
318	305
319	329
320	295
321	289
322	330
323	379
324	288
325	323
326	287
327	307
328	338
329	367
330	265
331	265
332	253
333	235
334	236
335	266
336	267
337	268
338	275
339	238
340	262
341	285
342	264
343	299
344	278
345	283
346	267
347	254
348	293
349	262
350	248
351	291
352	279
353	221
354	240
355	242
356	229
357	266
358	226
359	279
360	269
361	248
362	275
363	249
364	278
365	286
366	223
367	251
368	264
369	250
370	252
371	247
372	243
373	256
374	228
375	261
376	247
377	235
378	192
379	238
380	202
381	238
382	240
383	211
384	215
385	260
386	233
387	211
388	262
389	226
390	232
391	222
392	198
393	235
394	220
395	286
396	249
397	222
398	193
399	193
400	190
401	212
402	245
403	247
404	221
405	214
406	245
407	250
408	225
409	211
410	221
411	203
412	263
413	246
414	214
415	237
416	213
417	220
418	200
419	204
420	208
421	232
422	207
423	169
424	212
425	184
426	212
427	222
428	183
429	175
430	188
431	200
432	187
433	176
434	170
435	150
436	167
437	161
438	185
439	186
440	162
441	201
442	229
443	221
444	208
445	161
446	146
447	180
448	186
449	165
450	107
451	144
452	126
453	125
454	167
455	125
456	137
457	128
458	158
459	135
460	109
461	146
462	132
463	126
464	129
465	162
466	120
467	117
468	131
469	129
470	157
471	124
472	112
473	106
474	92
475	90
476	117
477	134
478	102
479	105
480	105
481	126
482	94
483	128
484	116
485	121
486	88
487	91
488	137
489	93
490	125
491	101
492	111
493	95
494	94
495	108
496	89
497	126
498	84
499	97
500	87
501	91
502	106
503	118
504	119
505	99
506	106
507	135
508	111
509	92
510	131
511	82
512	85
513	107
514	90
515	70
516	68
517	88
518	86
519	85
520	83
521	75
522	94
523	78
524	101
525	101
526	93
527	77
528	73
529	70
530	101
531	77
532	93
533	62
534	86
535	70
536	84
537	69
538	94
539	86
540	109
541	88
542	90
543	68
544	73
545	70
546	60
547	61
548	71
549	53
550	66
551	65
552	61
553	54
554	52
555	54
556	71
557	51
558	51
559	60
560	55
561	49
562	65
563	53
564	35
565	51
566	49
