0	0
1	0
2	0
3	0
4	0
5	0
6	0
7	0
8	0
9	0
10	0
11	0
12	0
13	0
14	3
15	6
16	13
17	12
18	4
19	6
20	7
21	8
22	6
23	17
24	17
25	23
26	30
27	34
28	47
29	80
30	113
31	151
32	151
33	202
34	276
35	315
36	364
37	423
38	454
39	537
40	577
41	673
42	721
43	761
44	842
45	887
46	976
47	1075
48	1155
49	1196
50	1218
51	1364
52	1405
53	1453
54	1452
55	1383
56	1641
57	1625
58	1575
59	1636
60	1665
61	1705
62	1736
63	1823
64	1765
65	1776
66	1932
67	2000
68	2000
69	2165
70	2194
71	2235
72	2136
73	2456
74	2337
75	2446
76	2521
77	2525
78	2652
79	2700
80	2757
81	2837
82	2850
83	3144
84	3045
85	3453
86	3225
87	3422
88	3513
89	3802
90	5554
91	4419
92	4322
93	4140
94	4332
95	4178
96	4497
97	4609
98	4816
99	4838
100	4890
101	5194
102	5487
103	5571
104	5706
105	5984
106	6226
107	6488
108	6497
109	6600
110	6695
111	6904
112	7239
113	7354
114	7740
115	7920
116	8169
117	8424
118	8448
119	8727
120	8958
121	9261
122	9725
123	9532
124	9938
125	10422
126	10779
127	10771
128	10977
129	10994
130	11474
131	11820
132	11723
133	11769
134	11937
135	12349
136	12738
137	12729
138	12806
139	13101
140	13433
141	13338
142	13827
143	14024
144	14051
145	13225
146	13817
147	16462
148	17029
149	17971
150	18146
151	18187
152	18764
153	18527
154	18710
155	18701
156	19036
157	19243
158	19459
159	19987
160	19581
161	19930
162	20544
163	20533
164	20906
165	20793
166	20928
167	21134
168	20974
169	21329
170	21433
171	21127
172	21198
173	20694
174	21150
175	21770
176	21662
177	21669
178	21643
179	21696
180	21590
181	21401
182	21691
183	21794
184	21341
185	21630
186	21699
187	21938
188	21390
189	21496
190	21501
191	21169
192	20969
193	21495
194	21782
195	21813
196	21275
197	21236
198	21474
199	21236
200	21133
201	20808
202	21137
203	21071
204	20885
205	20913
206	20457
207	20215
208	20694
209	20732
210	20014
211	20138
212	20019
213	19627
214	19623
215	19843
216	19867
217	19527
218	19075
219	19035
220	18892
221	18290
222	18354
223	18536
224	18354
225	18175
226	18371
227	18298
228	18155
229	17838
230	17547
231	17525
232	17504
233	17528
234	17149
235	17186
236	16912
237	16986
238	17281
239	16694
240	16467
241	16364
242	16702
243	16243
244	16119
245	16162
246	15929
247	16154
248	15669
249	14795
250	15560
251	15320
252	15246
253	15196
254	15333
255	14897
256	14775
257	14616
258	14466
259	14375
260	13949
261	13882
262	13670
263	13774
264	13948
265	13639
266	13511
267	13296
268	13180
269	13350
270	13083
271	12989
272	12775
273	12645
274	12554
275	12282
276	12312
277	12510
278	12088
279	11971
280	12075
281	11634
282	11557
283	11509
284	11500
285	11557
286	11393
287	11346
288	11337
289	10752
290	11213
291	10772
292	10745
293	10515
294	10370
295	10455
296	10026
297	10236
298	10017
299	9888
300	9663
301	10013
302	10079
303	9619
304	9688
305	9395
306	9552
307	9295
308	9268
309	9316
310	9231
311	9179
312	9121
313	8620
314	8819
315	8615
316	8504
317	8413
318	8212
319	8124
320	8270
321	7871
322	8156
323	7830
324	7743
325	7577
326	7513
327	7663
328	7643
329	7490
330	7255
331	7208
332	7408
333	7386
334	7231
335	7296
336	7056
337	6949
338	7014
339	6983
340	6944
341	6573
342	6885
343	6608
344	6720
345	6411
346	6413
347	6344
348	6277
349	6352
350	6211
351	6116
352	6250
353	6100
354	5855
355	5871
356	5908
357	5707
358	5769
359	5861
360	5679
361	5644
362	5756
363	5521
364	5577
365	5526
366	5460
367	5539
368	5406
369	5197
370	5159
371	5284
372	5329
373	5250
374	5467
375	5171
376	5216
377	5090
378	5207
379	4891
380	4849
381	4709
382	4715
383	4833
384	4701
385	4648
386	4783
387	4650
388	4560
389	4673
390	4537
391	4456
392	4515
393	4387
394	4356
395	4292
396	4299
397	4205
398	4167
399	4351
400	4218
401	4233
402	3986
403	4184
404	4140
405	4020
406	4023
407	3890
408	3948
409	3922
410	3910
411	3901
412	3921
413	3868
414	3715
415	3706
416	3777
417	3692
418	3678
419	3537
420	3619
421	3463
422	3297
423	3526
424	3499
425	3492
426	3489
427	3554
428	3442
429	3445
430	3441
431	3250
432	3321
433	3389
434	3054
435	3160
436	3121
437	3095
438	3149
439	3120
440	3129
441	3206
442	3227
443	3098
444	2996
445	3028
446	3018
447	2975
448	2958
449	2847
450	2923
451	2867
452	2928
453	2826
454	2902
455	2773
456	2721
457	2910
458	2759
459	2853
460	2740
461	2778
462	2825
463	2649
464	2677
465	2509
466	2528
467	2518
468	2575
469	2523
470	2608
471	2632
472	2613
473	2649
474	2692
475	2507
476	2502
477	2598
478	2379
479	2461
480	2509
481	2506
482	2477
483	2445
484	2382
485	2311
486	2272
487	2345
488	2369
489	2358
490	2325
491	2373
492	2263
493	2348
494	2422
495	2346
496	2462
497	2241
498	2319
499	2274
500	2235
501	2231
502	2225
503	2202
504	2233
505	2243
506	2189
507	2144
508	2136
509	2066
510	2065
511	2132
512	2183
513	2059
514	2067
515	2117
516	1984
517	2101
518	2112
519	2042
520	2077
521	2050
522	2024
523	2113
524	2133
525	2113
526	2087
527	2054
528	2025
529	2117
530	2079
531	2094
532	2070
533	1978
534	1989
535	2067
536	2074
537	1966
538	2066
539	1937
540	1887
541	1772
542	1908
543	1880
544	1872
545	1780
546	1832
547	1921
548	1828
549	1848
550	1954
551	1854
552	1820
553	1786
554	1892
555	1839
556	1730
557	1705
558	1746
559	1783
560	1906
561	1775
562	1798
563	1870
564	1762
565	1730
566	1705
567	1771
568	1727
569	1770
570	1693
571	1866
572	1689
573	1722
574	1755
575	1727
576	1748
577	1658
578	1760
579	1598
580	1734
581	1823
582	1644
583	1654
584	1651
585	1702
586	1644
587	1804
588	1571
589	1676
590	1699
591	1739
592	1634
593	1607
594	1635
595	1737
596	1629
597	1759
598	1641
599	1594
600	1611
601	1679
602	1528
603	1592
604	1597
605	1649
606	1598
607	1541
608	1551
609	1564
610	1651
611	1540
612	1627
613	1595
614	1514
615	1507
616	1510
617	1435
618	1544
619	1510
620	1438
621	1516
622	1595
623	1596
624	1543
625	1554
626	1637
627	1513
628	1514
629	1506
630	1481
631	1580
632	1552
633	1590
634	1546
635	1550
636	1459
637	1500
638	1491
639	1516
640	1445
641	1512
642	1394
643	1496
644	1529
645	1501
646	1394
647	1367
648	1339
649	1450
650	1458
651	1352
652	1431
653	1353
654	1431
655	1377
656	1333
657	1539
658	1430
659	1357
660	1338
661	1438
662	1305
663	1312
664	1391
665	1367
666	1383
667	1388
668	1492
669	1446
670	1432
671	1447
672	1418
673	1439
674	1410
675	1367
676	1554
677	1351
678	1520
679	1446
680	1435
681	1427
682	1400
683	1501
684	1390
685	1394
686	1456
687	1397
688	1362
689	1305
690	1398
691	1517
692	1391
693	1411
694	1284
695	1415
696	1276
697	1403
698	1392
699	1417
700	1243
701	1286
702	1334
703	1420
704	1292
705	1444
706	1417
707	1284
708	1356
709	1401
710	1303
711	1297
712	1264
713	1296
714	1384
715	1412
716	1326
717	1292
718	1247
719	1387
720	1328
721	1328
722	1319
723	1318
724	1373
725	1261
726	1336
727	1387
728	1294
729	1231
730	1295
731	1387
732	1430
733	1378
734	1261
735	1337
736	1218
737	1326
738	1310
739	1312
740	1262
741	1165
742	1282
743	1421
744	1326
745	1209
746	1228
747	1290
748	1197
749	1304
750	1284
751	1259
752	1328
753	1326
754	1249
755	1181
756	1197
757	1186
758	1209
759	1221
760	1076
761	1157
762	1170
763	1242
764	1172
765	1192
766	1206
767	1156
768	1203
769	1200
770	1136
771	1238
772	1217
773	1215
774	1323
775	1236
776	1235
777	1215
778	1225
779	1155
780	1154
781	1236
782	1220
783	1223
784	1235
785	1272
786	1234
787	1181
788	1230
789	1233
790	1198
791	1250
792	1244
793	1250
794	1195
795	1174
796	1176
797	1129
798	1103
799	1153
800	1137
801	1172
802	1251
803	1206
804	1175
805	1150
806	1101
807	1150
808	1149
809	1154
810	1162
811	1154
812	1156
813	1161
814	1050
815	1068
816	1148
817	1162
818	1103
819	1098
820	1141
821	1120
822	1126
823	1153
824	1108
825	1129
826	1119
827	1135
828	1127
829	1152
830	1088
831	1097
832	1123
833	1107
834	1134
835	1141
836	1163
837	1103
838	1117
839	1127
840	1104
841	1149
842	1234
843	1126
844	1066
845	1064
846	1136
847	1123
848	1074
849	1095
850	1026
851	1156
852	1079
853	1119
854	1103
855	1132
856	1165
857	1173
858	1087
859	1037
860	1043
861	1007
862	1076
863	1036
864	1080
865	1206
866	1120
867	1145
868	1065
869	1135
870	1065
871	1086
872	1094
873	1178
874	1107
875	1236
876	1025
877	1034
878	949
879	1015
880	1066
881	1223
882	1191
883	1133
884	1038
885	1113
886	1119
887	1112
888	1124
889	1101
890	1153
891	1011
892	1098
893	1119
894	1025
895	1030
896	955
897	1001
898	975
899	1085
900	1041
901	1132
902	963
903	1049
904	991
905	1039
906	1082
907	1074
908	1035
909	1075
910	996
911	1136
912	1039
913	1095
914	1058
915	1054
916	1022
917	959
918	1008
919	970
920	984
921	966
922	1067
923	1075
924	1081
925	1065
926	1002
927	1062
928	960
929	992
930	1043
931	1014
932	974
933	1108
934	1095
935	1084
936	1000
937	1047
938	1057
939	958
940	1032
941	973
942	987
943	979
944	950
945	872
946	951
947	979
948	984
949	984
950	945
951	1040
952	963
953	976
954	1041
955	1019
956	1014
957	1022
958	947
959	994
960	890
961	998
962	1054
963	994
964	1065
965	1045
966	1010
967	950
968	939
969	967
970	962
971	1080
972	996
973	1005
974	985
975	1026
976	1009
977	938
978	892
979	1020
980	933
981	1016
982	942
983	969
984	995
985	941
986	907
987	977
988	950
989	858
990	910
991	922
992	922
993	983
994	914
995	1066
996	1020
997	837
998	800
999	953
1000	968
1001	885
1002	934
1003	903
1004	879
1005	975
1006	890
1007	949
1008	804
1009	863
1010	924
1011	897
1012	952
1013	896
1014	845
1015	827
1016	851
1017	904
1018	857
1019	952
1020	869
1021	856
1022	902
1023	908
1024	890
1025	864
1026	947
1027	885
1028	946
1029	883
1030	869
1031	915
1032	886
1033	879
1034	868
1035	975
1036	959
1037	853
1038	895
1039	832
1040	835
1041	857
1042	788
1043	925
1044	838
1045	863
1046	782
1047	852
1048	820
1049	748
1050	760
1051	769
1052	829
1053	782
1054	828
1055	812
1056	828
1057	904
1058	881
1059	803
1060	858
1061	857
1062	811
1063	776
1064	790
1065	789
1066	856
1067	871
1068	810
1069	750
1070	794
1071	767
1072	762
1073	756
1074	833
1075	786
1076	713
1077	800
1078	852
1079	797
1080	879
1081	840
1082	839
1083	757
1084	750
1085	844
1086	774
1087	814
1088	794
1089	810
1090	885
1091	755
1092	896
1093	808
1094	837
1095	802
1096	796
1097	816
1098	743
1099	758
1100	778
1101	783
1102	768
1103	784
1104	773
1105	828
1106	786
1107	806
1108	796
1109	742
1110	795
1111	776
1112	936
1113	809
1114	734
1115	842
1116	798
1117	806
1118	860
1119	815
1120	898
1121	816
1122	865
1123	891
1124	750
1125	759
1126	718
1127	756
1128	708
1129	788
1130	813
1131	789
1132	818
1133	849
1134	887
1135	792
1136	810
1137	807
1138	683
1139	739
1140	789
1141	769
1142	811
1143	820
1144	797
1145	800
1146	748
1147	709
1148	759
1149	774
1150	790
1151	853
1152	737
1153	717
1154	820
1155	774
1156	870
1157	794
1158	715
1159	815
1160	837
1161	759
1162	714
1163	757
1164	739
1165	779
1166	822
1167	777
1168	854
1169	858
1170	798
1171	766
1172	769
1173	831
1174	766
1175	804
1176	776
1177	809
1178	834
1179	851
1180	900
1181	804
1182	768
1183	786
1184	741
1185	734
1186	765
1187	784
1188	791
1189	822
1190	754
1191	760
1192	833
1193	841
1194	807
1195	790
1196	745
1197	817
1198	789
1199	798
1200	866
1201	776
1202	756
1203	826
1204	807
1205	821
1206	776
1207	816
1208	778
1209	823
1210	783
1211	763
1212	769
1213	855
1214	828
1215	824
1216	800
1217	776
1218	787
1219	807
1220	795
1221	763
1222	711
1223	746
1224	752
1225	765
1226	790
1227	730
1228	772
1229	782
1230	766
1231	821
1232	796
1233	767
1234	758
1235	881
1236	864
1237	838
1238	851
1239	760
1240	686
1241	806
1242	773
1243	837
1244	786
1245	731
1246	805
1247	819
1248	788
1249	772
1250	767
1251	744
1252	793
1253	720
1254	744
1255	816
1256	760
1257	737
1258	821
1259	800
1260	796
1261	831
1262	779
1263	806
1264	802
1265	811
1266	834
1267	891
1268	814
1269	864
1270	729
1271	731
1272	787
1273	825
1274	786
1275	783
1276	782
1277	850
1278	802
1279	807
1280	792
1281	734
1282	755
1283	672
1284	814
1285	705
1286	802
1287	729
1288	751
1289	760
1290	747
1291	827
1292	868
1293	746
1294	836
1295	819
1296	690
1297	742
1298	771
1299	865
1300	823
1301	781
1302	810
1303	783
1304	798
1305	725
1306	810
1307	808
1308	790
1309	737
1310	869
1311	824
1312	846
1313	711
1314	699
1315	681
1316	783
1317	743
1318	783
1319	833
1320	805
1321	731
1322	806
1323	781
1324	867
1325	741
1326	700
1327	690
1328	703
1329	763
1330	766
1331	742
1332	816
1333	771
1334	806
1335	838
1336	719
1337	770
1338	743
1339	742
1340	757
1341	691
1342	703
1343	708
1344	719
1345	752
1346	715
1347	732
1348	746
1349	720
1350	721
1351	687
1352	727
1353	710
1354	653
1355	703
1356	696
1357	709
1358	727
1359	802
1360	698
1361	714
1362	690
1363	680
1364	727
1365	727
1366	773
1367	674
1368	742
1369	807
1370	769
1371	689
1372	785
1373	629
1374	711
1375	678
1376	685
1377	765
1378	706
1379	786
1380	823
1381	730
1382	825
1383	682
1384	743
1385	703
1386	744
1387	729
1388	745
1389	661
1390	700
1391	836
1392	766
1393	781
1394	713
1395	693
1396	692
1397	755
1398	745
1399	722
1400	753
1401	705
1402	797
1403	794
1404	723
1405	804
1406	875
1407	836
1408	781
1409	684
1410	731
1411	710
1412	713
1413	776
1414	752
1415	800
1416	724
1417	814
1418	816
1419	771
1420	758
1421	783
1422	782
1423	728
1424	681
1425	680
1426	748
1427	673
1428	672
1429	675
1430	703
1431	704
1432	731
1433	740
1434	718
1435	672
1436	733
1437	771
1438	676
1439	671
1440	688
1441	675
1442	627
1443	610
1444	604
1445	665
1446	717
1447	667
1448	663
1449	711
1450	674
1451	682
1452	712
1453	695
1454	651
1455	728
1456	660
1457	776
1458	687
1459	686
1460	759
1461	654
1462	699
1463	683
1464	784
1465	727
1466	766
1467	742
1468	684
1469	650
1470	606
1471	612
1472	645
1473	654
1474	639
1475	670
1476	708
1477	670
1478	657
1479	774
1480	644
1481	655
1482	740
1483	684
1484	645
1485	702
1486	627
1487	722
1488	678
1489	691
1490	718
1491	633
1492	638
1493	718
1494	610
1495	660
1496	697
1497	615
1498	781
1499	679
1500	705
1501	641
1502	649
1503	714
1504	579
1505	576
1506	678
1507	664
1508	670
1509	678
1510	660
1511	659
1512	743
1513	724
1514	774
1515	776
1516	659
1517	679
1518	655
1519	654
1520	752
1521	692
1522	739
1523	721
1524	811
1525	621
1526	610
1527	654
1528	743
1529	717
1530	630
1531	696
1532	726
1533	742
1534	714
1535	718
1536	668
1537	694
1538	661
1539	650
1540	703
1541	638
1542	681
1543	648
1544	689
1545	683
1546	597
1547	727
1548	700
1549	755
1550	675
1551	638
1552	722
1553	754
1554	690
1555	726
1556	763
1557	686
1558	744
1559	687
1560	682
1561	799
1562	737
1563	701
1564	682
1565	742
1566	752
1567	718
1568	625
1569	680
1570	763
1571	727
1572	688
1573	767
1574	804
1575	741
1576	760
1577	738
1578	702
1579	780
1580	720
1581	710
1582	679
1583	721
1584	719
1585	722
1586	721
1587	685
1588	663
1589	707
1590	754
1591	775
1592	791
1593	768
1594	742
1595	750
1596	652
1597	669
1598	676
1599	706
1600	671
1601	682
1602	657
1603	657
1604	615
1605	731
1606	712
1607	640
1608	714
1609	611
1610	627
1611	715
1612	560
1613	680
1614	695
1615	605
1616	629
1617	724
1618	651
1619	631
1620	678
1621	695
1622	645
1623	623
1624	692
1625	739
1626	591
1627	636
1628	664
1629	727
1630	715
1631	712
1632	617
1633	639
1634	729
1635	690
1636	660
1637	716
1638	730
1639	747
1640	679
1641	675
1642	728
1643	668
1644	633
1645	658
1646	775
1647	636
1648	691
1649	774
1650	727
1651	744
1652	661
1653	700
1654	716
1655	713
1656	767
1657	638
1658	665
1659	738
1660	697
1661	612
1662	623
1663	590
1664	579
1665	673
1666	596
1667	701
1668	676
1669	614
1670	672
1671	716
1672	658
1673	598
1674	630
1675	644
1676	641
1677	610
1678	598
1679	672
1680	592
1681	651
1682	707
1683	707
1684	698
1685	661
1686	628
1687	730
1688	651
1689	698
1690	693
1691	714
1692	772
1693	677
1694	724
1695	677
1696	629
1697	700
1698	643
1699	641
1700	635
1701	624
1702	699
1703	633
1704	663
1705	695
1706	655
1707	725
1708	777
1709	678
1710	628
1711	651
1712	717
1713	640
1714	564
1715	671
1716	636
1717	704
1718	670
1719	663
1720	705
1721	705
1722	686
1723	744
1724	682
1725	718
1726	705
1727	740
1728	759
1729	675
1730	647
1731	730
1732	657
1733	759
1734	642
1735	724
1736	701
1737	757
1738	722
1739	717
1740	721
1741	692
1742	722
1743	697
1744	700
1745	734
1746	683
1747	698
1748	716
1749	578
1750	674
1751	626
1752	716
1753	650
1754	623
1755	648
1756	666
1757	593
1758	634
1759	689
1760	701
1761	590
1762	647
1763	626
1764	744
1765	639
1766	664
1767	613
1768	601
1769	686
1770	629
1771	633
1772	624
1773	651
1774	683
1775	673
1776	600
1777	653
1778	579
1779	553
1780	548
1781	661
1782	626
1783	621
1784	576
1785	574
1786	580
1787	597
1788	564
1789	665
1790	578
1791	575
1792	597
1793	588
1794	688
1795	662
1796	653
1797	600
1798	576
1799	552
1800	591
1801	631
1802	544
1803	629
1804	647
1805	573
1806	591
1807	520
1808	617
1809	518
1810	531
1811	575
1812	598
1813	631
1814	549
1815	496
1816	554
1817	566
1818	590
1819	572
1820	565
1821	542
1822	558
1823	606
1824	574
1825	675
1826	630
1827	612
1828	602
1829	537
1830	572
1831	618
1832	574
1833	536
1834	625
1835	621
1836	551
1837	581
1838	530
1839	664
1840	649
1841	621
1842	576
1843	611
1844	591
1845	539
1846	607
1847	567
1848	545
1849	595
1850	596
1851	624
1852	678
1853	644
1854	575
1855	509
1856	587
1857	549
1858	535
1859	564
1860	540
1861	603
1862	546
1863	564
1864	474
1865	500
1866	526
1867	588
1868	504
1869	532
1870	519
1871	585
1872	543
1873	552
1874	627
1875	641
1876	590
1877	590
1878	585
1879	577
1880	505
1881	554
1882	551
1883	608
1884	584
1885	623
1886	584
1887	573
1888	572
1889	577
1890	615
1891	637
1892	592
1893	589
1894	539
1895	616
1896	589
1897	601
1898	631
1899	630
1900	629
1901	607
1902	527
1903	549
1904	592
1905	532
1906	567
1907	638
1908	529
1909	632
1910	602
1911	607
1912	570
1913	626
1914	577
1915	587
1916	597
1917	589
1918	577
1919	629
1920	644
1921	562
1922	650
1923	535
1924	568
1925	587
1926	549
1927	604
1928	572
1929	594
1930	582
1931	580
1932	649
1933	599
1934	635
1935	620
1936	605
1937	584
1938	595
1939	579
1940	498
1941	542
1942	520
1943	573
1944	465
1945	514
1946	524
1947	543
1948	497
1949	495
1950	540
1951	592
1952	572
1953	594
1954	531
1955	547
1956	554
1957	515
1958	555
1959	549
1960	566
1961	553
1962	513
1963	623
1964	587
1965	506
1966	584
1967	609
1968	593
1969	570
1970	563
1971	560
1972	547
1973	647
1974	613
1975	601
1976	554
1977	631
1978	581
1979	696
1980	551
1981	543
1982	642
1983	617
1984	612
1985	632
1986	566
1987	566
1988	597
1989	565
1990	557
1991	521
1992	546
1993	534
1994	615
1995	632
1996	556
1997	573
1998	595
1999	535
2000	557
2001	616
2002	611
2003	568
2004	525
2005	562
2006	555
2007	561
2008	623
2009	552
2010	576
2011	597
2012	571
2013	637
2014	545
2015	586
2016	607
2017	648
2018	572
2019	579
2020	532
2021	582
2022	562
2023	578
2024	612
2025	588
2026	562
2027	552
2028	532
2029	631
2030	561
2031	604
2032	609
2033	543
2034	528
2035	597
2036	599
2037	553
2038	603
2039	632
2040	642
2041	654
2042	616
2043	564
2044	607
2045	675
2046	587
2047	604
2048	588
2049	601
2050	631
2051	561
2052	563
2053	625
2054	704
2055	704
2056	621
2057	617
2058	569
2059	551
2060	576
2061	568
2062	629
2063	602
2064	554
2065	580
2066	589
2067	565
2068	566
2069	596
2070	605
2071	625
2072	677
2073	613
2074	665
2075	689
2076	624
2077	606
2078	590
2079	535
2080	619
2081	593
2082	527
2083	473
2084	548
2085	605
2086	574
2087	651
2088	638
2089	599
2090	577
2091	580
2092	577
2093	559
2094	615
2095	619
2096	609
2097	552
2098	568
2099	628
2100	615
2101	622
2102	586
2103	610
2104	562
2105	547
2106	611
2107	584
2108	556
2109	589
2110	575
2111	505
2112	576
2113	551
2114	521
2115	557
2116	617
2117	591
2118	583
2119	506
2120	525
2121	522
2122	584
2123	556
2124	523
2125	547
2126	575
2127	494
2128	550
2129	492
2130	545
2131	569
2132	554
2133	525
2134	481
2135	536
2136	571
2137	604
2138	586
2139	548
2140	507
2141	491
2142	536
2143	488
2144	526
2145	587
2146	568
2147	580
2148	576
2149	591
2150	535
2151	484
2152	514
2153	578
2154	555
2155	523
2156	542
2157	535
2158	572
2159	571
2160	476
2161	532
2162	579
2163	537
2164	617
2165	560
2166	483
2167	479
2168	497
2169	485
2170	512
2171	540
2172	505
2173	554
2174	519
2175	580
2176	567
2177	581
2178	554
2179	550
2180	507
2181	608
2182	516
2183	516
2184	492
2185	507
2186	503
2187	533
2188	483
2189	563
2190	548
2191	564
2192	537
2193	496
2194	559
2195	463
2196	435
2197	532
2198	508
2199	554
2200	502
2201	499
2202	513
2203	514
2204	467
2205	463
2206	510
2207	553
2208	461
2209	541
2210	548
2211	528
2212	520
2213	577
2214	517
2215	508
2216	516
2217	453
2218	552
2219	505
2220	511
2221	524
2222	506
2223	551
2224	493
2225	536
2226	526
2227	602
2228	542
2229	529
2230	584
2231	533
2232	457
2233	534
2234	592
2235	543
2236	535
2237	444
2238	529
2239	510
2240	543
2241	525
2242	540
2243	503
2244	577
2245	556
2246	504
2247	598
2248	523
2249	486
2250	493
2251	501
2252	514
2253	540
2254	531
2255	569
2256	612
2257	539
2258	534
2259	593
2260	617
2261	605
2262	578
2263	534
2264	575
2265	587
2266	599
2267	592
2268	502
2269	553
2270	603
2271	567
2272	592
2273	575
2274	542
2275	551
2276	540
2277	577
2278	555
2279	546
2280	488
2281	457
2282	556
2283	573
2284	550
2285	567
2286	542
2287	541
2288	573
2289	559
2290	550
2291	583
2292	573
2293	555
2294	425
2295	611
2296	550
2297	552
2298	554
2299	620
2300	599
2301	491
2302	564
2303	511
2304	522
2305	596
2306	581
2307	557
2308	550
2309	554
2310	525
2311	493
2312	558
2313	535
2314	506
2315	571
2316	522
2317	457
2318	513
2319	522
2320	510
2321	510
2322	507
2323	537
2324	479
2325	529
2326	513
2327	478
2328	555
2329	575
2330	580
2331	526
2332	547
2333	533
2334	532
2335	495
2336	501
2337	538
2338	503
2339	506
2340	496
2341	511
2342	488
2343	539
2344	500
2345	537
2346	517
2347	459
2348	522
2349	511
2350	488
2351	483
2352	520
2353	509
2354	570
2355	540
2356	599
2357	500
2358	498
2359	517
2360	570
2361	548
2362	545
2363	524
2364	575
2365	501
2366	506
2367	589
2368	517
2369	532
2370	523
2371	499
2372	469
2373	505
2374	482
2375	569
2376	464
2377	475
2378	464
2379	459
2380	466
2381	422
2382	455
2383	511
2384	551
2385	517
2386	541
2387	588
2388	559
2389	525
2390	506
2391	464
2392	465
2393	502
2394	511
2395	515
2396	496
2397	562
2398	529
2399	540
2400	484
2401	516
2402	497
2403	524
2404	507
2405	531
2406	504
2407	555
2408	546
2409	516
2410	509
2411	560
2412	514
2413	560
2414	510
2415	492
2416	535
2417	469
2418	522
2419	595
2420	528
2421	572
2422	564
2423	584
2424	544
2425	569
2426	551
2427	510
2428	561
2429	534
2430	479
2431	487
2432	474
2433	483
2434	542
2435	555
2436	529
2437	508
2438	471
2439	576
2440	561
2441	550
2442	542
2443	524
2444	500
2445	553
2446	485
2447	506
2448	520
2449	519
2450	539
2451	483
2452	469
2453	475
2454	409
2455	506
2456	488
2457	534
2458	544
2459	477
2460	476
2461	494
2462	468
2463	502
2464	499
2465	545
2466	503
2467	536
2468	492
2469	529
2470	467
2471	492
2472	516
2473	446
2474	461
2475	463
2476	551
2477	476
2478	531
2479	456
2480	475
2481	534
2482	499
2483	495
2484	458
2485	506
2486	466
2487	481
2488	490
2489	543
2490	508
2491	510
2492	531
2493	506
2494	544
2495	520
2496	531
2497	509
2498	481
2499	535
2500	519
2501	482
2502	474
2503	450
2504	444
2505	450
2506	520
2507	462
2508	526
2509	538
2510	554
2511	453
2512	469
2513	509
2514	480
2515	466
2516	554
2517	508
2518	516
2519	517
2520	515
2521	544
2522	483
2523	506
2524	517
2525	541
2526	552
2527	512
2528	555
2529	544
2530	509
2531	503
2532	481
2533	436
2534	472
2535	470
2536	520
2537	485
2538	443
2539	388
2540	467
2541	527
2542	442
2543	443
2544	473
2545	493
2546	471
2547	506
2548	502
2549	438
2550	501
2551	411
2552	493
2553	420
2554	461
2555	447
2556	484
2557	508
2558	454
2559	466
2560	450
2561	444
2562	496
2563	456
2564	415
2565	392
2566	466
2567	432
2568	442
2569	462
2570	432
2571	428
2572	442
2573	456
2574	450
2575	449
2576	440
2577	478
2578	444
2579	436
2580	487
2581	527
2582	450
2583	400
2584	434
2585	408
2586	448
2587	491
2588	450
2589	409
2590	441
2591	379
2592	469
2593	420
2594	425
2595	411
2596	437
2597	398
2598	412
2599	445
2600	465
2601	462
2602	491
2603	474
2604	483
2605	479
2606	409
2607	453
2608	468
2609	447
2610	407
2611	453
2612	430
2613	432
2614	452
2615	417
2616	399
2617	431
2618	434
2619	458
2620	465
2621	395
2622	394
2623	414
2624	435
2625	416
2626	424
2627	455
2628	439
2629	416
2630	468
2631	423
2632	426
2633	482
2634	496
2635	492
2636	441
2637	442
2638	439
2639	437
2640	456
2641	417
2642	464
2643	415
2644	405
2645	380
2646	433
2647	496
2648	415
2649	391
2650	432
2651	500
2652	424
2653	447
2654	374
2655	384
2656	482
2657	449
2658	437
2659	530
2660	452
2661	420
2662	515
2663	447
2664	444
2665	421
2666	485
2667	452
2668	500
2669	493
2670	434
2671	378
2672	419
2673	462
2674	443
2675	492
2676	448
2677	461
2678	418
2679	461
2680	448
2681	423
2682	409
2683	382
2684	410
2685	443
2686	389
2687	441
2688	349
2689	364
2690	454
2691	405
2692	443
2693	426
2694	435
2695	506
2696	434
2697	447
2698	387
2699	484
2700	433
2701	514
2702	467
2703	410
2704	413
2705	428
2706	433
2707	452
2708	412
2709	375
2710	441
2711	415
2712	469
2713	457
2714	412
2715	428
2716	427
2717	431
2718	435
2719	470
2720	371
2721	507
2722	396
2723	426
2724	430
2725	387
2726	445
2727	452
2728	448
2729	424
2730	493
2731	411
2732	400
2733	448
2734	444
2735	365
2736	406
2737	424
2738	434
2739	419
2740	464
2741	423
2742	394
2743	333
2744	385
2745	407
2746	375
2747	420
2748	408
2749	427
2750	435
2751	420
2752	395
2753	400
2754	402
2755	449
2756	460
2757	403
2758	456
2759	437
2760	441
2761	468
2762	410
2763	466
2764	482
2765	434
2766	455
2767	473
2768	470
2769	496
2770	448
2771	419
2772	461
2773	431
2774	458
2775	432
2776	430
2777	453
2778	346
2779	352
2780	326
2781	342
2782	377
2783	351
2784	366
2785	353
2786	344
2787	472
2788	403
2789	418
2790	413
2791	437
2792	439
2793	409
2794	387
2795	433
2796	464
2797	443
2798	460
2799	435
2800	429
2801	409
2802	418
2803	427
2804	449
2805	470
2806	398
2807	413
2808	388
2809	415
2810	315
2811	441
2812	386
2813	388
2814	382
2815	418
2816	404
2817	377
2818	368
2819	396
2820	416
2821	391
2822	423
2823	453
2824	436
2825	437
2826	417
2827	389
2828	386
2829	401
2830	418
2831	391
2832	415
2833	421
2834	387
2835	356
2836	380
2837	407
2838	382
2839	347
2840	393
2841	377
2842	382
2843	347
2844	377
2845	389
2846	314
2847	308
2848	322
2849	362
2850	350
2851	356
2852	327
2853	390
2854	395
2855	390
2856	428
2857	360
2858	372
2859	444
2860	402
2861	443
2862	412
2863	427
2864	378
2865	390
2866	378
2867	411
2868	414
2869	362
2870	378
2871	354
2872	337
2873	373
2874	387
2875	420
2876	424
2877	376
2878	382
2879	421
2880	339
2881	332
2882	441
2883	410
2884	406
2885	387
2886	326
2887	343
2888	365
2889	366
2890	372
2891	418
2892	375
2893	348
2894	384
2895	367
2896	326
2897	324
2898	329
2899	367
2900	379
2901	364
2902	356
2903	391
2904	379
2905	359
2906	358
2907	391
2908	382
2909	316
2910	341
2911	313
2912	381
2913	379
2914	383
2915	410
2916	353
2917	397
2918	399
2919	419
2920	359
2921	352
2922	370
2923	407
2924	385
2925	393
2926	412
2927	342
2928	458
2929	338
2930	385
2931	360
2932	337
2933	298
2934	340
2935	332
2936	352
2937	389
2938	319
2939	312
2940	384
2941	366
2942	321
2943	351
2944	401
2945	357
2946	368
2947	328
2948	293
2949	329
2950	377
2951	408
2952	337
2953	311
2954	364
2955	321
2956	367
2957	349
2958	338
2959	325
2960	359
2961	350
2962	366
2963	328
2964	333
2965	350
2966	313
2967	317
2968	339
2969	379
2970	363
2971	295
2972	294
2973	353
2974	367
2975	352
2976	291
2977	303
2978	330
2979	295
2980	363
2981	325
2982	336
2983	362
2984	367
2985	322
2986	359
2987	365
2988	319
2989	357
2990	355
2991	414
2992	281
2993	353
2994	335
2995	346
2996	334
2997	347
2998	300
2999	375
3000	317
3001	314
3002	363
3003	388
3004	404
3005	368
3006	360
3007	311
3008	415
3009	349
3010	297
3011	355
3012	346
3013	376
3014	398
3015	411
3016	378
3017	343
3018	396
3019	370
3020	349
3021	411
3022	392
3023	389
3024	397
3025	349
3026	352
3027	345
3028	349
3029	358
3030	382
3031	428
3032	442
3033	397
3034	397
3035	419
3036	420
3037	351
3038	415
3039	406
3040	358
3041	378
3042	400
3043	366
3044	384
3045	406
3046	474
3047	437
3048	406
3049	403
3050	416
3051	441
3052	476
3053	423
3054	458
3055	448
3056	459
3057	416
3058	392
3059	454
3060	376
3061	421
3062	398
3063	353
3064	388
3065	373
3066	408
3067	367
3068	364
3069	369
3070	422
3071	400
3072	339
3073	373
3074	405
3075	405
3076	407
3077	390
3078	400
3079	329
3080	318
3081	357
3082	348
3083	417
3084	376
3085	360
3086	365
3087	352
3088	362
3089	366
3090	386
3091	404
3092	384
3093	363
3094	374
3095	414
3096	343
3097	397
3098	334
3099	382
3100	365
3101	299
3102	337
3103	362
3104	412
3105	385
3106	347
3107	375
3108	372
3109	357
3110	319
3111	332
3112	305
3113	361
3114	340
3115	334
3116	353
3117	380
3118	389
3119	366
3120	308
3121	345
3122	314
3123	314
3124	333
3125	308
3126	307
3127	314
3128	322
3129	361
3130	304
3131	334
3132	343
3133	359
3134	355
3135	334
3136	322
3137	388
3138	366
3139	394
3140	384
3141	389
3142	384
3143	376
3144	404
3145	320
3146	348
3147	332
3148	350
3149	319
3150	362
3151	396
3152	352
3153	324
3154	366
3155	365
3156	337
3157	314
3158	340
3159	354
3160	342
3161	265
3162	325
3163	326
3164	322
3165	370
3166	298
3167	422
3168	306
3169	317
3170	327
3171	288
3172	328
3173	327
3174	333
3175	284
3176	302
3177	264
3178	361
3179	347
3180	343
3181	342
3182	362
3183	372
3184	317
3185	363
3186	387
3187	347
3188	380
3189	344
3190	370
3191	341
3192	396
3193	329
3194	352
3195	454
3196	359
3197	400
3198	327
3199	384
3200	376
3201	365
3202	344
3203	372
3204	327
3205	340
3206	344
3207	370
3208	363
3209	361
3210	341
3211	330
3212	302
3213	373
3214	395
3215	350
3216	403
3217	402
3218	430
3219	400
3220	402
3221	375
3222	392
3223	335
3224	336
3225	347
3226	389
3227	324
3228	355
3229	340
3230	380
3231	396
3232	355
3233	414
3234	346
3235	435
3236	399
3237	388
3238	424
3239	364
3240	353
3241	357
3242	385
3243	356
3244	350
3245	377
3246	430
3247	380
3248	478
3249	446
3250	404
3251	458
3252	398
3253	494
3254	402
3255	384
3256	401
3257	439
3258	399
3259	426
3260	376
3261	363
3262	356
3263	336
3264	351
3265	359
3266	381
3267	463
3268	362
3269	365
3270	402
3271	396
3272	374
3273	402
3274	406
3275	383
3276	406
3277	428
3278	410
3279	343
3280	367
3281	420
3282	409
3283	393
3284	412
3285	467
3286	455
3287	470
3288	432
3289	422
3290	411
3291	432
3292	384
3293	409
3294	429
3295	411
3296	391
3297	416
3298	360
3299	374
3300	409
3301	343
3302	373
3303	401
3304	378
3305	441
3306	383
3307	406
3308	416
3309	443
3310	471
3311	429
3312	400
3313	386
3314	325
3315	354
3316	364
3317	405
3318	386
3319	435
3320	385
3321	427
3322	484
3323	389
3324	378
3325	432
3326	377
3327	487
3328	376
3329	442
3330	402
3331	394
3332	448
3333	466
3334	409
3335	425
3336	414
3337	405
3338	447
3339	435
3340	508
3341	465
3342	448
3343	427
3344	426
3345	403
3346	470
3347	454
3348	433
3349	445
3350	416
3351	471
3352	401
3353	373
3354	399
3355	330
3356	332
3357	431
3358	429
3359	426
3360	300
3361	376
3362	389
3363	380
3364	505
3365	462
3366	393
3367	426
3368	412
3369	404
3370	365
3371	347
3372	368
3373	320
3374	402
3375	365
3376	342
3377	361
3378	320
3379	337
3380	338
3381	358
3382	319
3383	305
3384	375
3385	340
3386	366
3387	355
3388	309
3389	330
3390	331
3391	358
3392	417
3393	373
3394	363
3395	389
3396	283
3397	347
3398	343
3399	339
3400	360
3401	364
3402	293
3403	309
3404	329
3405	322
3406	383
3407	320
3408	373
3409	360
3410	367
3411	362
3412	320
3413	320
3414	301
3415	347
3416	316
3417	352
3418	414
3419	371
3420	357
3421	333
3422	368
3423	311
3424	341
3425	381
3426	350
3427	332
3428	383
3429	364
3430	376
3431	320
3432	314
3433	342
3434	362
3435	341
3436	366
3437	392
3438	321
3439	329
3440	315
3441	391
3442	411
3443	326
3444	302
3445	323
3446	369
3447	384
3448	337
3449	301
3450	337
3451	340
3452	360
3453	351
3454	370
3455	390
3456	313
3457	403
3458	381
3459	350
3460	325
3461	415
3462	357
3463	330
3464	331
3465	337
3466	310
3467	296
3468	305
3469	314
3470	360
3471	355
3472	319
3473	334
3474	306
3475	374
3476	318
3477	338
3478	349
3479	320
3480	289
3481	362
3482	325
3483	309
3484	323
3485	318
3486	286
3487	353
3488	399
3489	350
3490	335
3491	332
3492	361
3493	314
3494	350
3495	317
3496	335
3497	293
3498	254
3499	340
3500	347
3501	365
3502	327
3503	360
3504	342
3505	340
3506	315
3507	332
3508	266
3509	318
3510	287
3511	313
3512	308
3513	283
3514	268
3515	292
3516	366
3517	316
3518	308
3519	314
3520	314
3521	286
3522	301
3523	322
3524	332
3525	319
3526	307
3527	289
3528	302
3529	291
3530	333
3531	279
3532	313
3533	332
3534	351
3535	276
3536	329
3537	306
3538	264
3539	320
3540	290
3541	328
3542	257
3543	260
3544	282
3545	313
3546	286
3547	352
3548	314
3549	285
3550	310
3551	346
3552	297
3553	316
3554	306
3555	306
3556	320
3557	267
3558	276
3559	316
3560	287
3561	264
3562	300
3563	315
3564	292
3565	285
3566	301
3567	281
3568	294
3569	391
3570	344
3571	335
3572	339
3573	317
3574	340
3575	292
3576	305
3577	315
3578	276
3579	306
3580	266
3581	306
3582	320
3583	233
3584	313
3585	298
3586	247
3587	352
3588	279
3589	319
3590	297
3591	339
3592	312
3593	299
3594	289
3595	318
3596	299
3597	316
3598	274
3599	279
3600	274
3601	302
3602	363
3603	276
3604	255
3605	304
3606	334
3607	311
3608	318
3609	324
3610	309
3611	344
3612	307
3613	346
3614	314
3615	308
3616	331
3617	320
3618	267
3619	334
3620	345
3621	297
3622	296
3623	313
3624	336
3625	341
3626	334
3627	329
3628	364
3629	378
3630	340
3631	275
3632	273
3633	285
3634	321
3635	349
3636	369
3637	331
3638	318
3639	312
3640	295
3641	310
3642	334
3643	286
3644	326
3645	360
3646	333
3647	323
3648	354
3649	350
3650	355
3651	347
3652	380
3653	362
3654	280
3655	312
3656	329
3657	292
3658	264
3659	257
3660	280
3661	295
3662	330
3663	335
3664	341
3665	362
3666	281
3667	326
3668	346
3669	311
3670	303
3671	290
3672	300
3673	259
3674	306
3675	269
3676	274
3677	286
3678	300
3679	335
3680	301
3681	306
3682	301
3683	295
3684	332
3685	277
3686	293
3687	281
3688	305
3689	233
3690	256
3691	303
3692	305
3693	269
3694	285
3695	266
3696	303
3697	286
3698	326
3699	256
3700	302
3701	298
3702	304
3703	299
3704	299
3705	284
3706	291
3707	330
3708	281
3709	312
3710	279
3711	298
3712	323
3713	373
3714	304
3715	293
3716	318
3717	323
3718	288
3719	247
3720	262
3721	323
3722	304
3723	299
3724	308
3725	266
3726	328
3727	300
3728	307
3729	283
3730	314
3731	250
3732	288
3733	303
3734	315
3735	323
3736	328
3737	356
3738	360
3739	302
3740	326
3741	263
3742	307
3743	299
3744	282
3745	323
3746	318
3747	274
3748	307
3749	282
3750	311
3751	333
3752	324
3753	318
3754	296
3755	358
3756	337
3757	334
3758	332
3759	298
3760	302
3761	318
3762	306
3763	251
3764	284
3765	328
3766	291
3767	313
3768	360
3769	263
3770	273
3771	286
3772	307
3773	304
3774	310
3775	276
3776	266
3777	278
3778	300
3779	250
3780	262
3781	286
3782	257
3783	291
3784	307
3785	301
3786	313
3787	344
3788	328
3789	285
3790	322
3791	299
3792	302
3793	246
3794	238
3795	278
3796	279
3797	320
3798	313
3799	308
3800	361
3801	294
3802	290
3803	273
3804	319
3805	283
3806	293
3807	340
3808	329
3809	253
3810	286
3811	305
3812	259
3813	294
3814	335
3815	368
3816	304
3817	287
3818	323
3819	271
3820	303
3821	299
3822	303
3823	302
3824	284
3825	327
3826	250
3827	263
3828	330
3829	284
3830	297
3831	306
3832	387
3833	343
3834	306
3835	285
3836	308
3837	317
3838	345
3839	313
3840	315
3841	299
3842	276
3843	254
3844	297
3845	248
3846	300
3847	307
3848	272
3849	335
3850	276
3851	262
3852	307
3853	324
3854	263
3855	275
3856	277
3857	279
3858	287
3859	256
3860	285
3861	293
3862	304
3863	294
3864	305
3865	285
3866	282
3867	308
3868	284
3869	275
3870	273
3871	296
3872	290
3873	264
3874	284
3875	292
3876	293
3877	349
3878	322
3879	286
3880	290
3881	310
3882	278
3883	307
3884	277
3885	266
3886	277
3887	283
3888	328
3889	299
3890	287
3891	330
3892	317
3893	307
3894	297
3895	292
3896	295
3897	296
3898	265
3899	334
3900	264
3901	248
3902	291
3903	262
3904	239
3905	241
3906	233
3907	264
3908	227
3909	253
3910	302
3911	297
3912	274
3913	285
3914	249
3915	260
3916	275
3917	316
3918	324
3919	359
3920	327
3921	294
3922	318
3923	326
3924	337
3925	348
3926	332
3927	332
3928	326
3929	322
3930	344
3931	284
3932	329
3933	292
3934	317
3935	293
3936	255
3937	331
3938	307
3939	324
3940	319
3941	336
3942	290
3943	356
3944	304
3945	274
3946	310
3947	301
3948	309
3949	283
3950	268
3951	293
3952	280
3953	300
3954	298
3955	313
3956	347
3957	345
3958	352
3959	270
3960	286
3961	305
3962	302
3963	362
3964	332
3965	298
3966	278
3967	320
3968	345
3969	350
3970	289
3971	301
3972	302
3973	336
3974	351
3975	317
3976	351
3977	355
3978	312
3979	245
3980	352
3981	319
3982	297
3983	314
3984	307
3985	249
3986	276
3987	315
3988	330
3989	282
3990	245
3991	305
3992	313
3993	320
3994	342
3995	277
3996	338
3997	325
3998	341
3999	296
4000	288
4001	283
4002	332
4003	283
4004	341
4005	383
4006	307
4007	328
4008	372
4009	379
4010	338
4011	378
4012	340
4013	318
4014	299
4015	280
4016	359
4017	349
4018	326
4019	328
4020	364
4021	291
4022	321
4023	331
4024	339
4025	334
4026	341
4027	384
4028	332
4029	357
4030	327
4031	328
4032	380
4033	358
4034	352
4035	365
4036	347
4037	300
4038	343
4039	360
4040	366
4041	351
4042	363
4043	379
4044	359
4045	335
4046	320
4047	380
4048	356
4049	368
4050	433
4051	391
4052	369
4053	380
4054	347
4055	322
4056	444
4057	374
4058	381
4059	334
4060	352
4061	304
4062	328
4063	310
4064	344
4065	370
4066	283
4067	352
4068	364
4069	353
4070	328
4071	387
4072	365
4073	409
4074	342
4075	366
4076	399
4077	416
4078	384
4079	360
4080	358
4081	401
4082	331
4083	344
4084	374
4085	340
4086	325
4087	363
4088	312
4089	337
4090	349
4091	306
4092	325
4093	397
4094	333
4095	323
4096	410
4097	360
4098	424
4099	341
4100	359
4101	343
4102	345
4103	346
4104	385
4105	312
4106	349
4107	340
4108	340
4109	400
4110	331
4111	367
4112	348
4113	382
4114	358
4115	339
4116	377
4117	358
4118	306
4119	321
4120	356
4121	348
4122	338
4123	308
4124	296
4125	343
4126	325
4127	318
4128	365
4129	312
4130	358
4131	334
4132	318
4133	290
4134	308
4135	322
4136	308
4137	285
4138	261
4139	277
4140	325
4141	339
4142	332
4143	325
4144	328
4145	353
4146	300
4147	225
4148	275
4149	256
4150	278
4151	280
4152	266
4153	314
4154	291
4155	278
4156	286
4157	281
4158	276
4159	256
4160	274
4161	268
4162	282
4163	253
4164	304
4165	334
4166	301
4167	283
4168	232
4169	291
4170	253
4171	256
4172	269
4173	288
4174	306
4175	320
4176	306
4177	296
4178	291
4179	265
4180	260
4181	264
4182	289
4183	280
4184	263
4185	218
4186	267
4187	280
4188	308
4189	245
4190	248
4191	254
4192	293
4193	311
4194	280
4195	263
4196	241
4197	258
4198	290
4199	248
4200	223
4201	253
4202	244
4203	264
4204	254
4205	315
4206	295
4207	278
4208	279
4209	294
4210	230
4211	293
4212	243
4213	222
4214	285
4215	227
4216	255
4217	250
4218	254
4219	235
4220	252
4221	239
4222	250
4223	286
4224	249
4225	277
4226	229
4227	290
4228	256
4229	230
4230	220
4231	216
4232	234
4233	203
4234	192
4235	233
4236	199
4237	209
4238	233
4239	273
4240	253
4241	244
4242	246
4243	219
4244	232
4245	254
4246	273
4247	219
4248	247
4249	242
4250	262
4251	235
4252	238
4253	257
4254	241
4255	264
4256	296
4257	246
4258	308
4259	263
4260	250
4261	246
4262	199
4263	242
4264	229
4265	211
4266	209
4267	224
4268	291
4269	237
4270	263
4271	219
4272	274
4273	277
4274	276
4275	247
4276	245
4277	240
4278	276
4279	270
4280	230
4281	229
4282	243
4283	248
4284	272
4285	246
4286	235
4287	245
4288	238
4289	220
4290	255
4291	222
4292	220
4293	193
4294	264
4295	257
4296	241
4297	257
4298	233
4299	224
4300	257
4301	244
4302	255
4303	251
4304	222
4305	216
4306	260
4307	231
4308	217
4309	222
4310	225
4311	236
4312	262
4313	251
4314	247
4315	204
4316	247
4317	245
4318	279
4319	229
4320	213
4321	246
4322	216
4323	224
4324	218
4325	222
4326	213
4327	250
4328	215
4329	229
4330	232
4331	244
4332	212
4333	233
4334	233
4335	243
4336	219
4337	246
4338	243
4339	248
4340	280
4341	259
4342	226
4343	206
4344	233
4345	214
4346	248
4347	251
4348	243
4349	236
4350	235
4351	204
4352	237
4353	281
4354	220
4355	204
4356	222
4357	208
4358	229
4359	264
4360	249
4361	278
4362	266
4363	216
4364	212
4365	210
4366	166
4367	212
4368	227
4369	208
4370	276
4371	224
4372	261
4373	235
4374	248
4375	225
4376	206
4377	171
4378	205
4379	205
4380	212
4381	194
4382	194
4383	215
4384	187
4385	199
4386	145
4387	201
4388	177
4389	180
4390	201
4391	195
4392	219
4393	243
4394	215
4395	212
4396	249
4397	207
4398	263
4399	241
4400	225
4401	229
4402	189
4403	176
4404	181
4405	194
4406	259
4407	235
4408	235
4409	269
4410	243
4411	204
4412	248
4413	197
4414	205
4415	193
4416	177
4417	214
4418	216
4419	227
4420	259
4421	219
4422	262
4423	258
4424	209
4425	230
4426	212
4427	225
4428	161
4429	243
4430	199
4431	217
4432	191
4433	256
4434	255
4435	209
4436	270
4437	210
4438	239
4439	210
4440	193
4441	208
4442	201
4443	199
4444	214
4445	208
4446	228
4447	224
4448	275
4449	239
4450	216
4451	176
4452	197
4453	254
4454	205
4455	218
4456	236
4457	201
4458	169
4459	181
4460	187
4461	227
4462	197
4463	194
4464	191
4465	254
4466	217
4467	236
4468	203
4469	201
4470	217
4471	216
4472	213
4473	247
4474	230
4475	249
4476	243
4477	224
4478	185
4479	223
4480	235
4481	214
4482	218
4483	233
4484	208
4485	252
4486	200
4487	196
4488	178
4489	160
4490	194
4491	206
4492	228
4493	248
4494	233
4495	244
4496	209
4497	249
4498	269
4499	197
4500	246
4501	238
4502	283
4503	215
4504	239
4505	235
4506	247
4507	222
4508	247
4509	257
4510	251
4511	242
4512	218
4513	220
4514	214
4515	215
4516	221
4517	218
4518	228
4519	204
4520	233
4521	225
4522	220
4523	265
4524	282
4525	253
4526	211
4527	223
4528	228
4529	249
4530	282
4531	249
4532	210
4533	231
4534	238
4535	226
4536	241
4537	277
4538	275
4539	251
4540	322
4541	302
4542	315
4543	215
4544	269
4545	269
4546	214
4547	251
4548	259
4549	236
4550	288
4551	271
4552	305
4553	263
4554	264
4555	309
4556	250
4557	304
4558	299
4559	234
4560	292
4561	267
4562	224
4563	232
4564	247
4565	236
4566	245
4567	238
4568	257
4569	238
4570	254
4571	249
4572	217
4573	249
4574	285
4575	219
4576	283
4577	267
4578	255
4579	259
4580	253
4581	259
4582	264
4583	249
4584	287
4585	245
4586	261
4587	220
4588	266
4589	248
4590	224
4591	259
4592	289
4593	256
4594	277
4595	286
4596	295
4597	288
4598	286
4599	244
4600	269
4601	235
4602	258
4603	277
4604	271
4605	319
4606	269
4607	235
4608	215
4609	242
4610	235
4611	266
4612	235
4613	195
4614	222
4615	254
4616	249
4617	222
4618	219
4619	195
4620	164
4621	229
4622	244
4623	220
4624	241
4625	230
4626	195
4627	211
4628	218
4629	244
4630	232
4631	228
4632	233
4633	232
4634	231
4635	235
4636	261
4637	216
4638	218
4639	217
4640	207
4641	219
4642	237
4643	180
4644	233
4645	226
4646	237
4647	235
4648	247
4649	240
4650	203
4651	241
4652	204
4653	243
4654	255
4655	265
4656	253
4657	227
4658	253
4659	216
4660	225
4661	179
4662	228
4663	236
4664	200
4665	211
4666	225
4667	235
4668	206
4669	210
4670	204
4671	186
4672	180
4673	228
4674	172
4675	225
4676	192
4677	180
4678	204
4679	214
4680	205
4681	212
4682	192
4683	212
4684	213
4685	257
4686	226
4687	231
4688	217
4689	180
4690	177
4691	209
4692	245
4693	193
4694	219
4695	231
4696	196
4697	202
4698	186
4699	182
4700	162
4701	196
4702	171
4703	205
4704	191
4705	180
4706	209
4707	158
4708	171
4709	176
4710	174
4711	195
4712	198
4713	203
4714	184
4715	161
4716	194
4717	236
4718	176
4719	151
4720	186
4721	196
4722	195
4723	201
4724	194
4725	209
4726	214
4727	212
4728	201
4729	183
4730	207
4731	212
4732	180
4733	200
4734	250
4735	254
4736	218
4737	228
4738	213
4739	189
4740	191
4741	203
4742	218
4743	218
4744	202
4745	191
4746	197
4747	193
4748	220
4749	213
4750	233
4751	238
4752	205
4753	219
4754	212
4755	209
4756	224
4757	278
4758	237
4759	199
4760	213
4761	204
4762	239
4763	236
4764	212
4765	214
4766	194
4767	180
4768	222
4769	151
4770	189
4771	193
4772	239
4773	241
4774	239
4775	225
4776	208
4777	177
4778	240
4779	224
4780	264
4781	220
4782	207
4783	230
4784	235
4785	200
4786	169
4787	191
4788	225
4789	229
4790	251
4791	256
4792	198
4793	218
4794	195
4795	206
4796	203
4797	194
4798	186
4799	213
4800	216
4801	213
4802	228
4803	211
4804	177
4805	191
4806	211
4807	187
4808	185
4809	228
4810	238
4811	254
4812	262
4813	219
4814	239
4815	203
4816	197
4817	199
4818	184
4819	206
4820	207
4821	246
4822	244
4823	238
4824	213
4825	206
4826	213
4827	193
4828	194
4829	191
4830	184
4831	207
4832	213
4833	193
4834	226
4835	198
4836	203
4837	205
4838	232
4839	225
4840	228
4841	257
4842	214
4843	207
4844	226
4845	200
4846	164
4847	206
4848	183
4849	179
4850	168
4851	207
4852	204
4853	199
4854	222
4855	183
4856	193
4857	159
4858	198
4859	198
4860	184
4861	182
4862	229
4863	190
4864	172
4865	184
4866	157
4867	192
4868	202
4869	217
4870	204
4871	196
4872	210
4873	218
4874	204
4875	185
4876	170
4877	155
4878	142
4879	191
4880	234
4881	217
4882	183
4883	191
4884	139
4885	145
4886	177
4887	197
4888	171
4889	209
4890	171
4891	148
4892	122
4893	161
4894	183
4895	223
4896	203
4897	210
4898	200
4899	170
4900	146
4901	155
4902	177
4903	181
4904	232
4905	162
4906	188
4907	213
4908	183
4909	173
4910	190
4911	190
4912	181
4913	182
4914	186
4915	180
4916	234
4917	199
4918	149
4919	161
4920	208
4921	213
4922	208
4923	197
4924	180
4925	201
4926	220
4927	155
4928	197
4929	198
4930	192
4931	200
4932	207
4933	162
4934	158
4935	147
4936	196
4937	172
4938	159
4939	185
4940	183
4941	197
4942	190
4943	158
4944	181
4945	243
4946	163
4947	200
4948	216
4949	182
4950	241
4951	190
4952	189
4953	217
4954	233
4955	255
4956	199
4957	223
4958	208
4959	239
4960	189
4961	210
4962	190
4963	205
4964	205
4965	180
4966	198
4967	209
4968	258
4969	183
4970	262
4971	191
4972	219
4973	235
4974	182
4975	182
4976	185
4977	209
4978	168
4979	221
4980	199
4981	180
4982	197
4983	165
4984	158
4985	145
4986	200
4987	159
4988	142
4989	192
4990	202
4991	199
4992	214
4993	193
4994	230
4995	185
4996	163
4997	152
4998	203
4999	208
5000	164
5001	191
5002	191
5003	209
5004	196
5005	197
5006	164
5007	183
5008	169
5009	145
5010	200
5011	169
5012	220
5013	230
5014	249
5015	259
5016	221
5017	201
5018	197
5019	209
5020	185
5021	225
5022	227
5023	195
5024	211
5025	181
5026	223
5027	215
5028	210
5029	229
5030	189
5031	212
5032	208
5033	215
5034	198
5035	208
5036	186
5037	207
5038	197
5039	183
5040	220
5041	230
5042	180
5043	217
5044	213
5045	286
5046	215
5047	210
5048	213
5049	253
5050	204
5051	224
5052	210
5053	174
5054	177
5055	189
5056	174
5057	216
5058	171
5059	245
5060	248
5061	235
5062	205
5063	225
5064	200
5065	221
5066	226
5067	246
5068	211
5069	229
5070	231
5071	200
5072	242
5073	196
5074	224
5075	210
5076	179
5077	237
5078	219
5079	248
5080	266
5081	226
5082	210
5083	228
5084	241
5085	223
5086	186
5087	212
5088	198
5089	228
5090	204
5091	211
5092	171
5093	204
5094	205
5095	229
5096	186
5097	238
5098	163
5099	188
5100	206
5101	142
5102	220
5103	214
5104	203
5105	190
5106	217
5107	162
5108	225
5109	191
5110	209
5111	206
5112	203
5113	170
5114	206
5115	185
5116	222
5117	223
5118	172
5119	212
5120	218
5121	162
5122	182
5123	190
5124	225
5125	179
5126	213
5127	178
5128	223
5129	216
5130	226
5131	211
5132	192
5133	163
5134	182
5135	250
5136	168
5137	218
5138	211
5139	224
5140	207
5141	208
5142	192
5143	238
5144	201
5145	210
5146	198
5147	215
5148	226
5149	238
5150	208
5151	214
5152	188
5153	223
5154	210
5155	192
5156	208
5157	168
5158	243
5159	195
5160	190
5161	173
5162	195
5163	195
5164	206
5165	196
5166	236
5167	213
5168	184
5169	178
5170	191
5171	179
5172	221
5173	246
5174	211
5175	206
5176	210
5177	203
5178	212
5179	209
5180	198
5181	195
5182	211
5183	162
5184	164
5185	196
5186	196
5187	217
5188	218
5189	203
5190	214
5191	227
5192	169
5193	202
5194	197
5195	231
5196	197
5197	182
5198	199
5199	217
5200	196
5201	225
5202	217
5203	188
5204	211
5205	186
5206	204
5207	199
5208	183
5209	202
5210	191
5211	194
5212	192
5213	147
5214	186
5215	185
5216	166
5217	189
5218	173
5219	199
5220	223
5221	183
5222	164
5223	170
5224	168
5225	188
5226	203
5227	230
5228	164
5229	151
5230	185
5231	225
5232	199
5233	189
5234	212
5235	165
5236	184
5237	205
5238	200
5239	185
5240	162
5241	198
5242	198
5243	253
5244	191
5245	166
5246	224
5247	148
5248	167
5249	183
5250	203
5251	137
5252	187
5253	182
5254	164
5255	178
5256	180
5257	193
5258	154
5259	192
5260	190
5261	184
5262	177
5263	188
5264	186
5265	151
5266	166
5267	193
5268	182
5269	177
5270	175
5271	175
5272	185
5273	147
5274	173
5275	132
5276	153
5277	172
5278	177
5279	150
5280	180
5281	150
5282	141
5283	137
5284	118
5285	172
5286	169
5287	179
5288	146
5289	176
5290	157
5291	207
5292	202
5293	177
5294	142
5295	147
5296	173
5297	186
5298	160
5299	181
5300	197
5301	175
5302	164
5303	192
5304	188
5305	196
5306	183
5307	184
5308	193
5309	183
5310	183
5311	198
5312	171
5313	186
5314	151
5315	146
5316	160
5317	174
5318	153
5319	119
5320	184
5321	142
5322	202
5323	187
5324	139
5325	138
5326	110
5327	149
5328	121
5329	144
5330	138
5331	188
5332	135
5333	128
5334	163
5335	152
5336	134
5337	172
5338	139
5339	147
5340	147
5341	149
5342	110
5343	140
5344	167
5345	141
5346	175
5347	171
5348	166
5349	168
5350	155
5351	174
5352	171
5353	170
5354	154
5355	128
5356	146
5357	137
5358	145
5359	185
5360	175
5361	192
5362	175
5363	166
5364	191
5365	175
5366	205
5367	177
5368	199
5369	144
5370	156
5371	140
5372	181
5373	194
5374	157
5375	165
5376	174
5377	157
5378	178
5379	193
5380	179
5381	159
5382	163
5383	182
5384	149
5385	168
5386	165
5387	161
5388	165
5389	139
5390	172
5391	175
5392	195
5393	180
5394	191
5395	189
5396	140
5397	168
5398	162
5399	127
5400	157
5401	163
5402	151
5403	142
5404	164
5405	184
5406	193
5407	171
5408	189
5409	176
5410	189
5411	168
5412	167
5413	146
5414	202
5415	176
5416	166
5417	169
5418	164
5419	164
5420	184
5421	156
5422	178
5423	173
5424	192
5425	177
5426	177
5427	187
5428	171
5429	169
5430	170
5431	179
5432	172
5433	170
5434	235
5435	175
5436	175
5437	188
5438	155
5439	145
5440	176
5441	143
5442	180
5443	157
5444	176
5445	184
5446	204
5447	174
5448	163
5449	173
5450	183
5451	149
5452	164
5453	173
5454	179
5455	187
5456	178
5457	188
5458	190
5459	192
5460	192
5461	182
5462	157
5463	200
5464	163
5465	169
5466	163
5467	193
5468	224
5469	148
5470	189
5471	198
5472	176
5473	172
5474	226
5475	187
5476	196
5477	203
5478	200
5479	174
5480	211
5481	227
5482	204
5483	172
5484	200
5485	188
5486	183
5487	184
5488	176
5489	197
5490	212
5491	203
5492	180
5493	189
5494	212
5495	203
5496	237
5497	210
5498	196
5499	248
5500	225
5501	195
5502	221
5503	214
5504	226
5505	216
5506	206
5507	185
5508	216
5509	207
5510	162
5511	174
5512	227
5513	192
5514	164
5515	216
5516	185
5517	228
5518	223
5519	177
5520	184
5521	245
5522	195
5523	214
5524	229
5525	219
5526	208
5527	220
5528	194
5529	221
5530	210
5531	200
5532	182
5533	198
5534	222
5535	204
5536	233
5537	213
5538	220
5539	239
5540	182
5541	217
5542	241
5543	228
5544	230
5545	273
5546	213
5547	230
5548	230
5549	264
5550	243
5551	222
5552	226
5553	174
5554	148
5555	224
5556	207
5557	190
5558	220
5559	218
5560	209
5561	196
5562	238
5563	234
5564	226
5565	220
5566	222
5567	229
5568	183
5569	163
5570	177
5571	182
5572	178
5573	236
5574	184
5575	170
5576	186
5577	201
5578	266
5579	282
5580	212
5581	195
5582	198
5583	188
5584	163
5585	186
5586	204
5587	232
5588	211
5589	194
5590	258
5591	214
5592	243
5593	197
5594	200
5595	187
5596	160
5597	204
5598	170
5599	168
5600	178
5601	220
5602	174
5603	185
5604	189
5605	158
5606	191
5607	185
5608	150
5609	154
5610	191
5611	226
5612	197
5613	222
5614	193
5615	144
5616	196
5617	192
5618	175
5619	152
5620	166
5621	172
5622	177
5623	216
5624	189
5625	187
5626	199
5627	181
5628	217
5629	169
5630	188
5631	170
5632	179
5633	188
5634	197
5635	177
5636	198
5637	171
5638	190
5639	227
5640	181
5641	155
5642	188
5643	204
5644	171
5645	162
5646	177
5647	209
5648	201
5649	144
5650	159
5651	230
5652	217
5653	187
5654	179
5655	209
5656	180
5657	205
5658	215
5659	182
5660	185
5661	209
5662	168
5663	206
5664	184
5665	217
5666	211
5667	213
5668	199
5669	244
5670	234
5671	166
5672	202
5673	179
5674	160
5675	197
5676	184
5677	207
5678	193
5679	206
5680	225
5681	185
5682	198
5683	174
5684	236
5685	200
5686	228
5687	196
5688	168
5689	188
5690	209
5691	209
5692	186
5693	162
5694	217
5695	235
5696	247
5697	211
5698	209
5699	232
5700	164
5701	208
5702	204
5703	221
5704	197
5705	205
5706	157
5707	184
5708	202
5709	191
5710	164
5711	182
5712	206
5713	147
5714	145
5715	209
5716	209
5717	192
5718	226
5719	195
5720	199
5721	190
5722	171
5723	195
5724	172
5725	177
5726	206
5727	179
5728	224
5729	190
5730	221
5731	206
5732	174
5733	171
5734	192
5735	175
5736	195
5737	186
5738	184
5739	219
5740	224
5741	181
5742	179
5743	150
5744	189
5745	187
5746	221
5747	206
5748	185
5749	224
5750	175
5751	204
5752	205
5753	172
5754	143
5755	171
5756	174
5757	203
5758	166
5759	147
5760	215
5761	228
5762	153
5763	164
5764	159
5765	157
5766	215
5767	160
5768	179
5769	171
5770	176
5771	184
5772	159
5773	174
5774	157
5775	178
5776	164
5777	144
5778	140
5779	158
5780	183
5781	169
5782	160
5783	140
5784	153
5785	173
5786	178
5787	198
5788	142
5789	164
5790	152
5791	164
5792	158
5793	166
5794	154
5795	158
5796	149
5797	157
5798	173
5799	148
5800	132
5801	133
5802	146
5803	148
5804	166
5805	134
5806	146
5807	148
5808	161
5809	129
5810	154
5811	171
5812	155
5813	183
5814	163
5815	192
5816	187
5817	163
5818	177
5819	157
5820	177
5821	213
5822	179
5823	168
5824	173
5825	175
5826	159
5827	167
5828	165
5829	156
5830	203
5831	170
5832	179
5833	170
5834	146
5835	147
5836	168
5837	187
5838	182
5839	193
5840	242
5841	194
5842	190
5843	181
5844	183
5845	145
5846	181
5847	164
5848	187
5849	210
5850	148
5851	180
5852	165
5853	196
5854	190
5855	202
5856	187
5857	172
5858	170
5859	169
5860	190
5861	210
5862	209
5863	141
5864	140
5865	152
5866	143
5867	184
5868	195
5869	189
5870	191
5871	185
5872	158
5873	164
5874	165
5875	166
5876	146
5877	191
5878	156
5879	169
5880	148
5881	177
5882	146
5883	189
5884	138
5885	154
5886	135
5887	150
5888	205
5889	172
5890	152
5891	184
5892	183
5893	151
5894	173
5895	202
5896	175
5897	150
5898	160
5899	182
5900	148
5901	231
5902	210
5903	161
5904	173
5905	167
5906	184
5907	156
5908	137
5909	160
5910	196
5911	157
5912	183
5913	182
5914	167
5915	134
5916	141
5917	197
5918	166
5919	185
5920	180
5921	221
5922	173
5923	169
5924	166
5925	192
5926	170
5927	183
5928	182
5929	174
5930	193
5931	185
5932	150
5933	181
5934	203
5935	173
5936	180
5937	186
5938	176
5939	212
5940	221
5941	154
5942	190
5943	172
5944	229
5945	170
5946	206
5947	184
5948	169
5949	201
5950	152
5951	195
5952	145
5953	184
5954	157
5955	209
5956	191
5957	219
5958	199
5959	190
5960	191
5961	177
5962	150
5963	187
5964	166
5965	175
5966	185
5967	179
5968	203
5969	241
5970	216
5971	205
5972	197
5973	200
5974	202
5975	174
5976	174
5977	169
5978	183
5979	184
5980	202
5981	172
5982	137
5983	206
5984	160
5985	146
5986	186
5987	222
5988	239
5989	190
5990	212
5991	193
5992	162
5993	174
5994	170
5995	194
5996	178
5997	175
5998	220
5999	208
6000	185
6001	164
6002	231
6003	161
6004	167
6005	154
6006	179
6007	205
6008	197
6009	225
6010	174
6011	173
6012	145
6013	161
6014	149
6015	186
6016	182
6017	173
6018	174
6019	201
6020	172
6021	171
6022	207
6023	165
6024	178
6025	184
6026	181
6027	181
6028	141
6029	205
6030	186
6031	164
6032	148
6033	204
6034	161
6035	160
6036	134
6037	195
6038	155
6039	192
6040	196
6041	160
6042	170
6043	147
6044	196
6045	171
6046	162
6047	162
6048	158
6049	151
6050	137
6051	144
6052	174
6053	166
6054	145
6055	178
6056	149
6057	151
6058	177
6059	177
6060	145
6061	159
6062	132
6063	138
6064	140
6065	144
6066	121
6067	105
6068	173
6069	133
6070	156
6071	159
6072	188
6073	155
6074	199
6075	168
6076	192
6077	149
6078	173
6079	160
6080	206
6081	162
6082	153
6083	175
6084	171
6085	149
6086	136
6087	137
6088	168
6089	176
6090	146
6091	136
6092	161
6093	145
6094	162
6095	143
6096	146
6097	166
6098	154
6099	156
6100	138
6101	166
6102	148
6103	166
6104	150
6105	182
6106	182
6107	167
6108	184
6109	176
6110	143
6111	177
6112	174
6113	197
6114	168
6115	192
6116	182
6117	175
6118	149
6119	127
6120	130
6121	128
6122	169
6123	172
6124	187
6125	184
6126	167
6127	149
6128	150
6129	170
6130	159
6131	161
6132	166
6133	163
6134	179
6135	108
6136	150
6137	131
6138	155
6139	133
6140	159
6141	129
6142	176
6143	162
6144	182
6145	181
6146	159
6147	205
6148	203
6149	143
6150	135
6151	141
6152	179
6153	179
6154	152
6155	165
6156	156
6157	189
6158	167
6159	150
6160	166
6161	195
6162	189
6163	234
6164	191
6165	179
6166	193
6167	159
6168	156
6169	156
6170	136
6171	185
6172	132
6173	127
6174	142
6175	172
6176	186
6177	165
6178	181
6179	241
6180	180
6181	184
6182	205
6183	156
6184	179
6185	207
6186	162
6187	183
6188	176
6189	136
6190	174
6191	162
6192	173
6193	145
6194	167
6195	168
6196	205
6197	182
6198	195
6199	175
6200	185
6201	162
6202	133
6203	124
6204	158
6205	168
6206	162
6207	147
6208	167
6209	192
6210	158
6211	145
6212	158
6213	182
6214	155
6215	136
6216	165
6217	166
6218	175
6219	177
6220	159
6221	162
6222	207
6223	161
6224	153
6225	168
6226	141
6227	155
6228	183
6229	150
6230	145
6231	159
6232	164
6233	134
6234	157
6235	143
6236	123
6237	102
6238	133
6239	172
6240	174
6241	156
6242	195
6243	202
6244	145
6245	154
6246	184
6247	166
6248	155
6249	165
6250	205
6251	160
6252	137
6253	161
6254	155
6255	164
6256	164
6257	208
6258	194
6259	192
6260	190
6261	201
6262	164
6263	166
6264	189
6265	173
6266	173
6267	187
6268	171
6269	184
6270	181
6271	175
6272	150
6273	140
6274	158
6275	148
6276	184
6277	174
6278	159
6279	206
6280	182
6281	177
6282	179
6283	185
6284	163
6285	220
6286	162
6287	144
6288	159
6289	147
6290	167
6291	153
6292	168
6293	220
6294	157
6295	185
6296	157
6297	154
6298	218
6299	188
6300	136
6301	178
6302	145
6303	188
6304	217
6305	195
6306	196
6307	173
6308	180
6309	199
6310	144
6311	173
6312	143
6313	144
6314	155
6315	164
6316	157
6317	170
6318	141
6319	171
6320	140
6321	140
6322	120
6323	168
6324	125
6325	162
6326	214
6327	191
6328	165
6329	186
6330	205
6331	150
6332	175
6333	161
6334	162
6335	158
6336	135
6337	115
6338	185
6339	198
6340	185
6341	176
6342	194
6343	140
6344	154
6345	183
6346	145
6347	151
6348	182
6349	145
6350	156
6351	134
6352	135
6353	153
6354	175
6355	170
6356	195
6357	163
6358	171
6359	160
6360	189
6361	193
6362	158
6363	148
6364	133
6365	149
6366	147
6367	158
6368	165
6369	201
6370	158
6371	169
6372	189
6373	190
6374	143
6375	181
6376	165
6377	154
6378	174
6379	143
6380	156
6381	132
6382	159
6383	147
6384	158
6385	123
6386	184
6387	157
6388	149
6389	145
6390	130
6391	137
6392	125
6393	136
6394	140
6395	133
6396	140
6397	149
6398	143
6399	117
6400	147
6401	159
6402	141
6403	151
6404	133
6405	176
6406	132
6407	101
6408	114
6409	149
6410	127
6411	157
6412	131
6413	129
6414	183
6415	127
6416	135
6417	152
6418	134
6419	175
6420	143
6421	172
6422	172
6423	124
6424	173
6425	117
6426	142
6427	148
6428	157
6429	141
6430	169
6431	155
6432	144
6433	178
6434	153
6435	138
6436	164
6437	183
6438	208
6439	170
6440	151
6441	141
6442	155
6443	136
6444	151
6445	167
6446	166
6447	138
6448	200
6449	149
6450	138
6451	130
6452	141
6453	164
6454	149
6455	154
6456	132
6457	143
6458	140
6459	175
6460	152
6461	138
6462	159
6463	129
6464	148
6465	138
6466	173
6467	144
6468	143
6469	172
6470	170
6471	147
6472	130
6473	148
6474	137
6475	137
6476	139
6477	159
6478	173
6479	152
6480	168
6481	132
6482	164
6483	122
6484	145
6485	109
6486	127
6487	151
6488	143
6489	153
6490	130
6491	169
6492	146
6493	157
6494	154
6495	185
6496	157
6497	155
6498	175
6499	162
6500	185
6501	164
6502	183
6503	184
6504	235
6505	219
6506	136
6507	204
6508	158
6509	182
6510	147
6511	171
6512	142
6513	200
6514	157
6515	169
6516	166
6517	147
6518	152
6519	133
6520	128
6521	128
6522	144
6523	141
6524	165
6525	198
6526	152
6527	142
6528	139
6529	161
6530	179
6531	138
6532	158
6533	133
6534	180
6535	146
6536	152
6537	164
6538	183
6539	162
6540	167
6541	148
6542	145
6543	168
6544	133
6545	163
6546	182
6547	151
6548	186
6549	170
6550	145
6551	184
6552	141
6553	147
6554	175
6555	187
6556	159
6557	202
6558	170
6559	190
6560	136
6561	139
6562	175
6563	126
6564	154
6565	156
6566	157
6567	138
6568	157
6569	184
6570	177
6571	170
6572	136
6573	156
6574	111
6575	147
6576	173
6577	142
6578	122
6579	164
6580	155
6581	149
6582	146
6583	138
6584	148
6585	109
6586	134
6587	136
6588	157
6589	151
6590	147
6591	118
6592	94
6593	128
6594	176
6595	163
6596	157
6597	149
6598	143
6599	135
6600	175
6601	122
6602	143
6603	137
6604	111
6605	95
6606	128
6607	186
6608	122
6609	142
6610	130
6611	122
6612	152
6613	126
6614	132
6615	148
6616	138
6617	196
6618	154
6619	128
6620	158
6621	138
6622	128
6623	110
6624	165
6625	141
6626	176
6627	112
6628	127
6629	151
6630	122
6631	153
6632	140
6633	129
6634	169
6635	150
6636	129
6637	134
6638	138
6639	116
6640	159
6641	155
6642	142
6643	151
6644	145
6645	120
6646	89
6647	102
6648	146
6649	167
6650	131
6651	112
6652	102
6653	139
6654	116
6655	140
6656	106
6657	140
6658	122
6659	111
6660	100
6661	90
6662	111
6663	104
6664	108
6665	123
6666	128
6667	111
6668	105
6669	123
6670	120
6671	144
6672	131
6673	146
6674	143
6675	149
6676	150
6677	151
6678	136
6679	122
6680	132
6681	109
6682	132
6683	136
6684	134
6685	129
6686	128
6687	123
6688	131
6689	111
6690	126
6691	146
6692	116
6693	127
6694	134
6695	142
6696	116
6697	115
6698	126
6699	130
6700	107
6701	97
6702	147
6703	160
6704	160
6705	161
6706	138
6707	118
6708	155
6709	126
6710	137
6711	116
6712	141
6713	116
6714	154
6715	147
6716	133
6717	141
6718	147
6719	123
6720	120
6721	131
6722	148
6723	158
6724	163
6725	157
6726	161
6727	135
6728	168
6729	142
6730	146
6731	141
6732	161
6733	132
6734	109
6735	128
6736	155
6737	155
6738	119
6739	152
6740	145
6741	123
6742	117
6743	139
6744	158
6745	136
6746	153
6747	154
6748	144
6749	134
6750	107
6751	102
6752	105
6753	107
6754	133
6755	125
6756	118
6757	160
6758	139
6759	134
6760	129
6761	109
6762	103
6763	149
6764	112
6765	108
6766	121
6767	80
6768	130
6769	130
6770	149
6771	132
6772	172
6773	152
6774	116
6775	158
6776	118
6777	147
6778	111
6779	133
6780	126
6781	158
6782	155
6783	134
6784	132
6785	148
6786	116
6787	140
6788	122
6789	146
6790	139
6791	130
6792	105
6793	153
6794	121
6795	110
6796	118
6797	122
6798	163
6799	119
6800	151
6801	143
6802	150
6803	189
6804	133
6805	140
6806	137
6807	137
6808	151
6809	146
6810	183
6811	175
6812	150
6813	134
6814	146
6815	133
6816	116
6817	157
6818	133
6819	105
6820	117
6821	175
6822	126
6823	129
6824	141
6825	190
6826	170
6827	172
6828	163
6829	130
6830	124
6831	120
6832	101
6833	150
6834	130
6835	161
6836	130
6837	103
6838	115
6839	124
6840	92
6841	107
6842	132
6843	143
6844	126
6845	143
6846	134
6847	110
6848	112
6849	135
6850	152
6851	158
6852	146
6853	158
6854	127
6855	137
6856	149
6857	178
6858	169
6859	161
6860	146
6861	138
6862	120
6863	144
6864	121
6865	147
6866	165
6867	129
6868	135
6869	127
6870	136
6871	153
6872	112
6873	111
6874	145
6875	161
6876	136
6877	140
6878	146
6879	155
6880	165
6881	165
6882	152
6883	185
6884	159
6885	174
6886	170
6887	150
6888	201
6889	158
6890	172
6891	165
6892	163
6893	181
6894	142
6895	149
6896	147
6897	139
6898	180
6899	164
6900	179
6901	158
6902	147
6903	145
6904	130
6905	157
6906	128
6907	155
6908	156
6909	165
6910	147
6911	139
6912	170
6913	165
6914	149
6915	134
6916	156
6917	140
6918	131
6919	178
6920	192
6921	137
6922	144
6923	174
6924	173
6925	173
6926	126
6927	183
6928	155
6929	174
6930	176
6931	161
6932	155
6933	121
6934	161
6935	174
6936	159
6937	160
6938	182
6939	174
6940	171
6941	196
6942	162
6943	190
6944	156
6945	190
6946	190
6947	219
6948	186
6949	198
6950	172
6951	153
6952	180
6953	170
6954	180
6955	148
6956	153
6957	179
6958	143
6959	142
6960	142
6961	165
6962	163
6963	164
6964	193
6965	140
6966	175
6967	183
6968	181
6969	152
6970	151
6971	189
6972	170
6973	186
6974	199
6975	164
6976	191
6977	161
6978	203
6979	203
6980	167
6981	189
6982	164
6983	176
6984	161
6985	166
6986	146
6987	171
6988	148
6989	141
6990	132
6991	146
6992	174
6993	138
6994	160
6995	163
6996	121
6997	140
6998	158
6999	146
7000	181
7001	168
7002	185
7003	199
7004	187
7005	184
7006	174
7007	143
7008	145
7009	159
7010	151
7011	157
7012	121
7013	185
7014	133
7015	132
7016	163
7017	159
7018	144
7019	178
7020	175
7021	124
7022	133
7023	128
7024	143
7025	162
7026	162
7027	144
7028	148
7029	168
7030	159
7031	133
7032	166
7033	165
7034	159
7035	162
7036	163
7037	179
7038	175
7039	161
7040	200
7041	168
7042	155
7043	132
7044	146
7045	179
7046	159
7047	144
7048	155
7049	146
7050	150
7051	149
7052	142
7053	151
7054	139
7055	131
7056	165
7057	111
7058	109
7059	139
7060	125
7061	144
7062	146
7063	115
7064	119
7065	157
7066	113
7067	120
7068	152
7069	105
7070	142
7071	105
7072	112
7073	115
7074	133
7075	136
7076	166
7077	138
7078	104
7079	142
7080	119
7081	124
7082	164
7083	130
7084	133
7085	135
7086	158
7087	120
7088	155
7089	148
7090	196
7091	144
7092	141
7093	180
7094	128
7095	170
7096	161
7097	164
7098	142
7099	158
7100	154
7101	161
7102	124
7103	140
7104	182
7105	130
7106	138
7107	169
7108	163
7109	156
7110	146
7111	154
7112	154
7113	132
7114	127
7115	141
7116	109
7117	122
7118	135
7119	163
7120	150
7121	193
7122	154
7123	162
7124	167
7125	153
7126	180
7127	162
7128	153
7129	174
7130	153
7131	152
7132	174
7133	165
7134	153
7135	187
7136	181
7137	167
7138	150
7139	183
7140	136
7141	129
7142	113
7143	175
7144	117
7145	178
7146	154
7147	119
7148	146
7149	147
7150	187
7151	152
7152	169
7153	164
7154	159
7155	140
7156	151
7157	157
7158	133
7159	152
7160	156
7161	169
7162	149
7163	153
7164	150
7165	104
7166	147
7167	175
7168	128
7169	151
7170	140
7171	169
7172	141
7173	123
7174	139
7175	141
7176	171
7177	165
7178	177
7179	171
7180	175
7181	157
7182	170
7183	120
7184	131
7185	137
7186	129
7187	154
7188	171
7189	138
7190	94
7191	139
7192	126
7193	155
7194	148
7195	137
7196	141
7197	128
7198	143
7199	143
7200	171
7201	182
7202	134
7203	198
7204	150
7205	162
7206	148
7207	148
7208	170
7209	142
7210	196
7211	183
7212	145
7213	133
7214	133
7215	192
7216	197
7217	206
7218	171
7219	196
7220	173
7221	187
7222	146
7223	170
7224	150
7225	152
7226	197
7227	165
7228	159
7229	206
7230	183
7231	153
7232	165
7233	145
7234	164
7235	152
7236	149
7237	217
7238	168
7239	123
7240	151
7241	145
7242	147
7243	150
7244	127
7245	147
7246	159
7247	140
7248	166
7249	164
7250	142
7251	195
7252	139
7253	175
7254	165
7255	145
7256	193
7257	185
7258	145
7259	152
7260	170
7261	155
7262	162
7263	174
7264	168
7265	171
7266	136
7267	186
7268	161
7269	131
7270	181
7271	145
7272	149
7273	160
7274	161
7275	152
7276	129
7277	139
7278	143
7279	159
7280	144
7281	147
7282	148
7283	131
7284	142
7285	162
7286	141
7287	155
7288	149
7289	160
7290	114
7291	191
7292	145
7293	129
7294	127
7295	150
7296	133
7297	183
7298	185
7299	136
7300	157
7301	135
7302	127
7303	116
7304	115
7305	122
7306	133
7307	112
7308	170
7309	135
7310	165
7311	140
7312	166
7313	193
7314	165
7315	135
7316	187
7317	135
7318	157
7319	165
7320	142
7321	149
7322	150
7323	133
7324	128
7325	135
7326	128
7327	140
7328	142
7329	139
7330	162
7331	168
7332	125
7333	124
7334	147
7335	140
7336	128
7337	161
7338	170
7339	128
7340	120
7341	179
7342	137
7343	143
7344	115
7345	153
7346	158
7347	146
7348	146
7349	151
7350	127
7351	124
7352	134
7353	113
7354	122
7355	164
7356	129
7357	135
7358	124
7359	162
7360	138
7361	108
7362	107
7363	133
7364	147
7365	122
7366	117
7367	126
7368	118
7369	106
7370	162
7371	134
7372	110
7373	96
7374	109
7375	93
7376	102
7377	107
7378	140
7379	116
7380	133
7381	157
7382	142
7383	138
7384	106
7385	142
7386	112
7387	149
7388	117
7389	119
7390	148
7391	140
7392	135
7393	162
7394	138
7395	117
7396	149
7397	131
7398	111
7399	123
7400	137
7401	151
7402	135
7403	150
7404	105
7405	137
7406	123
7407	121
7408	115
7409	135
7410	104
7411	100
7412	131
7413	105
7414	115
7415	121
7416	105
7417	133
7418	133
7419	111
7420	95
7421	149
7422	123
7423	138
7424	120
7425	98
7426	100
7427	124
7428	113
7429	136
7430	120
7431	123
7432	92
7433	105
7434	145
7435	132
7436	106
7437	134
7438	123
7439	119
7440	139
7441	131
7442	114
7443	109
7444	100
7445	104
7446	163
7447	129
7448	94
7449	98
7450	104
7451	110
7452	92
7453	131
7454	154
7455	150
7456	110
7457	131
7458	101
7459	120
7460	152
7461	107
7462	135
7463	111
7464	133
7465	148
7466	115
7467	99
7468	95
7469	87
7470	94
7471	96
7472	130
7473	128
7474	91
7475	85
7476	96
7477	101
7478	89
7479	92
7480	90
7481	111
7482	122
7483	97
7484	140
7485	120
7486	120
7487	111
7488	116
7489	123
7490	106
7491	102
7492	106
7493	93
7494	105
7495	111
7496	119
7497	129
7498	126
7499	91
7500	111
7501	85
7502	91
7503	85
7504	115
7505	114
7506	117
7507	111
7508	130
7509	120
7510	93
7511	123
7512	134
7513	106
7514	107
7515	108
7516	115
7517	117
7518	134
7519	123
7520	84
7521	123
7522	116
7523	102
7524	99
7525	96
7526	91
7527	97
7528	114
7529	100
7530	114
7531	98
7532	87
7533	97
7534	95
7535	104
7536	91
7537	88
7538	119
7539	130
7540	106
7541	85
7542	77
7543	80
7544	123
7545	126
7546	126
7547	103
7548	111
7549	106
7550	133
7551	108
7552	108
7553	183
7554	181
7555	150
7556	96
7557	104
7558	129
7559	153
7560	84
7561	106
7562	118
7563	96
7564	146
7565	121
7566	106
7567	129
7568	82
7569	95
7570	83
7571	88
7572	104
7573	103
7574	97
7575	100
7576	114
7577	118
7578	119
7579	121
7580	125
7581	145
7582	123
7583	159
7584	153
7585	113
7586	133
7587	129
7588	135
7589	137
7590	137
7591	130
7592	122
7593	139
7594	133
7595	143
7596	176
7597	128
7598	147
7599	103
7600	101
7601	116
7602	92
7603	111
7604	139
7605	142
7606	146
7607	130
7608	110
7609	86
7610	134
7611	118
7612	104
7613	111
7614	167
7615	109
7616	114
7617	131
7618	134
7619	127
7620	94
7621	150
7622	158
7623	136
7624	153
7625	115
7626	114
7627	100
7628	144
7629	112
7630	110
7631	99
7632	101
7633	101
7634	91
7635	127
7636	120
7637	98
7638	101
7639	108
7640	117
7641	115
7642	117
7643	95
7644	94
7645	135
7646	106
7647	81
7648	86
7649	125
7650	91
7651	83
7652	97
7653	82
7654	98
7655	116
7656	132
7657	88
7658	120
7659	117
7660	114
7661	81
7662	117
7663	107
7664	130
7665	125
7666	133
7667	103
7668	104
7669	115
7670	125
7671	118
7672	118
7673	93
7674	98
7675	85
7676	84
7677	103
7678	92
7679	115
7680	104
7681	121
7682	124
7683	102
7684	100
7685	83
7686	102
7687	93
7688	94
7689	89
7690	101
7691	94
7692	87
7693	106
7694	135
7695	115
7696	125
7697	106
7698	113
7699	103
7700	110
7701	56
7702	70
7703	80
7704	100
7705	117
7706	126
7707	80
7708	109
7709	103
7710	94
7711	93
7712	99
7713	97
7714	92
7715	96
7716	85
7717	102
7718	95
7719	109
7720	105
7721	92
7722	94
7723	106
7724	92
7725	126
7726	117
7727	93
7728	113
7729	137
7730	128
7731	108
7732	96
7733	117
7734	128
7735	103
7736	103
7737	88
7738	84
7739	90
7740	108
7741	91
7742	100
7743	100
7744	97
7745	119
7746	130
7747	109
7748	103
7749	113
7750	135
7751	122
7752	119
7753	125
7754	116
7755	74
7756	99
7757	114
7758	128
7759	126
7760	127
7761	102
7762	114
7763	104
7764	127
7765	112
7766	98
7767	83
7768	106
7769	105
7770	105
7771	101
7772	76
7773	85
7774	88
7775	100
7776	103
7777	97
7778	91
7779	112
7780	105
7781	121
7782	72
7783	103
7784	112
7785	99
7786	102
7787	111
7788	88
7789	135
7790	112
7791	118
7792	107
7793	120
7794	132
7795	114
7796	126
7797	134
7798	121
7799	119
7800	146
7801	123
7802	99
7803	160
7804	119
7805	121
7806	107
7807	123
7808	114
7809	104
7810	110
7811	103
7812	132
7813	126
7814	126
7815	108
7816	109
7817	117
7818	117
7819	129
7820	127
7821	110
7822	80
7823	125
7824	105
7825	87
7826	101
7827	148
7828	109
7829	112
7830	107
7831	93
7832	87
7833	123
7834	117
7835	102
7836	117
7837	135
7838	112
7839	100
7840	103
7841	103
7842	115
7843	121
7844	133
7845	110
7846	106
7847	121
7848	104
7849	144
7850	140
7851	129
7852	131
7853	144
7854	114
7855	135
7856	153
7857	156
7858	136
7859	135
7860	163
7861	165
7862	132
7863	159
7864	135
7865	157
7866	130
7867	136
7868	117
7869	126
7870	127
7871	128
7872	134
7873	113
7874	142
7875	138
7876	143
7877	142
7878	135
7879	121
7880	163
7881	158
7882	162
7883	180
7884	184
7885	220
7886	172
7887	150
7888	152
7889	133
7890	140
7891	157
7892	152
7893	181
7894	177
7895	149
7896	136
7897	159
7898	167
7899	179
7900	191
7901	204
7902	208
7903	184
7904	188
7905	201
7906	234
7907	162
7908	164
7909	171
7910	162
7911	221
7912	183
7913	205
7914	178
7915	177
7916	187
7917	212
7918	197
7919	158
7920	162
7921	148
7922	161
7923	159
7924	144
7925	154
7926	199
7927	174
7928	184
7929	198
7930	190
7931	203
7932	209
7933	185
7934	175
7935	148
7936	193
7937	203
7938	152
7939	196
7940	172
7941	203
7942	181
7943	205
7944	180
7945	178
7946	189
7947	150
7948	166
7949	225
7950	176
7951	174
7952	184
7953	185
7954	175
7955	172
7956	155
7957	171
7958	201
7959	165
7960	169
7961	158
7962	219
7963	192
7964	200
7965	225
7966	214
7967	180
7968	178
7969	183
7970	179
7971	211
7972	168
7973	182
7974	140
7975	109
7976	164
7977	147
7978	167
7979	136
7980	140
7981	142
7982	136
7983	128
7984	168
7985	153
7986	163
7987	134
7988	167
7989	176
7990	178
7991	171
7992	141
7993	163
7994	159
7995	147
7996	140
7997	142
7998	174
7999	170
8000	1150536
