0	0
1	0
2	0
3	0
4	0
5	0
6	0
7	0
8	0
9	0
10	0
11	0
12	0
13	0
14	4
15	2
16	5
17	3
18	2
19	4
20	3
21	3
22	4
23	4
24	3
25	13
26	14
27	18
28	19
29	11
30	17
31	14
32	17
33	16
34	18
35	10
36	17
37	15
38	15
39	18
40	10
41	11
42	27
43	28
44	23
45	15
46	24
47	58
48	17
49	22
50	26
51	36
52	25
53	23
54	32
55	29
56	28
57	22
58	33
59	30
60	26
61	35
62	29
63	29
64	32
65	51
66	51
67	51
68	50
69	58
70	40
71	43
72	51
73	43
74	44
75	61
76	55
77	72
78	66
79	76
80	77
81	69
82	85
83	94
84	92
85	89
86	107
87	105
88	112
89	114
90	99
91	114
92	119
93	113
94	119
95	119
96	121
97	140
98	142
99	176
100	195
101	164
102	167
103	186
104	167
105	148
106	166
107	158
108	204
109	196
110	218
111	200
112	206
113	195
114	212
115	265
116	257
117	246
118	200
119	224
120	228
121	212
122	226
123	213
124	218
125	232
126	264
127	325
128	277
129	270
130	242
131	258
132	248
133	284
134	303
135	334
136	297
137	283
138	347
139	336
140	300
141	319
142	269
143	327
144	312
145	253
146	217
147	271
148	254
149	221
150	269
151	275
152	258
153	255
154	292
155	222
156	312
157	245
158	217
159	227
160	243
161	283
162	272
163	240
164	347
165	284
166	272
167	268
168	308
169	279
170	337
171	314
172	300
173	286
174	343
175	342
176	241
177	339
178	304
179	266
180	308
181	318
182	294
183	283
184	293
185	296
186	238
187	255
188	323
189	284
190	215
191	281
192	293
193	262
194	274
195	337
196	241
197	245
198	252
199	290
200	323
201	218
202	294
203	230
204	265
205	272
206	319
207	256
208	399
209	281
210	329
211	304
212	250
213	293
214	295
215	242
216	242
217	231
218	226
219	309
220	208
221	249
222	280
223	230
224	290
225	256
226	229
227	220
228	261
229	283
230	237
231	168
232	237
233	246
234	235
235	194
236	209
237	239
238	216
239	245
240	225
241	184
242	259
243	272
244	248
245	213
246	254
247	231
248	258
249	282
250	248
251	268
252	261
253	343
254	268
255	350
256	307
257	274
258	318
259	267
260	250
261	250
262	277
263	296
264	306
265	285
266	295
267	277
268	291
269	336
270	255
271	302
272	259
273	305
274	230
275	282
276	250
277	359
278	343
279	353
280	335
281	325
282	344
283	261
284	189
285	270
286	252
287	312
288	246
289	258
290	331
291	276
292	233
293	233
294	276
295	250
296	270
297	321
298	273
299	233
300	275
301	248
302	264
303	273
304	260
305	268
306	286
307	264
308	285
309	288
310	251
311	320
312	223
313	244
314	273
315	300
316	324
317	286
318	299
319	271
320	235
321	245
322	240
323	293
324	235
325	288
326	256
327	281
328	279
329	302
330	286
331	209
332	244
333	205
334	208
335	247
336	234
337	267
338	252
339	251
340	266
341	307
342	226
343	249
344	260
345	251
346	273
347	265
348	248
349	209
350	293
351	220
352	239
353	240
354	211
355	282
356	279
357	259
358	251
359	291
360	259
361	262
362	292
363	228
364	248
365	233
366	204
367	266
368	224
369	251
370	251
371	300
372	225
373	208
374	258
375	231
376	266
377	218
378	302
379	271
380	253
381	243
382	258
383	260
384	229
385	309
386	270
387	227
388	236
389	222
390	242
391	263
392	252
393	236
394	217
395	235
396	190
397	258
398	254
399	234
400	235
401	238
402	274
403	224
404	184
405	260
406	293
407	225
408	248
409	199
410	230
411	287
412	233
413	205
414	270
415	256
416	205
417	220
418	240
419	226
420	241
421	256
422	199
423	243
424	230
425	184
426	239
427	222
428	207
429	242
430	249
431	172
432	173
433	194
434	197
435	208
436	192
437	142
438	228
439	199
440	185
441	156
442	185
443	190
444	224
445	195
446	203
447	180
448	238
449	194
450	148
451	152
452	182
453	204
454	172
455	168
456	155
457	162
458	179
459	133
460	118
461	157
462	204
463	184
464	144
465	139
466	159
467	148
468	133
469	141
470	128
471	171
472	160
473	128
474	114
475	131
476	112
477	126
478	130
479	106
480	84
481	118
482	103
483	149
484	102
485	125
486	107
487	113
488	141
489	117
490	100
491	76
492	100
493	98
494	125
495	106
496	116
497	126
498	110
499	127
500	99
501	119
502	125
503	84
504	120
505	119
506	87
507	212
508	176
509	138
510	105
511	80
512	102
513	95
514	78
515	123
516	92
517	89
518	69
519	93
520	75
521	120
522	79
523	78
524	102
525	116
526	82
527	96
528	114
529	78
530	108
531	69
532	69
533	62
534	78
535	79
536	75
537	61
538	67
539	49
540	60
541	85
542	81
543	74
544	61
545	49
546	78
547	66
548	64
549	76
550	53
551	56
552	67
553	56
554	78
555	46
556	56
557	48
558	56
559	54
560	100
561	62
562	45
563	55
564	58
565	55
566	30
567	54
568	46
569	56
570	29
571	50
572	46
573	23
574	42
575	58
576	34
577	54
