16	13
17	22
18	6
19	8
20	12
21	8
22	11
23	12
24	11
25	8
26	8
27	5
28	5
29	9
30	6
31	15
32	15
33	24
34	14
35	30
36	32
37	15
38	16
39	36
40	28
41	31
42	49
43	48
44	55
45	39
46	58
47	54
48	74
49	65
50	90
51	99
52	69
53	89
54	98
55	89
56	95
57	95
58	109
59	103
60	108
61	135
62	135
63	120
64	139
65	126
66	160
67	158
68	174
69	184
70	203
71	188
72	193
73	219
74	201
75	239
76	272
77	295
78	243
79	306
80	282
81	283
82	301
83	349
84	328
85	372
86	370
87	381
88	413
89	422
90	477
91	456
92	499
93	473
94	571
95	542
96	563
97	593
98	592
99	578
100	616
101	670
102	597
103	646
104	724
105	729
106	696
107	698
108	714
109	726
110	772
111	728
112	758
113	811
114	833
115	927
116	902
117	951
118	903
119	968
120	1045
121	1011
122	975
123	989
124	978
125	1085
126	1057
127	1032
128	1154
129	1072
130	1081
131	1185
132	1130
133	1145
134	1158
135	1137
136	1191
137	1165
138	1228
139	1259
140	1223
141	1396
142	1546
143	1756
144	2069
145	2707
146	3823
147	7434
148	9768
149	14733
150	32564
