16	13
17	22
18	7
19	8
20	12
21	8
22	11
23	16
24	15
25	13
26	10
27	5
28	7
29	9
30	6
31	17
32	16
33	28
34	18
35	53
36	44
37	16
38	16
39	37
40	29
41	38
42	57
43	51
44	56
45	42
46	63
47	60
48	82
49	66
50	100
51	106
52	76
53	99
54	108
55	109
56	104
57	106
58	124
59	132
60	126
61	137
62	153
63	127
64	159
65	136
66	172
67	168
68	197
69	196
70	220
71	206
72	205
73	235
74	218
75	269
76	304
77	321
78	266
79	333
80	312
81	314
82	356
83	424
84	373
85	436
86	427
87	427
88	474
89	493
90	554
91	549
92	587
93	564
94	651
95	648
96	681
97	714
98	705
99	684
100	777
101	831
102	749
103	784
104	941
105	927
106	921
107	853
108	908
109	974
110	992
111	907
112	952
113	1083
114	1075
115	1260
116	1284
117	1359
118	1269
119	1254
120	1455
121	1333
122	1311
123	1432
124	1390
125	1545
126	1613
127	1501
128	1653
129	1485
130	1516
131	1713
132	1601
133	1742
134	1683
135	1678
136	1712
137	1716
138	1835
139	1954
140	1877
141	2229
142	2416
143	2806
144	3488
145	4948
146	7400
147	15221
148	18779
149	33831
150	142687
