16	14
17	10
18	10
19	13
20	4
21	15
22	7
23	9
24	15
25	8
26	8
27	8
28	13
29	18
30	17
31	28
32	26
33	35
34	39
35	44
36	48
37	42
38	50
39	71
40	45
41	54
42	68
43	63
44	52
45	56
46	62
47	65
48	76
49	79
50	110
51	153
52	97
53	62
54	67
55	59
56	89
57	96
58	94
59	104
60	101
61	91
62	96
63	95
64	128
65	157
66	190
67	161
68	166
69	188
70	135
71	167
72	215
73	234
74	222
75	296
76	257
77	280
78	287
79	294
80	278
81	324
82	349
83	311
84	367
85	381
86	313
87	376
88	336
89	333
90	427
91	494
92	511
93	509
94	574
95	602
96	638
97	640
98	496
99	653
100	771
101	674
102	656
103	800
104	758
105	713
106	682
107	763
108	914
109	1055
110	930
111	1059
112	1063
113	1077
114	970
115	1130
116	1217
117	1276
118	1073
119	1141
120	1158
121	1322
122	1299
123	1258
124	1382
125	1152
126	1368
127	1499
128	1684
129	1680
130	1696
131	1703
132	1758
133	1640
134	1538
135	1423
136	1612
137	1486
138	1853
139	1979
140	2156
141	2326
142	2441
143	3227
144	4141
145	5171
146	7360
147	13462
148	15402
149	33103
150	44633
