16	14
17	10
18	10
19	13
20	4
21	13
22	7
23	8
24	14
25	8
26	8
27	8
28	11
29	16
30	15
31	25
32	21
33	29
34	36
35	41
36	38
37	32
38	38
39	57
40	43
41	43
42	59
43	58
44	48
45	47
46	50
47	51
48	62
49	56
50	63
51	58
52	64
53	48
54	52
55	53
56	63
57	64
58	66
59	73
60	76
61	75
62	80
63	87
64	94
65	105
66	140
67	120
68	118
69	134
70	108
71	139
72	153
73	164
74	154
75	200
76	174
77	203
78	179
79	194
80	193
81	198
82	234
83	200
84	216
85	232
86	195
87	233
88	225
89	234
90	271
91	281
92	308
93	311
94	356
95	340
96	362
97	358
98	307
99	339
100	363
101	353
102	363
103	386
104	408
105	418
106	368
107	378
108	398
109	411
110	394
111	446
112	445
113	474
114	430
115	491
116	492
117	503
118	456
119	491
120	487
121	511
122	490
123	458
124	508
125	449
126	445
127	480
128	569
129	566
130	552
131	565
132	527
133	523
134	519
135	492
136	539
137	518
138	551
139	574
140	637
141	724
142	648
143	822
144	922
145	1033
146	1496
147	2410
148	2266
149	3089
150	3035
