16	58
17	118
18	183
19	240
20	260
21	322
22	319
23	271
24	246
25	180
26	128
27	121
28	118
29	138
30	161
31	207
32	248
33	276
34	299
35	347
36	396
37	432
38	567
39	670
40	821
41	939
42	1163
43	1295
44	1405
45	1762
46	1933
47	2191
48	2323
49	2503
50	2769
51	3065
52	3407
53	3729
54	3836
55	3954
56	4316
57	4313
58	4590
59	4786
60	5014
61	5068
62	5241
63	5365
64	5654
65	5646
66	5822
67	6058
68	6279
69	6419
70	6482
71	6787
72	6804
73	7100
74	7313
75	7589
76	7791
77	7891
78	7962
79	7951
80	8099
81	8376
82	8699
83	8682
84	8943
85	9504
86	9449
87	9459
88	9967
89	10110
90	10198
91	10751
92	10910
93	10655
94	11210
95	11552
96	11858
97	11974
98	12176
99	12424
100	12845
101	13198
102	13248
103	13470
104	13832
105	14225
106	14463
107	14807
108	15467
109	15516
110	16210
111	16261
112	16401
113	16538
114	16596
115	16994
116	17339
117	17759
118	17513
119	18111
120	18075
121	18671
122	18348
123	18362
124	18835
125	18977
126	19105
127	18984
128	19384
129	19316
130	19375
131	19036
132	19190
133	19033
134	19724
135	20023
136	20947
137	21474
138	22438
139	24267
140	27156
141	31038
142	37295
143	49204
144	63585
145	88377
146	131449
147	225893
148	220228
149	310668
150	324817
