16	8
17	6
18	10
19	6
20	3
21	2
22	7
23	14
24	6
25	8
26	10
27	13
28	19
29	20
30	38
31	38
32	47
33	42
34	32
35	37
36	45
37	26
38	36
39	46
40	43
41	39
42	58
43	53
44	60
45	78
46	82
47	67
48	95
49	98
50	107
51	155
52	77
53	97
54	95
55	104
56	118
57	136
58	139
59	125
60	131
61	144
62	155
63	126
64	140
65	174
66	142
67	140
68	162
69	196
70	205
71	228
72	198
73	232
74	231
75	233
76	258
77	271
78	279
79	301
80	331
81	320
82	352
83	344
84	380
85	377
86	430
87	440
88	475
89	482
90	555
91	516
92	584
93	589
94	626
95	647
96	651
97	701
98	722
99	730
100	751
101	800
102	889
103	873
104	989
105	907
106	918
107	968
108	1025
109	966
110	981
111	1059
112	1150
113	1167
114	1182
115	1279
116	1374
117	1305
118	1365
119	1412
120	1492
121	1482
122	1454
123	1473
124	1573
125	1613
126	1723
127	1852
128	1869
129	1766
130	1753
131	1829
132	1857
133	1886
134	2023
135	2040
136	1996
137	2125
138	2054
139	2297
140	2487
141	2507
142	2816
143	3038
144	3602
145	4501
146	5933
147	10355
148	11909
149	25906
150	62519
