16	8
17	6
18	10
19	6
20	3
21	2
22	7
23	14
24	6
25	7
26	9
27	9
28	15
29	13
30	18
31	22
32	30
33	27
34	27
35	35
36	43
37	25
38	35
39	43
40	42
41	38
42	57
43	51
44	59
45	75
46	75
47	59
48	83
49	89
50	92
51	69
52	67
53	96
54	92
55	102
56	108
57	124
58	122
59	118
60	128
61	141
62	150
63	124
64	138
65	168
66	138
67	137
68	154
69	187
70	201
71	218
72	190
73	216
74	215
75	219
76	249
77	261
78	264
79	282
80	311
81	300
82	335
83	332
84	354
85	358
86	407
87	411
88	443
89	450
90	514
91	474
92	543
93	544
94	585
95	596
96	582
97	648
98	673
99	677
100	697
101	742
102	798
103	772
104	895
105	830
106	832
107	865
108	908
109	869
110	867
111	941
112	1019
113	999
114	1014
115	1101
116	1142
117	1123
118	1139
119	1183
120	1262
121	1239
122	1223
123	1260
124	1272
125	1278
126	1371
127	1453
128	1498
129	1431
130	1377
131	1436
132	1448
133	1480
134	1590
135	1561
136	1598
137	1645
138	1606
139	1745
140	1900
141	1883
142	2128
143	2229
144	2662
145	3359
146	4164
147	7090
148	8680
149	16589
150	28981
