16	11
17	10
18	5
19	12
20	6
21	3
22	2
23	9
24	8
25	11
26	13
27	9
28	15
29	23
30	26
31	19
32	46
33	42
34	29
35	31
36	38
37	37
38	35
39	48
40	45
41	54
42	60
43	66
44	61
45	75
46	91
47	80
48	114
49	105
50	108
51	113
52	120
53	116
54	132
55	158
56	151
57	169
58	180
59	212
60	181
61	193
62	208
63	227
64	233
65	242
66	269
67	268
68	272
69	340
70	313
71	351
72	399
73	399
74	402
75	438
76	435
77	444
78	476
79	501
80	535
81	553
82	590
83	656
84	650
85	683
86	747
87	817
88	819
89	816
90	844
91	892
92	987
93	894
94	999
95	1109
96	1104
97	1133
98	1126
99	1209
100	1189
101	1203
102	1212
103	1365
104	1300
105	1290
106	1371
107	1307
108	1385
109	1487
110	1446
111	1391
112	1496
113	1555
114	1535
115	1658
116	1638
117	1629
118	1783
119	1810
120	1863
121	1871
122	1927
123	1901
124	1963
125	1949
126	1898
127	2010
128	1954
129	1876
130	2014
131	1877
132	1918
133	1949
134	2041
135	1978
136	2130
137	2119
138	1999
139	2100
140	2213
141	2307
142	2597
143	2654
144	3115
145	3797
146	5400
147	10089
148	11371
149	13976
150	16765
