16	11
17	10
18	5
19	12
20	6
21	4
22	2
23	9
24	8
25	12
26	13
27	11
28	17
29	24
30	28
31	23
32	54
33	48
34	31
35	32
36	41
37	37
38	36
39	52
40	47
41	61
42	64
43	68
44	66
45	80
46	92
47	84
48	120
49	112
50	132
51	137
52	124
53	116
54	134
55	167
56	178
57	207
58	222
59	232
60	194
61	201
62	226
63	242
64	252
65	258
66	283
67	283
68	293
69	363
70	333
71	380
72	435
73	434
74	443
75	471
76	478
77	490
78	518
79	557
80	608
81	615
82	666
83	731
84	764
85	811
86	865
87	948
88	942
89	969
90	1007
91	1030
92	1143
93	1046
94	1182
95	1325
96	1329
97	1410
98	1370
99	1498
100	1453
101	1549
102	1609
103	1736
104	1707
105	1666
106	1803
107	1827
108	2032
109	2420
110	2192
111	2307
112	2087
113	2118
114	2194
115	2399
116	2511
117	2518
118	2548
119	2594
120	2694
121	2748
122	2936
123	2892
124	3001
125	3106
126	3073
127	3114
128	3115
129	2971
130	3253
131	2995
132	3086
133	3113
134	3397
135	3207
136	3532
137	3598
138	3386
139	3733
140	3995
141	4160
142	4704
143	5004
144	6078
145	7558
146	10754
147	22465
148	30977
149	45167
150	66403
