16	30
17	52
18	72
19	72
20	79
21	73
22	84
23	85
24	101
25	102
26	106
27	122
28	141
29	170
30	226
31	289
32	367
33	457
34	556
35	673
36	800
37	918
38	1082
39	1178
40	1325
41	1527
42	1665
43	1973
44	2184
45	2578
46	2763
47	3225
48	3354
49	3553
50	4050
51	4318
52	4622
53	4858
54	5123
55	5722
56	5999
57	6300
58	6761
59	7139
60	7012
61	7098
62	7556
63	7579
64	7904
65	8252
66	8792
67	9071
68	9541
69	9829
70	10257
71	10614
72	11299
73	11532
74	12091
75	12536
76	12947
77	13625
78	13954
79	14565
80	14993
81	15513
82	16267
83	16721
84	17294
85	18262
86	18850
87	19407
88	19931
89	20551
90	21440
91	21646
92	22636
93	23054
94	23843
95	25384
96	25658
97	26303
98	27259
99	27179
100	28100
101	29089
102	29897
103	30617
104	31643
105	32356
106	33149
107	34540
108	34990
109	35951
110	35849
111	36439
112	37191
113	37899
114	38970
115	39680
116	39923
117	41045
118	41729
119	42309
120	42706
121	43433
122	44391
123	44180
124	45358
125	45483
126	46619
127	46796
128	47646
129	48717
130	49429
131	50317
132	50754
133	51255
134	51970
135	53464
136	55816
137	58066
138	60881
139	66424
140	71415
141	81489
142	97166
143	122742
144	172532
145	257143
146	422545
147	876262
148	1041205
149	1248380
150	1577989
