16	8
17	6
18	4
19	7
20	4
21	6
22	4
23	2
24	9
25	5
26	7
27	6
28	9
29	7
30	11
31	21
32	20
33	15
34	22
35	28
36	24
37	25
38	35
39	45
40	28
41	48
42	49
43	50
44	49
45	64
46	80
47	76
48	70
49	55
50	81
51	59
52	66
53	56
54	77
55	89
56	97
57	78
58	93
59	88
60	96
61	90
62	103
63	98
64	106
65	119
66	130
67	142
68	131
69	152
70	136
71	176
72	152
73	182
74	208
75	183
76	213
77	226
78	255
79	238
80	250
81	272
82	234
83	242
84	266
85	292
86	334
87	309
88	320
89	336
90	366
91	403
92	395
93	328
94	402
95	361
96	427
97	472
98	453
99	515
100	503
101	487
102	460
103	595
104	560
105	513
106	565
107	552
108	568
109	613
110	644
111	618
112	585
113	592
114	633
115	708
116	714
117	720
118	685
119	658
120	680
121	715
122	703
123	679
124	767
125	765
126	791
127	802
128	766
129	713
130	754
131	666
132	723
133	715
134	755
135	770
136	718
137	714
138	763
139	833
140	854
141	900
142	979
143	1005
144	1114
145	1365
146	2012
147	3092
148	3496
149	4696
150	5908
