16	8
17	6
18	5
19	8
20	4
21	6
22	4
23	2
24	9
25	5
26	7
27	6
28	9
29	7
30	11
31	21
32	20
33	15
34	23
35	36
36	28
37	26
38	36
39	46
40	29
41	51
42	53
43	54
44	52
45	72
46	89
47	88
48	83
49	60
50	89
51	69
52	74
53	67
54	87
55	104
56	111
57	115
58	124
59	111
60	115
61	105
62	115
63	115
64	120
65	136
66	149
67	171
68	165
69	176
70	159
71	211
72	185
73	221
74	277
75	273
76	316
77	356
78	323
79	317
80	362
81	387
82	324
83	344
84	348
85	425
86	488
87	437
88	473
89	513
90	553
91	570
92	539
93	491
94	611
95	527
96	613
97	723
98	691
99	769
100	840
101	804
102	748
103	1014
104	984
105	899
106	986
107	1007
108	1035
109	1145
110	1177
111	1183
112	1102
113	1123
114	1343
115	1342
116	1642
117	1541
118	1418
119	1450
120	1523
121	1475
122	1559
123	1485
124	1610
125	1712
126	1780
127	1838
128	1731
129	1868
130	1803
131	1459
132	1549
133	1705
134	1919
135	1969
136	1720
137	1747
138	1987
139	2158
140	2108
141	2554
142	2960
143	3236
144	3496
145	4444
146	7080
147	11760
148	14638
149	33215
150	53274
