16	22
17	50
18	80
19	105
20	162
21	198
22	219
23	223
24	157
25	114
26	125
27	103
28	109
29	137
30	154
31	157
32	231
33	316
34	360
35	467
36	533
37	724
38	824
39	898
40	1192
41	1317
42	1656
43	1937
44	2267
45	2587
46	3017
47	3417
48	3793
49	4142
50	4546
51	5042
52	5497
53	5762
54	6157
55	6673
56	6918
57	7200
58	7802
59	8001
60	8190
61	8312
62	8893
63	9200
64	9532
65	10089
66	10389
67	10893
68	11427
69	11507
70	11891
71	12124
72	12723
73	12988
74	13559
75	14133
76	14245
77	14504
78	14950
79	15414
80	16128
81	16578
82	16616
83	16835
84	17290
85	17897
86	18271
87	18311
88	18923
89	19306
90	19395
91	19682
92	20158
93	20671
94	21351
95	21705
96	21938
97	22504
98	22973
99	23512
100	24076
101	24301
102	24441
103	25083
104	25129
105	26268
106	26958
107	27178
108	27559
109	28447
110	28873
111	28875
112	29167
113	29438
114	29521
115	30157
116	30710
117	30288
118	31188
119	31141
120	31312
121	31419
122	31750
123	31336
124	32014
125	32348
126	32615
127	32575
128	32787
129	32299
130	32485
131	32306
132	32548
133	32371
134	32748
135	33350
136	34254
137	34719
138	35417
139	37853
140	41439
141	45586
142	53967
143	67539
144	89723
145	126457
146	190167
147	329203
148	387303
149	538982
150	700727
