21	2
22	1
23	1
26	1
27	1
29	2
30	2
31	2
32	2
33	3
34	4
35	3
36	6
37	8
38	9
39	4
40	2
41	3
42	6
43	8
44	11
45	14
46	11
47	5
48	9
49	9
50	12
51	10
52	13
53	11
54	5
55	14
56	10
57	16
58	9
59	10
60	23
61	26
62	16
63	20
64	20
65	27
66	21
67	23
68	29
69	30
70	14
71	28
72	37
73	38
74	44
75	38
76	29
77	43
78	46
79	48
80	47
81	45
82	59
83	79
84	68
85	65
86	68
87	80
88	75
89	73
90	88
91	90
92	109
93	105
94	110
95	117
96	123
97	135
98	129
99	128
100	139
101	168
102	168
103	150
104	178
105	166
106	152
107	175
108	188
109	176
110	215
111	222
112	233
113	218
114	240
115	271
116	304
117	275
118	281
119	314
120	289
121	299
122	315
123	319
124	330
125	349
126	373
127	329
128	371
129	364
130	424
131	464
132	423
133	429
134	467
135	471
136	487
137	484
138	517
139	550
140	648
141	747
142	868
143	1154
144	1601
145	2154
146	3459
147	9134
148	6909
149	14301
150	12208
