21	2
22	1
23	1
26	1
27	1
29	2
30	2
31	2
32	2
33	3
34	4
35	3
36	6
37	8
38	9
39	4
40	2
41	3
42	6
43	8
44	12
45	15
46	11
47	5
48	13
49	9
50	17
51	18
52	13
53	12
54	6
55	14
56	10
57	17
58	9
59	13
60	26
61	26
62	16
63	21
64	22
65	31
66	25
67	25
68	31
69	35
70	15
71	32
72	43
73	43
74	48
75	40
76	34
77	48
78	56
79	57
80	56
81	52
82	63
83	92
84	84
85	72
86	78
87	95
88	83
89	85
90	103
91	111
92	133
93	120
94	139
95	146
96	143
97	162
98	157
99	161
100	169
101	215
102	216
103	192
104	225
105	195
106	197
107	230
108	238
109	238
110	292
111	302
112	324
113	305
114	331
115	378
116	429
117	406
118	409
119	456
120	409
121	461
122	439
123	438
124	466
125	487
126	523
127	488
128	501
129	504
130	572
131	620
132	599
133	630
134	643
135	653
136	695
137	698
138	765
139	815
140	954
141	1105
142	1322
143	1835
144	2808
145	3755
146	6768
147	18446
148	12661
149	46264
150	38098
