0	0
1	0
2	0
3	0
4	0
5	0
6	0
7	0
8	0
9	0
10	0
11	0
12	0
13	1
14	1
15	0
16	3
17	3
18	3
19	4
20	5
21	3
22	2
23	3
24	6
25	4
26	9
27	10
28	4
29	11
30	11
31	11
32	6
33	11
34	12
35	14
36	14
37	14
38	12
39	23
40	16
41	13
42	12
43	13
44	3
45	13
46	5
47	15
48	19
49	9
50	14
51	27
52	13
53	14
54	21
55	27
56	43
57	44
58	35
59	34
60	31
61	28
62	33
63	42
64	39
65	33
66	41
67	47
68	44
69	32
70	45
71	52
72	45
73	50
74	59
75	70
76	67
77	81
78	63
79	88
80	66
81	84
82	80
83	132
84	93
85	118
86	121
87	102
88	105
89	126
90	104
91	118
92	133
93	140
94	130
95	142
96	132
97	150
98	172
99	133
100	173
101	151
102	179
103	184
104	197
105	174
106	202
107	195
108	186
109	195
110	168
111	255
112	208
113	218
114	188
115	224
116	246
117	270
118	250
119	255
120	207
121	252
122	258
123	239
124	284
125	306
126	245
127	236
128	235
129	274
130	283
131	294
132	253
133	272
134	272
135	241
136	272
137	270
138	307
139	306
140	279
141	300
142	354
143	284
144	308
145	265
146	203
147	288
148	254
149	196
150	225
151	207
152	233
153	245
154	224
155	223
156	239
157	271
158	248
159	283
160	244
161	234
162	220
163	197
164	238
165	218
166	242
167	199
168	250
169	229
170	217
171	218
172	240
173	277
174	226
175	250
176	237
177	230
178	237
179	221
180	237
181	194
182	231
183	229
184	216
185	233
186	199
187	220
188	235
189	211
190	209
191	193
192	231
193	219
194	199
195	193
196	264
197	198
198	206
199	214
200	198
201	197
202	215
203	170
204	233
205	183
206	192
207	220
208	162
209	191
210	180
211	182
212	169
213	197
214	197
215	180
216	186
217	178
218	184
219	158
220	176
221	162
222	169
223	211
224	181
225	194
226	168
227	140
228	131
229	151
230	162
231	177
232	187
233	189
234	171
235	175
236	122
237	170
238	155
239	142
240	160
241	185
242	161
243	201
244	180
245	149
246	187
247	191
248	170
249	144
250	160
251	175
252	187
253	241
254	188
255	174
256	212
257	206
258	220
259	209
260	211
261	236
262	228
263	224
264	175
265	237
266	198
267	182
268	222
269	180
270	187
271	164
272	193
273	213
274	155
275	200
276	191
277	216
278	185
279	216
280	195
281	219
282	187
283	226
284	170
285	219
286	215
287	206
288	182
289	199
290	181
291	219
292	222
293	213
294	207
295	197
296	207
297	251
298	222
299	207
300	226
301	182
302	182
303	201
304	210
305	215
306	213
307	216
308	200
309	207
310	204
311	201
312	178
313	183
314	171
315	178
316	208
317	221
318	199
319	203
320	228
321	222
322	164
323	209
324	174
325	169
326	177
327	182
328	208
329	210
330	211
331	192
332	202
333	218
334	200
335	188
336	217
337	176
338	180
339	179
340	194
341	181
342	173
343	172
344	197
345	163
346	205
347	201
348	180
349	182
350	174
351	167
352	167
353	188
354	153
355	153
356	194
357	170
358	166
359	180
360	199
361	168
362	166
363	160
364	186
365	182
366	182
367	187
368	202
369	199
370	175
371	209
372	175
373	203
374	175
375	188
376	154
377	187
378	161
379	182
380	150
381	179
382	162
383	179
384	182
385	201
386	180
387	141
388	200
389	177
390	177
391	178
392	193
393	160
394	178
395	157
396	193
397	176
398	171
399	168
400	190
401	188
402	164
403	186
404	173
405	189
406	140
407	153
408	154
409	168
410	182
411	174
412	156
413	197
414	201
415	147
416	167
417	169
418	161
419	153
420	167
421	152
422	144
423	156
424	173
425	181
426	138
427	178
428	164
429	168
430	132
431	175
432	146
433	134
434	125
435	145
436	130
437	142
438	150
439	133
440	130
441	144
442	162
443	143
444	140
445	161
446	110
447	125
448	152
449	124
450	115
451	135
452	122
453	101
454	122
455	97
456	114
457	129
458	120
459	103
460	107
461	115
462	112
463	100
464	123
465	106
466	109
467	102
468	110
469	102
470	99
471	83
472	97
473	90
474	108
475	92
476	87
477	101
478	90
479	105
480	92
481	88
482	80
483	103
484	109
485	80
486	64
487	96
488	110
489	91
490	72
491	98
492	113
493	84
494	75
495	92
496	92
497	87
498	76
499	85
500	66
501	91
502	97
503	93
504	92
505	84
506	86
507	146
508	94
509	98
510	86
511	84
512	77
513	73
514	92
515	86
516	83
517	78
518	57
519	75
520	95
521	100
522	66
523	77
524	88
525	83
526	92
527	71
528	73
529	64
530	81
531	55
532	56
533	55
534	71
535	78
536	73
537	58
538	71
539	74
540	71
541	95
542	65
543	56
544	55
545	60
546	67
547	51
548	53
549	68
550	44
551	51
552	36
553	63
554	45
555	58
556	50
557	47
558	51
559	40
560	46
561	44
562	52
563	56
564	45
565	37
566	39
567	60
568	24
569	34
570	46
571	36
572	27
573	36
574	30
575	45
576	32
577	38
