0	0
1	0
2	0
3	0
4	0
5	0
6	0
7	0
8	0
9	0
10	0
11	0
12	0
13	1
14	1
15	0
16	3
17	3
18	3
19	4
20	5
21	3
22	2
23	3
24	6
25	5
26	9
27	10
28	4
29	12
30	11
31	11
32	6
33	11
34	12
35	14
36	14
37	14
38	12
39	23
40	18
41	13
42	13
43	15
44	6
45	14
46	5
47	20
48	19
49	13
50	14
51	28
52	16
53	15
54	22
55	29
56	50
57	46
58	35
59	36
60	33
61	30
62	35
63	46
64	40
65	35
66	43
67	49
68	45
69	32
70	47
71	60
72	52
73	54
74	60
75	74
76	71
77	86
78	65
79	93
80	73
81	92
82	83
83	142
84	105
85	128
86	135
87	115
88	185
89	135
90	116
91	131
92	156
93	220
94	166
95	164
96	158
97	174
98	203
99	157
100	269
101	180
102	203
103	226
104	226
105	212
106	228
107	238
108	239
109	277
110	212
111	329
112	256
113	274
114	227
115	294
116	315
117	348
118	321
119	337
120	259
121	337
122	337
123	329
124	395
125	402
126	335
127	404
128	492
129	410
130	412
131	445
132	357
133	372
134	399
135	397
136	410
137	407
138	463
139	476
140	437
141	439
142	552
143	397
144	461
145	412
146	341
147	439
148	377
149	317
150	367
151	325
152	386
153	408
154	384
155	377
156	416
157	413
158	399
159	495
160	410
161	430
162	353
163	360
164	369
165	370
166	420
167	352
168	429
169	390
170	382
171	369
172	435
173	541
174	367
175	444
176	432
177	406
178	421
179	357
180	397
181	327
182	417
183	373
184	406
185	443
186	325
187	402
188	433
189	329
190	384
191	328
192	435
193	404
194	346
195	346
196	483
197	399
198	365
199	377
200	321
201	341
202	360
203	295
204	374
205	315
206	310
207	379
208	262
209	310
210	309
211	306
212	266
213	331
214	361
215	338
216	336
217	310
218	308
219	254
220	309
221	245
222	273
223	333
224	293
225	280
226	277
227	207
228	196
229	257
230	276
231	268
232	316
233	338
234	273
235	282
236	210
237	276
238	260
239	229
240	262
241	270
242	240
243	308
244	278
245	250
246	316
247	324
248	276
249	232
250	267
251	255
252	280
253	409
254	295
255	260
256	347
257	305
258	360
259	333
260	328
261	380
262	346
263	342
264	275
265	376
266	302
267	265
268	354
269	273
270	281
271	243
272	289
273	330
274	226
275	302
276	279
277	339
278	264
279	323
280	294
281	305
282	294
283	323
284	252
285	331
286	328
287	330
288	284
289	314
290	285
291	341
292	326
293	330
294	287
295	296
296	307
297	378
298	316
299	296
300	344
301	250
302	255
303	287
304	305
305	280
306	351
307	324
308	300
309	290
310	276
311	281
312	242
313	239
314	257
315	229
316	294
317	284
318	312
319	278
320	328
321	281
322	229
323	277
324	254
325	237
326	266
327	258
328	301
329	287
330	323
331	246
332	301
333	298
334	264
335	241
336	306
337	251
338	224
339	259
340	251
341	234
342	235
343	235
344	285
345	208
346	267
347	287
348	245
349	253
350	241
351	241
352	232
353	260
354	205
355	212
356	269
357	226
358	229
359	245
360	253
361	244
362	205
363	224
364	220
365	235
366	252
367	261
368	282
369	269
370	266
371	297
372	227
373	251
374	232
375	247
376	206
377	244
378	211
379	223
380	190
381	229
382	217
383	233
384	222
385	275
386	263
387	182
388	256
389	240
390	216
391	232
392	237
393	222
394	221
395	189
396	248
397	235
398	229
399	221
400	248
401	238
402	204
403	260
404	217
405	227
406	170
407	193
408	203
409	227
410	210
411	229
412	201
413	265
414	260
415	203
416	217
417	219
418	212
419	209
420	199
421	209
422	200
423	200
424	226
425	221
426	173
427	215
428	201
429	208
430	161
431	229
432	188
433	158
434	162
435	193
436	160
437	170
438	172
439	158
440	159
441	189
442	199
443	172
444	170
445	185
446	129
447	161
448	196
449	161
450	138
451	172
452	155
453	156
454	155
455	118
456	142
457	159
458	138
459	125
460	121
461	130
462	147
463	114
464	151
465	135
466	137
467	123
468	140
469	121
470	126
471	117
472	126
473	104
474	140
475	118
476	112
477	128
478	97
479	116
480	102
481	99
482	114
483	131
484	127
485	91
486	79
487	128
488	209
489	128
490	89
491	122
492	150
493	107
494	86
495	105
496	111
497	105
498	97
499	94
500	78
501	106
502	129
503	106
504	103
505	103
506	105
507	193
508	107
509	124
510	108
511	115
512	95
513	93
514	113
515	127
516	91
517	96
518	68
519	93
520	116
521	130
522	89
523	101
524	114
525	121
526	108
527	82
528	83
529	77
530	118
531	67
532	69
533	79
534	87
535	135
536	80
537	77
538	82
539	93
540	101
541	133
542	81
543	73
544	83
545	64
546	78
547	60
548	66
549	81
550	51
551	71
552	48
553	65
554	54
555	70
556	65
557	57
558	66
559	51
560	62
561	55
562	75
563	78
564	49
565	43
566	47
567	90
568	64
569	38
570	58
571	64
572	29
573	43
