0	0
1	0
2	0
3	0
4	0
5	0
6	0
7	0
8	0
9	0
10	0
11	0
12	0
13	1
14	0
15	2
16	1
17	0
18	0
19	1
20	0
21	0
22	0
23	2
24	1
25	3
26	0
27	2
28	2
29	2
30	3
31	2
32	4
33	2
34	1
35	4
36	3
37	6
38	8
39	7
40	5
41	7
42	5
43	3
44	8
45	10
46	5
47	8
48	6
49	4
50	9
51	12
52	14
53	11
54	13
55	5
56	15
57	8
58	12
59	12
60	7
61	12
62	13
63	9
64	12
65	15
66	10
67	18
68	8
69	11
70	18
71	23
72	9
73	12
74	16
75	19
76	15
77	32
78	23
79	8
80	17
81	24
82	29
83	25
84	27
85	58
86	19
87	36
88	36
89	30
90	46
91	40
92	45
93	45
94	54
95	48
96	54
97	48
98	48
99	63
100	76
101	71
102	42
103	68
104	63
105	57
106	49
107	80
108	54
109	65
110	80
111	71
112	73
113	78
114	92
115	72
116	71
117	73
118	71
119	74
120	80
121	89
122	82
123	79
124	86
125	62
126	80
127	105
128	89
129	97
130	86
131	97
132	102
133	106
134	93
135	105
136	86
137	86
138	95
139	96
140	124
141	102
142	91
143	108
144	117
145	70
146	104
147	88
148	99
149	101
150	86
151	103
152	57
153	63
154	71
155	61
156	87
157	59
158	64
159	92
160	91
161	85
162	58
163	93
164	100
165	116
166	100
167	77
168	74
169	95
170	124
171	85
172	86
173	132
174	101
175	85
176	86
177	134
178	78
179	71
180	104
181	108
182	75
183	70
184	104
185	92
186	72
187	85
188	99
189	105
190	83
191	92
192	106
193	76
194	124
195	99
196	77
197	112
198	80
199	69
200	84
201	80
202	118
203	79
204	71
205	93
206	80
207	112
208	80
209	87
210	92
211	81
212	71
213	81
214	75
215	71
216	84
217	86
218	105
219	86
220	92
221	51
222	95
223	67
224	100
225	115
226	102
227	82
228	86
229	90
230	83
231	73
232	102
233	82
234	94
235	134
236	71
237	97
238	82
239	89
240	87
241	107
242	81
243	79
244	100
245	79
246	98
247	101
248	124
249	87
250	74
251	87
252	106
253	74
254	85
255	67
256	101
257	106
258	107
259	84
260	71
261	67
262	107
263	79
264	60
265	77
266	85
267	104
268	73
269	68
270	63
271	90
272	68
273	72
274	115
275	103
276	83
277	93
278	102
279	101
280	83
281	89
282	89
283	63
284	74
285	97
286	86
287	71
288	83
289	86
290	77
291	94
292	63
293	82
294	77
295	98
296	102
297	97
298	96
299	80
300	68
301	88
302	76
303	78
304	83
305	71
306	66
307	75
308	74
309	101
310	87
311	96
312	72
313	77
314	67
315	88
316	93
317	119
318	108
319	77
320	98
321	70
322	81
323	63
324	96
325	99
326	91
327	76
328	82
329	87
330	82
331	70
332	64
333	89
334	60
335	90
336	93
337	84
338	79
339	76
340	72
341	65
342	72
343	83
344	60
345	92
346	72
347	78
348	80
349	71
350	82
351	90
352	62
353	52
354	63
355	73
356	66
357	60
358	73
359	61
360	60
361	33
362	57
363	65
364	68
365	86
366	72
367	70
368	75
369	66
370	58
371	72
372	79
373	77
374	72
375	53
376	69
377	67
378	60
379	68
380	82
381	56
382	75
383	48
384	64
385	56
386	58
387	72
388	54
389	57
390	75
391	77
392	73
393	84
394	66
395	86
396	73
397	76
398	49
399	64
400	62
401	67
402	61
403	64
404	61
405	105
406	71
407	72
408	79
409	85
410	95
411	87
412	76
413	81
414	74
415	59
416	71
417	83
418	90
419	73
420	63
421	71
422	50
423	76
424	45
425	80
426	70
427	65
428	93
429	54
430	70
431	60
432	73
433	67
434	46
435	56
436	49
437	67
438	58
439	54
440	68
441	57
442	71
443	51
444	45
445	59
446	67
447	50
448	80
449	54
450	43
451	65
452	90
453	71
454	86
455	63
456	43
457	51
458	41
459	46
460	41
461	44
462	61
463	46
464	56
465	50
466	41
467	47
468	34
469	43
470	41
471	38
472	35
473	25
474	25
475	29
476	40
477	34
478	37
479	42
480	35
481	32
482	38
483	40
484	40
485	38
486	20
487	38
488	23
489	19
490	28
491	29
492	36
493	25
494	25
495	23
496	22
497	31
498	32
499	35
500	38
501	58
502	23
503	16
504	26
505	22
506	17
507	48
508	37
509	27
510	35
511	21
512	31
513	33
514	35
515	26
516	32
517	26
518	27
519	38
520	34
521	21
522	20
523	32
524	28
525	28
526	28
527	24
528	21
529	28
530	38
531	28
532	16
533	28
534	15
535	22
536	38
537	30
538	34
539	26
540	19
541	26
542	11
543	12
544	24
545	20
546	18
547	13
548	19
549	21
550	14
551	19
552	26
553	18
554	18
555	22
556	11
557	22
558	17
559	18
560	19
561	24
562	10
563	17
564	8
565	21
566	14
567	18
568	15
569	23
570	16
571	16
572	10
