0	0
1	0
2	0
3	0
4	0
5	0
6	0
7	0
8	0
9	0
10	0
11	0
12	0
13	1
14	0
15	2
16	1
17	0
18	0
19	1
20	0
21	0
22	0
23	2
24	1
25	3
26	0
27	2
28	2
29	3
30	3
31	2
32	4
33	2
34	2
35	4
36	3
37	6
38	8
39	8
40	5
41	8
42	5
43	3
44	10
45	12
46	6
47	8
48	8
49	6
50	11
51	21
52	23
53	15
54	15
55	6
56	23
57	12
58	16
59	16
60	8
61	15
62	18
63	14
64	14
65	16
66	11
67	30
68	11
69	14
70	20
71	27
72	13
73	15
74	19
75	19
76	25
77	54
78	43
79	12
80	27
81	38
82	57
83	31
84	33
85	78
86	30
87	51
88	62
89	41
90	82
91	55
92	67
93	77
94	78
95	75
96	78
97	73
98	79
99	93
100	110
101	117
102	57
103	89
104	87
105	111
106	76
107	131
108	116
109	159
110	147
111	110
112	145
113	147
114	305
115	179
116	109
117	183
118	108
119	174
120	151
121	152
122	139
123	171
124	178
125	132
126	153
127	270
128	211
129	315
130	171
131	226
132	304
133	380
134	197
135	271
136	208
137	202
138	202
139	292
140	394
141	215
142	297
143	315
144	330
145	214
146	439
147	192
148	305
149	319
150	357
151	412
152	193
153	225
154	226
155	181
156	406
157	188
158	295
159	257
160	453
161	327
162	269
163	344
164	394
165	658
166	494
167	401
168	288
169	459
170	593
171	231
172	443
173	648
174	627
175	402
176	476
177	840
178	333
179	366
180	676
181	938
182	346
183	262
184	479
185	441
186	323
187	381
188	558
189	708
190	498
191	494
192	774
193	278
194	636
195	462
196	391
197	703
198	446
199	525
200	797
201	330
202	945
203	391
204	404
205	412
206	492
207	646
208	584
209	639
210	500
211	432
212	436
213	304
214	462
215	513
216	612
217	741
218	529
219	558
220	813
221	183
222	552
223	383
224	384
225	596
226	711
227	595
228	443
229	539
230	420
231	359
232	530
233	451
234	521
235	829
236	557
237	562
238	420
239	514
240	431
241	737
242	553
243	379
244	577
245	783
246	495
247	367
248	1143
249	370
250	391
251	371
252	595
253	456
254	294
255	318
256	497
257	633
258	395
259	530
260	418
261	240
262	821
263	342
264	283
265	376
266	550
267	668
268	370
269	262
270	251
271	342
272	465
273	362
274	463
275	781
276	596
277	582
278	675
279	572
280	459
281	906
282	547
283	272
284	357
285	668
286	399
287	348
288	411
289	636
290	280
291	359
292	255
293	507
294	297
295	651
296	682
297	364
298	400
299	375
300	368
301	370
302	347
303	226
304	414
305	312
306	223
307	254
308	181
309	630
310	523
311	584
312	274
313	322
314	270
315	376
316	370
317	457
318	641
319	391
320	619
321	141
322	376
323	143
324	433
325	481
326	341
327	390
328	266
329	464
330	484
331	340
332	144
333	350
334	320
335	421
336	373
337	360
338	396
339	224
340	265
341	269
342	277
343	431
344	269
345	495
346	271
347	288
348	363
349	422
350	270
351	529
352	325
353	236
354	337
355	319
356	293
357	189
358	234
359	304
360	351
361	96
362	263
363	167
364	263
365	343
366	171
367	445
368	208
369	282
370	209
371	217
372	364
373	294
374	198
375	166
376	284
377	263
378	231
379	280
380	271
381	221
382	329
383	162
384	169
385	252
386	208
387	154
388	129
389	161
390	285
391	269
392	254
393	444
394	175
395	328
396	222
397	245
398	185
399	184
400	236
401	353
402	130
403	238
404	128
405	410
406	186
407	191
408	172
409	378
410	468
411	361
412	372
413	418
414	308
415	171
416	143
417	280
418	400
419	223
420	236
421	174
422	113
423	189
424	103
425	272
426	171
427	283
428	201
429	236
430	285
431	162
432	296
433	196
434	119
435	226
436	91
437	250
438	170
439	224
440	255
441	92
442	174
443	104
444	123
445	119
446	215
447	172
448	144
449	180
450	176
451	188
452	284
453	210
454	231
455	317
456	107
457	88
458	105
459	135
460	79
461	88
462	92
463	140
464	158
465	113
466	120
467	138
468	75
469	160
470	134
471	88
472	65
473	36
474	61
475	49
476	120
477	119
478	126
479	99
480	83
481	56
482	69
483	98
484	100
485	71
486	25
487	73
488	47
489	31
490	44
491	54
492	73
493	35
494	49
495	30
496	41
497	74
498	42
499	107
500	92
501	204
502	41
503	30
504	38
505	42
506	21
507	108
508	57
509	42
510	144
511	70
512	100
513	79
514	87
515	60
516	87
517	36
518	50
519	117
520	95
521	52
522	25
523	72
524	45
525	53
526	122
527	44
528	89
529	58
530	70
531	119
532	31
533	62
534	23
535	34
536	97
537	93
538	133
539	51
540	122
541	36
542	13
543	15
544	51
545	99
546	63
547	27
548	57
549	53
550	45
551	37
552	43
553	46
554	34
555	164
