0	0
1	0
2	0
3	0
4	0
5	0
6	0
7	0
8	0
9	0
10	0
11	0
12	0
13	3
14	0
15	0
16	0
17	1
18	0
19	2
20	1
21	0
22	2
23	2
24	0
25	0
26	2
27	1
28	3
29	2
30	3
31	3
32	4
33	2
34	7
35	1
36	3
37	4
38	6
39	10
40	4
41	7
42	7
43	6
44	10
45	4
46	5
47	9
48	6
49	8
50	7
51	8
52	7
53	6
54	9
55	7
56	7
57	6
58	17
59	9
60	8
61	10
62	9
63	12
64	10
65	8
66	12
67	13
68	20
69	13
70	23
71	21
72	16
73	7
74	9
75	13
76	26
77	26
78	36
79	23
80	24
81	21
82	35
83	36
84	28
85	42
86	35
87	50
88	56
89	44
90	49
91	34
92	66
93	45
94	70
95	70
96	61
97	64
98	109
99	73
100	65
101	74
102	89
103	89
104	63
105	93
106	104
107	83
108	91
109	115
110	150
111	173
112	141
113	160
114	167
115	189
116	189
117	152
118	164
119	171
120	178
121	221
122	240
123	185
124	221
125	213
126	221
127	188
128	162
129	238
130	247
131	284
132	298
133	208
134	230
135	272
136	336
137	325
138	303
139	362
140	392
141	340
142	421
143	381
144	327
145	368
146	332
147	265
148	231
149	343
150	340
151	337
152	277
153	355
154	422
155	341
156	355
157	549
158	349
159	396
160	431
161	379
162	365
163	324
164	325
165	360
166	480
167	437
168	401
169	405
170	514
171	535
172	604
173	519
174	569
175	485
176	548
177	509
178	452
179	418
180	476
181	510
182	593
183	560
184	656
185	601
186	420
187	670
188	592
189	548
190	433
191	547
192	628
193	683
194	656
195	633
196	553
197	536
198	634
199	518
200	644
201	562
202	524
203	527
204	545
205	676
206	626
207	493
208	455
209	624
210	625
211	604
212	554
213	566
214	727
215	649
216	671
217	747
218	590
219	493
220	604
221	754
222	555
223	456
224	558
225	636
226	633
227	643
228	567
229	615
230	653
231	503
232	554
233	722
234	504
235	506
236	497
237	490
238	422
239	370
240	300
241	480
242	556
243	644
244	573
245	454
246	578
247	588
248	529
249	486
250	512
251	791
252	655
253	871
254	774
255	700
256	650
257	600
258	684
259	771
260	635
261	459
262	775
263	598
264	738
265	731
266	454
267	554
268	618
269	632
270	527
271	721
272	723
273	593
274	581
275	408
276	382
277	397
278	618
279	497
280	604
281	643
282	593
283	546
284	772
285	379
286	467
287	574
288	429
289	621
290	438
291	351
292	385
293	447
294	404
295	502
296	476
297	531
298	506
299	485
300	329
301	491
302	428
303	546
304	510
305	531
306	525
307	535
308	522
309	558
310	526
311	451
312	452
313	442
314	413
315	480
316	459
317	476
318	460
319	464
320	533
321	374
322	407
323	424
324	272
325	495
326	578
327	490
328	492
329	442
330	455
331	450
332	460
333	500
334	497
335	453
336	451
337	321
338	514
339	459
340	402
341	412
342	379
343	585
344	417
345	390
346	237
347	404
348	485
349	382
350	495
351	301
352	386
353	358
354	314
355	251
356	425
357	397
358	321
359	379
360	308
361	285
362	345
363	295
364	385
365	430
366	225
367	275
368	212
369	356
370	380
371	430
372	286
373	338
374	328
375	209
376	358
377	281
378	334
379	360
380	290
381	191
382	279
383	265
384	263
385	312
386	232
387	272
388	281
389	238
390	196
391	285
392	260
393	310
394	244
395	262
396	247
397	244
398	211
399	240
400	241
401	437
402	340
403	259
404	211
405	310
406	292
407	315
408	391
409	163
410	295
411	299
412	323
413	277
414	234
415	211
416	193
417	334
418	140
419	301
420	205
421	184
422	231
423	211
424	172
425	182
426	178
427	248
428	170
429	186
430	183
431	182
432	181
433	209
434	188
435	145
436	223
437	200
438	180
439	195
440	174
441	173
442	123
443	139
444	163
445	173
446	267
447	246
448	147
449	126
450	123
451	191
452	161
453	128
454	145
455	148
456	65
457	134
458	191
459	156
460	173
461	111
462	141
463	79
464	105
465	109
466	87
467	116
468	116
469	207
470	130
471	112
472	68
473	69
474	124
475	104
476	162
477	82
478	141
479	102
480	110
481	91
482	85
483	81
484	68
485	145
486	130
487	112
488	151
489	82
490	91
491	57
492	115
493	55
494	62
495	82
496	85
497	59
498	33
499	88
500	65
501	146
502	77
503	95
504	64
505	74
506	91
507	144
508	94
509	82
510	80
511	56
512	84
513	109
514	116
515	59
516	66
517	70
518	54
519	110
520	80
521	75
522	76
523	111
524	56
525	63
526	64
527	41
528	50
529	52
530	42
531	52
532	46
533	37
534	85
535	92
536	61
537	70
538	83
539	58
540	85
541	63
542	82
543	68
544	156
545	103
546	39
547	52
