0	0
1	0
2	0
3	0
4	0
5	0
6	0
7	0
8	0
9	0
10	0
11	0
12	0
13	3
14	0
15	0
16	0
17	1
18	0
19	2
20	1
21	0
22	2
23	2
24	0
25	0
26	2
27	1
28	3
29	2
30	3
31	3
32	4
33	2
34	7
35	1
36	3
37	4
38	6
39	10
40	4
41	5
42	7
43	6
44	9
45	4
46	5
47	8
48	6
49	7
50	6
51	8
52	6
53	6
54	9
55	7
56	7
57	5
58	14
59	8
60	8
61	10
62	9
63	11
64	10
65	8
66	11
67	13
68	17
69	12
70	13
71	18
72	15
73	7
74	9
75	12
76	21
77	24
78	29
79	20
80	20
81	20
82	27
83	34
84	22
85	37
86	30
87	45
88	45
89	39
90	42
91	32
92	59
93	41
94	58
95	55
96	58
97	52
98	77
99	63
100	60
101	62
102	68
103	76
104	57
105	68
106	89
107	68
108	76
109	85
110	110
111	110
112	106
113	120
114	120
115	128
116	129
117	111
118	134
119	122
120	125
121	161
122	161
123	129
124	153
125	154
126	155
127	142
128	122
129	165
130	176
131	179
132	174
133	148
134	157
135	185
136	205
137	191
138	195
139	221
140	232
141	203
142	212
143	205
144	181
145	200
146	185
147	161
148	136
149	173
150	138
151	149
152	127
153	147
154	167
155	152
156	152
157	206
158	145
159	177
160	181
161	152
162	145
163	144
164	142
165	180
166	195
167	177
168	157
169	157
170	195
171	201
172	218
173	186
174	178
175	180
176	189
177	173
178	162
179	147
180	160
181	194
182	200
183	213
184	206
185	205
186	161
187	198
188	173
189	171
190	160
191	177
192	213
193	207
194	184
195	195
196	176
197	157
198	194
199	171
200	191
201	176
202	170
203	146
204	158
205	184
206	195
207	155
208	160
209	160
210	186
211	183
212	169
213	191
214	187
215	187
216	195
217	201
218	178
219	169
220	167
221	192
222	147
223	150
224	158
225	178
226	164
227	194
228	172
229	165
230	187
231	151
232	158
233	175
234	142
235	150
236	137
237	135
238	120
239	109
240	116
241	155
242	157
243	188
244	157
245	129
246	183
247	156
248	162
249	130
250	172
251	203
252	168
253	227
254	202
255	183
256	183
257	160
258	204
259	224
260	180
261	164
262	224
263	175
264	169
265	211
266	152
267	143
268	171
269	191
270	189
271	222
272	202
273	187
274	174
275	124
276	139
277	147
278	195
279	157
280	185
281	196
282	197
283	178
284	207
285	139
286	168
287	162
288	147
289	169
290	129
291	140
292	133
293	133
294	137
295	154
296	175
297	175
298	160
299	154
300	140
301	179
302	152
303	151
304	141
305	177
306	175
307	177
308	169
309	154
310	168
311	167
312	134
313	156
314	143
315	155
316	147
317	165
318	139
319	142
320	161
321	146
322	139
323	136
324	126
325	176
326	177
327	174
328	153
329	149
330	153
331	154
332	149
333	181
334	146
335	149
336	165
337	136
338	163
339	144
340	147
341	157
342	133
343	164
344	147
345	140
346	113
347	169
348	179
349	138
350	176
351	140
352	156
353	132
354	135
355	139
356	139
357	147
358	143
359	145
360	127
361	130
362	124
363	126
364	147
365	149
366	94
367	116
368	128
369	137
370	145
371	157
372	111
373	129
374	134
375	90
376	120
377	131
378	129
379	141
380	118
381	98
382	119
383	109
384	105
385	143
386	103
387	119
388	108
389	106
390	90
391	122
392	113
393	149
394	115
395	114
396	147
397	121
398	109
399	118
400	105
401	141
402	160
403	104
404	92
405	118
406	136
407	124
408	142
409	90
410	120
411	132
412	126
413	125
414	92
415	99
416	99
417	127
418	76
419	129
420	106
421	87
422	109
423	106
424	92
425	88
426	89
427	103
428	86
429	96
430	83
431	85
432	83
433	107
434	84
435	80
436	102
437	79
438	88
439	101
440	85
441	88
442	75
443	83
444	87
445	107
446	125
447	117
448	71
449	73
450	73
451	99
452	78
453	69
454	72
455	71
456	49
457	75
458	89
459	81
460	74
461	69
462	65
463	57
464	55
465	59
466	52
467	68
468	60
469	90
470	69
471	58
472	47
473	48
474	62
475	50
476	78
477	56
478	69
479	63
480	51
481	56
482	48
483	53
484	53
485	61
486	58
487	59
488	55
489	50
490	42
491	37
492	52
493	27
494	42
495	48
496	50
497	35
498	27
499	46
500	41
501	64
502	48
503	58
504	45
505	41
506	60
507	72
508	51
509	54
510	43
511	37
512	48
513	49
514	60
515	39
516	38
517	42
518	38
519	48
520	44
521	46
522	44
523	47
524	37
525	38
526	34
527	26
528	38
529	40
530	28
531	36
532	34
533	25
534	42
535	37
536	41
537	33
538	38
539	24
540	45
541	23
542	27
543	27
544	28
545	35
546	26
547	29
548	22
549	29
550	29
551	20
552	19
553	22
554	15
555	15
556	21
557	31
558	16
559	20
560	16
561	21
562	20
563	23
564	26
565	30
