0	0
1	0
2	0
3	0
4	0
5	0
6	0
7	0
8	0
9	0
10	0
11	0
12	0
13	1
14	0
15	0
16	1
17	2
18	0
19	0
20	1
21	3
22	1
23	1
24	2
25	6
26	4
27	10
28	5
29	7
30	8
31	5
32	5
33	8
34	8
35	12
36	9
37	8
38	14
39	19
40	13
41	13
42	10
43	28
44	14
45	15
46	28
47	72
48	19
49	21
50	53
51	36
52	27
53	25
54	22
55	31
56	31
57	34
58	34
59	36
60	37
61	61
62	40
63	31
64	33
65	56
66	43
67	61
68	54
69	80
70	62
71	41
72	54
73	75
74	65
75	95
76	58
77	95
78	77
79	83
80	88
81	92
82	95
83	128
84	107
85	125
86	116
87	116
88	153
89	135
90	123
91	125
92	110
93	209
94	202
95	141
96	149
97	157
98	155
99	180
100	307
101	162
102	155
103	167
104	187
105	174
106	194
107	178
108	190
109	282
110	249
111	214
112	178
113	230
114	239
115	252
116	233
117	251
118	282
119	225
120	235
121	241
122	207
123	272
124	280
125	230
126	258
127	526
128	403
129	292
130	295
131	260
132	270
133	309
134	287
135	372
136	316
137	287
138	290
139	326
140	342
141	278
142	301
143	264
144	331
145	267
146	256
147	321
148	267
149	299
150	291
151	257
152	285
153	309
154	261
155	304
156	263
157	285
158	315
159	313
160	283
161	285
162	291
163	305
164	342
165	420
166	352
167	392
168	303
169	442
170	365
171	330
172	402
173	346
174	430
175	403
176	359
177	389
178	367
179	369
180	372
181	319
182	393
183	386
184	313
185	338
186	321
187	416
188	287
189	326
190	350
191	385
192	366
193	314
194	324
195	318
196	223
197	301
198	283
199	288
200	320
201	374
202	273
203	342
204	288
205	218
206	248
207	263
208	352
209	283
210	228
211	258
212	297
213	350
214	268
215	309
216	287
217	281
218	306
219	271
220	259
221	265
222	245
223	242
224	271
225	230
226	221
227	317
228	301
229	199
230	206
231	264
232	272
233	204
234	284
235	253
236	213
237	256
238	256
239	255
240	220
241	232
242	217
243	245
244	230
245	260
246	273
247	252
248	312
249	260
250	285
251	250
252	249
253	293
254	316
255	232
256	285
257	348
258	263
259	306
260	245
261	291
262	307
263	276
264	330
265	333
266	332
267	292
268	300
269	288
270	302
271	253
272	279
273	295
274	287
275	270
276	258
277	289
278	311
279	228
280	362
281	280
282	247
283	281
284	259
285	308
286	279
287	273
288	293
289	262
290	317
291	352
292	236
293	255
294	315
295	219
296	288
297	273
298	297
299	272
300	313
301	333
302	291
303	324
304	249
305	313
306	293
307	302
308	316
309	213
310	254
311	258
312	233
313	257
314	315
315	271
316	182
317	258
318	210
319	206
320	243
321	212
322	247
323	231
324	266
325	225
326	208
327	258
328	238
329	259
330	214
331	258
332	204
333	205
334	241
335	233
336	213
337	241
338	184
339	226
340	243
341	228
342	245
343	259
344	236
345	268
346	217
347	249
348	235
349	229
350	295
351	250
352	239
353	213
354	246
355	228
356	240
357	229
358	258
359	268
360	262
361	234
362	239
363	229
364	221
365	228
366	180
367	237
368	198
369	166
370	199
371	189
372	215
373	209
374	227
375	223
376	191
377	217
378	215
379	203
380	218
381	226
382	197
383	190
384	204
385	215
386	180
387	212
388	178
389	215
390	170
391	178
392	214
393	211
394	201
395	201
396	238
397	200
398	280
399	216
400	175
401	176
402	209
403	217
404	230
405	207
406	217
407	218
408	251
409	198
410	208
411	226
412	188
413	192
414	163
415	160
416	199
417	194
418	168
419	202
420	225
421	213
422	214
423	212
424	198
425	191
426	143
427	178
428	190
429	165
430	141
431	185
432	162
433	126
434	166
435	166
436	184
437	144
438	119
439	167
440	182
441	166
442	143
443	166
444	193
445	158
446	130
447	162
448	198
449	101
450	121
451	141
452	131
453	141
454	151
455	111
456	131
457	152
458	144
459	118
460	129
461	117
462	103
463	141
464	105
465	135
466	126
467	101
468	160
469	124
470	112
471	88
472	103
473	78
474	110
475	113
476	118
477	90
478	129
479	87
480	81
481	110
482	90
483	142
484	108
485	138
486	89
487	96
488	196
489	136
490	73
491	72
492	82
493	89
494	96
495	131
496	101
497	120
498	107
499	75
500	89
501	73
502	101
503	119
504	162
505	108
506	99
507	219
508	147
509	128
510	115
511	103
512	106
513	131
514	108
515	125
516	98
517	117
518	104
519	106
520	116
521	131
522	109
523	113
524	146
525	109
526	108
527	74
528	84
529	88
530	132
531	99
532	107
533	107
534	127
535	100
536	97
537	98
538	85
539	121
540	154
541	70
542	93
543	89
544	106
545	98
546	69
547	61
548	81
549	79
550	60
551	72
552	82
553	58
554	81
555	83
556	84
557	73
558	73
559	109
560	99
561	50
562	80
563	69
564	61
565	50
566	46
567	69
568	80
569	30
570	41
571	53
