0	0
1	0
2	0
3	0
4	0
5	0
6	0
7	0
8	0
9	0
10	0
11	0
12	0
13	1
14	0
15	0
16	1
17	2
18	0
19	0
20	1
21	3
22	1
23	1
24	2
25	4
26	4
27	9
28	5
29	7
30	8
31	5
32	5
33	8
34	8
35	12
36	8
37	8
38	14
39	17
40	12
41	12
42	10
43	19
44	13
45	13
46	19
47	20
48	17
49	20
50	25
51	29
52	22
53	23
54	22
55	30
56	26
57	33
58	32
59	32
60	35
61	57
62	38
63	30
64	31
65	54
66	42
67	56
68	52
69	63
70	53
71	36
72	48
73	68
74	49
75	84
76	57
77	91
78	72
79	74
80	79
81	79
82	88
83	109
84	92
85	113
86	102
87	105
88	130
89	115
90	106
91	110
92	96
93	131
94	141
95	120
96	129
97	129
98	132
99	141
100	171
101	134
102	134
103	142
104	157
105	149
106	163
107	144
108	156
109	210
110	188
111	159
112	148
113	183
114	193
115	193
116	172
117	185
118	207
119	179
120	190
121	180
122	160
123	188
124	190
125	168
126	182
127	217
128	198
129	179
130	200
131	178
132	192
133	195
134	191
135	208
136	204
137	203
138	194
139	222
140	217
141	194
142	197
143	179
144	216
145	162
146	156
147	195
148	167
149	181
150	177
151	158
152	181
153	170
154	162
155	167
156	159
157	165
158	185
159	177
160	173
161	164
162	182
163	187
164	204
165	234
166	226
167	194
168	180
169	219
170	194
171	169
172	211
173	169
174	235
175	206
176	211
177	211
178	204
179	198
180	191
181	190
182	206
183	206
184	170
185	181
186	180
187	197
188	158
189	171
190	197
191	191
192	182
193	173
194	169
195	185
196	131
197	166
198	159
199	159
200	191
201	217
202	150
203	183
204	169
205	120
206	152
207	151
208	182
209	158
210	137
211	158
212	163
213	200
214	145
215	171
216	171
217	155
218	174
219	156
220	155
221	155
222	157
223	145
224	164
225	145
226	123
227	170
228	164
229	114
230	127
231	163
232	148
233	132
234	161
235	141
236	129
237	127
238	149
239	151
240	137
241	131
242	127
243	166
244	158
245	158
246	172
247	159
248	166
249	148
250	180
251	157
252	169
253	186
254	186
255	155
256	192
257	200
258	165
259	188
260	159
261	166
262	191
263	173
264	188
265	210
266	203
267	190
268	182
269	181
270	190
271	159
272	161
273	194
274	165
275	175
276	175
277	167
278	209
279	150
280	213
281	170
282	157
283	181
284	174
285	196
286	166
287	174
288	183
289	154
290	186
291	203
292	149
293	162
294	193
295	148
296	192
297	180
298	179
299	169
300	179
301	196
302	192
303	186
304	173
305	195
306	181
307	180
308	191
309	142
310	152
311	170
312	156
313	156
314	212
315	185
316	144
317	186
318	142
319	146
320	163
321	161
322	181
323	172
324	188
325	136
326	156
327	181
328	174
329	171
330	143
331	181
332	152
333	143
334	157
335	166
336	164
337	155
338	126
339	151
340	180
341	160
342	170
343	173
344	153
345	178
346	160
347	176
348	161
349	162
350	185
351	170
352	163
353	157
354	180
355	166
356	164
357	172
358	194
359	190
360	191
361	178
362	178
363	166
364	153
365	176
366	145
367	176
368	139
369	127
370	152
371	140
372	161
373	162
374	161
375	166
376	156
377	157
378	155
379	154
380	164
381	177
382	141
383	144
384	154
385	164
386	130
387	150
388	141
389	155
390	135
391	153
392	144
393	163
394	152
395	157
396	179
397	152
398	192
399	159
400	126
401	138
402	156
403	149
404	174
405	151
406	168
407	153
408	183
409	148
410	163
411	171
412	146
413	156
414	129
415	128
416	150
417	146
418	136
419	157
420	153
421	153
422	164
423	161
424	148
425	141
426	120
427	128
428	137
429	128
430	114
431	141
432	124
433	109
434	127
435	125
436	143
437	121
438	109
439	141
440	141
441	128
442	117
443	120
444	144
445	126
446	109
447	125
448	138
449	85
450	99
451	110
452	101
453	107
454	118
455	92
456	107
457	122
458	120
459	93
460	105
461	103
462	81
463	114
464	85
465	114
466	104
467	85
468	113
469	101
470	87
471	70
472	80
473	69
474	94
475	90
476	92
477	74
478	102
479	76
480	74
481	89
482	75
483	100
484	79
485	101
486	73
487	72
488	116
489	93
490	69
491	62
492	69
493	71
494	77
495	104
496	81
497	104
498	85
499	64
500	70
501	64
502	85
503	100
504	119
505	90
506	76
507	132
508	122
509	93
510	80
511	80
512	79
513	93
514	74
515	87
516	76
517	100
518	67
519	89
520	92
521	101
522	80
523	70
524	86
525	81
526	75
527	57
528	68
529	72
530	99
531	61
532	81
533	71
534	90
535	68
536	70
537	64
538	64
539	95
540	90
541	53
542	72
543	72
544	69
545	62
546	58
547	48
548	64
549	59
550	44
551	63
552	59
553	47
554	50
555	65
556	61
557	56
558	53
559	58
560	56
561	31
562	50
563	57
564	43
565	38
566	38
567	49
568	50
569	26
570	38
571	42
572	15
573	35
574	28
575	27
576	42
577	25
