0	0
1	0
2	0
3	0
4	0
5	0
6	0
7	0
8	0
9	0
10	0
11	0
12	0
13	3
14	12
15	21
16	38
17	38
18	29
19	25
20	19
21	30
22	22
23	28
24	28
25	45
26	39
27	77
28	101
29	130
30	165
31	223
32	255
33	296
34	360
35	411
36	460
37	562
38	629
39	706
40	810
41	905
42	993
43	1056
44	1207
45	1281
46	1503
47	1573
48	1742
49	1873
50	1946
51	2183
52	2264
53	2343
54	2442
55	2541
56	2650
57	2732
58	2727
59	2925
60	2920
61	3201
62	3122
63	3319
64	3397
65	3366
66	3583
67	3768
68	3841
69	4034
70	4061
71	4268
72	4265
73	4610
74	4540
75	4727
76	4898
77	4856
78	5146
79	5198
80	5501
81	5432
82	5505
83	5825
84	5877
85	6204
86	6228
87	6304
88	6518
89	6629
90	7671
91	7493
92	7097
93	7237
94	7239
95	7370
96	7657
97	7644
98	7826
99	7971
100	8152
101	8517
102	8515
103	8525
104	8921
105	8862
106	8970
107	9110
108	9128
109	9247
110	9599
111	9230
112	9473
113	9648
114	9654
115	9868
116	9905
117	9858
118	10164
119	10060
120	10288
121	10426
122	10241
123	10359
124	10561
125	10462
126	10593
127	10759
128	10665
129	10852
130	10569
131	10624
132	10326
133	10789
134	10956
135	10762
136	10940
137	10801
138	10607
139	10583
140	10827
141	10779
142	10735
143	10772
144	10519
145	9949
146	9968
147	11222
148	11845
149	11771
150	11966
151	11865
152	11870
153	11532
154	11582
155	11757
156	11523
157	11728
158	11424
159	11704
160	11523
161	11376
162	11474
163	11492
164	11337
165	11520
166	11301
167	11261
168	11034
169	10988
170	11031
171	10828
172	11059
173	11066
174	10634
175	10665
176	10601
177	10495
178	10341
179	10275
180	10142
181	10075
182	10585
183	10291
184	10226
185	9996
186	9946
187	10068
188	9930
189	9732
190	9810
191	9770
192	9731
193	9733
194	9484
195	9641
196	9310
197	9371
198	9347
199	9062
200	9240
201	9285
202	9083
203	9025
204	8954
205	8880
206	8777
207	8571
208	8550
209	8569
210	8333
211	8468
212	8357
213	8112
214	8237
215	8156
216	7970
217	7921
218	8143
219	7939
220	8003
221	7786
222	7875
223	7741
224	7749
225	7651
226	7696
227	7460
228	7216
229	7217
230	7599
231	7065
232	7012
233	7367
234	7220
235	7010
236	6992
237	7068
238	6998
239	7109
240	6960
241	7023
242	6747
243	6764
244	6604
245	6544
246	6679
247	6767
248	6535
249	6248
250	6297
251	6365
252	6290
253	6207
254	6419
255	6141
256	6206
257	6229
258	6038
259	6085
260	6018
261	5992
262	6043
263	5832
264	5880
265	5974
266	5873
267	5624
268	5664
269	5758
270	5427
271	5656
272	5667
273	5637
274	5308
275	5371
276	5335
277	5180
278	5187
279	5125
280	5058
281	4984
282	5006
283	4956
284	4919
285	4942
286	4992
287	4885
288	4868
289	4765
290	4812
291	4740
292	4694
293	4693
294	4738
295	4523
296	4563
297	4526
298	4458
299	4392
300	4408
301	4435
302	4306
303	4254
304	4280
305	4279
306	4261
307	4359
308	4209
309	4067
310	4003
311	4055
312	4142
313	4105
314	3944
315	4031
316	3792
317	3816
318	3781
319	3815
320	3896
321	3846
322	3643
323	3618
324	3709
325	3543
326	3519
327	3576
328	3607
329	3462
330	3460
331	3373
332	3379
333	3340
334	3395
335	3399
336	3334
337	3205
338	3272
339	3370
340	3360
341	3211
342	3343
343	3233
344	3312
345	3294
346	3150
347	3190
348	3266
349	3175
350	3193
351	3022
352	3026
353	3069
354	2970
355	2973
356	2905
357	2850
358	2835
359	2912
360	2957
361	2786
362	2851
363	2828
364	2817
365	2841
366	2776
367	2647
368	2785
369	2765
370	2797
371	2801
372	2622
373	2655
374	2751
375	2571
376	2655
377	2670
378	2500
379	2552
380	2530
381	2496
382	2627
383	2472
384	2629
385	2553
386	2408
387	2489
388	2436
389	2287
390	2281
391	2336
392	2320
393	2210
394	2323
395	2201
396	2358
397	2207
398	2166
399	2297
400	2111
401	2226
402	2150
403	2009
404	2188
405	2056
406	2115
407	2025
408	2069
409	2006
410	2020
411	2041
412	1957
413	1993
414	2013
415	1903
416	1947
417	1958
418	1975
419	1897
420	1941
421	1877
422	1871
423	1876
424	1736
425	1720
426	1750
427	1730
428	1840
429	1813
430	1822
431	1840
432	1781
433	1760
434	1807
435	1740
436	1672
437	1614
438	1632
439	1697
440	1682
441	1618
442	1608
443	1639
444	1571
445	1593
446	1632
447	1536
448	1609
449	1572
450	1580
451	1578
452	1403
453	1474
454	1502
455	1472
456	1470
457	1543
458	1527
459	1468
460	1435
461	1513
462	1473
463	1452
464	1466
465	1425
466	1366
467	1404
468	1371
469	1426
470	1463
471	1351
472	1262
473	1311
474	1287
475	1304
476	1386
477	1278
478	1296
479	1312
480	1204
481	1237
482	1343
483	1266
484	1249
485	1274
486	1268
487	1212
488	1214
489	1296
490	1292
491	1252
492	1251
493	1241
494	1249
495	1298
496	1249
497	1199
498	1216
499	1230
500	1270
501	1251
502	1217
503	1277
504	1162
505	1253
506	1153
507	1185
508	1158
509	1149
510	1128
511	1155
512	1261
513	1165
514	1063
515	1118
516	1143
517	1092
518	1103
519	1160
520	1133
521	1181
522	1280
523	1146
524	1055
525	1106
526	1145
527	1120
528	1150
529	1087
530	1190
531	1143
532	1078
533	1094
534	1100
535	1097
536	1080
537	1078
538	975
539	1077
540	1181
541	1087
542	1034
543	1094
544	983
545	1033
546	1082
547	1048
548	1042
549	997
550	1001
551	986
552	944
553	965
554	1017
555	1036
556	993
557	990
558	1009
559	990
560	1009
561	1008
562	948
563	1003
564	871
565	942
566	971
567	930
568	1013
569	980
570	1016
571	942
572	878
573	898
574	886
575	834
576	865
577	942
578	959
579	955
580	904
581	961
582	907
583	948
584	903
585	853
586	856
587	874
588	923
589	959
590	946
591	919
592	914
593	881
594	910
595	820
596	880
597	898
598	828
599	851
600	908
601	847
602	798
603	832
604	830
605	797
606	862
607	856
608	845
609	836
610	875
611	815
612	804
613	830
614	836
615	775
616	852
617	785
618	795
619	727
620	824
621	761
622	826
623	823
624	802
625	849
626	850
627	887
628	798
629	829
630	758
631	822
632	821
633	762
634	767
635	708
636	773
637	726
638	810
639	804
640	806
641	761
642	760
643	772
644	756
645	746
646	828
647	803
648	737
649	760
650	707
651	730
652	765
653	783
654	781
655	714
656	732
657	746
658	731
659	698
660	765
661	768
662	743
663	651
664	743
665	693
666	726
667	682
668	726
669	715
670	747
671	691
672	692
673	692
674	736
675	740
676	716
677	795
678	745
679	743
680	721
681	665
682	702
683	756
684	724
685	700
686	745
687	715
688	787
689	668
690	715
691	660
692	672
693	734
694	779
695	728
696	721
697	674
698	803
699	692
700	721
701	722
702	724
703	703
704	684
705	691
706	709
707	605
708	704
709	707
710	681
711	725
712	705
713	701
714	676
715	692
716	661
717	689
718	698
719	728
720	698
721	756
722	697
723	685
724	681
725	710
726	665
727	709
728	590
729	618
730	669
731	679
732	654
733	710
734	663
735	655
736	624
737	613
738	670
739	688
740	658
741	663
742	649
743	689
744	627
745	669
746	646
747	724
748	645
749	672
750	619
751	632
752	626
753	607
754	652
755	601
756	638
757	637
758	660
759	645
760	632
761	565
762	578
763	587
764	553
765	630
766	583
767	570
768	592
769	589
770	612
771	605
772	613
773	613
774	612
775	632
776	588
777	585
778	634
779	566
780	609
781	564
782	576
783	588
784	633
785	584
786	643
787	563
788	628
789	584
790	591
791	605
792	575
793	598
794	623
795	609
796	574
797	602
798	562
799	543
800	609
801	579
802	547
803	562
804	553
805	508
806	556
807	561
808	552
809	612
810	558
811	571
812	522
813	551
814	573
815	591
816	522
817	559
818	562
819	555
820	551
821	569
822	558
823	591
824	549
825	530
826	555
827	526
828	585
829	550
830	530
831	516
832	575
833	581
834	560
835	518
836	521
837	540
838	571
839	530
840	573
841	521
842	518
843	568
844	466
845	531
846	545
847	566
848	511
849	573
850	524
851	589
852	587
853	565
854	578
855	520
856	549
857	559
858	529
859	561
860	580
861	496
862	523
863	524
864	538
865	559
866	486
867	561
868	531
869	544
870	619
871	533
872	563
873	545
874	546
875	562
876	520
877	544
878	501
879	532
880	542
881	537
882	539
883	505
884	584
885	495
886	496
887	468
888	521
889	521
890	480
891	511
892	547
893	526
894	575
895	558
896	506
897	498
898	545
899	513
900	541
901	522
902	508
903	485
904	468
905	516
906	499
907	514
908	474
909	467
910	449
911	483
912	446
913	494
914	456
915	471
916	477
917	493
918	476
919	494
920	511
921	458
922	441
923	467
924	473
925	512
926	474
927	467
928	465
929	508
930	472
931	464
932	431
933	468
934	498
935	499
936	521
937	507
938	489
939	508
940	491
941	475
942	489
943	440
944	525
945	468
946	507
947	468
948	450
949	482
950	489
951	514
952	479
953	501
954	488
955	463
956	509
957	482
958	514
959	463
960	500
961	475
962	482
963	502
964	540
965	481
966	477
967	502
968	511
969	507
970	505
971	506
972	455
973	490
974	449
975	485
976	438
977	515
978	493
979	509
980	462
981	470
982	446
983	498
984	431
985	505
986	518
987	481
988	460
989	484
990	468
991	467
992	484
993	471
994	483
995	508
996	493
997	488
998	500
999	453
1000	453
1001	508
1002	439
1003	450
1004	501
1005	453
1006	461
1007	492
1008	441
1009	495
1010	468
1011	455
1012	450
1013	502
1014	446
1015	438
1016	514
1017	425
1018	472
1019	466
1020	454
1021	446
1022	538
1023	446
1024	463
1025	506
1026	454
1027	487
1028	462
1029	461
1030	450
1031	446
1032	470
1033	502
1034	424
1035	445
1036	470
1037	440
1038	440
1039	434
1040	421
1041	490
1042	439
1043	463
1044	409
1045	442
1046	444
1047	431
1048	430
1049	473
1050	461
1051	476
1052	436
1053	486
1054	491
1055	433
1056	416
1057	456
1058	424
1059	483
1060	413
1061	488
1062	469
1063	448
1064	507
1065	429
1066	446
1067	467
1068	464
1069	448
1070	465
1071	435
1072	397
1073	440
1074	477
1075	395
1076	415
1077	437
1078	418
1079	408
1080	415
1081	440
1082	411
1083	362
1084	423
1085	461
1086	431
1087	421
1088	404
1089	445
1090	477
1091	388
1092	391
1093	448
1094	433
1095	437
1096	472
1097	457
1098	441
1099	428
1100	456
1101	444
1102	437
1103	435
1104	449
1105	441
1106	461
1107	424
1108	439
1109	479
1110	465
1111	464
1112	435
1113	450
1114	474
1115	436
1116	472
1117	476
1118	448
1119	467
1120	471
1121	478
1122	414
1123	466
1124	438
1125	483
1126	487
1127	488
1128	432
1129	473
1130	415
1131	441
1132	518
1133	456
1134	422
1135	503
1136	459
1137	462
1138	437
1139	431
1140	446
1141	402
1142	457
1143	452
1144	466
1145	414
1146	471
1147	412
1148	458
1149	483
1150	431
1151	443
1152	456
1153	465
1154	482
1155	463
1156	433
1157	471
1158	452
1159	465
1160	513
1161	475
1162	491
1163	406
1164	467
1165	446
1166	449
1167	449
1168	448
1169	470
1170	487
1171	453
1172	427
1173	421
1174	425
1175	466
1176	457
1177	423
1178	468
1179	473
1180	472
1181	426
1182	432
1183	448
1184	447
1185	450
1186	447
1187	459
1188	406
1189	390
1190	426
1191	441
1192	457
1193	488
1194	423
1195	468
1196	429
1197	448
1198	442
1199	418
1200	449
1201	449
1202	407
1203	483
1204	494
1205	404
1206	451
1207	436
1208	432
1209	435
1210	447
1211	435
1212	438
1213	452
1214	461
1215	403
1216	394
1217	428
1218	453
1219	413
1220	423
1221	425
1222	436
1223	396
1224	379
1225	446
1226	412
1227	443
1228	444
1229	383
1230	382
1231	463
1232	435
1233	417
1234	454
1235	410
1236	419
1237	381
1238	422
1239	395
1240	368
1241	396
1242	407
1243	381
1244	418
1245	395
1246	375
1247	392
1248	384
1249	419
1250	413
1251	385
1252	422
1253	407
1254	417
1255	402
1256	381
1257	366
1258	378
1259	390
1260	433
1261	381
1262	406
1263	401
1264	379
1265	369
1266	369
1267	366
1268	415
1269	391
1270	423
1271	386
1272	373
1273	371
1274	368
1275	397
1276	394
1277	403
1278	421
1279	352
1280	451
1281	356
1282	378
1283	359
1284	395
1285	414
1286	388
1287	361
1288	426
1289	404
1290	376
1291	386
1292	398
1293	397
1294	391
1295	397
1296	379
1297	378
1298	425
1299	416
1300	378
1301	394
1302	420
1303	427
1304	367
1305	348
1306	424
1307	394
1308	412
1309	402
1310	415
1311	424
1312	326
1313	371
1314	373
1315	382
1316	403
1317	383
1318	383
1319	399
1320	355
1321	406
1322	356
1323	382
1324	380
1325	331
1326	353
1327	347
1328	380
1329	385
1330	370
1331	410
1332	379
1333	403
1334	379
1335	364
1336	329
1337	363
1338	383
1339	382
1340	346
1341	343
1342	370
1343	384
1344	325
1345	403
1346	343
1347	355
1348	330
1349	343
1350	366
1351	374
1352	336
1353	413
1354	409
1355	375
1356	371
1357	336
1358	320
1359	327
1360	340
1361	340
1362	422
1363	380
1364	337
1365	331
1366	389
1367	350
1368	391
1369	390
1370	349
1371	344
1372	392
1373	350
1374	351
1375	388
1376	346
1377	377
1378	393
1379	346
1380	366
1381	337
1382	364
1383	352
1384	364
1385	363
1386	348
1387	389
1388	393
1389	390
1390	348
1391	392
1392	396
1393	371
1394	361
1395	390
1396	365
1397	402
1398	404
1399	344
1400	379
1401	373
1402	434
1403	399
1404	385
1405	339
1406	422
1407	376
1408	384
1409	360
1410	346
1411	392
1412	354
1413	354
1414	353
1415	352
1416	373
1417	353
1418	351
1419	372
1420	392
1421	350
1422	349
1423	296
1424	322
1425	364
1426	299
1427	303
1428	326
1429	348
1430	352
1431	355
1432	337
1433	309
1434	329
1435	311
1436	336
1437	296
1438	325
1439	345
1440	357
1441	324
1442	341
1443	334
1444	333
1445	313
1446	376
1447	325
1448	306
1449	356
1450	333
1451	321
1452	338
1453	350
1454	326
1455	302
1456	331
1457	330
1458	336
1459	332
1460	334
1461	401
1462	323
1463	367
1464	296
1465	321
1466	335
1467	334
1468	362
1469	328
1470	302
1471	306
1472	317
1473	363
1474	323
1475	346
1476	346
1477	349
1478	306
1479	334
1480	342
1481	330
1482	333
1483	298
1484	332
1485	306
1486	306
1487	306
1488	339
1489	318
1490	316
1491	316
1492	331
1493	338
1494	377
1495	335
1496	367
1497	336
1498	379
1499	368
1500	361
1501	321
1502	332
1503	321
1504	324
1505	361
1506	301
1507	360
1508	310
1509	319
1510	298
1511	349
1512	350
1513	382
1514	422
1515	318
1516	344
1517	353
1518	354
1519	332
1520	359
1521	342
1522	356
1523	334
1524	336
1525	359
1526	343
1527	339
1528	371
1529	366
1530	349
1531	357
1532	310
1533	382
1534	341
1535	333
1536	349
1537	323
1538	374
1539	318
1540	406
1541	348
1542	345
1543	335
1544	307
1545	332
1546	354
1547	327
1548	327
1549	341
1550	332
1551	333
1552	370
1553	342
1554	389
1555	352
1556	371
1557	349
1558	354
1559	335
1560	390
1561	333
1562	363
1563	393
1564	363
1565	309
1566	397
1567	339
1568	343
1569	379
1570	328
1571	324
1572	385
1573	365
1574	364
1575	365
1576	380
1577	440
1578	370
1579	347
1580	362
1581	363
1582	314
1583	341
1584	346
1585	375
1586	350
1587	382
1588	333
1589	356
1590	340
1591	339
1592	373
1593	339
1594	315
1595	337
1596	318
1597	326
1598	312
1599	327
1600	363
1601	346
1602	363
1603	345
1604	342
1605	344
1606	323
1607	302
1608	299
1609	290
1610	332
1611	325
1612	346
1613	324
1614	282
1615	322
1616	360
1617	307
1618	322
1619	301
1620	288
1621	292
1622	314
1623	303
1624	341
1625	298
1626	313
1627	326
1628	325
1629	326
1630	340
1631	320
1632	326
1633	294
1634	310
1635	298
1636	311
1637	302
1638	370
1639	298
1640	340
1641	362
1642	285
1643	326
1644	315
1645	350
1646	314
1647	311
1648	285
1649	320
1650	256
1651	323
1652	316
1653	297
1654	319
1655	270
1656	305
1657	346
1658	321
1659	287
1660	286
1661	317
1662	331
1663	327
1664	264
1665	300
1666	305
1667	292
1668	299
1669	298
1670	299
1671	314
1672	331
1673	329
1674	348
1675	310
1676	345
1677	321
1678	309
1679	344
1680	309
1681	337
1682	353
1683	353
1684	306
1685	346
1686	300
1687	336
1688	312
1689	329
1690	337
1691	361
1692	360
1693	300
1694	321
1695	318
1696	334
1697	313
1698	311
1699	345
1700	310
1701	339
1702	334
1703	322
1704	336
1705	364
1706	312
1707	356
1708	287
1709	338
1710	350
1711	337
1712	319
1713	325
1714	322
1715	344
1716	307
1717	334
1718	339
1719	307
1720	309
1721	360
1722	335
1723	314
1724	313
1725	315
1726	323
1727	331
1728	340
1729	338
1730	344
1731	351
1732	316
1733	356
1734	323
1735	344
1736	342
1737	389
1738	345
1739	337
1740	319
1741	303
1742	370
1743	324
1744	342
1745	351
1746	326
1747	309
1748	332
1749	338
1750	344
1751	324
1752	341
1753	284
1754	296
1755	316
1756	298
1757	329
1758	296
1759	323
1760	315
1761	342
1762	300
1763	334
1764	286
1765	293
1766	294
1767	302
1768	312
1769	274
1770	259
1771	346
1772	285
1773	353
1774	279
1775	308
1776	295
1777	266
1778	283
1779	274
1780	285
1781	279
1782	257
1783	273
1784	289
1785	260
1786	321
1787	294
1788	316
1789	284
1790	292
1791	258
1792	292
1793	297
1794	312
1795	304
1796	329
1797	279
1798	321
1799	281
1800	307
1801	287
1802	357
1803	280
1804	279
1805	286
1806	305
1807	289
1808	290
1809	311
1810	261
1811	279
1812	292
1813	292
1814	296
1815	307
1816	295
1817	279
1818	268
1819	271
1820	328
1821	280
1822	320
1823	278
1824	277
1825	287
1826	271
1827	297
1828	335
1829	311
1830	295
1831	337
1832	280
1833	301
1834	294
1835	295
1836	314
1837	272
1838	291
1839	256
1840	262
1841	252
1842	299
1843	277
1844	288
1845	266
1846	285
1847	294
1848	271
1849	278
1850	294
1851	284
1852	270
1853	242
1854	241
1855	239
1856	299
1857	264
1858	264
1859	275
1860	246
1861	291
1862	280
1863	249
1864	248
1865	260
1866	266
1867	279
1868	270
1869	280
1870	284
1871	258
1872	272
1873	271
1874	303
1875	291
1876	296
1877	259
1878	240
1879	291
1880	270
1881	311
1882	266
1883	284
1884	312
1885	309
1886	278
1887	241
1888	270
1889	256
1890	321
1891	264
1892	280
1893	268
1894	250
1895	272
1896	271
1897	271
1898	240
1899	295
1900	302
1901	276
1902	296
1903	292
1904	297
1905	266
1906	294
1907	282
1908	234
1909	275
1910	265
1911	233
1912	253
1913	215
1914	244
1915	269
1916	269
1917	240
1918	284
1919	272
1920	292
1921	286
1922	277
1923	285
1924	280
1925	275
1926	276
1927	257
1928	252
1929	271
1930	263
1931	295
1932	264
1933	293
1934	281
1935	234
1936	262
1937	246
1938	266
1939	257
1940	248
1941	274
1942	261
1943	292
1944	258
1945	282
1946	262
1947	251
1948	283
1949	250
1950	257
1951	277
1952	304
1953	231
1954	215
1955	290
1956	279
1957	258
1958	265
1959	239
1960	241
1961	297
1962	232
1963	256
1964	237
1965	271
1966	282
1967	281
1968	264
1969	283
1970	282
1971	302
1972	266
1973	256
1974	269
1975	294
1976	248
1977	267
1978	271
1979	318
1980	296
1981	255
1982	276
1983	268
1984	298
1985	278
1986	302
1987	283
1988	264
1989	286
1990	281
1991	305
1992	269
1993	302
1994	287
1995	287
1996	288
1997	262
1998	306
1999	282
2000	278
2001	305
2002	285
2003	269
2004	296
2005	260
2006	291
2007	297
2008	293
2009	289
2010	281
2011	280
2012	290
2013	287
2014	303
2015	299
2016	297
2017	314
2018	290
2019	338
2020	300
2021	259
2022	279
2023	277
2024	298
2025	323
2026	279
2027	306
2028	285
2029	302
2030	285
2031	307
2032	294
2033	276
2034	304
2035	321
2036	260
2037	283
2038	301
2039	298
2040	320
2041	356
2042	319
2043	310
2044	298
2045	322
2046	279
2047	327
2048	318
2049	283
2050	283
2051	285
2052	320
2053	296
2054	278
2055	323
2056	263
2057	288
2058	282
2059	273
2060	285
2061	262
2062	250
2063	273
2064	244
2065	310
2066	281
2067	267
2068	259
2069	265
2070	274
2071	273
2072	328
2073	255
2074	293
2075	309
2076	288
2077	274
2078	289
2079	276
2080	295
2081	308
2082	286
2083	258
2084	253
2085	274
2086	264
2087	253
2088	267
2089	273
2090	270
2091	246
2092	246
2093	279
2094	228
2095	254
2096	255
2097	304
2098	293
2099	307
2100	277
2101	272
2102	307
2103	300
2104	240
2105	252
2106	285
2107	233
2108	246
2109	278
2110	291
2111	250
2112	278
2113	226
2114	256
2115	231
2116	261
2117	269
2118	265
2119	252
2120	292
2121	264
2122	253
2123	263
2124	228
2125	220
2126	256
2127	219
2128	273
2129	249
2130	273
2131	265
2132	273
2133	257
2134	235
2135	246
2136	270
2137	263
2138	261
2139	244
2140	254
2141	243
2142	249
2143	282
2144	251
2145	272
2146	260
2147	249
2148	254
2149	314
2150	261
2151	234
2152	304
2153	252
2154	246
2155	282
2156	257
2157	247
2158	248
2159	261
2160	246
2161	226
2162	237
2163	245
2164	213
2165	231
2166	261
2167	213
2168	228
2169	259
2170	211
2171	253
2172	240
2173	252
2174	269
2175	295
2176	255
2177	195
2178	233
2179	233
2180	216
2181	239
2182	236
2183	215
2184	214
2185	207
2186	240
2187	249
2188	228
2189	220
2190	233
2191	259
2192	250
2193	287
2194	236
2195	299
2196	227
2197	263
2198	278
2199	254
2200	207
2201	252
2202	215
2203	260
2204	238
2205	244
2206	207
2207	231
2208	221
2209	282
2210	237
2211	277
2212	300
2213	272
2214	273
2215	247
2216	239
2217	258
2218	294
2219	261
2220	273
2221	259
2222	281
2223	283
2224	344
2225	284
2226	277
2227	264
2228	274
2229	288
2230	277
2231	263
2232	252
2233	270
2234	297
2235	253
2236	270
2237	267
2238	285
2239	285
2240	273
2241	297
2242	289
2243	265
2244	265
2245	243
2246	274
2247	267
2248	253
2249	261
2250	242
2251	247
2252	260
2253	257
2254	276
2255	260
2256	260
2257	294
2258	295
2259	254
2260	298
2261	286
2262	334
2263	300
2264	278
2265	291
2266	270
2267	328
2268	275
2269	279
2270	287
2271	317
2272	266
2273	319
2274	268
2275	313
2276	305
2277	253
2278	313
2279	301
2280	289
2281	283
2282	283
2283	298
2284	286
2285	262
2286	268
2287	266
2288	308
2289	304
2290	276
2291	312
2292	283
2293	301
2294	259
2295	305
2296	303
2297	288
2298	236
2299	286
2300	275
2301	274
2302	332
2303	265
2304	281
2305	267
2306	278
2307	292
2308	279
2309	272
2310	270
2311	281
2312	291
2313	281
2314	278
2315	299
2316	310
2317	260
2318	259
2319	262
2320	264
2321	266
2322	230
2323	267
2324	283
2325	287
2326	289
2327	284
2328	267
2329	266
2330	224
2331	261
2332	252
2333	266
2334	267
2335	237
2336	260
2337	262
2338	265
2339	260
2340	256
2341	231
2342	263
2343	280
2344	230
2345	230
2346	264
2347	281
2348	258
2349	223
2350	244
2351	262
2352	273
2353	231
2354	234
2355	207
2356	239
2357	228
2358	247
2359	243
2360	259
2361	226
2362	252
2363	207
2364	234
2365	229
2366	189
2367	206
2368	212
2369	261
2370	250
2371	238
2372	244
2373	212
2374	229
2375	250
2376	247
2377	235
2378	218
2379	229
2380	232
2381	232
2382	214
2383	257
2384	248
2385	275
2386	271
2387	256
2388	248
2389	247
2390	262
2391	243
2392	267
2393	252
2394	272
2395	252
2396	242
2397	242
2398	258
2399	228
2400	232
2401	253
2402	245
2403	255
2404	214
2405	213
2406	212
2407	283
2408	249
2409	252
2410	245
2411	230
2412	265
2413	246
2414	252
2415	241
2416	222
2417	257
2418	268
2419	253
2420	228
2421	252
2422	263
2423	233
2424	263
2425	239
2426	256
2427	268
2428	263
2429	239
2430	224
2431	257
2432	219
2433	250
2434	257
2435	254
2436	248
2437	246
2438	282
2439	234
2440	269
2441	251
2442	280
2443	252
2444	252
2445	266
2446	252
2447	230
2448	272
2449	264
2450	243
2451	251
2452	255
2453	229
2454	231
2455	229
2456	276
2457	262
2458	255
2459	241
2460	264
2461	293
2462	245
2463	281
2464	244
2465	273
2466	264
2467	287
2468	229
2469	277
2470	226
2471	231
2472	230
2473	251
2474	209
2475	175
2476	226
2477	251
2478	249
2479	199
2480	239
2481	206
2482	213
2483	267
2484	211
2485	288
2486	249
2487	231
2488	248
2489	242
2490	206
2491	261
2492	251
2493	234
2494	240
2495	269
2496	245
2497	231
2498	219
2499	243
2500	236
2501	209
2502	241
2503	250
2504	226
2505	235
2506	209
2507	250
2508	184
2509	247
2510	231
2511	209
2512	230
2513	236
2514	227
2515	241
2516	239
2517	234
2518	226
2519	202
2520	226
2521	238
2522	243
2523	228
2524	265
2525	231
2526	245
2527	204
2528	168
2529	244
2530	207
2531	227
2532	221
2533	265
2534	244
2535	210
2536	268
2537	275
2538	223
2539	253
2540	214
2541	234
2542	243
2543	230
2544	248
2545	238
2546	205
2547	229
2548	195
2549	205
2550	205
2551	210
2552	184
2553	190
2554	211
2555	202
2556	229
2557	214
2558	213
2559	210
2560	186
2561	187
2562	231
2563	193
2564	174
2565	194
2566	221
2567	213
2568	214
2569	239
2570	195
2571	194
2572	208
2573	193
2574	238
2575	183
2576	226
2577	208
2578	178
2579	218
2580	271
2581	225
2582	245
2583	161
2584	230
2585	219
2586	211
2587	219
2588	247
2589	242
2590	207
2591	233
2592	217
2593	220
2594	220
2595	210
2596	215
2597	230
2598	195
2599	203
2600	230
2601	214
2602	209
2603	213
2604	202
2605	180
2606	212
2607	217
2608	200
2609	212
2610	216
2611	233
2612	206
2613	237
2614	198
2615	184
2616	199
2617	223
2618	232
2619	209
2620	192
2621	191
2622	208
2623	210
2624	235
2625	216
2626	234
2627	216
2628	196
2629	222
2630	167
2631	203
2632	206
2633	190
2634	192
2635	211
2636	226
2637	211
2638	192
2639	192
2640	231
2641	234
2642	209
2643	242
2644	230
2645	220
2646	202
2647	239
2648	200
2649	199
2650	209
2651	197
2652	201
2653	197
2654	243
2655	233
2656	234
2657	228
2658	253
2659	220
2660	198
2661	219
2662	211
2663	217
2664	230
2665	192
2666	217
2667	217
2668	219
2669	224
2670	219
2671	193
2672	199
2673	209
2674	204
2675	218
2676	231
2677	203
2678	240
2679	212
2680	226
2681	216
2682	229
2683	202
2684	253
2685	221
2686	193
2687	242
2688	249
2689	217
2690	194
2691	231
2692	227
2693	247
2694	246
2695	253
2696	223
2697	215
2698	225
2699	202
2700	232
2701	224
2702	205
2703	239
2704	220
2705	241
2706	207
2707	205
2708	226
2709	201
2710	256
2711	226
2712	213
2713	221
2714	198
2715	179
2716	193
2717	209
2718	226
2719	193
2720	200
2721	193
2722	186
2723	221
2724	203
2725	233
2726	212
2727	226
2728	235
2729	179
2730	221
2731	208
2732	217
2733	182
2734	218
2735	193
2736	211
2737	214
2738	203
2739	214
2740	200
2741	220
2742	212
2743	190
2744	184
2745	211
2746	203
2747	178
2748	177
2749	219
2750	214
2751	240
2752	201
2753	230
2754	222
2755	211
2756	215
2757	176
2758	191
2759	195
2760	209
2761	210
2762	185
2763	205
2764	236
2765	213
2766	219
2767	218
2768	244
2769	198
2770	220
2771	206
2772	220
2773	197
2774	205
2775	217
2776	192
2777	182
2778	216
2779	222
2780	197
2781	168
2782	204
2783	187
2784	179
2785	209
2786	153
2787	204
2788	206
2789	180
2790	190
2791	188
2792	180
2793	166
2794	231
2795	201
2796	188
2797	213
2798	224
2799	206
2800	181
2801	167
2802	199
2803	198
2804	201
2805	221
2806	169
2807	176
2808	182
2809	178
2810	179
2811	207
2812	175
2813	200
2814	177
2815	181
2816	202
2817	200
2818	186
2819	184
2820	189
2821	183
2822	167
2823	182
2824	178
2825	201
2826	209
2827	159
2828	150
2829	189
2830	197
2831	212
2832	212
2833	168
2834	186
2835	156
2836	213
2837	206
2838	201
2839	202
2840	195
2841	190
2842	192
2843	187
2844	184
2845	201
2846	172
2847	178
2848	149
2849	161
2850	197
2851	179
2852	203
2853	189
2854	163
2855	181
2856	213
2857	174
2858	163
2859	185
2860	164
2861	197
2862	175
2863	171
2864	193
2865	179
2866	158
2867	196
2868	168
2869	183
2870	178
2871	169
2872	184
2873	173
2874	159
2875	170
2876	182
2877	151
2878	130
2879	165
2880	162
2881	173
2882	163
2883	179
2884	210
2885	218
2886	181
2887	188
2888	180
2889	195
2890	162
2891	181
2892	190
2893	177
2894	198
2895	162
2896	144
2897	188
2898	156
2899	179
2900	203
2901	177
2902	182
2903	167
2904	176
2905	170
2906	163
2907	177
2908	171
2909	180
2910	180
2911	159
2912	152
2913	197
2914	188
2915	169
2916	134
2917	163
2918	167
2919	155
2920	149
2921	143
2922	147
2923	176
2924	158
2925	153
2926	170
2927	164
2928	173
2929	159
2930	175
2931	174
2932	147
2933	165
2934	159
2935	176
2936	160
2937	198
2938	140
2939	163
2940	161
2941	184
2942	187
2943	152
2944	209
2945	170
2946	148
2947	216
2948	157
2949	164
2950	164
2951	151
2952	162
2953	146
2954	173
2955	159
2956	173
2957	197
2958	192
2959	197
2960	174
2961	183
2962	171
2963	142
2964	148
2965	176
2966	154
2967	141
2968	145
2969	148
2970	157
2971	162
2972	206
2973	175
2974	179
2975	155
2976	181
2977	157
2978	168
2979	171
2980	189
2981	172
2982	173
2983	207
2984	176
2985	189
2986	160
2987	171
2988	175
2989	174
2990	194
2991	173
2992	155
2993	159
2994	144
2995	187
2996	161
2997	154
2998	171
2999	184
3000	160
3001	139
3002	174
3003	166
3004	169
3005	177
3006	162
3007	189
3008	167
3009	187
3010	172
3011	189
3012	184
3013	182
3014	209
3015	195
3016	156
3017	181
3018	147
3019	192
3020	179
3021	186
3022	186
3023	204
3024	146
3025	168
3026	167
3027	186
3028	181
3029	198
3030	193
3031	184
3032	173
3033	191
3034	188
3035	191
3036	174
3037	182
3038	176
3039	176
3040	150
3041	165
3042	175
3043	179
3044	165
3045	171
3046	184
3047	167
3048	184
3049	217
3050	188
3051	199
3052	186
3053	198
3054	183
3055	172
3056	168
3057	203
3058	218
3059	187
3060	183
3061	160
3062	172
3063	176
3064	190
3065	180
3066	181
3067	162
3068	168
3069	198
3070	185
3071	195
3072	174
3073	219
3074	198
3075	179
3076	203
3077	181
3078	171
3079	185
3080	134
3081	147
3082	148
3083	182
3084	176
3085	163
3086	156
3087	171
3088	196
3089	192
3090	142
3091	162
3092	162
3093	173
3094	186
3095	180
3096	154
3097	148
3098	178
3099	194
3100	165
3101	147
3102	152
3103	207
3104	184
3105	138
3106	154
3107	165
3108	183
3109	172
3110	150
3111	155
3112	148
3113	167
3114	168
3115	183
3116	159
3117	160
3118	170
3119	175
3120	193
3121	145
3122	135
3123	158
3124	168
3125	143
3126	159
3127	122
3128	147
3129	150
3130	146
3131	163
3132	164
3133	186
3134	155
3135	148
3136	158
3137	191
3138	181
3139	172
3140	182
3141	179
3142	187
3143	175
3144	180
3145	146
3146	156
3147	171
3148	141
3149	140
3150	175
3151	185
3152	171
3153	162
3154	201
3155	159
3156	155
3157	187
3158	165
3159	172
3160	135
3161	141
3162	167
3163	170
3164	161
3165	158
3166	155
3167	157
3168	148
3169	163
3170	149
3171	139
3172	154
3173	153
3174	154
3175	148
3176	156
3177	156
3178	158
3179	148
3180	204
3181	172
3182	166
3183	205
3184	170
3185	149
3186	168
3187	190
3188	161
3189	175
3190	171
3191	196
3192	201
3193	184
3194	159
3195	126
3196	171
3197	175
3198	188
3199	174
3200	172
3201	193
3202	154
3203	168
3204	151
3205	168
3206	176
3207	221
3208	189
3209	189
3210	175
3211	177
3212	201
3213	199
3214	180
3215	183
3216	193
3217	184
3218	190
3219	170
3220	185
3221	205
3222	158
3223	171
3224	150
3225	160
3226	154
3227	194
3228	195
3229	180
3230	191
3231	170
3232	193
3233	204
3234	172
3235	161
3236	199
3237	194
3238	180
3239	174
3240	171
3241	190
3242	164
3243	198
3244	204
3245	192
3246	178
3247	184
3248	156
3249	182
3250	194
3251	209
3252	194
3253	186
3254	191
3255	176
3256	158
3257	202
3258	176
3259	198
3260	198
3261	184
3262	183
3263	180
3264	188
3265	204
3266	165
3267	199
3268	186
3269	208
3270	213
3271	181
3272	211
3273	224
3274	181
3275	201
3276	210
3277	167
3278	180
3279	190
3280	182
3281	210
3282	201
3283	206
3284	192
3285	203
3286	192
3287	241
3288	236
3289	198
3290	250
3291	185
3292	205
3293	205
3294	191
3295	196
3296	179
3297	188
3298	203
3299	181
3300	208
3301	191
3302	223
3303	183
3304	178
3305	198
3306	186
3307	203
3308	185
3309	203
3310	172
3311	189
3312	166
3313	189
3314	173
3315	218
3316	216
3317	182
3318	193
3319	196
3320	182
3321	183
3322	197
3323	189
3324	197
3325	212
3326	208
3327	193
3328	216
3329	187
3330	202
3331	182
3332	214
3333	180
3334	169
3335	185
3336	167
3337	228
3338	188
3339	202
3340	210
3341	189
3342	202
3343	205
3344	186
3345	189
3346	195
3347	208
3348	197
3349	187
3350	191
3351	184
3352	176
3353	159
3354	155
3355	175
3356	186
3357	193
3358	186
3359	187
3360	170
3361	167
3362	179
3363	149
3364	155
3365	191
3366	168
3367	183
3368	151
3369	166
3370	151
3371	193
3372	130
3373	142
3374	170
3375	196
3376	169
3377	178
3378	145
3379	169
3380	203
3381	173
3382	171
3383	170
3384	192
3385	175
3386	188
3387	200
3388	144
3389	141
3390	185
3391	159
3392	144
3393	152
3394	181
3395	140
3396	187
3397	174
3398	159
3399	192
3400	176
3401	146
3402	223
3403	171
3404	172
3405	167
3406	169
3407	182
3408	182
3409	148
3410	142
3411	192
3412	165
3413	128
3414	163
3415	155
3416	168
3417	170
3418	162
3419	155
3420	187
3421	214
3422	170
3423	159
3424	136
3425	161
3426	173
3427	152
3428	164
3429	150
3430	171
3431	159
3432	152
3433	138
3434	167
3435	159
3436	160
3437	167
3438	158
3439	176
3440	186
3441	154
3442	163
3443	170
3444	179
3445	188
3446	182
3447	172
3448	178
3449	168
3450	168
3451	167
3452	148
3453	196
3454	174
3455	189
3456	166
3457	161
3458	158
3459	177
3460	184
3461	180
3462	178
3463	189
3464	158
3465	150
3466	157
3467	178
3468	182
3469	183
3470	175
3471	189
3472	166
3473	155
3474	167
3475	161
3476	153
3477	148
3478	140
3479	164
3480	193
3481	173
3482	159
3483	172
3484	171
3485	157
3486	179
3487	139
3488	161
3489	142
3490	151
3491	168
3492	173
3493	148
3494	139
3495	178
3496	173
3497	173
3498	161
3499	163
3500	145
3501	183
3502	136
3503	184
3504	162
3505	151
3506	146
3507	147
3508	134
3509	174
3510	158
3511	142
3512	158
3513	129
3514	159
3515	117
3516	129
3517	147
3518	143
3519	143
3520	177
3521	151
3522	162
3523	155
3524	159
3525	135
3526	127
3527	118
3528	143
3529	168
3530	120
3531	141
3532	149
3533	142
3534	162
3535	125
3536	138
3537	138
3538	148
3539	135
3540	153
3541	136
3542	153
3543	153
3544	159
3545	142
3546	156
3547	165
3548	158
3549	154
3550	140
3551	141
3552	130
3553	136
3554	155
3555	135
3556	146
3557	157
3558	144
3559	170
3560	113
3561	130
3562	128
3563	146
3564	126
3565	147
3566	141
3567	171
3568	125
3569	131
3570	139
3571	164
3572	165
3573	168
3574	157
3575	118
3576	136
3577	145
3578	144
3579	160
3580	135
3581	147
3582	147
3583	125
3584	132
3585	132
3586	132
3587	160
3588	144
3589	173
3590	141
3591	135
3592	156
3593	137
3594	190
3595	140
3596	145
3597	154
3598	179
3599	139
3600	156
3601	140
3602	154
3603	142
3604	127
3605	163
3606	155
3607	176
3608	137
3609	143
3610	128
3611	151
3612	163
3613	158
3614	182
3615	140
3616	184
3617	162
3618	135
3619	150
3620	186
3621	172
3622	125
3623	136
3624	155
3625	157
3626	137
3627	164
3628	166
3629	143
3630	152
3631	160
3632	135
3633	140
3634	156
3635	161
3636	127
3637	114
3638	148
3639	150
3640	142
3641	155
3642	148
3643	155
3644	135
3645	132
3646	154
3647	136
3648	133
3649	140
3650	163
3651	152
3652	135
3653	165
3654	126
3655	133
3656	154
3657	142
3658	148
3659	146
3660	152
3661	144
3662	123
3663	131
3664	126
3665	143
3666	136
3667	131
3668	129
3669	129
3670	166
3671	139
3672	130
3673	125
3674	141
3675	146
3676	147
3677	147
3678	137
3679	145
3680	120
3681	156
3682	125
3683	131
3684	143
3685	136
3686	144
3687	128
3688	142
3689	138
3690	149
3691	143
3692	148
3693	119
3694	149
3695	157
3696	132
3697	153
3698	147
3699	146
3700	138
3701	152
3702	148
3703	122
3704	132
3705	134
3706	167
3707	129
3708	154
3709	159
3710	154
3711	153
3712	157
3713	166
3714	137
3715	145
3716	147
3717	204
3718	151
3719	170
3720	160
3721	121
3722	144
3723	158
3724	149
3725	153
3726	145
3727	135
3728	157
3729	159
3730	164
3731	159
3732	177
3733	137
3734	148
3735	132
3736	153
3737	145
3738	157
3739	145
3740	133
3741	154
3742	158
3743	149
3744	134
3745	158
3746	147
3747	142
3748	157
3749	166
3750	149
3751	133
3752	142
3753	151
3754	117
3755	151
3756	159
3757	149
3758	156
3759	146
3760	128
3761	129
3762	144
3763	151
3764	149
3765	148
3766	134
3767	119
3768	146
3769	144
3770	134
3771	152
3772	127
3773	133
3774	122
3775	129
3776	112
3777	137
3778	124
3779	107
3780	142
3781	139
3782	173
3783	155
3784	136
3785	177
3786	163
3787	144
3788	154
3789	161
3790	164
3791	116
3792	170
3793	158
3794	124
3795	146
3796	110
3797	131
3798	135
3799	94
3800	144
3801	168
3802	128
3803	178
3804	126
3805	155
3806	160
3807	118
3808	133
3809	108
3810	115
3811	147
3812	141
3813	145
3814	160
3815	158
3816	163
3817	158
3818	160
3819	184
3820	163
3821	168
3822	156
3823	147
3824	193
3825	140
3826	149
3827	180
3828	118
3829	110
3830	138
3831	101
3832	117
3833	122
3834	124
3835	124
3836	147
3837	136
3838	131
3839	115
3840	143
3841	137
3842	130
3843	145
3844	149
3845	143
3846	122
3847	134
3848	126
3849	126
3850	120
3851	155
3852	146
3853	122
3854	134
3855	159
3856	130
3857	128
3858	129
3859	129
3860	140
3861	143
3862	124
3863	162
3864	163
3865	141
3866	141
3867	153
3868	165
3869	162
3870	138
3871	142
3872	148
3873	129
3874	117
3875	135
3876	149
3877	173
3878	160
3879	166
3880	166
3881	162
3882	152
3883	148
3884	138
3885	148
3886	164
3887	176
3888	177
3889	192
3890	146
3891	163
3892	171
3893	182
3894	177
3895	169
3896	186
3897	173
3898	158
3899	165
3900	146
3901	145
3902	110
3903	152
3904	180
3905	131
3906	177
3907	169
3908	159
3909	164
3910	159
3911	155
3912	166
3913	183
3914	208
3915	163
3916	172
3917	206
3918	191
3919	179
3920	158
3921	163
3922	179
3923	190
3924	205
3925	166
3926	179
3927	152
3928	168
3929	185
3930	187
3931	198
3932	169
3933	189
3934	180
3935	186
3936	177
3937	196
3938	181
3939	177
3940	211
3941	169
3942	145
3943	160
3944	174
3945	185
3946	182
3947	176
3948	205
3949	201
3950	190
3951	173
3952	192
3953	201
3954	187
3955	165
3956	187
3957	186
3958	197
3959	176
3960	182
3961	153
3962	183
3963	181
3964	151
3965	171
3966	151
3967	160
3968	150
3969	144
3970	138
3971	155
3972	166
3973	159
3974	175
3975	190
3976	161
3977	166
3978	177
3979	143
3980	159
3981	164
3982	176
3983	164
3984	180
3985	194
3986	193
3987	148
3988	167
3989	150
3990	165
3991	179
3992	155
3993	197
3994	162
3995	173
3996	166
3997	141
3998	143
3999	136
4000	141
4001	156
4002	161
4003	147
4004	154
4005	176
4006	124
4007	163
4008	168
4009	175
4010	152
4011	178
4012	162
4013	165
4014	126
4015	166
4016	152
4017	147
4018	139
4019	161
4020	157
4021	166
4022	138
4023	148
4024	172
4025	202
4026	194
4027	159
4028	191
4029	183
4030	168
4031	155
4032	183
4033	182
4034	168
4035	149
4036	202
4037	190
4038	233
4039	206
4040	214
4041	203
4042	186
4043	172
4044	212
4045	205
4046	218
4047	193
4048	181
4049	223
4050	176
4051	190
4052	193
4053	221
4054	205
4055	205
4056	202
4057	225
4058	206
4059	181
4060	188
4061	208
4062	188
4063	213
4064	209
4065	192
4066	195
4067	223
4068	186
4069	247
4070	191
4071	197
4072	172
4073	195
4074	189
4075	183
4076	195
4077	175
4078	216
4079	203
4080	208
4081	218
4082	202
4083	178
4084	165
4085	184
4086	190
4087	180
4088	186
4089	174
4090	196
4091	220
4092	221
4093	186
4094	178
4095	248
4096	188
4097	171
4098	202
4099	185
4100	156
4101	185
4102	194
4103	187
4104	181
4105	166
4106	171
4107	165
4108	158
4109	120
4110	157
4111	187
4112	177
4113	182
4114	184
4115	165
4116	179
4117	169
4118	162
4119	172
4120	161
4121	145
4122	158
4123	165
4124	132
4125	113
4126	165
4127	149
4128	117
4129	140
4130	140
4131	157
4132	137
4133	153
4134	163
4135	155
4136	148
4137	207
4138	150
4139	162
4140	189
4141	164
4142	159
4143	176
4144	159
4145	142
4146	129
4147	132
4148	196
4149	154
4150	150
4151	131
4152	140
4153	172
4154	140
4155	139
4156	134
4157	117
4158	118
4159	166
4160	136
4161	113
4162	115
4163	133
4164	134
4165	151
4166	148
4167	118
4168	129
4169	127
4170	171
4171	115
4172	118
4173	126
4174	133
4175	120
4176	89
4177	130
4178	131
4179	143
4180	129
4181	139
4182	116
4183	130
4184	138
4185	115
4186	106
4187	126
4188	113
4189	148
4190	131
4191	112
4192	151
4193	118
4194	145
4195	102
4196	137
4197	112
4198	121
4199	107
4200	117
4201	123
4202	120
4203	143
4204	124
4205	115
4206	110
4207	117
4208	124
4209	129
4210	129
4211	120
4212	83
4213	130
4214	105
4215	91
4216	105
4217	94
4218	121
4219	141
4220	103
4221	118
4222	105
4223	116
4224	116
4225	110
4226	106
4227	99
4228	129
4229	116
4230	104
4231	141
4232	136
4233	135
4234	113
4235	123
4236	106
4237	126
4238	104
4239	99
4240	110
4241	126
4242	122
4243	89
4244	90
4245	114
4246	92
4247	122
4248	123
4249	122
4250	110
4251	131
4252	125
4253	112
4254	139
4255	106
4256	98
4257	137
4258	104
4259	138
4260	124
4261	106
4262	126
4263	130
4264	120
4265	99
4266	90
4267	108
4268	110
4269	108
4270	104
4271	130
4272	109
4273	108
4274	66
4275	118
4276	97
4277	119
4278	97
4279	144
4280	140
4281	116
4282	132
4283	115
4284	117
4285	88
4286	98
4287	129
4288	106
4289	102
4290	102
4291	144
4292	148
4293	99
4294	115
4295	121
4296	116
4297	112
4298	122
4299	114
4300	100
4301	119
4302	110
4303	101
4304	116
4305	118
4306	136
4307	117
4308	126
4309	112
4310	119
4311	136
4312	132
4313	120
4314	122
4315	110
4316	116
4317	85
4318	108
4319	105
4320	111
4321	118
4322	116
4323	99
4324	124
4325	91
4326	131
4327	111
4328	136
4329	93
4330	111
4331	104
4332	103
4333	112
4334	134
4335	133
4336	118
4337	105
4338	118
4339	125
4340	134
4341	115
4342	102
4343	106
4344	95
4345	114
4346	100
4347	108
4348	110
4349	97
4350	98
4351	109
4352	130
4353	103
4354	117
4355	124
4356	100
4357	103
4358	94
4359	126
4360	105
4361	93
4362	116
4363	101
4364	101
4365	113
4366	122
4367	139
4368	91
4369	107
4370	125
4371	130
4372	113
4373	117
4374	117
4375	118
4376	119
4377	121
4378	95
4379	85
4380	104
4381	113
4382	81
4383	108
4384	88
4385	85
4386	101
4387	96
4388	98
4389	132
4390	94
4391	100
4392	94
4393	100
4394	104
4395	104
4396	123
4397	88
4398	114
4399	114
4400	84
4401	90
4402	96
4403	83
4404	76
4405	80
4406	95
4407	101
4408	111
4409	97
4410	92
4411	108
4412	106
4413	90
4414	95
4415	102
4416	103
4417	104
4418	131
4419	125
4420	90
4421	105
4422	122
4423	83
4424	131
4425	94
4426	97
4427	109
4428	97
4429	110
4430	92
4431	110
4432	105
4433	96
4434	98
4435	104
4436	94
4437	100
4438	88
4439	74
4440	104
4441	121
4442	115
4443	102
4444	92
4445	100
4446	123
4447	94
4448	101
4449	99
4450	92
4451	83
4452	142
4453	81
4454	103
4455	116
4456	98
4457	92
4458	90
4459	95
4460	103
4461	114
4462	89
4463	114
4464	108
4465	88
4466	108
4467	102
4468	122
4469	95
4470	128
4471	107
4472	119
4473	87
4474	111
4475	86
4476	92
4477	114
4478	108
4479	120
4480	103
4481	99
4482	108
4483	96
4484	75
4485	112
4486	111
4487	105
4488	102
4489	129
4490	122
4491	119
4492	100
4493	115
4494	108
4495	101
4496	121
4497	108
4498	131
4499	101
4500	106
4501	101
4502	122
4503	126
4504	121
4505	106
4506	114
4507	115
4508	137
4509	123
4510	106
4511	104
4512	96
4513	81
4514	88
4515	99
4516	103
4517	124
4518	97
4519	102
4520	90
4521	99
4522	98
4523	140
4524	132
4525	132
4526	102
4527	137
4528	89
4529	99
4530	105
4531	96
4532	103
4533	108
4534	141
4535	114
4536	125
4537	112
4538	133
4539	137
4540	99
4541	134
4542	115
4543	122
4544	108
4545	136
4546	139
4547	107
4548	121
4549	140
4550	115
4551	114
4552	139
4553	146
4554	96
4555	89
4556	129
4557	133
4558	103
4559	106
4560	139
4561	106
4562	154
4563	114
4564	125
4565	106
4566	126
4567	107
4568	134
4569	111
4570	122
4571	131
4572	114
4573	130
4574	114
4575	122
4576	112
4577	101
4578	111
4579	123
4580	94
4581	112
4582	104
4583	113
4584	97
4585	122
4586	120
4587	138
4588	121
4589	110
4590	124
4591	98
4592	120
4593	118
4594	128
4595	100
4596	123
4597	126
4598	119
4599	129
4600	116
4601	114
4602	99
4603	109
4604	89
4605	114
4606	109
4607	89
4608	105
4609	89
4610	119
4611	112
4612	92
4613	88
4614	99
4615	99
4616	106
4617	81
4618	84
4619	94
4620	98
4621	111
4622	119
4623	107
4624	123
4625	104
4626	118
4627	90
4628	92
4629	108
4630	131
4631	123
4632	119
4633	110
4634	87
4635	121
4636	129
4637	91
4638	108
4639	104
4640	108
4641	80
4642	95
4643	118
4644	95
4645	117
4646	109
4647	117
4648	108
4649	100
4650	92
4651	153
4652	137
4653	116
4654	89
4655	94
4656	97
4657	122
4658	103
4659	117
4660	109
4661	103
4662	92
4663	96
4664	98
4665	99
4666	96
4667	85
4668	109
4669	104
4670	72
4671	112
4672	101
4673	93
4674	105
4675	68
4676	106
4677	84
4678	101
4679	82
4680	99
4681	95
4682	86
4683	109
4684	101
4685	112
4686	102
4687	97
4688	109
4689	108
4690	91
4691	108
4692	94
4693	127
4694	102
4695	99
4696	97
4697	91
4698	96
4699	115
4700	91
4701	81
4702	95
4703	82
4704	104
4705	82
4706	73
4707	104
4708	93
4709	87
4710	79
4711	104
4712	102
4713	84
4714	97
4715	104
4716	94
4717	84
4718	88
4719	98
4720	87
4721	91
4722	95
4723	83
4724	98
4725	83
4726	103
4727	74
4728	83
4729	99
4730	91
4731	113
4732	100
4733	105
4734	108
4735	119
4736	88
4737	87
4738	97
4739	93
4740	84
4741	113
4742	95
4743	118
4744	99
4745	104
4746	109
4747	88
4748	105
4749	92
4750	104
4751	96
4752	81
4753	87
4754	94
4755	98
4756	80
4757	114
4758	88
4759	104
4760	117
4761	101
4762	105
4763	116
4764	96
4765	94
4766	92
4767	101
4768	114
4769	119
4770	93
4771	92
4772	96
4773	103
4774	106
4775	96
4776	130
4777	125
4778	98
4779	94
4780	111
4781	106
4782	113
4783	112
4784	104
4785	103
4786	102
4787	95
4788	110
4789	114
4790	87
4791	84
4792	98
4793	78
4794	101
4795	75
4796	102
4797	100
4798	100
4799	118
4800	95
4801	103
4802	94
4803	109
4804	112
4805	84
4806	116
4807	116
4808	85
4809	107
4810	89
4811	97
4812	82
4813	108
4814	103
4815	94
4816	102
4817	121
4818	105
4819	90
4820	100
4821	119
4822	126
4823	116
4824	119
4825	103
4826	90
4827	95
4828	85
4829	71
4830	89
4831	103
4832	90
4833	72
4834	97
4835	102
4836	125
4837	76
4838	82
4839	96
4840	107
4841	94
4842	96
4843	73
4844	96
4845	115
4846	106
4847	108
4848	78
4849	91
4850	93
4851	93
4852	86
4853	89
4854	93
4855	67
4856	77
4857	86
4858	78
4859	65
4860	82
4861	90
4862	81
4863	87
4864	72
4865	71
4866	118
4867	72
4868	93
4869	84
4870	80
4871	87
4872	91
4873	79
4874	96
4875	96
4876	89
4877	67
4878	47
4879	90
4880	72
4881	87
4882	81
4883	85
4884	89
4885	76
4886	89
4887	79
4888	81
4889	88
4890	113
4891	74
4892	69
4893	89
4894	89
4895	73
4896	56
4897	80
4898	90
4899	77
4900	88
4901	93
4902	87
4903	83
4904	70
4905	95
4906	76
4907	73
4908	71
4909	80
4910	73
4911	77
4912	70
4913	78
4914	82
4915	66
4916	89
4917	70
4918	75
4919	71
4920	79
4921	77
4922	73
4923	95
4924	96
4925	99
4926	78
4927	91
4928	94
4929	99
4930	102
4931	100
4932	99
4933	90
4934	99
4935	81
4936	80
4937	84
4938	87
4939	78
4940	105
4941	82
4942	72
4943	93
4944	96
4945	71
4946	96
4947	82
4948	75
4949	78
4950	100
4951	59
4952	91
4953	100
4954	89
4955	86
4956	68
4957	59
4958	80
4959	79
4960	85
4961	85
4962	109
4963	113
4964	99
4965	111
4966	99
4967	84
4968	83
4969	124
4970	87
4971	129
4972	90
4973	83
4974	98
4975	96
4976	102
4977	109
4978	102
4979	78
4980	82
4981	73
4982	94
4983	112
4984	90
4985	78
4986	79
4987	68
4988	99
4989	97
4990	89
4991	112
4992	95
4993	82
4994	91
4995	71
4996	90
4997	79
4998	72
4999	71
5000	86
5001	79
5002	85
5003	87
5004	95
5005	81
5006	77
5007	110
5008	83
5009	66
5010	75
5011	105
5012	71
5013	105
5014	90
5015	105
5016	112
5017	96
5018	125
5019	106
5020	88
5021	69
5022	98
5023	102
5024	102
5025	93
5026	106
5027	97
5028	120
5029	120
5030	87
5031	128
5032	76
5033	117
5034	113
5035	113
5036	117
5037	113
5038	104
5039	108
5040	108
5041	105
5042	115
5043	90
5044	101
5045	95
5046	101
5047	105
5048	98
5049	107
5050	130
5051	100
5052	117
5053	134
5054	98
5055	96
5056	83
5057	87
5058	103
5059	114
5060	108
5061	109
5062	115
5063	110
5064	114
5065	131
5066	98
5067	118
5068	119
5069	120
5070	118
5071	113
5072	113
5073	114
5074	98
5075	112
5076	95
5077	82
5078	95
5079	110
5080	106
5081	113
5082	83
5083	128
5084	87
5085	87
5086	88
5087	83
5088	119
5089	114
5090	87
5091	87
5092	100
5093	94
5094	105
5095	113
5096	99
5097	110
5098	101
5099	78
5100	85
5101	105
5102	79
5103	86
5104	95
5105	105
5106	114
5107	103
5108	91
5109	101
5110	70
5111	102
5112	78
5113	99
5114	103
5115	105
5116	97
5117	68
5118	107
5119	119
5120	90
5121	111
5122	107
5123	100
5124	105
5125	87
5126	96
5127	91
5128	106
5129	89
5130	73
5131	99
5132	91
5133	94
5134	88
5135	103
5136	109
5137	98
5138	101
5139	111
5140	80
5141	102
5142	86
5143	89
5144	114
5145	94
5146	84
5147	103
5148	95
5149	88
5150	90
5151	125
5152	73
5153	104
5154	110
5155	81
5156	100
5157	90
5158	96
5159	109
5160	83
5161	114
5162	103
5163	122
5164	110
5165	118
5166	96
5167	88
5168	103
5169	109
5170	90
5171	84
5172	90
5173	80
5174	106
5175	102
5176	99
5177	112
5178	82
5179	109
5180	108
5181	89
5182	90
5183	89
5184	79
5185	92
5186	121
5187	115
5188	94
5189	96
5190	116
5191	115
5192	98
5193	86
5194	99
5195	83
5196	86
5197	75
5198	84
5199	87
5200	92
5201	89
5202	87
5203	55
5204	87
5205	94
5206	104
5207	74
5208	83
5209	91
5210	75
5211	92
5212	82
5213	88
5214	73
5215	70
5216	77
5217	95
5218	67
5219	86
5220	83
5221	85
5222	87
5223	79
5224	84
5225	95
5226	88
5227	87
5228	72
5229	84
5230	85
5231	70
5232	68
5233	92
5234	74
5235	80
5236	75
5237	81
5238	66
5239	70
5240	68
5241	77
5242	86
5243	81
5244	70
5245	78
5246	70
5247	74
5248	55
5249	84
5250	82
5251	63
5252	63
5253	70
5254	54
5255	72
5256	78
5257	101
5258	107
5259	94
5260	79
5261	90
5262	89
5263	81
5264	73
5265	83
5266	89
5267	80
5268	72
5269	73
5270	84
5271	81
5272	88
5273	115
5274	85
5275	71
5276	105
5277	85
5278	87
5279	86
5280	76
5281	73
5282	85
5283	94
5284	89
5285	81
5286	81
5287	79
5288	81
5289	81
5290	72
5291	64
5292	81
5293	70
5294	76
5295	94
5296	71
5297	69
5298	85
5299	66
5300	80
5301	84
5302	82
5303	87
5304	69
5305	75
5306	81
5307	67
5308	73
5309	83
5310	75
5311	85
5312	73
5313	86
5314	51
5315	86
5316	62
5317	69
5318	69
5319	67
5320	66
5321	70
5322	81
5323	82
5324	66
5325	74
5326	93
5327	56
5328	74
5329	89
5330	69
5331	79
5332	89
5333	77
5334	76
5335	80
5336	87
5337	85
5338	77
5339	65
5340	75
5341	89
5342	76
5343	87
5344	72
5345	82
5346	76
5347	83
5348	77
5349	67
5350	56
5351	63
5352	54
5353	80
5354	63
5355	82
5356	97
5357	67
5358	98
5359	87
5360	93
5361	69
5362	77
5363	82
5364	68
5365	64
5366	82
5367	72
5368	84
5369	74
5370	78
5371	91
5372	88
5373	83
5374	101
5375	67
5376	89
5377	87
5378	94
5379	105
5380	82
5381	67
5382	96
5383	81
5384	93
5385	97
5386	70
5387	69
5388	71
5389	73
5390	80
5391	67
5392	93
5393	72
5394	93
5395	80
5396	73
5397	88
5398	77
5399	78
5400	92
5401	80
5402	77
5403	95
5404	93
5405	116
5406	119
5407	113
5408	97
5409	83
5410	91
5411	68
5412	93
5413	85
5414	101
5415	88
5416	79
5417	62
5418	79
5419	105
5420	72
5421	83
5422	77
5423	87
5424	98
5425	68
5426	99
5427	79
5428	91
5429	100
5430	84
5431	90
5432	99
5433	103
5434	91
5435	92
5436	101
5437	72
5438	77
5439	94
5440	89
5441	89
5442	90
5443	96
5444	80
5445	74
5446	85
5447	78
5448	73
5449	75
5450	85
5451	68
5452	81
5453	67
5454	64
5455	83
5456	83
5457	84
5458	98
5459	74
5460	75
5461	78
5462	71
5463	84
5464	68
5465	65
5466	91
5467	75
5468	92
5469	95
5470	96
5471	105
5472	89
5473	110
5474	63
5475	92
5476	92
5477	87
5478	100
5479	88
5480	92
5481	86
5482	81
5483	79
5484	92
5485	76
5486	94
5487	110
5488	115
5489	96
5490	110
5491	120
5492	80
5493	88
5494	88
5495	123
5496	95
5497	94
5498	78
5499	82
5500	96
5501	102
5502	102
5503	102
5504	73
5505	108
5506	111
5507	111
5508	88
5509	100
5510	83
5511	101
5512	111
5513	106
5514	101
5515	115
5516	91
5517	103
5518	118
5519	89
5520	122
5521	125
5522	107
5523	118
5524	106
5525	126
5526	108
5527	110
5528	88
5529	101
5530	119
5531	111
5532	110
5533	84
5534	86
5535	109
5536	93
5537	98
5538	130
5539	111
5540	123
5541	120
5542	110
5543	105
5544	138
5545	112
5546	111
5547	106
5548	128
5549	94
5550	88
5551	112
5552	87
5553	94
5554	79
5555	97
5556	89
5557	80
5558	103
5559	102
5560	87
5561	89
5562	109
5563	134
5564	65
5565	102
5566	100
5567	82
5568	125
5569	102
5570	74
5571	96
5572	76
5573	82
5574	94
5575	74
5576	86
5577	76
5578	112
5579	86
5580	92
5581	91
5582	83
5583	95
5584	90
5585	86
5586	110
5587	89
5588	78
5589	63
5590	91
5591	84
5592	84
5593	97
5594	104
5595	77
5596	82
5597	80
5598	71
5599	63
5600	90
5601	74
5602	92
5603	83
5604	74
5605	126
5606	78
5607	106
5608	81
5609	86
5610	81
5611	92
5612	83
5613	88
5614	90
5615	92
5616	75
5617	77
5618	69
5619	69
5620	92
5621	75
5622	81
5623	90
5624	75
5625	76
5626	78
5627	82
5628	96
5629	87
5630	99
5631	92
5632	74
5633	99
5634	96
5635	116
5636	85
5637	83
5638	85
5639	77
5640	86
5641	80
5642	86
5643	85
5644	75
5645	73
5646	84
5647	99
5648	110
5649	97
5650	98
5651	94
5652	82
5653	95
5654	71
5655	88
5656	92
5657	110
5658	76
5659	101
5660	87
5661	89
5662	93
5663	96
5664	99
5665	85
5666	73
5667	96
5668	89
5669	87
5670	110
5671	92
5672	118
5673	107
5674	115
5675	107
5676	90
5677	90
5678	95
5679	77
5680	97
5681	78
5682	93
5683	94
5684	100
5685	103
5686	84
5687	103
5688	98
5689	105
5690	89
5691	93
5692	116
5693	108
5694	107
5695	101
5696	113
5697	126
5698	83
5699	93
5700	116
5701	98
5702	119
5703	108
5704	78
5705	95
5706	86
5707	74
5708	68
5709	117
5710	84
5711	94
5712	90
5713	89
5714	97
5715	84
5716	85
5717	69
5718	92
5719	89
5720	95
5721	95
5722	116
5723	84
5724	104
5725	90
5726	97
5727	94
5728	94
5729	104
5730	77
5731	95
5732	74
5733	100
5734	100
5735	72
5736	116
5737	108
5738	97
5739	87
5740	101
5741	91
5742	91
5743	74
5744	75
5745	84
5746	90
5747	85
5748	87
5749	99
5750	84
5751	87
5752	100
5753	76
5754	93
5755	83
5756	68
5757	97
5758	102
5759	86
5760	74
5761	83
5762	92
5763	87
5764	93
5765	79
5766	74
5767	95
5768	80
5769	105
5770	66
5771	97
5772	91
5773	89
5774	58
5775	81
5776	87
5777	70
5778	69
5779	98
5780	84
5781	94
5782	75
5783	66
5784	77
5785	98
5786	84
5787	97
5788	98
5789	75
5790	94
5791	99
5792	92
5793	91
5794	63
5795	95
5796	88
5797	95
5798	94
5799	89
5800	72
5801	80
5802	58
5803	65
5804	76
5805	66
5806	81
5807	94
5808	102
5809	72
5810	75
5811	85
5812	65
5813	96
5814	72
5815	94
5816	75
5817	82
5818	91
5819	73
5820	92
5821	81
5822	72
5823	78
5824	82
5825	75
5826	91
5827	80
5828	86
5829	92
5830	93
5831	97
5832	104
5833	118
5834	86
5835	94
5836	101
5837	87
5838	100
5839	101
5840	101
5841	115
5842	95
5843	95
5844	102
5845	87
5846	95
5847	85
5848	116
5849	115
5850	115
5851	93
5852	90
5853	104
5854	72
5855	102
5856	111
5857	93
5858	83
5859	98
5860	87
5861	103
5862	104
5863	86
5864	87
5865	93
5866	83
5867	71
5868	79
5869	71
5870	88
5871	75
5872	94
5873	90
5874	74
5875	76
5876	94
5877	84
5878	85
5879	93
5880	86
5881	74
5882	81
5883	93
5884	92
5885	87
5886	96
5887	82
5888	82
5889	67
5890	70
5891	89
5892	93
5893	82
5894	109
5895	90
5896	78
5897	92
5898	70
5899	111
5900	85
5901	76
5902	93
5903	98
5904	84
5905	87
5906	78
5907	88
5908	59
5909	79
5910	94
5911	83
5912	90
5913	65
5914	89
5915	67
5916	91
5917	71
5918	72
5919	83
5920	93
5921	70
5922	77
5923	75
5924	90
5925	109
5926	73
5927	67
5928	75
5929	82
5930	90
5931	105
5932	108
5933	100
5934	88
5935	84
5936	99
5937	90
5938	85
5939	110
5940	80
5941	89
5942	77
5943	93
5944	85
5945	94
5946	81
5947	82
5948	104
5949	69
5950	83
5951	107
5952	75
5953	97
5954	88
5955	101
5956	112
5957	87
5958	84
5959	96
5960	78
5961	97
5962	89
5963	66
5964	85
5965	94
5966	54
5967	90
5968	84
5969	87
5970	86
5971	97
5972	68
5973	76
5974	93
5975	88
5976	69
5977	78
5978	80
5979	77
5980	90
5981	99
5982	80
5983	103
5984	75
5985	105
5986	103
5987	113
5988	94
5989	103
5990	78
5991	95
5992	85
5993	68
5994	77
5995	90
5996	90
5997	61
5998	90
5999	99
6000	79
6001	74
6002	73
6003	104
6004	83
6005	60
6006	69
6007	83
6008	79
6009	97
6010	84
6011	58
6012	74
6013	75
6014	72
6015	82
6016	79
6017	103
6018	79
6019	81
6020	96
6021	96
6022	100
6023	97
6024	98
6025	90
6026	91
6027	98
6028	84
6029	76
6030	71
6031	105
6032	81
6033	77
6034	92
6035	88
6036	78
6037	93
6038	84
6039	103
6040	88
6041	110
6042	89
6043	102
6044	85
6045	106
6046	70
6047	80
6048	66
6049	90
6050	97
6051	99
6052	95
6053	81
6054	82
6055	93
6056	73
6057	67
6058	57
6059	71
6060	56
6061	105
6062	74
6063	64
6064	78
6065	96
6066	74
6067	79
6068	91
6069	68
6070	84
6071	80
6072	86
6073	77
6074	58
6075	89
6076	71
6077	78
6078	88
6079	83
6080	76
6081	78
6082	57
6083	73
6084	94
6085	99
6086	72
6087	77
6088	72
6089	93
6090	49
6091	89
6092	94
6093	76
6094	80
6095	82
6096	99
6097	75
6098	91
6099	94
6100	85
6101	111
6102	102
6103	85
6104	99
6105	75
6106	72
6107	79
6108	88
6109	98
6110	97
6111	73
6112	87
6113	79
6114	105
6115	83
6116	78
6117	85
6118	97
6119	69
6120	83
6121	108
6122	92
6123	83
6124	95
6125	94
6126	90
6127	89
6128	93
6129	77
6130	91
6131	83
6132	81
6133	102
6134	107
6135	87
6136	83
6137	99
6138	91
6139	75
6140	112
6141	87
6142	74
6143	71
6144	71
6145	95
6146	78
6147	75
6148	54
6149	89
6150	77
6151	108
6152	87
6153	103
6154	105
6155	88
6156	88
6157	67
6158	105
6159	90
6160	100
6161	86
6162	114
6163	93
6164	84
6165	86
6166	75
6167	89
6168	82
6169	95
6170	95
6171	65
6172	87
6173	83
6174	78
6175	86
6176	81
6177	74
6178	68
6179	62
6180	92
6181	86
6182	88
6183	83
6184	89
6185	97
6186	75
6187	104
6188	86
6189	68
6190	74
6191	70
6192	94
6193	104
6194	65
6195	75
6196	82
6197	94
6198	117
6199	98
6200	95
6201	81
6202	81
6203	89
6204	68
6205	95
6206	65
6207	63
6208	78
6209	79
6210	54
6211	83
6212	89
6213	93
6214	78
6215	78
6216	95
6217	74
6218	81
6219	81
6220	90
6221	63
6222	88
6223	81
6224	76
6225	62
6226	88
6227	82
6228	68
6229	55
6230	79
6231	72
6232	79
6233	90
6234	64
6235	88
6236	112
6237	112
6238	66
6239	62
6240	80
6241	87
6242	89
6243	66
6244	104
6245	102
6246	81
6247	55
6248	78
6249	80
6250	67
6251	64
6252	74
6253	65
6254	73
6255	63
6256	66
6257	70
6258	87
6259	77
6260	104
6261	92
6262	82
6263	105
6264	76
6265	103
6266	71
6267	76
6268	86
6269	86
6270	98
6271	90
6272	80
6273	79
6274	80
6275	85
6276	74
6277	70
6278	80
6279	81
6280	77
6281	82
6282	78
6283	79
6284	98
6285	67
6286	72
6287	84
6288	73
6289	84
6290	86
6291	75
6292	77
6293	68
6294	91
6295	97
6296	88
6297	68
6298	79
6299	75
6300	87
6301	54
6302	88
6303	69
6304	71
6305	71
6306	76
6307	84
6308	75
6309	73
6310	76
6311	74
6312	66
6313	74
6314	69
6315	76
6316	80
6317	73
6318	85
6319	76
6320	92
6321	94
6322	77
6323	74
6324	79
6325	64
6326	111
6327	98
6328	73
6329	84
6330	63
6331	67
6332	64
6333	67
6334	93
6335	87
6336	90
6337	93
6338	71
6339	58
6340	81
6341	80
6342	81
6343	86
6344	68
6345	74
6346	77
6347	60
6348	77
6349	69
6350	76
6351	64
6352	83
6353	72
6354	74
6355	90
6356	57
6357	73
6358	71
6359	55
6360	76
6361	88
6362	82
6363	88
6364	90
6365	72
6366	62
6367	59
6368	70
6369	81
6370	81
6371	94
6372	74
6373	62
6374	75
6375	68
6376	74
6377	64
6378	68
6379	66
6380	53
6381	59
6382	65
6383	81
6384	63
6385	85
6386	61
6387	59
6388	57
6389	40
6390	45
6391	57
6392	77
6393	75
6394	88
6395	52
6396	70
6397	84
6398	61
6399	56
6400	52
6401	80
6402	57
6403	75
6404	70
6405	54
6406	70
6407	63
6408	63
6409	37
6410	64
6411	69
6412	55
6413	58
6414	60
6415	67
6416	45
6417	78
6418	90
6419	69
6420	97
6421	53
6422	71
6423	63
6424	66
6425	66
6426	66
6427	56
6428	59
6429	92
6430	68
6431	62
6432	61
6433	75
6434	47
6435	76
6436	58
6437	51
6438	49
6439	78
6440	75
6441	89
6442	54
6443	54
6444	67
6445	79
6446	47
6447	67
6448	56
6449	65
6450	50
6451	45
6452	79
6453	60
6454	63
6455	61
6456	79
6457	58
6458	59
6459	68
6460	68
6461	66
6462	75
6463	71
6464	62
6465	66
6466	82
6467	90
6468	68
6469	74
6470	86
6471	72
6472	61
6473	61
6474	79
6475	51
6476	59
6477	48
6478	69
6479	78
6480	63
6481	64
6482	68
6483	60
6484	53
6485	73
6486	80
6487	78
6488	65
6489	69
6490	86
6491	73
6492	77
6493	58
6494	54
6495	74
6496	66
6497	77
6498	70
6499	63
6500	65
6501	100
6502	71
6503	73
6504	67
6505	54
6506	88
6507	68
6508	74
6509	81
6510	58
6511	69
6512	74
6513	80
6514	77
6515	71
6516	73
6517	67
6518	75
6519	97
6520	74
6521	87
6522	88
6523	83
6524	85
6525	81
6526	90
6527	59
6528	85
6529	70
6530	90
6531	59
6532	70
6533	60
6534	77
6535	54
6536	75
6537	47
6538	67
6539	73
6540	65
6541	74
6542	75
6543	64
6544	68
6545	64
6546	60
6547	52
6548	70
6549	77
6550	59
6551	71
6552	68
6553	82
6554	53
6555	69
6556	74
6557	62
6558	76
6559	54
6560	75
6561	54
6562	59
6563	54
6564	42
6565	62
6566	50
6567	62
6568	65
6569	51
6570	52
6571	64
6572	61
6573	60
6574	83
6575	64
6576	49
6577	75
6578	68
6579	60
6580	56
6581	63
6582	53
6583	63
6584	61
6585	64
6586	72
6587	54
6588	59
6589	60
6590	62
6591	41
6592	60
6593	59
6594	55
6595	57
6596	50
6597	68
6598	56
6599	68
6600	73
6601	77
6602	44
6603	58
6604	39
6605	73
6606	65
6607	67
6608	59
6609	77
6610	53
6611	51
6612	68
6613	68
6614	93
6615	49
6616	55
6617	48
6618	71
6619	76
6620	40
6621	83
6622	71
6623	62
6624	63
6625	63
6626	66
6627	59
6628	72
6629	51
6630	50
6631	70
6632	48
6633	63
6634	73
6635	59
6636	59
6637	74
6638	41
6639	51
6640	55
6641	57
6642	49
6643	60
6644	48
6645	59
6646	59
6647	63
6648	42
6649	61
6650	65
6651	71
6652	52
6653	39
6654	64
6655	47
6656	83
6657	56
6658	56
6659	72
6660	47
6661	50
6662	49
6663	57
6664	47
6665	43
6666	57
6667	64
6668	54
6669	60
6670	54
6671	43
6672	56
6673	46
6674	35
6675	62
6676	65
6677	50
6678	58
6679	39
6680	50
6681	64
6682	64
6683	49
6684	63
6685	48
6686	53
6687	66
6688	70
6689	46
6690	62
6691	62
6692	53
6693	32
6694	58
6695	71
6696	55
6697	68
6698	69
6699	52
6700	69
6701	50
6702	47
6703	42
6704	51
6705	52
6706	52
6707	67
6708	57
6709	97
6710	59
6711	47
6712	45
6713	79
6714	54
6715	64
6716	62
6717	48
6718	63
6719	61
6720	52
6721	43
6722	48
6723	57
6724	58
6725	66
6726	67
6727	66
6728	68
6729	63
6730	69
6731	58
6732	52
6733	58
6734	52
6735	74
6736	63
6737	79
6738	58
6739	77
6740	70
6741	63
6742	63
6743	51
6744	63
6745	62
6746	61
6747	68
6748	70
6749	52
6750	69
6751	73
6752	58
6753	71
6754	58
6755	69
6756	60
6757	52
6758	69
6759	65
6760	49
6761	61
6762	46
6763	61
6764	83
6765	54
6766	45
6767	63
6768	62
6769	66
6770	53
6771	52
6772	60
6773	59
6774	71
6775	67
6776	67
6777	70
6778	50
6779	67
6780	76
6781	70
6782	73
6783	58
6784	61
6785	53
6786	45
6787	62
6788	77
6789	52
6790	61
6791	51
6792	64
6793	59
6794	62
6795	63
6796	52
6797	72
6798	58
6799	58
6800	81
6801	58
6802	69
6803	73
6804	67
6805	49
6806	61
6807	83
6808	65
6809	55
6810	53
6811	77
6812	72
6813	72
6814	83
6815	55
6816	75
6817	70
6818	68
6819	75
6820	44
6821	45
6822	63
6823	61
6824	56
6825	51
6826	70
6827	62
6828	61
6829	58
6830	72
6831	72
6832	63
6833	66
6834	52
6835	69
6836	47
6837	46
6838	66
6839	39
6840	58
6841	59
6842	69
6843	50
6844	52
6845	72
6846	64
6847	31
6848	66
6849	42
6850	47
6851	82
6852	89
6853	72
6854	55
6855	60
6856	74
6857	64
6858	55
6859	65
6860	52
6861	60
6862	68
6863	73
6864	74
6865	65
6866	70
6867	74
6868	70
6869	89
6870	63
6871	60
6872	67
6873	70
6874	60
6875	58
6876	88
6877	66
6878	70
6879	64
6880	71
6881	64
6882	75
6883	73
6884	77
6885	64
6886	60
6887	76
6888	81
6889	71
6890	98
6891	71
6892	85
6893	58
6894	80
6895	77
6896	70
6897	86
6898	56
6899	71
6900	56
6901	81
6902	87
6903	70
6904	72
6905	90
6906	75
6907	79
6908	68
6909	83
6910	91
6911	84
6912	60
6913	84
6914	69
6915	80
6916	100
6917	87
6918	73
6919	67
6920	65
6921	74
6922	60
6923	71
6924	66
6925	70
6926	67
6927	73
6928	74
6929	96
6930	68
6931	82
6932	97
6933	64
6934	52
6935	91
6936	101
6937	76
6938	74
6939	84
6940	97
6941	79
6942	72
6943	72
6944	68
6945	68
6946	57
6947	74
6948	102
6949	72
6950	58
6951	65
6952	80
6953	78
6954	72
6955	60
6956	69
6957	66
6958	61
6959	69
6960	84
6961	93
6962	70
6963	73
6964	80
6965	72
6966	68
6967	85
6968	85
6969	82
6970	79
6971	82
6972	73
6973	56
6974	85
6975	83
6976	73
6977	91
6978	74
6979	70
6980	89
6981	81
6982	92
6983	93
6984	73
6985	58
6986	69
6987	66
6988	63
6989	69
6990	77
6991	71
6992	82
6993	74
6994	87
6995	89
6996	78
6997	66
6998	69
6999	81
7000	75
7001	72
7002	65
7003	67
7004	67
7005	46
7006	75
7007	79
7008	69
7009	51
7010	56
7011	60
7012	65
7013	68
7014	66
7015	67
7016	74
7017	57
7018	54
7019	72
7020	75
7021	67
7022	58
7023	68
7024	74
7025	65
7026	64
7027	59
7028	80
7029	73
7030	79
7031	67
7032	72
7033	60
7034	66
7035	80
7036	49
7037	58
7038	60
7039	52
7040	69
7041	54
7042	77
7043	63
7044	63
7045	51
7046	42
7047	41
7048	39
7049	62
7050	55
7051	59
7052	79
7053	69
7054	67
7055	73
7056	56
7057	61
7058	80
7059	75
7060	69
7061	75
7062	104
7063	67
7064	90
7065	83
7066	64
7067	79
7068	60
7069	67
7070	64
7071	61
7072	71
7073	65
7074	60
7075	40
7076	75
7077	56
7078	65
7079	67
7080	48
7081	73
7082	59
7083	73
7084	70
7085	72
7086	70
7087	80
7088	45
7089	72
7090	83
7091	53
7092	77
7093	71
7094	86
7095	75
7096	85
7097	82
7098	69
7099	79
7100	78
7101	63
7102	80
7103	69
7104	72
7105	68
7106	58
7107	56
7108	63
7109	66
7110	44
7111	66
7112	81
7113	79
7114	60
7115	59
7116	92
7117	64
7118	70
7119	68
7120	66
7121	76
7122	62
7123	70
7124	60
7125	62
7126	92
7127	62
7128	74
7129	62
7130	93
7131	86
7132	70
7133	76
7134	58
7135	75
7136	77
7137	71
7138	92
7139	57
7140	80
7141	76
7142	67
7143	72
7144	72
7145	58
7146	74
7147	82
7148	71
7149	71
7150	72
7151	60
7152	80
7153	71
7154	60
7155	84
7156	81
7157	63
7158	56
7159	66
7160	57
7161	36
7162	75
7163	85
7164	46
7165	98
7166	60
7167	69
7168	81
7169	77
7170	66
7171	74
7172	87
7173	81
7174	90
7175	69
7176	101
7177	64
7178	71
7179	69
7180	80
7181	98
7182	69
7183	69
7184	95
7185	87
7186	68
7187	82
7188	78
7189	74
7190	78
7191	84
7192	92
7193	77
7194	85
7195	62
7196	87
7197	72
7198	79
7199	84
7200	53
7201	68
7202	81
7203	74
7204	75
7205	51
7206	57
7207	79
7208	76
7209	72
7210	85
7211	77
7212	85
7213	68
7214	86
7215	83
7216	79
7217	85
7218	77
7219	68
7220	69
7221	95
7222	99
7223	96
7224	80
7225	102
7226	67
7227	69
7228	61
7229	79
7230	67
7231	84
7232	69
7233	84
7234	101
7235	90
7236	85
7237	76
7238	91
7239	77
7240	81
7241	69
7242	82
7243	81
7244	75
7245	64
7246	76
7247	90
7248	75
7249	74
7250	76
7251	89
7252	85
7253	84
7254	92
7255	75
7256	97
7257	68
7258	69
7259	81
7260	60
7261	75
7262	86
7263	96
7264	77
7265	81
7266	81
7267	79
7268	84
7269	66
7270	76
7271	75
7272	71
7273	81
7274	60
7275	75
7276	94
7277	60
7278	82
7279	80
7280	96
7281	89
7282	78
7283	54
7284	79
7285	67
7286	67
7287	71
7288	60
7289	49
7290	77
7291	51
7292	63
7293	70
7294	73
7295	48
7296	54
7297	73
7298	63
7299	78
7300	68
7301	64
7302	76
7303	66
7304	61
7305	78
7306	82
7307	67
7308	92
7309	68
7310	77
7311	64
7312	66
7313	71
7314	60
7315	70
7316	48
7317	75
7318	63
7319	89
7320	57
7321	60
7322	70
7323	65
7324	68
7325	47
7326	57
7327	57
7328	73
7329	54
7330	73
7331	68
7332	66
7333	67
7334	53
7335	68
7336	80
7337	64
7338	70
7339	59
7340	74
7341	65
7342	72
7343	68
7344	88
7345	91
7346	103
7347	85
7348	78
7349	69
7350	54
7351	48
7352	71
7353	66
7354	57
7355	59
7356	73
7357	75
7358	67
7359	67
7360	65
7361	77
7362	80
7363	42
7364	60
7365	70
7366	81
7367	50
7368	52
7369	66
7370	55
7371	72
7372	66
7373	56
7374	72
7375	70
7376	57
7377	84
7378	72
7379	60
7380	57
7381	73
7382	47
7383	49
7384	58
7385	49
7386	53
7387	66
7388	44
7389	50
7390	54
7391	51
7392	58
7393	42
7394	56
7395	46
7396	46
7397	69
7398	91
7399	67
7400	62
7401	48
7402	58
7403	51
7404	48
7405	72
7406	47
7407	55
7408	48
7409	35
7410	59
7411	52
7412	57
7413	58
7414	54
7415	50
7416	60
7417	45
7418	85
7419	56
7420	44
7421	59
7422	60
7423	56
7424	61
7425	38
7426	41
7427	52
7428	60
7429	65
7430	60
7431	38
7432	50
7433	43
7434	55
7435	47
7436	60
7437	74
7438	51
7439	66
7440	33
7441	50
7442	44
7443	53
7444	49
7445	54
7446	57
7447	49
7448	45
7449	29
7450	46
7451	61
7452	49
7453	35
7454	58
7455	55
7456	53
7457	56
7458	46
7459	54
7460	56
7461	44
7462	54
7463	43
7464	60
7465	52
7466	38
7467	46
7468	45
7469	50
7470	56
7471	65
7472	57
7473	45
7474	48
7475	52
7476	55
7477	42
7478	65
7479	57
7480	32
7481	40
7482	53
7483	52
7484	73
7485	50
7486	54
7487	62
7488	68
7489	51
7490	44
7491	22
7492	69
7493	63
7494	66
7495	57
7496	46
7497	50
7498	61
7499	52
7500	50
7501	61
7502	52
7503	42
7504	49
7505	49
7506	55
7507	50
7508	63
7509	56
7510	63
7511	50
7512	59
7513	61
7514	52
7515	52
7516	51
7517	54
7518	39
7519	47
7520	57
7521	55
7522	41
7523	47
7524	48
7525	37
7526	52
7527	62
7528	65
7529	57
7530	52
7531	44
7532	33
7533	65
7534	51
7535	39
7536	44
7537	40
7538	63
7539	50
7540	44
7541	43
7542	60
7543	56
7544	50
7545	53
7546	74
7547	49
7548	69
7549	43
7550	59
7551	59
7552	50
7553	60
7554	54
7555	76
7556	78
7557	69
7558	59
7559	73
7560	53
7561	51
7562	48
7563	58
7564	55
7565	35
7566	67
7567	57
7568	58
7569	48
7570	44
7571	60
7572	42
7573	61
7574	63
7575	62
7576	75
7577	64
7578	57
7579	61
7580	67
7581	61
7582	67
7583	52
7584	68
7585	65
7586	59
7587	64
7588	52
7589	76
7590	61
7591	61
7592	83
7593	65
7594	71
7595	76
7596	66
7597	54
7598	49
7599	49
7600	66
7601	56
7602	63
7603	63
7604	45
7605	67
7606	57
7607	58
7608	56
7609	63
7610	49
7611	69
7612	57
7613	66
7614	66
7615	50
7616	57
7617	57
7618	75
7619	45
7620	44
7621	77
7622	69
7623	51
7624	54
7625	50
7626	63
7627	60
7628	50
7629	50
7630	50
7631	48
7632	37
7633	71
7634	46
7635	48
7636	59
7637	54
7638	37
7639	43
7640	53
7641	63
7642	45
7643	40
7644	48
7645	61
7646	33
7647	57
7648	47
7649	55
7650	40
7651	34
7652	31
7653	39
7654	42
7655	50
7656	50
7657	65
7658	53
7659	54
7660	65
7661	69
7662	45
7663	50
7664	43
7665	46
7666	31
7667	35
7668	50
7669	58
7670	39
7671	34
7672	38
7673	31
7674	50
7675	47
7676	42
7677	34
7678	47
7679	50
7680	50
7681	49
7682	35
7683	43
7684	54
7685	35
7686	32
7687	55
7688	47
7689	52
7690	47
7691	43
7692	30
7693	60
7694	45
7695	54
7696	44
7697	61
7698	50
7699	46
7700	40
7701	38
7702	38
7703	45
7704	38
7705	40
7706	55
7707	61
7708	48
7709	44
7710	68
7711	52
7712	64
7713	55
7714	39
7715	33
7716	45
7717	42
7718	46
7719	56
7720	31
7721	39
7722	44
7723	46
7724	54
7725	45
7726	25
7727	52
7728	40
7729	52
7730	46
7731	55
7732	46
7733	64
7734	60
7735	66
7736	55
7737	57
7738	59
7739	46
7740	50
7741	63
7742	49
7743	40
7744	55
7745	39
7746	54
7747	31
7748	52
7749	34
7750	51
7751	51
7752	58
7753	50
7754	50
7755	35
7756	68
7757	40
7758	48
7759	56
7760	34
7761	45
7762	36
7763	47
7764	34
7765	50
7766	45
7767	42
7768	62
7769	60
7770	45
7771	47
7772	46
7773	52
7774	60
7775	55
7776	45
7777	43
7778	25
7779	45
7780	27
7781	34
7782	50
7783	61
7784	62
7785	41
7786	48
7787	38
7788	67
7789	65
7790	41
7791	49
7792	35
7793	55
7794	64
7795	58
7796	58
7797	47
7798	53
7799	49
7800	42
7801	67
7802	55
7803	60
7804	53
7805	53
7806	74
7807	59
7808	35
7809	37
7810	48
7811	42
7812	51
7813	69
7814	76
7815	48
7816	61
7817	57
7818	66
7819	61
7820	55
7821	56
7822	47
7823	44
7824	46
7825	53
7826	37
7827	58
7828	52
7829	56
7830	69
7831	51
7832	52
7833	59
7834	64
7835	63
7836	68
7837	57
7838	58
7839	68
7840	71
7841	60
7842	51
7843	61
7844	65
7845	70
7846	70
7847	87
7848	76
7849	79
7850	60
7851	75
7852	72
7853	69
7854	67
7855	82
7856	65
7857	85
7858	66
7859	86
7860	93
7861	86
7862	95
7863	70
7864	67
7865	69
7866	70
7867	61
7868	77
7869	66
7870	76
7871	70
7872	68
7873	97
7874	79
7875	70
7876	76
7877	66
7878	75
7879	76
7880	79
7881	75
7882	95
7883	98
7884	99
7885	79
7886	95
7887	76
7888	107
7889	59
7890	75
7891	93
7892	87
7893	82
7894	77
7895	94
7896	75
7897	101
7898	96
7899	109
7900	91
7901	95
7902	101
7903	88
7904	79
7905	95
7906	107
7907	90
7908	81
7909	68
7910	93
7911	107
7912	90
7913	65
7914	95
7915	97
7916	92
7917	91
7918	85
7919	103
7920	78
7921	76
7922	83
7923	74
7924	74
7925	62
7926	84
7927	62
7928	81
7929	57
7930	95
7931	69
7932	94
7933	92
7934	98
7935	86
7936	92
7937	82
7938	74
7939	72
7940	77
7941	89
7942	89
7943	81
7944	73
7945	80
7946	79
7947	77
7948	77
7949	83
7950	91
7951	82
7952	79
7953	65
7954	80
7955	71
7956	84
7957	106
7958	86
7959	91
7960	80
7961	74
7962	66
7963	75
7964	60
7965	97
7966	54
7967	61
7968	82
7969	75
7970	88
7971	98
7972	89
7973	72
7974	75
7975	65
7976	79
7977	62
7978	65
7979	74
7980	61
7981	59
7982	81
7983	57
7984	57
7985	64
7986	58
7987	52
7988	86
7989	75
7990	65
7991	95
7992	68
7993	64
7994	52
7995	72
7996	54
7997	66
7998	69
7999	57
8000	592452
