16	23
17	10
18	10
19	13
20	4
21	5
22	9
23	23
24	11
25	14
26	9
27	21
28	11
29	18
30	18
31	17
32	25
33	27
34	36
35	39
36	38
37	38
38	42
39	45
40	30
41	36
42	44
43	45
44	46
45	48
46	50
47	52
48	53
49	56
50	65
51	51
52	57
53	71
54	51
55	51
56	67
57	96
58	70
59	78
60	65
61	91
62	102
63	96
64	86
65	104
66	105
67	119
68	130
69	141
70	139
71	154
72	146
73	152
74	162
75	188
76	202
77	226
78	220
79	226
80	225
81	226
82	253
83	249
84	271
85	299
86	302
87	318
88	358
89	351
90	363
91	392
92	400
93	447
94	442
95	472
96	505
97	543
98	512
99	524
100	538
101	543
102	565
103	588
104	592
105	611
106	590
107	674
108	631
109	669
110	689
111	733
112	755
113	782
114	822
115	803
116	854
117	877
118	902
119	880
120	859
121	998
122	988
123	977
124	1068
125	1017
126	977
127	1007
128	982
129	986
130	990
131	1070
132	1148
133	1121
134	1174
135	1170
136	1146
137	1101
138	1226
139	1224
140	1256
141	1363
142	1421
143	1608
144	1798
145	2195
146	2953
147	4789
148	6537
149	11985
150	22212
