16	25
17	10
18	10
19	13
20	4
21	5
22	9
23	25
24	13
25	15
26	10
27	23
28	12
29	20
30	19
31	19
32	25
33	28
34	42
35	43
36	46
37	38
38	49
39	58
40	36
41	39
42	56
43	47
44	49
45	49
46	52
47	78
48	66
49	59
50	79
51	132
52	65
53	81
54	54
55	53
56	71
57	102
58	77
59	81
60	74
61	91
62	107
63	100
64	91
65	106
66	113
67	120
68	137
69	157
70	146
71	159
72	151
73	161
74	173
75	199
76	223
77	240
78	236
79	250
80	252
81	243
82	271
83	270
84	290
85	332
86	324
87	342
88	399
89	383
90	388
91	428
92	422
93	490
94	500
95	518
96	549
97	599
98	566
99	572
100	598
101	608
102	669
103	666
104	696
105	698
106	679
107	781
108	731
109	825
110	828
111	869
112	889
113	949
114	1059
115	1030
116	1082
117	1164
118	1119
119	1113
120	1088
121	1230
122	1236
123	1262
124	1373
125	1358
126	1365
127	1346
128	1341
129	1316
130	1367
131	1471
132	1503
133	1449
134	1563
135	1562
136	1540
137	1463
138	1674
139	1776
140	1898
141	1967
142	2049
143	2373
144	2669
145	3338
146	4591
147	7617
148	9664
149	20826
150	60571
