16	4
18	2
19	1
25	1
26	1
27	2
30	6
31	5
32	2
33	8
34	4
35	1
36	4
37	1
38	2
39	7
40	2
41	4
42	2
43	6
44	11
45	6
46	4
47	1
48	4
49	5
50	6
51	10
52	10
53	4
54	9
55	8
56	12
57	17
58	11
59	14
60	9
61	6
62	11
63	19
64	11
65	20
66	15
67	13
68	29
69	18
70	17
71	12
72	24
73	24
74	23
75	29
76	34
77	25
78	15
79	23
80	38
81	53
82	53
83	33
84	40
85	29
86	59
87	40
88	83
89	60
90	63
91	49
92	52
93	61
94	62
95	67
96	84
97	89
98	112
99	133
100	122
101	128
102	122
103	116
104	128
105	139
106	171
107	150
108	153
109	146
110	168
111	175
112	187
113	225
114	257
115	217
116	195
117	274
118	210
119	201
120	237
121	227
122	288
123	259
124	259
125	322
126	291
127	333
128	264
129	347
130	289
131	295
132	316
133	350
134	311
135	406
136	449
137	549
138	564
139	589
140	667
141	714
142	897
143	1121
144	1384
145	2081
146	3683
147	6418
148	8246
149	16764
150	55218
