16	4
18	2
19	1
25	1
26	1
27	2
30	6
31	5
32	2
33	8
34	4
35	1
36	4
37	1
38	2
39	7
40	2
41	4
42	2
43	4
44	11
45	6
46	4
47	1
48	3
49	3
50	6
51	8
52	9
53	4
54	9
55	8
56	12
57	14
58	10
59	12
60	9
61	6
62	9
63	17
64	10
65	20
66	13
67	13
68	28
69	17
70	16
71	10
72	19
73	20
74	20
75	28
76	26
77	20
78	14
79	18
80	30
81	44
82	43
83	29
84	33
85	23
86	51
87	31
88	51
89	46
90	55
91	38
92	38
93	49
94	52
95	51
96	65
97	69
98	79
99	95
100	83
101	89
102	76
103	89
104	76
105	91
106	102
107	107
108	104
109	92
110	108
111	118
112	121
113	129
114	155
115	135
116	125
117	147
118	115
119	135
120	154
121	138
122	154
123	158
124	168
125	190
126	164
127	163
128	167
129	215
130	175
131	169
132	196
133	209
134	197
135	252
136	246
137	289
138	317
139	345
140	382
141	358
142	458
143	554
144	689
145	949
146	1553
147	2605
148	3666
149	6143
150	10879
