0	0
1	0
2	0
3	0
4	0
5	0
6	0
7	0
8	0
9	0
10	0
11	0
12	0
13	0
14	0
15	2
16	0
17	1
18	0
19	1
20	0
21	0
22	0
23	1
24	5
25	3
26	4
27	10
28	3
29	4
30	6
31	4
32	3
33	4
34	8
35	13
36	15
37	14
38	17
39	10
40	12
41	12
42	21
43	25
44	30
45	35
46	18
47	41
48	24
49	24
50	35
51	47
52	25
53	41
54	32
55	43
56	37
57	38
58	38
59	38
60	52
61	50
62	42
63	52
64	73
65	69
66	49
67	78
68	60
69	86
70	89
71	89
72	83
73	90
74	89
75	115
76	105
77	109
78	127
79	132
80	156
81	128
82	171
83	209
84	170
85	211
86	159
87	194
88	211
89	178
90	204
91	226
92	186
93	217
94	243
95	263
96	254
97	325
98	266
99	261
100	304
101	278
102	244
103	305
104	313
105	291
106	338
107	316
108	359
109	387
110	298
111	367
112	323
113	311
114	342
115	377
116	339
117	329
118	344
119	311
120	297
121	337
122	339
123	343
124	371
125	259
126	302
127	354
128	347
129	328
130	395
131	427
132	345
133	357
134	355
135	366
136	354
137	391
138	311
139	408
140	366
141	334
142	306
143	287
144	384
145	298
146	292
147	319
148	341
149	360
150	394
151	393
152	356
153	387
154	416
155	320
156	361
157	355
158	289
159	403
160	398
161	349
162	417
163	435
164	243
165	365
166	315
167	350
168	404
169	359
170	315
171	395
172	356
173	412
174	312
175	369
176	347
177	408
178	324
179	280
180	289
181	318
182	380
183	367
184	408
185	372
186	389
187	352
188	415
189	359
190	347
191	377
192	372
193	289
194	369
195	390
196	349
197	289
198	320
199	300
200	246
201	278
202	207
203	191
204	302
205	235
206	312
207	284
208	346
209	354
210	274
211	258
212	267
213	379
214	308
215	300
216	309
217	352
218	308
219	266
220	257
221	289
222	253
223	249
224	280
225	313
226	166
227	290
228	202
229	248
230	189
231	236
232	195
233	247
234	359
235	208
236	252
237	264
238	243
239	247
240	247
241	192
242	141
243	234
244	214
245	247
246	213
247	250
248	247
249	288
250	245
251	296
252	244
253	269
254	332
255	326
256	318
257	233
258	257
259	319
260	278
261	341
262	300
263	306
264	368
265	341
266	350
267	318
268	352
269	287
270	365
271	334
272	353
273	291
274	260
275	278
276	321
277	278
278	337
279	340
280	338
281	359
282	396
283	308
284	329
285	356
286	298
287	361
288	325
289	303
290	367
291	336
292	325
293	329
294	345
295	265
296	312
297	313
298	395
299	346
300	306
301	333
302	311
303	290
304	331
305	370
306	299
307	344
308	303
309	236
310	304
311	313
312	316
313	313
314	316
315	310
316	312
317	354
318	293
319	297
320	325
321	328
322	351
323	305
324	333
325	305
326	354
327	384
328	305
329	308
330	325
331	292
332	319
333	285
334	277
335	307
336	356
337	263
338	332
339	288
340	364
341	303
342	306
343	223
344	241
345	264
346	319
347	289
348	308
349	319
350	262
351	266
352	316
353	295
354	257
355	275
356	293
357	242
358	276
359	257
360	276
361	266
362	320
363	297
364	299
365	274
366	304
367	337
368	276
369	321
370	298
371	344
372	346
373	335
374	327
375	321
376	304
377	262
378	352
379	311
380	269
381	328
382	350
383	361
384	365
385	334
386	330
387	325
388	364
389	359
390	367
391	319
392	340
393	383
394	293
395	245
396	298
397	278
398	310
399	325
400	312
401	333
402	343
403	308
404	350
405	311
406	349
407	309
408	307
409	331
410	345
411	326
412	364
413	314
414	346
415	340
416	357
417	328
418	357
419	375
420	403
421	447
422	399
423	391
424	352
425	340
426	316
427	318
428	332
429	275
430	306
431	302
432	317
433	306
434	261
435	366
436	326
437	307
438	309
439	267
440	332
441	344
442	292
443	328
444	354
445	337
446	307
447	258
448	279
449	276
450	270
451	292
452	285
453	277
454	268
455	294
456	251
457	280
458	189
459	244
460	252
461	255
462	229
463	228
464	234
465	215
466	245
467	189
468	192
469	246
470	225
471	208
472	195
473	221
474	213
475	235
476	245
477	218
478	202
479	180
480	225
481	215
482	233
483	256
484	156
485	168
486	190
487	227
488	226
489	242
490	180
491	188
492	214
493	226
494	190
495	234
496	177
497	189
498	189
499	226
500	202
501	185
502	145
503	181
504	226
505	209
506	239
507	305
508	183
509	174
510	154
511	164
512	158
513	182
514	215
515	205
516	152
517	174
518	161
519	175
520	178
521	224
522	197
523	199
524	233
525	201
526	154
527	146
528	130
529	144
530	171
531	153
532	185
533	145
534	149
535	127
536	173
537	152
538	156
539	149
540	146
541	143
542	166
543	118
544	171
545	126
546	143
547	135
548	175
549	146
550	144
551	136
552	127
553	126
554	172
555	108
556	102
557	98
558	111
559	124
560	111
561	114
562	147
563	122
564	116
565	115
566	99
567	113
568	117
569	108
570	96
571	123
572	67
573	90
574	84
575	83
576	95
577	93
578	98
579	73
580	88
581	70
582	84
583	82
584	71
585	88
586	51
