0	0
1	0
2	0
3	0
4	0
5	0
6	0
7	0
8	0
9	0
10	0
11	0
12	0
13	0
14	0
15	2
16	0
17	1
18	0
19	1
20	0
21	0
22	0
23	1
24	5
25	3
26	4
27	9
28	3
29	4
30	5
31	4
32	3
33	4
34	8
35	13
36	12
37	14
38	17
39	10
40	12
41	11
42	18
43	18
44	20
45	32
46	18
47	23
48	22
49	21
50	25
51	44
52	22
53	40
54	32
55	42
56	34
57	35
58	35
59	36
60	50
61	50
62	42
63	48
64	66
65	66
66	48
67	74
68	54
69	81
70	85
71	85
72	78
73	86
74	86
75	101
76	97
77	103
78	119
79	118
80	139
81	119
82	156
83	185
84	141
85	179
86	140
87	177
88	187
89	160
90	179
91	195
92	159
93	182
94	211
95	215
96	222
97	275
98	221
99	219
100	260
101	235
102	206
103	257
104	260
105	242
106	278
107	260
108	282
109	277
110	247
111	279
112	258
113	262
114	280
115	309
116	264
117	257
118	268
119	257
120	231
121	251
122	267
123	263
124	266
125	204
126	220
127	265
128	247
129	240
130	289
131	266
132	252
133	248
134	238
135	242
136	247
137	264
138	211
139	282
140	236
141	222
142	200
143	194
144	241
145	199
146	184
147	202
148	218
149	216
150	212
151	231
152	214
153	203
154	237
155	190
156	223
157	212
158	178
159	218
160	220
161	210
162	231
163	218
164	144
165	205
166	188
167	225
168	212
169	203
170	178
171	218
172	219
173	225
174	189
175	214
176	193
177	232
178	196
179	163
180	161
181	181
182	212
183	212
184	228
185	225
186	185
187	195
188	224
189	201
190	185
191	207
192	180
193	167
194	203
195	219
196	202
197	161
198	191
199	176
200	142
201	157
202	138
203	126
204	181
205	137
206	160
207	177
208	202
209	196
210	163
211	155
212	154
213	207
214	178
215	179
216	180
217	208
218	174
219	156
220	152
221	179
222	147
223	169
224	174
225	173
226	119
227	174
228	133
229	156
230	130
231	145
232	133
233	162
234	202
235	141
236	172
237	173
238	153
239	162
240	153
241	133
242	101
243	139
244	142
245	156
246	167
247	174
248	159
249	186
250	175
251	187
252	159
253	181
254	211
255	207
256	211
257	156
258	177
259	201
260	195
261	212
262	200
263	199
264	243
265	218
266	238
267	194
268	241
269	206
270	228
271	221
272	231
273	191
274	186
275	188
276	202
277	190
278	240
279	226
280	238
281	241
282	238
283	220
284	214
285	226
286	202
287	231
288	206
289	208
290	221
291	187
292	209
293	219
294	227
295	197
296	215
297	225
298	263
299	230
300	195
301	244
302	211
303	211
304	248
305	248
306	212
307	222
308	220
309	174
310	235
311	219
312	232
313	236
314	218
315	246
316	219
317	260
318	215
319	214
320	222
321	230
322	265
323	228
324	242
325	226
326	247
327	261
328	218
329	229
330	243
331	217
332	228
333	220
334	214
335	222
336	276
337	208
338	228
339	221
340	261
341	242
342	242
343	187
344	198
345	207
346	229
347	222
348	212
349	219
350	212
351	193
352	231
353	247
354	216
355	227
356	236
357	202
358	218
359	193
360	212
361	203
362	241
363	236
364	234
365	213
366	246
367	268
368	229
369	253
370	235
371	258
372	269
373	276
374	254
375	263
376	247
377	210
378	267
379	240
380	213
381	249
382	260
383	290
384	281
385	270
386	254
387	254
388	288
389	262
390	290
391	237
392	272
393	269
394	249
395	206
396	241
397	233
398	250
399	258
400	260
401	265
402	280
403	243
404	274
405	230
406	271
407	253
408	241
409	264
410	266
411	247
412	279
413	239
414	261
415	268
416	269
417	265
418	275
419	264
420	266
421	263
422	256
423	262
424	275
425	253
426	241
427	246
428	245
429	229
430	235
431	243
432	248
433	241
434	205
435	272
436	245
437	249
438	253
439	225
440	265
441	272
442	230
443	246
444	263
445	274
446	242
447	208
448	218
449	228
450	220
451	222
452	226
453	215
454	224
455	227
456	206
457	222
458	160
459	206
460	197
461	194
462	190
463	195
464	189
465	185
466	197
467	166
468	172
469	190
470	180
471	164
472	164
473	169
474	153
475	183
476	183
477	163
478	170
479	153
480	176
481	184
482	185
483	187
484	132
485	141
486	161
487	174
488	178
489	185
490	149
491	163
492	167
493	182
494	162
495	175
496	155
497	144
498	161
499	176
500	163
501	155
502	118
503	149
504	170
505	167
506	171
507	206
508	143
509	136
510	124
511	125
512	116
513	135
514	176
515	163
516	123
517	148
518	137
519	131
520	141
521	163
522	142
523	158
524	175
525	157
526	125
527	118
528	106
529	121
530	124
531	118
532	148
533	116
534	119
535	103
536	130
537	121
538	118
539	104
540	118
541	110
542	120
543	98
544	124
545	103
546	118
547	111
548	125
549	124
550	112
551	115
552	102
553	98
554	123
555	88
556	82
557	74
558	85
559	88
560	82
561	80
562	86
563	92
564	87
565	95
566	73
567	85
568	87
569	79
570	63
571	76
572	61
573	66
574	70
575	67
576	64
577	71
578	81
579	61
580	60
581	47
582	62
583	65
584	50
585	66
