0	0
1	0
2	0
3	0
4	0
5	0
6	0
7	0
8	0
9	0
10	0
11	0
12	0
13	0
14	7
15	9
16	23
17	18
18	13
19	9
20	10
21	15
22	14
23	7
24	17
25	17
26	24
27	24
28	31
29	59
30	73
31	88
32	141
33	179
34	196
35	209
36	262
37	304
38	397
39	409
40	456
41	549
42	574
43	645
44	719
45	824
46	876
47	1015
48	1072
49	1207
50	1280
51	1419
52	1507
53	1605
54	1688
55	1657
56	1848
57	1944
58	1930
59	2015
60	2182
61	2245
62	2329
63	2303
64	2460
65	2687
66	2827
67	2927
68	2938
69	3200
70	3382
71	3438
72	3434
73	3689
74	3783
75	3947
76	4065
77	4132
78	4300
79	4610
80	4717
81	4915
82	5167
83	5465
84	5287
85	6143
86	5686
87	5817
88	6146
89	6618
90	8336
91	6957
92	6975
93	7114
94	7279
95	7286
96	7547
97	7728
98	7768
99	7965
100	8401
101	8731
102	8651
103	8979
104	9164
105	9201
106	9549
107	9696
108	9624
109	9976
110	10020
111	10200
112	10263
113	10462
114	10306
115	10828
116	10787
117	10864
118	11095
119	11074
120	11058
121	11378
122	11572
123	11323
124	11474
125	11608
126	11464
127	11583
128	11746
129	11668
130	11901
131	11316
132	11969
133	11810
134	11812
135	11632
136	11737
137	11710
138	11610
139	11505
140	11574
141	11525
142	11411
143	11746
144	11535
145	10918
146	11604
147	13727
148	14701
149	14767
150	14837
151	14911
152	14645
153	14593
154	14533
155	14707
156	14661
157	14554
158	14346
159	14109
160	14036
161	14403
162	14018
163	14355
164	14227
165	14066
166	13387
167	13493
168	13421
169	12927
170	13086
171	13031
172	12827
173	12870
174	12788
175	13096
176	12649
177	12733
178	12837
179	12665
180	12494
181	12046
182	12304
183	11720
184	11613
185	11840
186	11564
187	11409
188	11404
189	11335
190	11148
191	11031
192	10878
193	10996
194	10964
195	10762
196	10843
197	10654
198	10417
199	10588
200	10389
201	10291
202	10139
203	10144
204	10098
205	10251
206	10076
207	9990
208	9778
209	9657
210	9389
211	9184
212	9231
213	9020
214	9031
215	9176
216	9082
217	8781
218	8779
219	8758
220	8562
221	8537
222	8272
223	8550
224	8617
225	8650
226	8407
227	8475
228	8345
229	7818
230	8020
231	7903
232	8073
233	8000
234	7770
235	7911
236	7724
237	7322
238	7551
239	7560
240	7224
241	7308
242	6947
243	6813
244	7031
245	6999
246	7138
247	7045
248	7035
249	6850
250	6922
251	6921
252	6859
253	6590
254	6663
255	6471
256	6603
257	6483
258	6406
259	6376
260	6252
261	6205
262	6186
263	6206
264	6201
265	6084
266	6085
267	6123
268	5770
269	5932
270	5809
271	5620
272	5888
273	5737
274	5538
275	5421
276	5516
277	5479
278	5569
279	5336
280	5239
281	5205
282	5094
283	5237
284	5183
285	5173
286	5127
287	4979
288	5053
289	4906
290	4865
291	4649
292	4727
293	4657
294	4493
295	4573
296	4586
297	4591
298	4569
299	4694
300	4544
301	4391
302	4298
303	4260
304	4371
305	4364
306	4249
307	4359
308	4264
309	4055
310	4145
311	4157
312	3976
313	4078
314	3866
315	3936
316	3891
317	3873
318	3820
319	3749
320	3695
321	3745
322	3763
323	3759
324	3690
325	3565
326	3636
327	3546
328	3587
329	3569
330	3593
331	3430
332	3649
333	3493
334	3478
335	3433
336	3172
337	3276
338	3313
339	3200
340	3264
341	3278
342	3234
343	3330
344	3282
345	3137
346	3082
347	3168
348	2973
349	2956
350	3145
351	3070
352	3031
353	2878
354	2838
355	2960
356	2886
357	2775
358	2846
359	2970
360	2742
361	2748
362	2672
363	2663
364	2643
365	2734
366	2734
367	2859
368	2783
369	2743
370	2754
371	2776
372	2641
373	2707
374	2497
375	2716
376	2665
377	2657
378	2425
379	2652
380	2476
381	2361
382	2397
383	2447
384	2416
385	2326
386	2293
387	2336
388	2325
389	2345
390	2303
391	2160
392	2262
393	2234
394	2243
395	2141
396	2215
397	2159
398	2123
399	2086
400	2043
401	1997
402	1996
403	2042
404	2092
405	2075
406	2037
407	1981
408	1966
409	2115
410	2009
411	1999
412	2101
413	2030
414	1914
415	1884
416	2025
417	1993
418	1996
419	1849
420	1860
421	1836
422	1852
423	1918
424	1874
425	1825
426	1817
427	1796
428	1877
429	1755
430	1762
431	1744
432	1717
433	1758
434	1717
435	1687
436	1661
437	1743
438	1604
439	1761
440	1628
441	1798
442	1663
443	1605
444	1706
445	1728
446	1751
447	1574
448	1695
449	1617
450	1695
451	1611
452	1682
453	1515
454	1549
455	1535
456	1581
457	1636
458	1671
459	1584
460	1560
461	1675
462	1621
463	1574
464	1466
465	1536
466	1475
467	1497
468	1520
469	1447
470	1524
471	1515
472	1400
473	1434
474	1443
475	1464
476	1588
477	1474
478	1392
479	1490
480	1519
481	1366
482	1410
483	1375
484	1384
485	1375
486	1363
487	1347
488	1453
489	1434
490	1357
491	1428
492	1423
493	1375
494	1417
495	1383
496	1383
497	1430
498	1385
499	1371
500	1372
501	1368
502	1330
503	1441
504	1432
505	1407
506	1359
507	1361
508	1385
509	1392
510	1317
511	1344
512	1291
513	1350
514	1320
515	1267
516	1304
517	1334
518	1236
519	1355
520	1233
521	1281
522	1401
523	1301
524	1404
525	1392
526	1253
527	1382
528	1394
529	1277
530	1276
531	1309
532	1328
533	1268
534	1238
535	1336
536	1236
537	1308
538	1222
539	1205
540	1289
541	1213
542	1264
543	1288
544	1211
545	1307
546	1338
547	1242
548	1225
549	1226
550	1184
551	1282
552	1246
553	1236
554	1216
555	1192
556	1179
557	1158
558	1322
559	1260
560	1094
561	1159
562	1126
563	1274
564	1251
565	1151
566	1270
567	1225
568	1211
569	1210
570	1149
571	1176
572	1150
573	1195
574	1147
575	1181
576	1180
577	1170
578	1137
579	1198
580	1214
581	1072
582	1142
583	1191
584	1177
585	1199
586	1129
587	1143
588	1178
589	1128
590	1077
591	1120
592	1155
593	1080
594	1118
595	1092
596	1196
597	1163
598	1032
599	1079
600	1129
601	1018
602	1004
603	1060
604	1044
605	965
606	1041
607	1079
608	1022
609	1118
610	1008
611	1058
612	1141
613	1095
614	1048
615	1130
616	1114
617	1060
618	1132
619	1085
620	1097
621	1058
622	1008
623	1061
624	1022
625	1027
626	986
627	1116
628	1085
629	1084
630	1073
631	1057
632	1026
633	1040
634	1096
635	1015
636	1080
637	1092
638	1046
639	1067
640	980
641	1044
642	1036
643	1048
644	1011
645	1022
646	981
647	891
648	1044
649	1021
650	967
651	998
652	976
653	1042
654	1020
655	1048
656	1015
657	915
658	826
659	1066
660	1019
661	990
662	1064
663	944
664	994
665	1041
666	955
667	993
668	982
669	997
670	985
671	1029
672	1043
673	1034
674	1033
675	1117
676	1013
677	943
678	1074
679	1065
680	972
681	1095
682	991
683	978
684	1068
685	1041
686	993
687	1038
688	1081
689	1098
690	1043
691	1030
692	1025
693	1002
694	955
695	940
696	938
697	965
698	995
699	1053
700	976
701	1039
702	1026
703	1023
704	991
705	1070
706	1068
707	969
708	1103
709	930
710	1028
711	992
712	1016
713	994
714	1062
715	1027
716	968
717	970
718	899
719	921
720	904
721	996
722	993
723	951
724	958
725	969
726	999
727	953
728	978
729	914
730	990
731	1002
732	1041
733	927
734	931
735	961
736	883
737	934
738	957
739	995
740	867
741	940
742	847
743	904
744	851
745	852
746	856
747	879
748	812
749	887
750	808
751	897
752	846
753	857
754	906
755	907
756	861
757	806
758	875
759	841
760	854
761	922
762	828
763	903
764	910
765	839
766	855
767	850
768	852
769	810
770	865
771	872
772	910
773	843
774	885
775	889
776	931
777	837
778	790
779	804
780	794
781	850
782	848
783	866
784	875
785	862
786	877
787	818
788	813
789	825
790	835
791	815
792	898
793	910
794	841
795	830
796	846
797	830
798	845
799	819
800	821
801	905
802	831
803	836
804	752
805	834
806	820
807	810
808	875
809	806
810	823
811	791
812	850
813	852
814	827
815	790
816	801
817	793
818	822
819	754
820	790
821	838
822	785
823	736
824	834
825	796
826	774
827	720
828	759
829	888
830	768
831	815
832	793
833	859
834	772
835	839
836	791
837	788
838	864
839	920
840	854
841	837
842	793
843	757
844	766
845	831
846	734
847	801
848	733
849	765
850	758
851	893
852	841
853	805
854	743
855	803
856	841
857	792
858	800
859	748
860	782
861	837
862	781
863	751
864	806
865	809
866	830
867	780
868	804
869	769
870	841
871	829
872	840
873	736
874	806
875	797
876	837
877	818
878	833
879	918
880	797
881	803
882	810
883	720
884	836
885	783
886	779
887	736
888	720
889	820
890	766
891	762
892	735
893	743
894	738
895	793
896	717
897	745
898	677
899	723
900	816
901	780
902	802
903	750
904	699
905	742
906	756
907	724
908	701
909	758
910	719
911	752
912	733
913	720
914	694
915	729
916	715
917	708
918	727
919	743
920	713
921	713
922	711
923	738
924	656
925	672
926	691
927	718
928	760
929	753
930	809
931	709
932	683
933	690
934	699
935	701
936	671
937	702
938	719
939	680
940	750
941	770
942	746
943	746
944	723
945	782
946	787
947	752
948	709
949	662
950	711
951	709
952	745
953	799
954	856
955	806
956	781
957	776
958	785
959	771
960	789
961	754
962	737
963	800
964	744
965	678
966	701
967	731
968	705
969	723
970	758
971	722
972	748
973	710
974	788
975	787
976	735
977	674
978	699
979	727
980	684
981	716
982	703
983	760
984	712
985	741
986	685
987	756
988	791
989	759
990	720
991	705
992	728
993	702
994	700
995	704
996	738
997	694
998	695
999	783
1000	791
1001	733
1002	683
1003	736
1004	794
1005	710
1006	670
1007	707
1008	751
1009	690
1010	695
1011	696
1012	751
1013	663
1014	700
1015	686
1016	686
1017	658
1018	700
1019	651
1020	617
1021	703
1022	720
1023	686
1024	618
1025	641
1026	648
1027	656
1028	742
1029	669
1030	703
1031	669
1032	685
1033	691
1034	663
1035	674
1036	648
1037	692
1038	648
1039	690
1040	618
1041	687
1042	673
1043	649
1044	611
1045	578
1046	624
1047	667
1048	623
1049	573
1050	643
1051	658
1052	632
1053	675
1054	704
1055	661
1056	680
1057	682
1058	650
1059	653
1060	606
1061	690
1062	630
1063	706
1064	613
1065	643
1066	639
1067	626
1068	665
1069	574
1070	603
1071	628
1072	657
1073	646
1074	635
1075	598
1076	635
1077	632
1078	635
1079	623
1080	576
1081	602
1082	638
1083	670
1084	600
1085	668
1086	633
1087	610
1088	616
1089	586
1090	602
1091	621
1092	647
1093	622
1094	638
1095	547
1096	567
1097	670
1098	570
1099	629
1100	635
1101	690
1102	601
1103	655
1104	675
1105	579
1106	625
1107	632
1108	648
1109	608
1110	632
1111	685
1112	632
1113	568
1114	611
1115	606
1116	607
1117	676
1118	586
1119	641
1120	649
1121	634
1122	662
1123	636
1124	672
1125	687
1126	659
1127	606
1128	641
1129	626
1130	648
1131	593
1132	624
1133	655
1134	662
1135	655
1136	650
1137	653
1138	682
1139	632
1140	647
1141	714
1142	693
1143	643
1144	678
1145	620
1146	665
1147	641
1148	632
1149	670
1150	696
1151	613
1152	677
1153	628
1154	665
1155	613
1156	633
1157	610
1158	621
1159	666
1160	652
1161	637
1162	661
1163	677
1164	668
1165	609
1166	653
1167	594
1168	642
1169	606
1170	658
1171	688
1172	677
1173	608
1174	621
1175	642
1176	630
1177	668
1178	590
1179	678
1180	669
1181	639
1182	667
1183	595
1184	678
1185	677
1186	615
1187	649
1188	630
1189	637
1190	687
1191	711
1192	639
1193	676
1194	706
1195	699
1196	649
1197	562
1198	652
1199	628
1200	639
1201	614
1202	613
1203	597
1204	632
1205	647
1206	662
1207	629
1208	597
1209	656
1210	653
1211	623
1212	617
1213	633
1214	635
1215	628
1216	676
1217	626
1218	598
1219	653
1220	546
1221	637
1222	619
1223	638
1224	578
1225	622
1226	623
1227	591
1228	599
1229	599
1230	560
1231	651
1232	527
1233	564
1234	620
1235	593
1236	543
1237	606
1238	579
1239	604
1240	541
1241	634
1242	586
1243	573
1244	591
1245	597
1246	573
1247	547
1248	578
1249	575
1250	597
1251	616
1252	625
1253	615
1254	681
1255	640
1256	668
1257	569
1258	616
1259	601
1260	600
1261	598
1262	572
1263	598
1264	619
1265	627
1266	586
1267	590
1268	624
1269	675
1270	643
1271	624
1272	646
1273	638
1274	573
1275	654
1276	545
1277	587
1278	609
1279	605
1280	561
1281	595
1282	552
1283	619
1284	603
1285	570
1286	600
1287	543
1288	617
1289	610
1290	656
1291	536
1292	642
1293	631
1294	631
1295	550
1296	580
1297	590
1298	596
1299	588
1300	582
1301	562
1302	599
1303	523
1304	608
1305	538
1306	661
1307	530
1308	592
1309	583
1310	647
1311	599
1312	558
1313	581
1314	594
1315	582
1316	578
1317	689
1318	590
1319	585
1320	635
1321	589
1322	579
1323	547
1324	518
1325	539
1326	527
1327	550
1328	558
1329	513
1330	571
1331	573
1332	485
1333	584
1334	499
1335	546
1336	501
1337	528
1338	542
1339	533
1340	538
1341	532
1342	527
1343	525
1344	547
1345	559
1346	498
1347	577
1348	564
1349	501
1350	499
1351	556
1352	462
1353	521
1354	460
1355	535
1356	559
1357	531
1358	533
1359	511
1360	573
1361	503
1362	536
1363	546
1364	621
1365	532
1366	554
1367	586
1368	536
1369	578
1370	556
1371	512
1372	562
1373	552
1374	484
1375	546
1376	533
1377	567
1378	511
1379	521
1380	509
1381	488
1382	503
1383	541
1384	539
1385	577
1386	604
1387	560
1388	513
1389	486
1390	482
1391	534
1392	499
1393	514
1394	516
1395	531
1396	492
1397	560
1398	589
1399	601
1400	504
1401	532
1402	592
1403	604
1404	545
1405	545
1406	538
1407	493
1408	488
1409	549
1410	548
1411	558
1412	521
1413	555
1414	530
1415	486
1416	495
1417	537
1418	594
1419	557
1420	562
1421	611
1422	552
1423	517
1424	517
1425	499
1426	537
1427	634
1428	560
1429	541
1430	526
1431	494
1432	521
1433	463
1434	478
1435	526
1436	485
1437	521
1438	536
1439	486
1440	482
1441	472
1442	537
1443	471
1444	474
1445	454
1446	473
1447	488
1448	510
1449	545
1450	539
1451	550
1452	545
1453	484
1454	538
1455	529
1456	532
1457	492
1458	581
1459	492
1460	541
1461	570
1462	518
1463	582
1464	531
1465	555
1466	530
1467	508
1468	589
1469	583
1470	514
1471	483
1472	523
1473	564
1474	531
1475	524
1476	513
1477	526
1478	562
1479	485
1480	520
1481	505
1482	500
1483	500
1484	523
1485	468
1486	498
1487	450
1488	535
1489	509
1490	551
1491	545
1492	467
1493	534
1494	522
1495	514
1496	539
1497	527
1498	532
1499	529
1500	532
1501	526
1502	514
1503	546
1504	517
1505	495
1506	550
1507	502
1508	573
1509	568
1510	575
1511	553
1512	519
1513	581
1514	560
1515	579
1516	526
1517	531
1518	519
1519	493
1520	540
1521	514
1522	561
1523	542
1524	617
1525	597
1526	520
1527	556
1528	536
1529	539
1530	614
1531	577
1532	512
1533	549
1534	523
1535	548
1536	618
1537	579
1538	561
1539	541
1540	562
1541	504
1542	532
1543	606
1544	582
1545	517
1546	589
1547	559
1548	507
1549	479
1550	538
1551	526
1552	485
1553	552
1554	533
1555	535
1556	489
1557	527
1558	572
1559	571
1560	550
1561	495
1562	503
1563	507
1564	569
1565	524
1566	546
1567	579
1568	499
1569	591
1570	580
1571	478
1572	582
1573	555
1574	502
1575	513
1576	545
1577	528
1578	622
1579	582
1580	583
1581	533
1582	580
1583	507
1584	587
1585	562
1586	563
1587	591
1588	585
1589	644
1590	550
1591	572
1592	569
1593	616
1594	608
1595	614
1596	528
1597	552
1598	506
1599	534
1600	560
1601	490
1602	518
1603	503
1604	568
1605	589
1606	521
1607	507
1608	557
1609	441
1610	507
1611	566
1612	541
1613	542
1614	528
1615	511
1616	478
1617	524
1618	483
1619	496
1620	486
1621	463
1622	534
1623	541
1624	515
1625	474
1626	528
1627	567
1628	512
1629	538
1630	536
1631	506
1632	468
1633	468
1634	490
1635	475
1636	463
1637	568
1638	440
1639	483
1640	518
1641	481
1642	483
1643	494
1644	521
1645	459
1646	528
1647	570
1648	491
1649	467
1650	465
1651	456
1652	438
1653	457
1654	444
1655	484
1656	494
1657	502
1658	500
1659	507
1660	520
1661	518
1662	503
1663	429
1664	457
1665	470
1666	545
1667	461
1668	456
1669	482
1670	478
1671	480
1672	447
1673	444
1674	545
1675	505
1676	469
1677	531
1678	478
1679	474
1680	452
1681	579
1682	481
1683	491
1684	470
1685	523
1686	461
1687	516
1688	521
1689	487
1690	531
1691	531
1692	548
1693	483
1694	455
1695	490
1696	507
1697	496
1698	572
1699	508
1700	515
1701	500
1702	505
1703	459
1704	502
1705	476
1706	496
1707	496
1708	527
1709	503
1710	506
1711	498
1712	513
1713	558
1714	556
1715	511
1716	548
1717	558
1718	531
1719	497
1720	532
1721	483
1722	501
1723	522
1724	593
1725	433
1726	470
1727	449
1728	442
1729	414
1730	532
1731	466
1732	539
1733	524
1734	540
1735	540
1736	589
1737	546
1738	507
1739	484
1740	511
1741	529
1742	548
1743	478
1744	482
1745	507
1746	478
1747	514
1748	460
1749	416
1750	435
1751	414
1752	496
1753	475
1754	412
1755	430
1756	423
1757	457
1758	479
1759	501
1760	419
1761	489
1762	426
1763	503
1764	503
1765	412
1766	509
1767	476
1768	426
1769	403
1770	422
1771	452
1772	425
1773	448
1774	485
1775	451
1776	510
1777	464
1778	470
1779	470
1780	455
1781	470
1782	462
1783	437
1784	464
1785	456
1786	435
1787	444
1788	416
1789	386
1790	397
1791	484
1792	410
1793	447
1794	466
1795	424
1796	465
1797	472
1798	439
1799	426
1800	428
1801	503
1802	438
1803	418
1804	435
1805	426
1806	419
1807	386
1808	468
1809	435
1810	432
1811	430
1812	432
1813	426
1814	434
1815	425
1816	391
1817	379
1818	384
1819	420
1820	410
1821	386
1822	356
1823	400
1824	461
1825	418
1826	448
1827	436
1828	404
1829	399
1830	373
1831	365
1832	436
1833	406
1834	394
1835	405
1836	438
1837	436
1838	378
1839	401
1840	449
1841	404
1842	371
1843	433
1844	393
1845	365
1846	408
1847	356
1848	393
1849	395
1850	426
1851	395
1852	355
1853	382
1854	404
1855	465
1856	427
1857	457
1858	438
1859	431
1860	384
1861	385
1862	390
1863	416
1864	438
1865	414
1866	432
1867	374
1868	387
1869	369
1870	354
1871	361
1872	403
1873	445
1874	419
1875	472
1876	414
1877	432
1878	387
1879	392
1880	385
1881	429
1882	420
1883	377
1884	384
1885	426
1886	422
1887	404
1888	378
1889	467
1890	428
1891	444
1892	382
1893	410
1894	445
1895	408
1896	391
1897	436
1898	416
1899	459
1900	391
1901	362
1902	352
1903	387
1904	392
1905	416
1906	413
1907	442
1908	408
1909	396
1910	407
1911	421
1912	417
1913	383
1914	395
1915	448
1916	413
1917	387
1918	412
1919	401
1920	381
1921	421
1922	406
1923	408
1924	411
1925	400
1926	498
1927	387
1928	392
1929	400
1930	416
1931	326
1932	363
1933	340
1934	396
1935	365
1936	415
1937	409
1938	408
1939	432
1940	437
1941	408
1942	381
1943	400
1944	372
1945	376
1946	381
1947	365
1948	393
1949	411
1950	420
1951	458
1952	431
1953	391
1954	457
1955	398
1956	426
1957	397
1958	392
1959	411
1960	384
1961	423
1962	443
1963	454
1964	458
1965	425
1966	449
1967	398
1968	437
1969	494
1970	460
1971	386
1972	400
1973	450
1974	426
1975	403
1976	431
1977	420
1978	338
1979	434
1980	373
1981	400
1982	431
1983	428
1984	451
1985	391
1986	449
1987	424
1988	421
1989	367
1990	390
1991	432
1992	446
1993	414
1994	405
1995	442
1996	454
1997	389
1998	351
1999	391
2000	439
2001	424
2002	408
2003	394
2004	408
2005	429
2006	471
2007	438
2008	508
2009	483
2010	468
2011	465
2012	472
2013	417
2014	431
2015	395
2016	422
2017	415
2018	363
2019	450
2020	415
2021	409
2022	436
2023	445
2024	439
2025	361
2026	403
2027	437
2028	413
2029	412
2030	397
2031	402
2032	414
2033	419
2034	396
2035	431
2036	425
2037	456
2038	440
2039	444
2040	452
2041	439
2042	401
2043	416
2044	389
2045	373
2046	429
2047	431
2048	378
2049	389
2050	430
2051	402
2052	440
2053	487
2054	431
2055	433
2056	414
2057	423
2058	428
2059	388
2060	383
2061	415
2062	441
2063	444
2064	390
2065	359
2066	431
2067	393
2068	413
2069	413
2070	397
2071	395
2072	400
2073	419
2074	416
2075	441
2076	388
2077	445
2078	387
2079	372
2080	393
2081	369
2082	397
2083	382
2084	363
2085	407
2086	400
2087	415
2088	373
2089	385
2090	431
2091	411
2092	407
2093	391
2094	381
2095	410
2096	387
2097	362
2098	400
2099	356
2100	425
2101	371
2102	466
2103	446
2104	449
2105	360
2106	394
2107	442
2108	396
2109	413
2110	393
2111	354
2112	362
2113	380
2114	409
2115	372
2116	372
2117	362
2118	343
2119	392
2120	415
2121	400
2122	409
2123	402
2124	357
2125	374
2126	372
2127	370
2128	376
2129	328
2130	349
2131	362
2132	357
2133	358
2134	405
2135	368
2136	368
2137	339
2138	348
2139	375
2140	353
2141	363
2142	385
2143	335
2144	372
2145	350
2146	303
2147	364
2148	353
2149	362
2150	322
2151	349
2152	325
2153	361
2154	351
2155	383
2156	396
2157	341
2158	350
2159	320
2160	326
2161	358
2162	371
2163	338
2164	372
2165	333
2166	320
2167	311
2168	319
2169	367
2170	320
2171	402
2172	392
2173	350
2174	392
2175	362
2176	380
2177	390
2178	389
2179	392
2180	368
2181	387
2182	345
2183	356
2184	402
2185	326
2186	322
2187	328
2188	380
2189	340
2190	312
2191	409
2192	367
2193	346
2194	402
2195	380
2196	359
2197	308
2198	382
2199	427
2200	368
2201	375
2202	393
2203	376
2204	406
2205	385
2206	364
2207	363
2208	434
2209	388
2210	383
2211	321
2212	371
2213	350
2214	316
2215	395
2216	389
2217	418
2218	349
2219	441
2220	397
2221	436
2222	381
2223	400
2224	392
2225	423
2226	384
2227	361
2228	371
2229	419
2230	413
2231	381
2232	389
2233	440
2234	370
2235	361
2236	408
2237	395
2238	438
2239	359
2240	418
2241	382
2242	412
2243	389
2244	424
2245	443
2246	400
2247	452
2248	407
2249	432
2250	446
2251	414
2252	404
2253	419
2254	415
2255	400
2256	401
2257	383
2258	394
2259	426
2260	436
2261	375
2262	369
2263	418
2264	438
2265	450
2266	400
2267	405
2268	419
2269	389
2270	409
2271	391
2272	396
2273	412
2274	406
2275	414
2276	390
2277	356
2278	429
2279	403
2280	431
2281	371
2282	386
2283	356
2284	389
2285	429
2286	387
2287	387
2288	397
2289	377
2290	391
2291	354
2292	385
2293	434
2294	378
2295	416
2296	464
2297	408
2298	369
2299	388
2300	399
2301	386
2302	379
2303	394
2304	382
2305	354
2306	398
2307	426
2308	393
2309	423
2310	418
2311	409
2312	397
2313	369
2314	398
2315	389
2316	397
2317	355
2318	392
2319	395
2320	415
2321	452
2322	405
2323	360
2324	348
2325	391
2326	358
2327	379
2328	415
2329	306
2330	347
2331	397
2332	370
2333	337
2334	379
2335	328
2336	362
2337	431
2338	355
2339	333
2340	331
2341	312
2342	326
2343	329
2344	301
2345	353
2346	330
2347	335
2348	362
2349	372
2350	315
2351	383
2352	353
2353	350
2354	348
2355	335
2356	318
2357	339
2358	381
2359	383
2360	392
2361	362
2362	398
2363	377
2364	413
2365	370
2366	358
2367	342
2368	374
2369	385
2370	292
2371	325
2372	336
2373	353
2374	324
2375	317
2376	265
2377	303
2378	305
2379	298
2380	365
2381	346
2382	373
2383	392
2384	330
2385	388
2386	398
2387	380
2388	389
2389	354
2390	426
2391	390
2392	406
2393	349
2394	372
2395	350
2396	401
2397	366
2398	360
2399	326
2400	335
2401	347
2402	340
2403	322
2404	391
2405	359
2406	362
2407	333
2408	330
2409	304
2410	374
2411	356
2412	353
2413	321
2414	334
2415	369
2416	265
2417	366
2418	358
2419	373
2420	367
2421	373
2422	373
2423	371
2424	382
2425	361
2426	354
2427	375
2428	385
2429	358
2430	315
2431	314
2432	368
2433	382
2434	337
2435	395
2436	378
2437	342
2438	353
2439	384
2440	352
2441	355
2442	322
2443	382
2444	412
2445	391
2446	366
2447	367
2448	392
2449	304
2450	311
2451	323
2452	319
2453	345
2454	319
2455	329
2456	366
2457	358
2458	347
2459	367
2460	348
2461	371
2462	353
2463	360
2464	353
2465	395
2466	390
2467	397
2468	399
2469	388
2470	394
2471	392
2472	374
2473	433
2474	412
2475	377
2476	418
2477	331
2478	340
2479	340
2480	366
2481	321
2482	346
2483	342
2484	372
2485	373
2486	336
2487	391
2488	345
2489	366
2490	359
2491	362
2492	315
2493	362
2494	306
2495	346
2496	363
2497	362
2498	353
2499	364
2500	353
2501	356
2502	361
2503	385
2504	357
2505	348
2506	347
2507	368
2508	343
2509	361
2510	347
2511	364
2512	329
2513	360
2514	319
2515	339
2516	362
2517	372
2518	336
2519	313
2520	381
2521	329
2522	344
2523	339
2524	347
2525	357
2526	312
2527	281
2528	308
2529	276
2530	320
2531	340
2532	330
2533	358
2534	343
2535	344
2536	332
2537	323
2538	329
2539	305
2540	378
2541	348
2542	353
2543	355
2544	280
2545	316
2546	348
2547	276
2548	316
2549	290
2550	302
2551	296
2552	296
2553	303
2554	289
2555	297
2556	290
2557	320
2558	288
2559	351
2560	283
2561	305
2562	298
2563	295
2564	306
2565	352
2566	272
2567	317
2568	321
2569	267
2570	324
2571	255
2572	303
2573	318
2574	323
2575	306
2576	296
2577	267
2578	275
2579	280
2580	362
2581	264
2582	275
2583	270
2584	288
2585	293
2586	291
2587	321
2588	280
2589	338
2590	310
2591	286
2592	328
2593	297
2594	279
2595	306
2596	312
2597	323
2598	269
2599	316
2600	310
2601	292
2602	291
2603	302
2604	279
2605	276
2606	268
2607	300
2608	316
2609	315
2610	345
2611	303
2612	287
2613	299
2614	328
2615	313
2616	294
2617	278
2618	296
2619	314
2620	301
2621	244
2622	315
2623	329
2624	313
2625	280
2626	267
2627	311
2628	283
2629	310
2630	289
2631	286
2632	274
2633	253
2634	288
2635	301
2636	263
2637	288
2638	288
2639	299
2640	333
2641	321
2642	310
2643	287
2644	336
2645	320
2646	318
2647	317
2648	303
2649	318
2650	282
2651	336
2652	306
2653	315
2654	266
2655	328
2656	322
2657	366
2658	274
2659	282
2660	304
2661	327
2662	304
2663	282
2664	308
2665	323
2666	312
2667	276
2668	306
2669	321
2670	268
2671	312
2672	283
2673	315
2674	294
2675	288
2676	296
2677	248
2678	298
2679	290
2680	330
2681	347
2682	326
2683	238
2684	290
2685	297
2686	316
2687	275
2688	284
2689	285
2690	248
2691	308
2692	283
2693	270
2694	308
2695	292
2696	329
2697	258
2698	350
2699	303
2700	314
2701	338
2702	339
2703	275
2704	267
2705	309
2706	290
2707	328
2708	292
2709	270
2710	326
2711	307
2712	314
2713	299
2714	331
2715	297
2716	314
2717	287
2718	293
2719	323
2720	280
2721	323
2722	331
2723	284
2724	299
2725	295
2726	256
2727	292
2728	295
2729	309
2730	299
2731	284
2732	234
2733	287
2734	275
2735	266
2736	262
2737	265
2738	273
2739	317
2740	313
2741	318
2742	298
2743	322
2744	326
2745	303
2746	299
2747	293
2748	326
2749	287
2750	311
2751	334
2752	277
2753	319
2754	305
2755	298
2756	349
2757	329
2758	301
2759	312
2760	295
2761	286
2762	294
2763	330
2764	354
2765	265
2766	318
2767	324
2768	332
2769	340
2770	282
2771	270
2772	309
2773	312
2774	287
2775	280
2776	291
2777	234
2778	269
2779	261
2780	309
2781	281
2782	287
2783	301
2784	330
2785	307
2786	296
2787	302
2788	310
2789	289
2790	300
2791	297
2792	274
2793	300
2794	300
2795	295
2796	303
2797	333
2798	286
2799	317
2800	281
2801	305
2802	271
2803	275
2804	287
2805	295
2806	316
2807	296
2808	317
2809	299
2810	299
2811	268
2812	270
2813	263
2814	239
2815	283
2816	323
2817	286
2818	286
2819	255
2820	248
2821	273
2822	287
2823	269
2824	259
2825	317
2826	289
2827	301
2828	270
2829	278
2830	256
2831	288
2832	267
2833	268
2834	300
2835	264
2836	291
2837	270
2838	268
2839	261
2840	288
2841	285
2842	264
2843	257
2844	310
2845	248
2846	296
2847	284
2848	282
2849	292
2850	245
2851	242
2852	240
2853	261
2854	272
2855	282
2856	257
2857	255
2858	278
2859	272
2860	229
2861	264
2862	277
2863	245
2864	258
2865	256
2866	289
2867	285
2868	253
2869	224
2870	244
2871	259
2872	289
2873	230
2874	238
2875	263
2876	240
2877	240
2878	253
2879	236
2880	261
2881	277
2882	285
2883	258
2884	267
2885	294
2886	282
2887	248
2888	279
2889	286
2890	266
2891	260
2892	270
2893	280
2894	245
2895	271
2896	245
2897	281
2898	251
2899	261
2900	265
2901	247
2902	256
2903	235
2904	236
2905	273
2906	279
2907	256
2908	267
2909	223
2910	227
2911	267
2912	265
2913	267
2914	244
2915	218
2916	227
2917	252
2918	262
2919	244
2920	278
2921	221
2922	227
2923	218
2924	223
2925	227
2926	203
2927	243
2928	217
2929	229
2930	201
2931	227
2932	226
2933	257
2934	221
2935	214
2936	257
2937	257
2938	232
2939	240
2940	210
2941	209
2942	227
2943	263
2944	214
2945	187
2946	251
2947	210
2948	213
2949	231
2950	247
2951	220
2952	245
2953	255
2954	263
2955	242
2956	242
2957	252
2958	236
2959	224
2960	269
2961	265
2962	244
2963	233
2964	201
2965	210
2966	205
2967	238
2968	218
2969	203
2970	226
2971	270
2972	228
2973	243
2974	229
2975	232
2976	250
2977	247
2978	241
2979	240
2980	222
2981	249
2982	219
2983	227
2984	226
2985	263
2986	257
2987	224
2988	219
2989	235
2990	254
2991	258
2992	280
2993	255
2994	225
2995	220
2996	221
2997	243
2998	246
2999	262
3000	290
3001	278
3002	247
3003	257
3004	257
3005	229
3006	257
3007	310
3008	233
3009	262
3010	257
3011	262
3012	322
3013	275
3014	231
3015	261
3016	261
3017	266
3018	241
3019	239
3020	245
3021	218
3022	307
3023	224
3024	250
3025	287
3026	243
3027	320
3028	257
3029	247
3030	254
3031	264
3032	257
3033	224
3034	236
3035	263
3036	265
3037	256
3038	238
3039	255
3040	229
3041	284
3042	277
3043	263
3044	240
3045	266
3046	242
3047	287
3048	294
3049	280
3050	260
3051	293
3052	252
3053	259
3054	292
3055	267
3056	253
3057	278
3058	244
3059	269
3060	318
3061	225
3062	263
3063	265
3064	282
3065	263
3066	315
3067	307
3068	277
3069	259
3070	260
3071	288
3072	284
3073	259
3074	252
3075	262
3076	247
3077	270
3078	275
3079	272
3080	282
3081	283
3082	276
3083	305
3084	251
3085	247
3086	250
3087	262
3088	276
3089	274
3090	246
3091	224
3092	230
3093	224
3094	269
3095	227
3096	229
3097	236
3098	250
3099	237
3100	301
3101	263
3102	318
3103	284
3104	315
3105	311
3106	267
3107	260
3108	254
3109	256
3110	255
3111	208
3112	271
3113	229
3114	241
3115	240
3116	239
3117	188
3118	219
3119	235
3120	248
3121	222
3122	240
3123	275
3124	276
3125	274
3126	272
3127	268
3128	217
3129	223
3130	187
3131	208
3132	201
3133	251
3134	212
3135	234
3136	230
3137	282
3138	227
3139	222
3140	224
3141	224
3142	214
3143	236
3144	216
3145	261
3146	280
3147	222
3148	251
3149	271
3150	260
3151	261
3152	219
3153	252
3154	277
3155	233
3156	266
3157	218
3158	261
3159	269
3160	272
3161	242
3162	245
3163	224
3164	215
3165	217
3166	192
3167	203
3168	215
3169	198
3170	210
3171	259
3172	258
3173	247
3174	268
3175	283
3176	248
3177	255
3178	239
3179	227
3180	214
3181	237
3182	248
3183	248
3184	268
3185	209
3186	252
3187	262
3188	268
3189	288
3190	281
3191	280
3192	221
3193	215
3194	243
3195	249
3196	206
3197	218
3198	218
3199	219
3200	242
3201	237
3202	276
3203	232
3204	236
3205	200
3206	244
3207	247
3208	268
3209	249
3210	264
3211	251
3212	264
3213	246
3214	225
3215	276
3216	252
3217	265
3218	234
3219	232
3220	265
3221	230
3222	243
3223	221
3224	288
3225	242
3226	236
3227	229
3228	234
3229	277
3230	253
3231	242
3232	263
3233	284
3234	261
3235	233
3236	225
3237	242
3238	294
3239	243
3240	224
3241	254
3242	265
3243	254
3244	270
3245	288
3246	271
3247	253
3248	276
3249	268
3250	272
3251	310
3252	262
3253	272
3254	309
3255	279
3256	301
3257	282
3258	216
3259	266
3260	263
3261	262
3262	269
3263	280
3264	264
3265	234
3266	239
3267	253
3268	278
3269	251
3270	260
3271	246
3272	257
3273	322
3274	286
3275	264
3276	264
3277	257
3278	321
3279	315
3280	279
3281	287
3282	312
3283	275
3284	298
3285	282
3286	342
3287	283
3288	285
3289	320
3290	256
3291	260
3292	282
3293	274
3294	251
3295	265
3296	260
3297	274
3298	309
3299	279
3300	274
3301	303
3302	260
3303	300
3304	231
3305	292
3306	338
3307	326
3308	271
3309	276
3310	289
3311	287
3312	344
3313	271
3314	258
3315	262
3316	294
3317	299
3318	266
3319	305
3320	261
3321	278
3322	313
3323	266
3324	328
3325	263
3326	278
3327	287
3328	311
3329	306
3330	303
3331	324
3332	298
3333	282
3334	289
3335	340
3336	318
3337	297
3338	327
3339	315
3340	313
3341	313
3342	301
3343	303
3344	286
3345	294
3346	266
3347	256
3348	255
3349	258
3350	287
3351	265
3352	292
3353	234
3354	243
3355	272
3356	232
3357	227
3358	229
3359	233
3360	225
3361	260
3362	245
3363	256
3364	246
3365	252
3366	274
3367	297
3368	261
3369	215
3370	256
3371	266
3372	235
3373	241
3374	196
3375	211
3376	236
3377	209
3378	296
3379	282
3380	241
3381	251
3382	216
3383	249
3384	214
3385	213
3386	215
3387	188
3388	204
3389	248
3390	199
3391	235
3392	233
3393	263
3394	226
3395	214
3396	226
3397	268
3398	240
3399	227
3400	207
3401	216
3402	247
3403	224
3404	224
3405	236
3406	205
3407	216
3408	276
3409	206
3410	206
3411	224
3412	213
3413	231
3414	218
3415	272
3416	212
3417	242
3418	228
3419	207
3420	200
3421	195
3422	188
3423	185
3424	235
3425	213
3426	236
3427	215
3428	209
3429	208
3430	236
3431	265
3432	222
3433	215
3434	260
3435	260
3436	226
3437	221
3438	220
3439	210
3440	220
3441	243
3442	215
3443	268
3444	243
3445	245
3446	245
3447	275
3448	274
3449	268
3450	279
3451	211
3452	236
3453	221
3454	242
3455	247
3456	254
3457	222
3458	253
3459	244
3460	281
3461	250
3462	239
3463	208
3464	232
3465	241
3466	213
3467	233
3468	242
3469	221
3470	225
3471	234
3472	260
3473	207
3474	196
3475	207
3476	199
3477	202
3478	250
3479	223
3480	253
3481	208
3482	231
3483	223
3484	215
3485	206
3486	222
3487	216
3488	199
3489	217
3490	232
3491	249
3492	240
3493	223
3494	267
3495	220
3496	240
3497	246
3498	192
3499	199
3500	185
3501	220
3502	238
3503	214
3504	206
3505	203
3506	213
3507	201
3508	189
3509	226
3510	223
3511	221
3512	208
3513	239
3514	177
3515	219
3516	209
3517	221
3518	210
3519	248
3520	212
3521	212
3522	240
3523	249
3524	203
3525	228
3526	225
3527	247
3528	194
3529	236
3530	206
3531	221
3532	175
3533	221
3534	243
3535	205
3536	242
3537	202
3538	202
3539	200
3540	161
3541	184
3542	235
3543	194
3544	235
3545	220
3546	250
3547	254
3548	232
3549	224
3550	223
3551	225
3552	256
3553	185
3554	180
3555	181
3556	178
3557	195
3558	157
3559	197
3560	227
3561	214
3562	207
3563	236
3564	231
3565	219
3566	250
3567	245
3568	218
3569	237
3570	207
3571	213
3572	171
3573	172
3574	182
3575	216
3576	172
3577	193
3578	178
3579	184
3580	185
3581	196
3582	174
3583	216
3584	226
3585	173
3586	198
3587	206
3588	217
3589	199
3590	216
3591	154
3592	168
3593	166
3594	178
3595	195
3596	233
3597	190
3598	220
3599	193
3600	206
3601	223
3602	231
3603	206
3604	192
3605	217
3606	219
3607	213
3608	205
3609	239
3610	253
3611	252
3612	210
3613	244
3614	179
3615	226
3616	249
3617	229
3618	225
3619	217
3620	212
3621	226
3622	246
3623	232
3624	228
3625	258
3626	216
3627	198
3628	187
3629	188
3630	200
3631	199
3632	203
3633	236
3634	234
3635	234
3636	222
3637	228
3638	216
3639	224
3640	205
3641	204
3642	237
3643	213
3644	227
3645	225
3646	217
3647	222
3648	209
3649	240
3650	233
3651	237
3652	244
3653	254
3654	240
3655	250
3656	212
3657	191
3658	240
3659	246
3660	228
3661	223
3662	250
3663	219
3664	203
3665	222
3666	197
3667	188
3668	196
3669	177
3670	203
3671	214
3672	237
3673	216
3674	226
3675	229
3676	215
3677	204
3678	181
3679	178
3680	190
3681	186
3682	176
3683	195
3684	202
3685	222
3686	198
3687	185
3688	202
3689	183
3690	178
3691	210
3692	197
3693	218
3694	222
3695	208
3696	207
3697	202
3698	182
3699	197
3700	231
3701	194
3702	192
3703	220
3704	224
3705	208
3706	202
3707	184
3708	203
3709	222
3710	236
3711	193
3712	233
3713	211
3714	230
3715	246
3716	230
3717	220
3718	204
3719	233
3720	208
3721	187
3722	165
3723	174
3724	187
3725	196
3726	185
3727	188
3728	175
3729	183
3730	238
3731	195
3732	237
3733	194
3734	194
3735	222
3736	239
3737	220
3738	188
3739	224
3740	196
3741	179
3742	174
3743	164
3744	193
3745	197
3746	207
3747	171
3748	222
3749	215
3750	204
3751	223
3752	219
3753	213
3754	198
3755	183
3756	212
3757	224
3758	188
3759	206
3760	199
3761	179
3762	204
3763	195
3764	184
3765	198
3766	213
3767	166
3768	208
3769	198
3770	200
3771	227
3772	199
3773	174
3774	210
3775	209
3776	193
3777	209
3778	219
3779	181
3780	174
3781	222
3782	187
3783	231
3784	201
3785	196
3786	202
3787	208
3788	196
3789	207
3790	185
3791	176
3792	132
3793	207
3794	178
3795	174
3796	177
3797	204
3798	197
3799	181
3800	167
3801	171
3802	200
3803	219
3804	203
3805	204
3806	191
3807	192
3808	197
3809	196
3810	210
3811	190
3812	199
3813	158
3814	152
3815	223
3816	181
3817	187
3818	205
3819	216
3820	212
3821	217
3822	200
3823	194
3824	178
3825	179
3826	188
3827	177
3828	198
3829	196
3830	253
3831	223
3832	186
3833	202
3834	201
3835	210
3836	203
3837	149
3838	154
3839	172
3840	166
3841	199
3842	202
3843	163
3844	165
3845	185
3846	180
3847	195
3848	172
3849	178
3850	224
3851	148
3852	195
3853	201
3854	180
3855	222
3856	217
3857	187
3858	195
3859	213
3860	201
3861	175
3862	222
3863	204
3864	176
3865	189
3866	178
3867	157
3868	182
3869	175
3870	163
3871	171
3872	180
3873	203
3874	225
3875	171
3876	193
3877	212
3878	198
3879	195
3880	214
3881	214
3882	212
3883	194
3884	174
3885	175
3886	171
3887	184
3888	202
3889	213
3890	211
3891	203
3892	213
3893	186
3894	243
3895	222
3896	205
3897	218
3898	190
3899	215
3900	193
3901	167
3902	247
3903	231
3904	218
3905	248
3906	190
3907	225
3908	195
3909	202
3910	232
3911	187
3912	193
3913	236
3914	239
3915	220
3916	229
3917	240
3918	251
3919	269
3920	231
3921	203
3922	201
3923	243
3924	222
3925	235
3926	233
3927	238
3928	216
3929	220
3930	242
3931	205
3932	199
3933	188
3934	220
3935	250
3936	252
3937	230
3938	223
3939	180
3940	251
3941	224
3942	243
3943	252
3944	210
3945	204
3946	257
3947	225
3948	277
3949	236
3950	245
3951	246
3952	217
3953	239
3954	223
3955	238
3956	267
3957	200
3958	199
3959	214
3960	207
3961	210
3962	189
3963	204
3964	204
3965	171
3966	197
3967	221
3968	209
3969	198
3970	198
3971	194
3972	223
3973	193
3974	226
3975	214
3976	229
3977	225
3978	216
3979	203
3980	222
3981	226
3982	188
3983	226
3984	193
3985	186
3986	174
3987	199
3988	204
3989	237
3990	251
3991	246
3992	233
3993	235
3994	199
3995	204
3996	201
3997	210
3998	192
3999	159
4000	167
4001	190
4002	191
4003	188
4004	203
4005	225
4006	232
4007	211
4008	209
4009	220
4010	190
4011	161
4012	175
4013	180
4014	193
4015	183
4016	215
4017	204
4018	192
4019	213
4020	211
4021	206
4022	192
4023	198
4024	220
4025	237
4026	206
4027	200
4028	196
4029	228
4030	245
4031	207
4032	259
4033	222
4034	209
4035	211
4036	241
4037	246
4038	231
4039	250
4040	238
4041	194
4042	220
4043	181
4044	179
4045	201
4046	199
4047	208
4048	226
4049	206
4050	222
4051	227
4052	241
4053	205
4054	229
4055	229
4056	230
4057	225
4058	219
4059	181
4060	195
4061	188
4062	195
4063	194
4064	254
4065	242
4066	262
4067	235
4068	248
4069	212
4070	227
4071	210
4072	224
4073	200
4074	195
4075	233
4076	186
4077	205
4078	215
4079	227
4080	213
4081	217
4082	209
4083	193
4084	209
4085	200
4086	216
4087	225
4088	201
4089	220
4090	218
4091	240
4092	217
4093	260
4094	225
4095	260
4096	220
4097	226
4098	222
4099	223
4100	220
4101	207
4102	229
4103	233
4104	201
4105	266
4106	225
4107	227
4108	221
4109	208
4110	178
4111	174
4112	240
4113	243
4114	235
4115	220
4116	241
4117	199
4118	191
4119	257
4120	206
4121	209
4122	200
4123	168
4124	203
4125	194
4126	166
4127	194
4128	164
4129	205
4130	204
4131	192
4132	231
4133	166
4134	203
4135	230
4136	205
4137	165
4138	166
4139	168
4140	213
4141	206
4142	195
4143	179
4144	222
4145	223
4146	196
4147	202
4148	179
4149	189
4150	196
4151	180
4152	168
4153	190
4154	158
4155	185
4156	168
4157	192
4158	170
4159	155
4160	182
4161	179
4162	162
4163	209
4164	166
4165	131
4166	180
4167	172
4168	168
4169	195
4170	185
4171	167
4172	172
4173	170
4174	199
4175	180
4176	160
4177	171
4178	191
4179	158
4180	184
4181	191
4182	166
4183	160
4184	149
4185	183
4186	181
4187	177
4188	154
4189	179
4190	167
4191	195
4192	165
4193	141
4194	154
4195	147
4196	168
4197	190
4198	178
4199	155
4200	185
4201	169
4202	176
4203	198
4204	177
4205	189
4206	149
4207	168
4208	144
4209	149
4210	161
4211	177
4212	185
4213	145
4214	175
4215	148
4216	185
4217	180
4218	144
4219	179
4220	145
4221	166
4222	164
4223	162
4224	157
4225	161
4226	153
4227	148
4228	148
4229	162
4230	160
4231	142
4232	127
4233	128
4234	157
4235	189
4236	165
4237	174
4238	164
4239	171
4240	136
4241	165
4242	169
4243	165
4244	177
4245	179
4246	179
4247	138
4248	151
4249	167
4250	190
4251	147
4252	159
4253	168
4254	157
4255	160
4256	165
4257	163
4258	160
4259	149
4260	166
4261	142
4262	146
4263	156
4264	134
4265	148
4266	188
4267	165
4268	185
4269	134
4270	165
4271	160
4272	180
4273	139
4274	166
4275	167
4276	131
4277	165
4278	153
4279	167
4280	165
4281	157
4282	161
4283	175
4284	152
4285	192
4286	145
4287	135
4288	133
4289	144
4290	129
4291	175
4292	162
4293	173
4294	178
4295	148
4296	141
4297	152
4298	183
4299	163
4300	160
4301	172
4302	169
4303	158
4304	173
4305	165
4306	155
4307	170
4308	190
4309	160
4310	182
4311	164
4312	172
4313	170
4314	146
4315	155
4316	139
4317	129
4318	159
4319	176
4320	139
4321	144
4322	126
4323	136
4324	140
4325	131
4326	135
4327	142
4328	134
4329	117
4330	169
4331	143
4332	143
4333	134
4334	155
4335	176
4336	159
4337	164
4338	187
4339	154
4340	129
4341	141
4342	152
4343	139
4344	107
4345	132
4346	135
4347	153
4348	137
4349	129
4350	142
4351	133
4352	135
4353	119
4354	139
4355	167
4356	157
4357	136
4358	114
4359	100
4360	128
4361	137
4362	154
4363	161
4364	164
4365	158
4366	120
4367	147
4368	134
4369	178
4370	167
4371	171
4372	170
4373	174
4374	184
4375	176
4376	178
4377	140
4378	143
4379	162
4380	151
4381	138
4382	175
4383	130
4384	144
4385	153
4386	149
4387	138
4388	136
4389	148
4390	135
4391	135
4392	146
4393	158
4394	136
4395	131
4396	168
4397	150
4398	146
4399	162
4400	150
4401	138
4402	132
4403	148
4404	168
4405	132
4406	122
4407	156
4408	150
4409	165
4410	138
4411	163
4412	157
4413	172
4414	120
4415	163
4416	149
4417	156
4418	215
4419	158
4420	135
4421	172
4422	143
4423	142
4424	159
4425	147
4426	152
4427	151
4428	129
4429	160
4430	161
4431	149
4432	101
4433	151
4434	134
4435	126
4436	140
4437	122
4438	150
4439	132
4440	166
4441	155
4442	129
4443	147
4444	166
4445	138
4446	146
4447	148
4448	160
4449	150
4450	134
4451	137
4452	133
4453	142
4454	141
4455	180
4456	164
4457	128
4458	140
4459	127
4460	151
4461	138
4462	145
4463	138
4464	153
4465	119
4466	111
4467	136
4468	141
4469	131
4470	129
4471	155
4472	147
4473	145
4474	166
4475	149
4476	181
4477	142
4478	144
4479	123
4480	144
4481	150
4482	164
4483	144
4484	147
4485	156
4486	139
4487	152
4488	114
4489	148
4490	142
4491	152
4492	141
4493	164
4494	178
4495	161
4496	183
4497	148
4498	159
4499	152
4500	127
4501	148
4502	135
4503	174
4504	188
4505	138
4506	174
4507	161
4508	165
4509	184
4510	148
4511	158
4512	144
4513	141
4514	126
4515	137
4516	136
4517	141
4518	138
4519	126
4520	169
4521	137
4522	172
4523	192
4524	142
4525	145
4526	150
4527	154
4528	111
4529	131
4530	156
4531	163
4532	154
4533	170
4534	161
4535	168
4536	135
4537	144
4538	159
4539	153
4540	170
4541	178
4542	168
4543	155
4544	161
4545	138
4546	156
4547	144
4548	163
4549	169
4550	178
4551	168
4552	179
4553	188
4554	179
4555	150
4556	162
4557	145
4558	159
4559	173
4560	163
4561	158
4562	157
4563	171
4564	173
4565	168
4566	147
4567	152
4568	134
4569	144
4570	143
4571	155
4572	138
4573	158
4574	132
4575	131
4576	115
4577	134
4578	104
4579	136
4580	165
4581	143
4582	171
4583	134
4584	153
4585	185
4586	163
4587	157
4588	164
4589	167
4590	128
4591	158
4592	140
4593	175
4594	162
4595	185
4596	154
4597	160
4598	199
4599	212
4600	162
4601	128
4602	142
4603	164
4604	158
4605	144
4606	154
4607	136
4608	100
4609	148
4610	128
4611	141
4612	152
4613	143
4614	158
4615	135
4616	144
4617	152
4618	178
4619	157
4620	144
4621	136
4622	180
4623	136
4624	124
4625	144
4626	126
4627	116
4628	134
4629	129
4630	154
4631	157
4632	156
4633	144
4634	143
4635	129
4636	133
4637	120
4638	133
4639	174
4640	140
4641	145
4642	154
4643	119
4644	113
4645	117
4646	144
4647	186
4648	140
4649	166
4650	167
4651	129
4652	131
4653	161
4654	130
4655	136
4656	147
4657	157
4658	160
4659	164
4660	157
4661	146
4662	143
4663	139
4664	130
4665	112
4666	122
4667	157
4668	147
4669	135
4670	162
4671	110
4672	144
4673	148
4674	156
4675	122
4676	114
4677	138
4678	153
4679	141
4680	143
4681	127
4682	122
4683	118
4684	133
4685	139
4686	143
4687	160
4688	143
4689	160
4690	202
4691	162
4692	185
4693	158
4694	138
4695	150
4696	159
4697	164
4698	157
4699	141
4700	143
4701	161
4702	107
4703	127
4704	136
4705	120
4706	124
4707	108
4708	158
4709	119
4710	146
4711	179
4712	135
4713	195
4714	154
4715	122
4716	154
4717	153
4718	151
4719	116
4720	136
4721	158
4722	135
4723	166
4724	122
4725	127
4726	168
4727	114
4728	125
4729	130
4730	99
4731	147
4732	136
4733	144
4734	119
4735	131
4736	142
4737	122
4738	142
4739	135
4740	146
4741	147
4742	160
4743	105
4744	127
4745	139
4746	114
4747	154
4748	128
4749	138
4750	111
4751	134
4752	158
4753	130
4754	141
4755	133
4756	144
4757	125
4758	116
4759	179
4760	151
4761	175
4762	164
4763	148
4764	166
4765	148
4766	159
4767	172
4768	144
4769	129
4770	162
4771	158
4772	129
4773	123
4774	140
4775	146
4776	143
4777	148
4778	131
4779	125
4780	191
4781	136
4782	142
4783	152
4784	137
4785	134
4786	149
4787	145
4788	116
4789	110
4790	170
4791	165
4792	150
4793	142
4794	170
4795	141
4796	147
4797	143
4798	157
4799	136
4800	146
4801	148
4802	141
4803	159
4804	137
4805	140
4806	134
4807	148
4808	159
4809	159
4810	200
4811	133
4812	143
4813	153
4814	177
4815	167
4816	121
4817	135
4818	128
4819	140
4820	119
4821	150
4822	175
4823	148
4824	135
4825	124
4826	109
4827	114
4828	120
4829	151
4830	137
4831	129
4832	163
4833	118
4834	114
4835	145
4836	154
4837	108
4838	110
4839	116
4840	145
4841	157
4842	129
4843	117
4844	118
4845	158
4846	127
4847	145
4848	111
4849	180
4850	139
4851	126
4852	123
4853	164
4854	112
4855	101
4856	100
4857	121
4858	95
4859	98
4860	98
4861	107
4862	132
4863	93
4864	117
4865	99
4866	103
4867	120
4868	141
4869	123
4870	127
4871	127
4872	115
4873	101
4874	131
4875	125
4876	120
4877	109
4878	137
4879	114
4880	130
4881	125
4882	123
4883	146
4884	143
4885	108
4886	155
4887	136
4888	132
4889	111
4890	93
4891	124
4892	114
4893	142
4894	138
4895	135
4896	131
4897	145
4898	150
4899	156
4900	141
4901	135
4902	139
4903	136
4904	128
4905	120
4906	137
4907	121
4908	150
4909	136
4910	122
4911	108
4912	124
4913	155
4914	141
4915	137
4916	137
4917	116
4918	129
4919	135
4920	132
4921	125
4922	142
4923	95
4924	131
4925	122
4926	128
4927	120
4928	144
4929	118
4930	134
4931	117
4932	124
4933	114
4934	129
4935	144
4936	117
4937	142
4938	148
4939	173
4940	138
4941	129
4942	143
4943	149
4944	136
4945	111
4946	138
4947	131
4948	162
4949	121
4950	159
4951	129
4952	156
4953	136
4954	137
4955	110
4956	130
4957	112
4958	97
4959	122
4960	134
4961	110
4962	138
4963	149
4964	152
4965	153
4966	126
4967	134
4968	144
4969	150
4970	133
4971	171
4972	129
4973	128
4974	114
4975	125
4976	129
4977	157
4978	123
4979	145
4980	151
4981	126
4982	146
4983	159
4984	120
4985	112
4986	143
4987	156
4988	132
4989	136
4990	156
4991	151
4992	156
4993	125
4994	148
4995	138
4996	124
4997	126
4998	137
4999	151
5000	141
5001	120
5002	121
5003	137
5004	110
5005	128
5006	117
5007	122
5008	116
5009	110
5010	114
5011	127
5012	150
5013	148
5014	180
5015	161
5016	134
5017	181
5018	186
5019	141
5020	148
5021	125
5022	124
5023	157
5024	153
5025	157
5026	123
5027	136
5028	141
5029	156
5030	148
5031	128
5032	124
5033	143
5034	125
5035	179
5036	112
5037	143
5038	118
5039	151
5040	134
5041	147
5042	139
5043	125
5044	136
5045	141
5046	121
5047	132
5048	159
5049	154
5050	151
5051	140
5052	122
5053	130
5054	136
5055	148
5056	165
5057	165
5058	163
5059	148
5060	187
5061	136
5062	126
5063	187
5064	158
5065	144
5066	142
5067	133
5068	127
5069	146
5070	177
5071	160
5072	184
5073	146
5074	155
5075	151
5076	156
5077	137
5078	121
5079	124
5080	157
5081	144
5082	143
5083	126
5084	150
5085	134
5086	158
5087	155
5088	119
5089	137
5090	153
5091	108
5092	133
5093	138
5094	169
5095	182
5096	155
5097	144
5098	133
5099	107
5100	98
5101	121
5102	114
5103	138
5104	112
5105	133
5106	128
5107	113
5108	113
5109	128
5110	136
5111	125
5112	148
5113	128
5114	145
5115	130
5116	150
5117	122
5118	104
5119	120
5120	133
5121	132
5122	115
5123	133
5124	121
5125	97
5126	154
5127	151
5128	138
5129	100
5130	127
5131	143
5132	173
5133	136
5134	129
5135	117
5136	98
5137	125
5138	145
5139	125
5140	131
5141	139
5142	118
5143	132
5144	126
5145	125
5146	141
5147	137
5148	131
5149	123
5150	108
5151	105
5152	120
5153	104
5154	130
5155	126
5156	128
5157	126
5158	140
5159	147
5160	128
5161	135
5162	164
5163	116
5164	72
5165	129
5166	120
5167	134
5168	131
5169	136
5170	102
5171	148
5172	122
5173	107
5174	121
5175	106
5176	97
5177	96
5178	114
5179	83
5180	107
5181	104
5182	93
5183	130
5184	114
5185	124
5186	109
5187	83
5188	100
5189	105
5190	128
5191	137
5192	123
5193	111
5194	124
5195	134
5196	72
5197	114
5198	113
5199	104
5200	102
5201	135
5202	115
5203	101
5204	93
5205	107
5206	104
5207	99
5208	80
5209	77
5210	132
5211	118
5212	113
5213	105
5214	89
5215	83
5216	104
5217	85
5218	106
5219	111
5220	114
5221	94
5222	109
5223	113
5224	99
5225	121
5226	132
5227	103
5228	121
5229	113
5230	103
5231	77
5232	74
5233	98
5234	101
5235	94
5236	111
5237	117
5238	137
5239	120
5240	114
5241	113
5242	105
5243	97
5244	96
5245	118
5246	116
5247	142
5248	100
5249	116
5250	106
5251	117
5252	110
5253	101
5254	90
5255	125
5256	123
5257	102
5258	108
5259	106
5260	109
5261	131
5262	101
5263	138
5264	103
5265	114
5266	94
5267	115
5268	146
5269	145
5270	124
5271	124
5272	116
5273	116
5274	124
5275	116
5276	105
5277	86
5278	106
5279	121
5280	114
5281	101
5282	113
5283	100
5284	109
5285	117
5286	115
5287	89
5288	79
5289	107
5290	101
5291	109
5292	88
5293	98
5294	101
5295	79
5296	131
5297	109
5298	109
5299	110
5300	126
5301	134
5302	126
5303	114
5304	134
5305	128
5306	163
5307	138
5308	124
5309	101
5310	115
5311	96
5312	121
5313	101
5314	142
5315	100
5316	101
5317	118
5318	125
5319	109
5320	107
5321	121
5322	111
5323	133
5324	118
5325	136
5326	118
5327	160
5328	116
5329	112
5330	124
5331	135
5332	100
5333	103
5334	101
5335	111
5336	104
5337	121
5338	72
5339	150
5340	114
5341	100
5342	104
5343	110
5344	126
5345	118
5346	127
5347	110
5348	142
5349	101
5350	130
5351	108
5352	100
5353	96
5354	130
5355	136
5356	117
5357	119
5358	99
5359	115
5360	104
5361	98
5362	110
5363	104
5364	107
5365	85
5366	94
5367	123
5368	100
5369	102
5370	108
5371	115
5372	96
5373	113
5374	103
5375	85
5376	82
5377	126
5378	119
5379	107
5380	130
5381	126
5382	123
5383	117
5384	144
5385	111
5386	139
5387	116
5388	132
5389	100
5390	116
5391	92
5392	112
5393	123
5394	129
5395	124
5396	138
5397	110
5398	118
5399	122
5400	93
5401	105
5402	88
5403	126
5404	124
5405	114
5406	117
5407	113
5408	100
5409	113
5410	129
5411	113
5412	105
5413	120
5414	115
5415	119
5416	104
5417	129
5418	100
5419	85
5420	97
5421	114
5422	84
5423	86
5424	102
5425	122
5426	131
5427	117
5428	109
5429	107
5430	108
5431	116
5432	103
5433	97
5434	124
5435	114
5436	90
5437	108
5438	113
5439	122
5440	130
5441	131
5442	150
5443	113
5444	91
5445	137
5446	90
5447	110
5448	115
5449	125
5450	112
5451	121
5452	115
5453	99
5454	111
5455	101
5456	118
5457	98
5458	104
5459	97
5460	102
5461	126
5462	93
5463	88
5464	91
5465	79
5466	96
5467	85
5468	139
5469	100
5470	111
5471	132
5472	146
5473	116
5474	134
5475	128
5476	122
5477	142
5478	97
5479	102
5480	137
5481	108
5482	140
5483	144
5484	140
5485	128
5486	127
5487	127
5488	117
5489	113
5490	89
5491	116
5492	131
5493	113
5494	112
5495	124
5496	140
5497	115
5498	114
5499	133
5500	104
5501	146
5502	111
5503	149
5504	126
5505	140
5506	122
5507	117
5508	134
5509	117
5510	125
5511	119
5512	138
5513	141
5514	108
5515	158
5516	131
5517	142
5518	124
5519	124
5520	131
5521	146
5522	147
5523	138
5524	169
5525	112
5526	126
5527	134
5528	107
5529	161
5530	125
5531	147
5532	113
5533	119
5534	108
5535	163
5536	126
5537	166
5538	161
5539	178
5540	158
5541	121
5542	125
5543	142
5544	122
5545	100
5546	156
5547	141
5548	123
5549	167
5550	178
5551	171
5552	144
5553	160
5554	158
5555	121
5556	133
5557	125
5558	129
5559	136
5560	128
5561	124
5562	139
5563	116
5564	110
5565	128
5566	145
5567	161
5568	138
5569	155
5570	122
5571	138
5572	110
5573	101
5574	113
5575	125
5576	133
5577	104
5578	108
5579	125
5580	113
5581	96
5582	97
5583	106
5584	137
5585	137
5586	144
5587	123
5588	130
5589	122
5590	150
5591	130
5592	128
5593	135
5594	139
5595	141
5596	126
5597	109
5598	102
5599	131
5600	115
5601	145
5602	120
5603	94
5604	127
5605	116
5606	109
5607	98
5608	119
5609	102
5610	115
5611	110
5612	71
5613	86
5614	99
5615	106
5616	91
5617	110
5618	109
5619	106
5620	101
5621	111
5622	117
5623	113
5624	88
5625	105
5626	81
5627	97
5628	99
5629	129
5630	128
5631	102
5632	146
5633	101
5634	124
5635	111
5636	103
5637	134
5638	121
5639	153
5640	129
5641	135
5642	133
5643	88
5644	93
5645	106
5646	127
5647	117
5648	113
5649	114
5650	133
5651	146
5652	117
5653	126
5654	105
5655	132
5656	107
5657	136
5658	109
5659	83
5660	79
5661	98
5662	98
5663	94
5664	102
5665	132
5666	114
5667	126
5668	124
5669	124
5670	119
5671	121
5672	132
5673	130
5674	116
5675	119
5676	127
5677	120
5678	122
5679	134
5680	127
5681	106
5682	122
5683	113
5684	101
5685	118
5686	149
5687	116
5688	120
5689	118
5690	116
5691	127
5692	121
5693	101
5694	124
5695	104
5696	122
5697	114
5698	119
5699	136
5700	117
5701	132
5702	113
5703	129
5704	101
5705	93
5706	107
5707	116
5708	115
5709	114
5710	142
5711	152
5712	136
5713	103
5714	99
5715	95
5716	100
5717	90
5718	130
5719	111
5720	142
5721	88
5722	88
5723	101
5724	119
5725	102
5726	138
5727	137
5728	119
5729	111
5730	114
5731	119
5732	136
5733	113
5734	105
5735	115
5736	102
5737	108
5738	102
5739	133
5740	127
5741	125
5742	127
5743	112
5744	122
5745	119
5746	116
5747	110
5748	105
5749	130
5750	103
5751	115
5752	103
5753	91
5754	103
5755	113
5756	114
5757	96
5758	120
5759	92
5760	99
5761	103
5762	93
5763	100
5764	94
5765	102
5766	88
5767	130
5768	72
5769	88
5770	86
5771	100
5772	103
5773	113
5774	104
5775	144
5776	120
5777	152
5778	99
5779	121
5780	134
5781	105
5782	98
5783	90
5784	107
5785	91
5786	111
5787	98
5788	88
5789	90
5790	113
5791	101
5792	83
5793	88
5794	87
5795	119
5796	81
5797	131
5798	137
5799	134
5800	113
5801	123
5802	103
5803	110
5804	108
5805	110
5806	106
5807	90
5808	101
5809	97
5810	138
5811	101
5812	126
5813	119
5814	110
5815	132
5816	135
5817	105
5818	152
5819	126
5820	88
5821	75
5822	106
5823	117
5824	103
5825	82
5826	109
5827	109
5828	111
5829	109
5830	113
5831	104
5832	94
5833	97
5834	113
5835	128
5836	111
5837	122
5838	106
5839	116
5840	114
5841	151
5842	112
5843	112
5844	109
5845	110
5846	143
5847	107
5848	124
5849	113
5850	111
5851	100
5852	119
5853	99
5854	127
5855	118
5856	147
5857	112
5858	121
5859	108
5860	107
5861	115
5862	117
5863	91
5864	109
5865	77
5866	85
5867	95
5868	132
5869	120
5870	101
5871	98
5872	79
5873	104
5874	90
5875	124
5876	72
5877	107
5878	99
5879	95
5880	102
5881	99
5882	98
5883	102
5884	112
5885	120
5886	128
5887	81
5888	106
5889	111
5890	101
5891	110
5892	108
5893	100
5894	92
5895	79
5896	83
5897	97
5898	99
5899	79
5900	115
5901	124
5902	106
5903	85
5904	126
5905	95
5906	113
5907	121
5908	98
5909	142
5910	114
5911	101
5912	126
5913	134
5914	128
5915	125
5916	125
5917	116
5918	124
5919	97
5920	118
5921	98
5922	107
5923	113
5924	113
5925	98
5926	80
5927	89
5928	90
5929	107
5930	115
5931	149
5932	99
5933	92
5934	133
5935	105
5936	140
5937	89
5938	103
5939	146
5940	111
5941	101
5942	111
5943	113
5944	126
5945	155
5946	109
5947	119
5948	116
5949	92
5950	100
5951	115
5952	134
5953	130
5954	112
5955	98
5956	114
5957	122
5958	106
5959	98
5960	125
5961	128
5962	137
5963	121
5964	122
5965	131
5966	138
5967	101
5968	131
5969	138
5970	86
5971	115
5972	105
5973	110
5974	136
5975	135
5976	140
5977	117
5978	128
5979	132
5980	117
5981	113
5982	103
5983	118
5984	108
5985	90
5986	107
5987	114
5988	131
5989	100
5990	110
5991	128
5992	144
5993	159
5994	149
5995	143
5996	123
5997	111
5998	143
5999	143
6000	129
6001	114
6002	112
6003	96
6004	97
6005	136
6006	103
6007	104
6008	91
6009	114
6010	112
6011	119
6012	125
6013	99
6014	102
6015	79
6016	102
6017	95
6018	120
6019	126
6020	99
6021	111
6022	96
6023	111
6024	146
6025	112
6026	88
6027	106
6028	122
6029	122
6030	109
6031	114
6032	105
6033	85
6034	96
6035	75
6036	124
6037	87
6038	104
6039	103
6040	116
6041	112
6042	103
6043	105
6044	99
6045	104
6046	82
6047	99
6048	107
6049	94
6050	105
6051	81
6052	81
6053	74
6054	88
6055	86
6056	119
6057	84
6058	86
6059	99
6060	76
6061	89
6062	111
6063	108
6064	84
6065	80
6066	103
6067	71
6068	98
6069	69
6070	102
6071	93
6072	79
6073	95
6074	111
6075	84
6076	98
6077	105
6078	102
6079	89
6080	88
6081	92
6082	81
6083	64
6084	88
6085	97
6086	77
6087	75
6088	97
6089	83
6090	98
6091	76
6092	84
6093	96
6094	102
6095	84
6096	84
6097	94
6098	89
6099	113
6100	86
6101	87
6102	90
6103	91
6104	95
6105	86
6106	109
6107	104
6108	113
6109	103
6110	84
6111	89
6112	71
6113	72
6114	101
6115	104
6116	96
6117	112
6118	89
6119	102
6120	100
6121	85
6122	91
6123	97
6124	90
6125	107
6126	83
6127	110
6128	99
6129	97
6130	114
6131	89
6132	106
6133	116
6134	113
6135	93
6136	94
6137	105
6138	115
6139	111
6140	92
6141	109
6142	99
6143	105
6144	92
6145	80
6146	118
6147	91
6148	117
6149	95
6150	122
6151	116
6152	108
6153	123
6154	102
6155	117
6156	106
6157	96
6158	101
6159	88
6160	105
6161	98
6162	106
6163	106
6164	73
6165	87
6166	85
6167	86
6168	93
6169	99
6170	101
6171	89
6172	86
6173	75
6174	112
6175	92
6176	90
6177	82
6178	97
6179	97
6180	79
6181	103
6182	102
6183	98
6184	88
6185	114
6186	109
6187	107
6188	118
6189	93
6190	119
6191	88
6192	95
6193	104
6194	116
6195	105
6196	94
6197	90
6198	93
6199	107
6200	82
6201	78
6202	92
6203	97
6204	91
6205	88
6206	96
6207	100
6208	76
6209	62
6210	73
6211	89
6212	80
6213	88
6214	100
6215	100
6216	103
6217	90
6218	88
6219	107
6220	124
6221	100
6222	94
6223	106
6224	95
6225	107
6226	99
6227	83
6228	81
6229	88
6230	71
6231	94
6232	88
6233	97
6234	84
6235	102
6236	73
6237	94
6238	106
6239	85
6240	117
6241	83
6242	94
6243	71
6244	111
6245	115
6246	115
6247	129
6248	125
6249	102
6250	110
6251	107
6252	107
6253	109
6254	106
6255	126
6256	122
6257	142
6258	106
6259	80
6260	117
6261	109
6262	99
6263	128
6264	135
6265	113
6266	117
6267	117
6268	126
6269	127
6270	91
6271	91
6272	107
6273	116
6274	101
6275	103
6276	91
6277	89
6278	114
6279	105
6280	123
6281	119
6282	110
6283	126
6284	90
6285	119
6286	92
6287	100
6288	104
6289	98
6290	112
6291	151
6292	123
6293	116
6294	93
6295	110
6296	122
6297	123
6298	121
6299	87
6300	101
6301	108
6302	109
6303	115
6304	98
6305	100
6306	95
6307	149
6308	88
6309	105
6310	89
6311	88
6312	125
6313	109
6314	118
6315	110
6316	96
6317	104
6318	98
6319	97
6320	89
6321	123
6322	117
6323	117
6324	118
6325	122
6326	102
6327	86
6328	82
6329	83
6330	87
6331	88
6332	97
6333	117
6334	161
6335	92
6336	107
6337	93
6338	114
6339	114
6340	107
6341	122
6342	86
6343	74
6344	84
6345	91
6346	99
6347	97
6348	104
6349	143
6350	111
6351	97
6352	92
6353	68
6354	115
6355	86
6356	118
6357	120
6358	98
6359	94
6360	99
6361	92
6362	126
6363	108
6364	99
6365	82
6366	90
6367	84
6368	106
6369	104
6370	79
6371	99
6372	78
6373	111
6374	75
6375	93
6376	72
6377	87
6378	97
6379	79
6380	71
6381	88
6382	78
6383	118
6384	109
6385	88
6386	97
6387	104
6388	85
6389	61
6390	90
6391	96
6392	83
6393	104
6394	102
6395	105
6396	105
6397	102
6398	96
6399	99
6400	80
6401	84
6402	76
6403	70
6404	92
6405	112
6406	95
6407	79
6408	88
6409	76
6410	101
6411	100
6412	107
6413	103
6414	96
6415	102
6416	94
6417	78
6418	113
6419	94
6420	76
6421	112
6422	102
6423	102
6424	83
6425	94
6426	78
6427	143
6428	83
6429	94
6430	104
6431	112
6432	97
6433	88
6434	88
6435	115
6436	100
6437	105
6438	124
6439	102
6440	123
6441	92
6442	113
6443	100
6444	75
6445	72
6446	88
6447	71
6448	85
6449	123
6450	89
6451	103
6452	94
6453	82
6454	113
6455	98
6456	80
6457	94
6458	82
6459	88
6460	92
6461	118
6462	85
6463	88
6464	101
6465	85
6466	67
6467	108
6468	124
6469	113
6470	104
6471	111
6472	104
6473	94
6474	100
6475	78
6476	88
6477	67
6478	73
6479	69
6480	84
6481	68
6482	102
6483	78
6484	104
6485	114
6486	75
6487	92
6488	79
6489	105
6490	117
6491	115
6492	78
6493	91
6494	91
6495	84
6496	86
6497	98
6498	67
6499	86
6500	84
6501	86
6502	112
6503	100
6504	111
6505	123
6506	90
6507	92
6508	94
6509	87
6510	101
6511	99
6512	123
6513	79
6514	70
6515	110
6516	101
6517	95
6518	114
6519	108
6520	85
6521	83
6522	113
6523	102
6524	101
6525	82
6526	114
6527	93
6528	97
6529	105
6530	93
6531	94
6532	91
6533	111
6534	110
6535	94
6536	95
6537	98
6538	99
6539	104
6540	98
6541	124
6542	91
6543	126
6544	97
6545	98
6546	98
6547	82
6548	97
6549	87
6550	91
6551	105
6552	103
6553	96
6554	96
6555	93
6556	110
6557	82
6558	82
6559	70
6560	76
6561	83
6562	91
6563	92
6564	104
6565	105
6566	104
6567	97
6568	72
6569	60
6570	87
6571	87
6572	68
6573	70
6574	81
6575	86
6576	76
6577	85
6578	67
6579	86
6580	83
6581	64
6582	85
6583	87
6584	93
6585	114
6586	75
6587	50
6588	64
6589	78
6590	70
6591	61
6592	90
6593	109
6594	122
6595	96
6596	99
6597	89
6598	76
6599	81
6600	67
6601	75
6602	74
6603	64
6604	75
6605	93
6606	69
6607	72
6608	91
6609	77
6610	54
6611	93
6612	82
6613	95
6614	80
6615	75
6616	102
6617	74
6618	80
6619	88
6620	74
6621	68
6622	77
6623	85
6624	79
6625	67
6626	77
6627	77
6628	76
6629	67
6630	94
6631	63
6632	69
6633	67
6634	70
6635	68
6636	64
6637	92
6638	96
6639	84
6640	74
6641	50
6642	65
6643	71
6644	81
6645	57
6646	71
6647	89
6648	71
6649	67
6650	73
6651	74
6652	45
6653	89
6654	72
6655	77
6656	83
6657	95
6658	85
6659	74
6660	64
6661	83
6662	81
6663	64
6664	75
6665	82
6666	78
6667	98
6668	85
6669	75
6670	73
6671	88
6672	83
6673	69
6674	70
6675	78
6676	69
6677	72
6678	87
6679	80
6680	68
6681	74
6682	69
6683	70
6684	69
6685	69
6686	77
6687	85
6688	84
6689	86
6690	83
6691	81
6692	58
6693	71
6694	86
6695	76
6696	86
6697	105
6698	103
6699	73
6700	81
6701	75
6702	98
6703	73
6704	86
6705	80
6706	84
6707	79
6708	94
6709	97
6710	95
6711	99
6712	82
6713	70
6714	74
6715	82
6716	96
6717	85
6718	88
6719	92
6720	74
6721	53
6722	93
6723	78
6724	113
6725	83
6726	71
6727	82
6728	84
6729	95
6730	103
6731	83
6732	102
6733	80
6734	63
6735	71
6736	78
6737	96
6738	105
6739	113
6740	87
6741	91
6742	95
6743	101
6744	82
6745	84
6746	83
6747	95
6748	100
6749	54
6750	80
6751	89
6752	63
6753	84
6754	71
6755	76
6756	75
6757	78
6758	70
6759	59
6760	71
6761	98
6762	90
6763	98
6764	109
6765	79
6766	72
6767	87
6768	95
6769	101
6770	89
6771	78
6772	86
6773	66
6774	82
6775	81
6776	89
6777	75
6778	85
6779	93
6780	108
6781	127
6782	104
6783	73
6784	104
6785	69
6786	72
6787	98
6788	103
6789	82
6790	94
6791	83
6792	97
6793	61
6794	90
6795	107
6796	83
6797	94
6798	80
6799	84
6800	76
6801	90
6802	80
6803	96
6804	76
6805	80
6806	86
6807	88
6808	103
6809	76
6810	85
6811	108
6812	80
6813	89
6814	55
6815	81
6816	90
6817	86
6818	68
6819	79
6820	59
6821	91
6822	84
6823	74
6824	76
6825	91
6826	97
6827	79
6828	88
6829	85
6830	98
6831	77
6832	80
6833	62
6834	90
6835	76
6836	83
6837	67
6838	58
6839	74
6840	79
6841	73
6842	85
6843	68
6844	69
6845	81
6846	66
6847	104
6848	89
6849	100
6850	85
6851	69
6852	88
6853	85
6854	81
6855	88
6856	86
6857	81
6858	123
6859	85
6860	68
6861	68
6862	74
6863	76
6864	83
6865	106
6866	65
6867	87
6868	79
6869	73
6870	74
6871	75
6872	88
6873	81
6874	86
6875	123
6876	63
6877	94
6878	81
6879	97
6880	83
6881	72
6882	51
6883	97
6884	82
6885	90
6886	98
6887	90
6888	75
6889	65
6890	68
6891	90
6892	80
6893	91
6894	102
6895	124
6896	99
6897	79
6898	88
6899	119
6900	86
6901	82
6902	115
6903	81
6904	83
6905	80
6906	81
6907	95
6908	90
6909	99
6910	104
6911	103
6912	105
6913	75
6914	97
6915	90
6916	93
6917	89
6918	79
6919	79
6920	91
6921	68
6922	116
6923	92
6924	93
6925	110
6926	110
6927	114
6928	110
6929	96
6930	100
6931	81
6932	78
6933	83
6934	94
6935	97
6936	78
6937	93
6938	67
6939	87
6940	86
6941	95
6942	95
6943	93
6944	99
6945	95
6946	92
6947	84
6948	75
6949	77
6950	74
6951	97
6952	91
6953	89
6954	83
6955	100
6956	108
6957	69
6958	89
6959	119
6960	110
6961	108
6962	86
6963	104
6964	105
6965	100
6966	100
6967	87
6968	84
6969	90
6970	86
6971	105
6972	77
6973	77
6974	96
6975	70
6976	85
6977	58
6978	79
6979	72
6980	93
6981	74
6982	95
6983	99
6984	106
6985	82
6986	104
6987	71
6988	88
6989	84
6990	85
6991	101
6992	98
6993	103
6994	72
6995	88
6996	92
6997	79
6998	80
6999	96
7000	92
7001	112
7002	68
7003	76
7004	86
7005	99
7006	97
7007	79
7008	77
7009	76
7010	88
7011	98
7012	77
7013	91
7014	102
7015	99
7016	89
7017	108
7018	94
7019	91
7020	113
7021	111
7022	106
7023	96
7024	80
7025	91
7026	96
7027	85
7028	98
7029	85
7030	80
7031	103
7032	104
7033	93
7034	76
7035	65
7036	80
7037	75
7038	83
7039	67
7040	95
7041	58
7042	58
7043	82
7044	89
7045	68
7046	109
7047	96
7048	72
7049	82
7050	95
7051	96
7052	96
7053	93
7054	87
7055	93
7056	85
7057	66
7058	56
7059	84
7060	79
7061	105
7062	88
7063	100
7064	83
7065	105
7066	107
7067	78
7068	84
7069	86
7070	75
7071	104
7072	98
7073	115
7074	104
7075	120
7076	94
7077	70
7078	92
7079	82
7080	88
7081	78
7082	81
7083	96
7084	83
7085	79
7086	71
7087	87
7088	86
7089	73
7090	92
7091	93
7092	72
7093	76
7094	87
7095	106
7096	77
7097	85
7098	85
7099	81
7100	67
7101	88
7102	70
7103	72
7104	86
7105	84
7106	84
7107	72
7108	73
7109	63
7110	78
7111	77
7112	85
7113	66
7114	54
7115	93
7116	90
7117	69
7118	100
7119	109
7120	73
7121	76
7122	68
7123	57
7124	85
7125	72
7126	81
7127	83
7128	82
7129	74
7130	76
7131	65
7132	82
7133	75
7134	72
7135	79
7136	74
7137	87
7138	82
7139	60
7140	77
7141	73
7142	86
7143	76
7144	62
7145	87
7146	86
7147	40
7148	70
7149	70
7150	64
7151	76
7152	74
7153	72
7154	82
7155	67
7156	77
7157	75
7158	93
7159	103
7160	87
7161	95
7162	108
7163	84
7164	77
7165	82
7166	86
7167	77
7168	89
7169	75
7170	74
7171	83
7172	74
7173	82
7174	93
7175	79
7176	93
7177	75
7178	77
7179	81
7180	83
7181	69
7182	84
7183	64
7184	78
7185	91
7186	84
7187	72
7188	84
7189	89
7190	75
7191	79
7192	102
7193	70
7194	83
7195	83
7196	98
7197	99
7198	77
7199	52
7200	85
7201	92
7202	76
7203	74
7204	81
7205	71
7206	76
7207	81
7208	70
7209	61
7210	87
7211	60
7212	85
7213	68
7214	95
7215	82
7216	75
7217	70
7218	107
7219	97
7220	62
7221	78
7222	82
7223	84
7224	91
7225	80
7226	90
7227	82
7228	94
7229	86
7230	78
7231	87
7232	79
7233	84
7234	81
7235	71
7236	96
7237	122
7238	108
7239	108
7240	87
7241	101
7242	100
7243	79
7244	74
7245	107
7246	89
7247	94
7248	95
7249	100
7250	101
7251	119
7252	69
7253	84
7254	90
7255	87
7256	66
7257	87
7258	87
7259	77
7260	75
7261	101
7262	106
7263	86
7264	83
7265	109
7266	90
7267	78
7268	121
7269	107
7270	71
7271	109
7272	104
7273	99
7274	116
7275	91
7276	103
7277	96
7278	94
7279	102
7280	84
7281	57
7282	72
7283	75
7284	73
7285	74
7286	89
7287	100
7288	90
7289	88
7290	72
7291	89
7292	102
7293	108
7294	115
7295	81
7296	81
7297	85
7298	88
7299	74
7300	97
7301	110
7302	86
7303	86
7304	78
7305	72
7306	101
7307	92
7308	104
7309	96
7310	75
7311	86
7312	91
7313	71
7314	71
7315	73
7316	55
7317	94
7318	66
7319	90
7320	93
7321	90
7322	69
7323	68
7324	88
7325	71
7326	112
7327	100
7328	75
7329	74
7330	85
7331	70
7332	75
7333	86
7334	99
7335	92
7336	95
7337	92
7338	98
7339	76
7340	104
7341	80
7342	80
7343	71
7344	79
7345	92
7346	89
7347	93
7348	72
7349	61
7350	75
7351	56
7352	58
7353	92
7354	84
7355	97
7356	63
7357	72
7358	72
7359	60
7360	66
7361	79
7362	87
7363	75
7364	93
7365	70
7366	68
7367	67
7368	58
7369	67
7370	53
7371	75
7372	52
7373	53
7374	66
7375	78
7376	64
7377	52
7378	76
7379	72
7380	74
7381	74
7382	78
7383	68
7384	65
7385	62
7386	73
7387	51
7388	61
7389	70
7390	69
7391	73
7392	65
7393	87
7394	87
7395	70
7396	86
7397	62
7398	87
7399	70
7400	64
7401	73
7402	77
7403	59
7404	53
7405	77
7406	41
7407	71
7408	44
7409	74
7410	50
7411	83
7412	70
7413	62
7414	83
7415	58
7416	73
7417	67
7418	102
7419	69
7420	87
7421	86
7422	62
7423	63
7424	78
7425	59
7426	84
7427	82
7428	89
7429	69
7430	64
7431	77
7432	85
7433	70
7434	65
7435	63
7436	38
7437	71
7438	53
7439	53
7440	63
7441	69
7442	69
7443	66
7444	53
7445	88
7446	87
7447	63
7448	63
7449	71
7450	83
7451	78
7452	82
7453	70
7454	84
7455	61
7456	56
7457	78
7458	65
7459	75
7460	76
7461	76
7462	63
7463	53
7464	81
7465	80
7466	65
7467	62
7468	62
7469	73
7470	58
7471	65
7472	72
7473	69
7474	89
7475	64
7476	42
7477	65
7478	59
7479	79
7480	87
7481	65
7482	81
7483	81
7484	53
7485	46
7486	63
7487	40
7488	53
7489	58
7490	65
7491	89
7492	80
7493	74
7494	67
7495	87
7496	85
7497	55
7498	89
7499	68
7500	84
7501	76
7502	82
7503	64
7504	58
7505	57
7506	54
7507	59
7508	67
7509	61
7510	40
7511	61
7512	55
7513	74
7514	85
7515	75
7516	63
7517	63
7518	64
7519	89
7520	83
7521	89
7522	61
7523	63
7524	91
7525	68
7526	70
7527	79
7528	86
7529	56
7530	58
7531	53
7532	71
7533	61
7534	77
7535	63
7536	51
7537	69
7538	61
7539	58
7540	82
7541	74
7542	69
7543	59
7544	64
7545	62
7546	86
7547	105
7548	86
7549	59
7550	53
7551	70
7552	80
7553	62
7554	62
7555	79
7556	79
7557	91
7558	77
7559	73
7560	82
7561	65
7562	69
7563	59
7564	85
7565	62
7566	66
7567	69
7568	74
7569	63
7570	62
7571	83
7572	65
7573	66
7574	79
7575	75
7576	45
7577	59
7578	57
7579	48
7580	76
7581	61
7582	61
7583	63
7584	66
7585	60
7586	81
7587	101
7588	106
7589	61
7590	89
7591	71
7592	113
7593	80
7594	78
7595	88
7596	92
7597	82
7598	67
7599	66
7600	51
7601	63
7602	57
7603	64
7604	51
7605	52
7606	69
7607	43
7608	85
7609	47
7610	64
7611	78
7612	60
7613	44
7614	65
7615	72
7616	68
7617	83
7618	51
7619	63
7620	61
7621	70
7622	61
7623	70
7624	58
7625	59
7626	103
7627	61
7628	80
7629	58
7630	76
7631	57
7632	59
7633	65
7634	62
7635	61
7636	52
7637	48
7638	46
7639	59
7640	56
7641	47
7642	46
7643	46
7644	82
7645	53
7646	87
7647	57
7648	73
7649	64
7650	71
7651	90
7652	69
7653	83
7654	102
7655	67
7656	65
7657	54
7658	58
7659	48
7660	63
7661	53
7662	61
7663	60
7664	55
7665	71
7666	75
7667	68
7668	68
7669	60
7670	50
7671	60
7672	70
7673	67
7674	50
7675	74
7676	81
7677	57
7678	74
7679	66
7680	68
7681	59
7682	71
7683	80
7684	63
7685	59
7686	77
7687	71
7688	68
7689	64
7690	74
7691	87
7692	46
7693	65
7694	71
7695	52
7696	61
7697	64
7698	74
7699	56
7700	57
7701	55
7702	63
7703	55
7704	43
7705	69
7706	53
7707	64
7708	74
7709	76
7710	87
7711	54
7712	63
7713	67
7714	69
7715	56
7716	55
7717	46
7718	64
7719	68
7720	82
7721	57
7722	74
7723	66
7724	86
7725	63
7726	58
7727	56
7728	83
7729	63
7730	63
7731	59
7732	78
7733	69
7734	47
7735	57
7736	51
7737	57
7738	60
7739	46
7740	46
7741	62
7742	57
7743	47
7744	50
7745	74
7746	67
7747	90
7748	74
7749	53
7750	41
7751	54
7752	68
7753	75
7754	72
7755	59
7756	83
7757	70
7758	73
7759	51
7760	47
7761	54
7762	56
7763	73
7764	62
7765	42
7766	49
7767	56
7768	56
7769	60
7770	60
7771	46
7772	61
7773	40
7774	67
7775	49
7776	46
7777	55
7778	47
7779	70
7780	71
7781	61
7782	68
7783	50
7784	86
7785	69
7786	65
7787	82
7788	70
7789	44
7790	74
7791	70
7792	65
7793	60
7794	64
7795	70
7796	73
7797	82
7798	79
7799	57
7800	70
7801	67
7802	89
7803	84
7804	83
7805	70
7806	63
7807	67
7808	64
7809	92
7810	68
7811	57
7812	85
7813	85
7814	71
7815	61
7816	71
7817	80
7818	71
7819	89
7820	86
7821	69
7822	95
7823	86
7824	74
7825	84
7826	61
7827	88
7828	79
7829	72
7830	60
7831	73
7832	70
7833	94
7834	67
7835	65
7836	50
7837	63
7838	98
7839	88
7840	82
7841	94
7842	74
7843	89
7844	78
7845	72
7846	78
7847	64
7848	80
7849	70
7850	71
7851	89
7852	84
7853	87
7854	80
7855	74
7856	76
7857	79
7858	92
7859	65
7860	101
7861	88
7862	115
7863	110
7864	91
7865	92
7866	95
7867	68
7868	65
7869	63
7870	80
7871	94
7872	70
7873	81
7874	83
7875	82
7876	80
7877	73
7878	77
7879	89
7880	85
7881	95
7882	110
7883	95
7884	127
7885	154
7886	91
7887	104
7888	90
7889	87
7890	56
7891	83
7892	59
7893	73
7894	82
7895	66
7896	96
7897	76
7898	86
7899	98
7900	74
7901	74
7902	112
7903	98
7904	82
7905	69
7906	71
7907	77
7908	85
7909	64
7910	74
7911	78
7912	82
7913	74
7914	76
7915	68
7916	85
7917	90
7918	76
7919	93
7920	69
7921	101
7922	81
7923	82
7924	82
7925	91
7926	94
7927	67
7928	86
7929	73
7930	64
7931	56
7932	73
7933	70
7934	73
7935	57
7936	64
7937	93
7938	82
7939	75
7940	84
7941	70
7942	88
7943	97
7944	84
7945	61
7946	94
7947	71
7948	59
7949	104
7950	83
7951	103
7952	99
7953	74
7954	86
7955	70
7956	79
7957	72
7958	74
7959	89
7960	82
7961	70
7962	82
7963	90
7964	67
7965	87
7966	76
7967	86
7968	98
7969	83
7970	100
7971	74
7972	86
7973	86
7974	55
7975	62
7976	67
7977	56
7978	37
7979	54
7980	80
7981	45
7982	69
7983	74
7984	85
7985	74
7986	63
7987	71
7988	63
7989	78
7990	64
7991	73
7992	76
7993	53
7994	87
7995	70
7996	66
7997	76
7998	73
7999	83
8000	714110
