16	6
17	5
18	5
19	1
20	4
21	3
23	12
24	17
25	2
26	1
27	3
28	4
29	10
30	23
31	13
32	14
33	25
34	7
35	12
36	12
37	13
38	8
39	23
40	9
41	10
42	20
43	33
44	20
45	29
46	40
47	35
48	41
49	49
50	88
51	296
52	66
53	59
54	46
55	64
56	67
57	77
58	69
59	68
60	76
61	77
62	89
63	90
64	81
65	101
66	88
67	111
68	105
69	124
70	127
71	138
72	149
73	153
74	181
75	152
76	165
77	193
78	199
79	213
80	268
81	232
82	286
83	254
84	280
85	289
86	311
87	303
88	305
89	337
90	358
91	421
92	399
93	465
94	453
95	506
96	477
97	515
98	546
99	560
100	581
101	631
102	631
103	652
104	678
105	677
106	664
107	729
108	731
109	799
110	789
111	818
112	864
113	842
114	918
115	1004
116	976
117	1017
118	1034
119	1001
120	1075
121	1021
122	1114
123	1098
124	1109
125	1277
126	1320
127	1269
128	1213
129	1380
130	1329
131	1259
132	1377
133	1306
134	1361
135	1416
136	1432
137	1458
138	1517
139	1596
140	1722
141	1751
142	2020
143	2222
144	2427
145	3273
146	4533
147	8364
148	10416
149	21103
150	62553
