16	6
17	5
18	5
19	1
20	4
21	3
23	11
24	8
25	2
26	1
27	3
28	4
29	10
30	23
31	13
32	14
33	25
34	7
35	12
36	12
37	13
38	8
39	21
40	9
41	10
42	20
43	29
44	18
45	28
46	36
47	24
48	36
49	38
50	44
51	48
52	35
53	54
54	45
55	62
56	64
57	73
58	67
59	64
60	76
61	76
62	89
63	86
64	78
65	94
66	85
67	105
68	102
69	120
70	121
71	133
72	148
73	144
74	171
75	148
76	163
77	186
78	195
79	196
80	237
81	212
82	245
83	232
84	264
85	270
86	289
87	288
88	291
89	316
90	325
91	382
92	364
93	408
94	402
95	462
96	437
97	465
98	492
99	500
100	511
101	544
102	536
103	571
104	582
105	600
106	575
107	617
108	604
109	658
110	650
111	678
112	736
113	684
114	764
115	824
116	783
117	799
118	828
119	790
120	834
121	816
122	907
123	882
124	885
125	966
126	985
127	956
128	963
129	1049
130	1020
131	964
132	1032
133	998
134	1028
135	1057
136	1057
137	1107
138	1069
139	1148
140	1190
141	1248
142	1361
143	1497
144	1618
145	2098
146	2838
147	5022
148	6857
149	11934
150	22559
