16	34
17	39
18	51
19	44
20	60
21	64
22	69
23	70
24	81
25	95
26	89
27	83
28	122
29	129
30	137
31	181
32	209
33	313
34	340
35	366
36	488
37	558
38	608
39	706
40	839
41	981
42	1081
43	1268
44	1512
45	1674
46	1912
47	2125
48	2276
49	2543
50	2715
51	2943
52	3026
53	3398
54	3670
55	3977
56	4044
57	4270
58	4638
59	4703
60	4818
61	4973
62	5267
63	5256
64	5450
65	5748
66	6061
67	6341
68	6751
69	6797
70	7160
71	7623
72	7937
73	8233
74	8496
75	8945
76	9156
77	9636
78	9936
79	10509
80	10886
81	11323
82	11772
83	12550
84	12804
85	13365
86	13561
87	14171
88	14426
89	14741
90	15258
91	16049
92	16512
93	16927
94	17434
95	18473
96	18748
97	19124
98	20256
99	20728
100	21086
101	22034
102	22824
103	23265
104	24131
105	24968
106	25208
107	26361
108	27103
109	27301
110	28398
111	28964
112	29738
113	30409
114	30303
115	31286
116	31898
117	31894
118	32887
119	34066
120	34261
121	34492
122	35366
123	35196
124	36441
125	37003
126	37196
127	37945
128	38729
129	39045
130	39119
131	39737
132	40196
133	41444
134	42553
135	43205
136	44499
137	46794
138	48215
139	51550
140	55317
141	61233
142	70154
143	86919
144	112170
145	156529
146	236292
147	449467
148	681119
149	1191343
150	2216419
