16	2
17	3
18	5
19	2
20	1
21	2
22	2
23	1
25	1
27	2
28	3
29	6
30	13
31	6
32	4
33	13
34	9
35	7
36	7
37	6
38	11
39	7
40	13
41	21
42	31
43	27
44	34
45	33
46	41
47	39
48	45
49	36
50	43
51	39
52	26
53	30
54	38
55	48
56	53
57	68
58	64
59	56
60	46
61	68
62	66
63	78
64	76
65	87
66	90
67	101
68	80
69	100
70	112
71	93
72	102
73	130
74	130
75	121
76	144
77	174
78	145
79	179
80	201
81	200
82	208
83	246
84	277
85	227
86	274
87	304
88	293
89	320
90	325
91	342
92	390
93	431
94	419
95	448
96	505
97	559
98	595
99	597
100	627
101	642
102	733
103	801
104	810
105	774
106	796
107	923
108	968
109	977
110	982
111	1072
112	1110
113	1132
114	1241
115	1286
116	1327
117	1449
118	1581
119	1641
120	1518
121	1729
122	1666
123	1687
124	1800
125	1837
126	1781
127	1943
128	1940
129	2021
130	2132
131	2230
132	2288
133	2259
134	2489
135	2562
136	2468
137	2588
138	2670
139	3045
140	3219
141	3718
142	4334
143	4989
144	7252
145	9054
146	14878
147	34045
148	40492
149	102842
150	89464
