16	2
17	3
18	5
19	2
20	1
21	2
22	2
23	1
25	1
27	2
28	3
29	6
30	13
31	6
32	3
33	13
34	9
35	7
36	6
37	6
38	11
39	6
40	12
41	19
42	30
43	24
44	31
45	30
46	39
47	37
48	43
49	35
50	42
51	38
52	25
53	30
54	36
55	39
56	46
57	53
58	47
59	47
60	41
61	63
62	57
63	67
64	70
65	83
66	79
67	97
68	77
69	91
70	104
71	86
72	93
73	120
74	113
75	112
76	135
77	151
78	128
79	146
80	168
81	170
82	176
83	214
84	234
85	200
86	234
87	253
88	260
89	255
90	282
91	278
92	327
93	353
94	346
95	368
96	401
97	438
98	472
99	484
100	501
101	506
102	573
103	581
104	586
105	598
106	614
107	679
108	696
109	689
110	711
111	730
112	814
113	807
114	873
115	893
116	893
117	979
118	1044
119	1094
120	1020
121	1184
122	1095
123	1078
124	1184
125	1233
126	1138
127	1290
128	1295
129	1327
130	1369
131	1440
132	1497
133	1424
134	1573
135	1673
136	1538
137	1592
138	1626
139	1728
140	1801
141	2034
142	2365
143	2661
144	3502
145	4053
146	5692
147	13252
148	14563
149	22168
150	19547
