16	8
17	3
19	2
22	2
25	3
26	2
28	1
29	8
30	9
31	13
32	8
33	2
34	7
35	6
36	2
37	6
38	6
39	12
40	5
41	9
42	11
43	4
44	15
45	7
46	11
47	20
48	11
49	18
50	18
51	55
52	28
53	18
54	10
55	15
56	11
57	15
58	30
59	31
60	30
61	17
62	9
63	15
64	29
65	33
66	23
67	24
68	24
69	42
70	50
71	34
72	41
73	47
74	54
75	47
76	52
77	47
78	59
79	57
80	71
81	62
82	74
83	108
84	98
85	76
86	103
87	112
88	112
89	99
90	122
91	93
92	105
93	118
94	144
95	170
96	159
97	147
98	197
99	192
100	232
101	237
102	202
103	248
104	237
105	271
106	304
107	318
108	310
109	323
110	344
111	330
112	343
113	412
114	420
115	464
116	524
117	535
118	519
119	701
120	573
121	636
122	670
123	663
124	619
125	767
126	771
127	723
128	859
129	739
130	760
131	838
132	811
133	893
134	967
135	1129
136	1220
137	1332
138	1480
139	1535
140	1688
141	2038
142	2125
143	2597
144	3808
145	5446
146	10272
147	21492
148	22583
149	59387
150	192658
