16	8
17	3
19	2
22	1
25	3
26	2
29	8
30	9
31	13
32	8
33	2
34	7
35	6
36	2
37	6
38	6
39	10
40	4
41	6
42	11
43	4
44	13
45	7
46	11
47	18
48	11
49	18
50	12
51	22
52	19
53	11
54	10
55	13
56	11
57	15
58	25
59	22
60	24
61	12
62	8
63	13
64	25
65	28
66	20
67	22
68	19
69	32
70	42
71	29
72	37
73	44
74	49
75	34
76	44
77	44
78	48
79	46
80	55
81	53
82	64
83	61
84	63
85	63
86	83
87	84
88	83
89	75
90	88
91	65
92	86
93	83
94	100
95	118
96	121
97	108
98	147
99	124
100	161
101	172
102	137
103	145
104	165
105	192
106	174
107	219
108	188
109	190
110	228
111	201
112	212
113	250
114	234
115	269
116	269
117	283
118	298
119	340
120	299
121	344
122	345
123	325
124	322
125	434
126	407
127	391
128	436
129	383
130	381
131	428
132	459
133	487
134	498
135	549
136	559
137	564
138	658
139	737
140	759
141	897
142	907
143	1123
144	1533
145	2130
146	3537
147	7034
148	7991
149	13620
150	22807
