16	5
17	21
18	10
19	6
20	7
21	2
22	3
23	2
24	10
25	13
26	6
27	3
28	2
29	5
30	4
31	2
32	6
33	2
34	15
35	39
36	16
37	3
38	9
39	11
40	8
41	12
42	13
43	17
44	8
45	8
46	7
47	18
48	21
49	11
50	18
51	16
52	15
53	27
54	17
55	17
56	19
57	23
58	35
59	25
60	28
61	35
62	29
63	30
64	33
65	41
66	51
67	51
68	35
69	45
70	46
71	73
72	70
73	49
74	69
75	65
76	65
77	67
78	72
79	86
80	83
81	96
82	110
83	107
84	134
85	140
86	156
87	127
88	137
89	166
90	173
91	197
92	182
93	196
94	177
95	214
96	242
97	213
98	238
99	252
100	218
101	303
102	266
103	342
104	289
105	320
106	300
107	351
108	350
109	394
110	416
111	450
112	405
113	441
114	525
115	523
116	540
117	601
118	678
119	575
120	577
121	670
122	626
123	670
124	648
125	737
126	814
127	782
128	843
129	787
130	837
131	881
132	822
133	875
134	862
135	1008
136	879
137	1017
138	1083
139	1136
140	1305
141	1335
142	1583
143	1726
144	2176
145	2604
146	4457
147	9798
148	10988
149	20692
150	90809
