16	5
17	21
18	9
19	6
20	7
21	2
22	3
23	1
24	7
25	10
26	5
27	3
28	2
29	2
30	4
31	2
32	5
33	2
34	12
35	19
36	11
37	3
38	9
39	8
40	8
41	11
42	12
43	15
44	8
45	5
46	7
47	17
48	17
49	9
50	18
51	13
52	15
53	26
54	15
55	16
56	18
57	21
58	30
59	21
60	28
61	31
62	26
63	25
64	27
65	34
66	41
67	46
68	27
69	43
70	43
71	61
72	61
73	43
74	62
75	52
76	50
77	56
78	62
79	75
80	74
81	84
82	92
83	100
84	116
85	119
86	128
87	105
88	109
89	139
90	144
91	164
92	166
93	167
94	143
95	166
96	201
97	179
98	191
99	199
100	170
101	231
102	221
103	262
104	250
105	252
106	229
107	271
108	298
109	282
110	320
111	323
112	310
113	333
114	385
115	390
116	379
117	418
118	453
119	417
120	406
121	421
122	442
123	473
124	447
125	537
126	550
127	532
128	579
129	536
130	564
131	603
132	551
133	602
134	612
135	652
136	602
137	674
138	701
139	731
140	836
141	830
142	955
143	1020
144	1209
145	1450
146	2119
147	4114
148	5143
149	7974
150	17213
