16	12
17	17
18	14
19	35
20	35
21	19
22	29
23	31
24	46
25	32
26	40
27	37
28	53
29	46
30	40
31	54
32	53
33	70
34	89
35	119
36	151
37	160
38	185
39	220
40	286
41	336
42	425
43	458
44	524
45	634
46	755
47	876
48	894
49	945
50	1125
51	1218
52	1304
53	1344
54	1498
55	1604
56	1697
57	1765
58	1847
59	1954
60	1984
61	2081
62	2068
63	2156
64	2247
65	2509
66	2498
67	2735
68	2783
69	2910
70	2912
71	3055
72	3294
73	3287
74	3500
75	3577
76	3810
77	3881
78	4017
79	4176
80	4461
81	4854
82	4998
83	5297
84	5426
85	5840
86	6026
87	6263
88	6356
89	6833
90	7100
91	7319
92	7903
93	8137
94	8486
95	8768
96	9044
97	9735
98	9888
99	10246
100	10662
101	11091
102	11615
103	12227
104	12738
105	12954
106	13360
107	13806
108	13954
109	15005
110	15307
111	15971
112	16197
113	16707
114	16988
115	18191
116	18322
117	18903
118	19339
119	19892
120	20392
121	20651
122	21142
123	21457
124	22288
125	22993
126	23355
127	23791
128	24698
129	25039
130	25570
131	26037
132	26500
133	26546
134	28073
135	28808
136	29669
137	30666
138	32415
139	34203
140	38053
141	41704
142	49093
143	63283
144	87464
145	125314
146	198680
147	464813
148	642569
149	952974
150	2023169
