0	0
1	0
2	0
3	0
4	0
5	0
6	0
7	0
8	0
9	0
10	0
11	0
12	0
13	1
14	5
15	1
16	2
17	9
18	2
19	0
20	2
21	4
22	2
23	5
24	3
25	5
26	11
27	4
28	8
29	6
30	8
31	13
32	9
33	12
34	7
35	8
36	19
37	7
38	9
39	11
40	12
41	11
42	11
43	11
44	14
45	13
46	14
47	9
48	13
49	6
50	20
51	17
52	18
53	10
54	11
55	11
56	18
57	25
58	31
59	25
60	23
61	32
62	22
63	27
64	23
65	22
66	20
67	31
68	35
69	31
70	34
71	31
72	38
73	39
74	55
75	42
76	46
77	47
78	47
79	55
80	64
81	69
82	58
83	61
84	81
85	71
86	65
87	59
88	86
89	76
90	94
91	82
92	58
93	91
94	89
95	111
96	116
97	108
98	100
99	126
100	105
101	116
102	112
103	137
104	150
105	135
106	142
107	140
108	153
109	168
110	155
111	145
112	148
113	175
114	169
115	176
116	181
117	185
118	186
119	217
120	206
121	223
122	228
123	239
124	245
125	196
126	258
127	260
128	225
129	239
130	201
131	229
132	225
133	282
134	223
135	260
136	243
137	298
138	287
139	310
140	280
141	292
142	325
143	348
144	310
145	284
146	237
147	285
148	223
149	269
150	277
151	329
152	343
153	298
154	280
155	351
156	321
157	339
158	310
159	281
160	348
161	330
162	306
163	294
164	315
165	347
166	333
167	298
168	355
169	359
170	391
171	343
172	352
173	339
174	357
175	378
176	335
177	339
178	410
179	365
180	430
181	335
182	352
183	389
184	347
185	348
186	314
187	345
188	388
189	315
190	284
191	295
192	384
193	356
194	281
195	312
196	311
197	346
198	302
199	336
200	318
201	284
202	321
203	301
204	303
205	244
206	291
207	311
208	302
209	321
210	312
211	337
212	306
213	316
214	306
215	285
216	251
217	332
218	367
219	260
220	271
221	255
222	276
223	255
224	220
225	231
226	219
227	282
228	309
229	291
230	257
231	202
232	218
233	302
234	252
235	289
236	261
237	228
238	276
239	216
240	247
241	245
242	260
243	271
244	253
245	228
246	298
247	247
248	330
249	335
250	253
251	235
252	260
253	320
254	271
255	255
256	293
257	291
258	272
259	332
260	232
261	254
262	324
263	273
264	235
265	277
266	312
267	319
268	250
269	252
270	325
271	241
272	269
273	289
274	245
275	253
276	289
277	232
278	317
279	269
280	279
281	295
282	250
283	264
284	337
285	320
286	292
287	279
288	258
289	355
290	310
291	289
292	319
293	254
294	304
295	277
296	266
297	318
298	246
299	234
300	305
301	298
302	294
303	196
304	227
305	256
306	286
307	188
308	315
309	322
310	288
311	223
312	298
313	219
314	306
315	241
316	245
317	244
318	263
319	273
320	211
321	244
322	254
323	217
324	262
325	192
326	222
327	275
328	260
329	210
330	274
331	234
332	232
333	219
334	240
335	243
336	278
337	239
338	255
339	241
340	269
341	212
342	214
343	245
344	199
345	202
346	255
347	204
348	188
349	234
350	276
351	193
352	241
353	225
354	190
355	193
356	208
357	239
358	198
359	182
360	163
361	219
362	239
363	167
364	217
365	220
366	197
367	245
368	212
369	204
370	209
371	220
372	197
373	168
374	173
375	181
376	193
377	196
378	211
379	225
380	200
381	204
382	220
383	201
384	181
385	196
386	209
387	182
388	200
389	194
390	188
391	162
392	187
393	233
394	176
395	189
396	201
397	171
398	179
399	184
400	140
401	213
402	222
403	193
404	186
405	257
406	211
407	174
408	165
409	217
410	169
411	165
412	167
413	189
414	190
415	198
416	179
417	191
418	184
419	157
420	132
421	145
422	182
423	186
424	119
425	144
426	166
427	143
428	147
429	106
430	132
431	148
432	139
433	151
434	108
435	160
436	133
437	109
438	109
439	152
440	123
441	136
442	144
443	131
444	138
445	128
446	130
447	99
448	141
449	115
450	99
451	114
452	124
453	113
454	116
455	110
456	112
457	99
458	133
459	111
460	101
461	146
462	104
463	108
464	91
465	95
466	106
467	98
468	96
469	108
470	96
471	68
472	78
473	105
474	85
475	80
476	104
477	79
478	57
479	85
480	65
481	83
482	73
483	101
484	83
485	102
486	93
487	76
488	126
489	87
490	69
491	68
492	82
493	62
494	89
495	91
496	62
497	93
498	70
499	68
500	49
501	50
502	64
503	65
504	52
505	67
506	68
507	136
508	81
509	94
510	79
511	67
512	54
513	75
514	77
515	75
516	53
517	46
518	56
519	66
520	75
521	70
522	53
523	62
524	98
525	60
526	47
527	82
528	51
529	68
530	91
531	65
532	81
533	55
534	76
535	77
536	41
537	37
538	49
539	61
540	67
541	72
542	67
543	57
544	54
545	50
546	50
547	43
548	37
549	50
550	62
551	43
552	51
553	33
554	33
555	38
556	41
557	49
558	27
559	46
560	54
561	27
562	27
563	39
564	38
565	36
566	25
