0	0
1	0
2	0
3	0
4	0
5	0
6	0
7	0
8	0
9	0
10	0
11	0
12	0
13	1
14	5
15	1
16	2
17	9
18	2
19	0
20	2
21	4
22	2
23	5
24	3
25	5
26	10
27	4
28	8
29	6
30	8
31	8
32	9
33	9
34	7
35	8
36	19
37	7
38	9
39	11
40	11
41	11
42	10
43	10
44	14
45	13
46	13
47	7
48	13
49	6
50	17
51	17
52	17
53	9
54	11
55	10
56	15
57	25
58	28
59	24
60	20
61	31
62	22
63	27
64	23
65	22
66	20
67	29
68	32
69	28
70	32
71	27
72	37
73	38
74	50
75	42
76	44
77	46
78	43
79	53
80	61
81	65
82	51
83	53
84	71
85	69
86	58
87	57
88	80
89	70
90	82
91	75
92	55
93	84
94	77
95	96
96	102
97	94
98	91
99	108
100	98
101	97
102	101
103	125
104	133
105	118
106	121
107	121
108	126
109	137
110	133
111	119
112	119
113	148
114	148
115	152
116	148
117	159
118	146
119	178
120	166
121	172
122	176
123	191
124	184
125	156
126	192
127	192
128	165
129	182
130	163
131	169
132	173
133	210
134	159
135	193
136	186
137	207
138	199
139	204
140	193
141	189
142	214
143	236
144	228
145	171
146	181
147	196
148	160
149	171
150	176
151	200
152	206
153	183
154	167
155	228
156	200
157	209
158	184
159	177
160	209
161	188
162	185
163	183
164	187
165	202
166	195
167	166
168	219
169	201
170	225
171	202
172	209
173	191
174	206
175	217
176	198
177	188
178	220
179	196
180	226
181	195
182	198
183	211
184	202
185	184
186	189
187	189
188	211
189	167
190	152
191	156
192	204
193	205
194	150
195	181
196	199
197	194
198	180
199	186
200	184
201	167
202	196
203	176
204	166
205	138
206	172
207	176
208	154
209	181
210	169
211	197
212	178
213	175
214	170
215	162
216	154
217	178
218	188
219	157
220	161
221	152
222	158
223	141
224	136
225	138
226	138
227	174
228	185
229	172
230	151
231	128
232	139
233	178
234	153
235	171
236	159
237	145
238	150
239	149
240	138
241	158
242	178
243	164
244	146
245	141
246	176
247	141
248	172
249	185
250	159
251	153
252	141
253	186
254	166
255	173
256	157
257	170
258	176
259	191
260	149
261	154
262	177
263	147
264	144
265	166
266	179
267	171
268	148
269	158
270	175
271	153
272	163
273	171
274	165
275	159
276	164
277	157
278	196
279	156
280	176
281	178
282	161
283	171
284	213
285	191
286	173
287	175
288	160
289	207
290	187
291	172
292	194
293	165
294	183
295	181
296	174
297	201
298	165
299	159
300	185
301	186
302	182
303	142
304	153
305	167
306	175
307	126
308	206
309	183
310	189
311	147
312	185
313	147
314	183
315	158
316	153
317	175
318	173
319	176
320	143
321	161
322	164
323	158
324	166
325	130
326	152
327	170
328	171
329	158
330	180
331	148
332	153
333	143
334	161
335	169
336	173
337	155
338	161
339	153
340	179
341	138
342	165
343	161
344	146
345	140
346	166
347	143
348	142
349	148
350	168
351	139
352	168
353	147
354	145
355	130
356	151
357	157
358	147
359	127
360	115
361	145
362	151
363	130
364	154
365	150
366	136
367	178
368	157
369	141
370	152
371	158
372	149
373	125
374	131
375	132
376	130
377	140
378	152
379	158
380	152
381	150
382	162
383	143
384	127
385	143
386	138
387	142
388	139
389	139
390	140
391	126
392	139
393	168
394	121
395	137
396	138
397	133
398	133
399	134
400	105
401	148
402	151
403	147
404	135
405	167
406	155
407	131
408	133
409	171
410	141
411	121
412	121
413	134
414	141
415	136
416	135
417	139
418	137
419	108
420	101
421	118
422	127
423	141
424	101
425	120
426	127
427	108
428	109
429	82
430	90
431	111
432	96
433	115
434	83
435	130
436	106
437	94
438	91
439	117
440	105
441	102
442	116
443	99
444	112
445	103
446	106
447	79
448	113
449	88
450	78
451	91
452	103
453	81
454	94
455	90
456	88
457	83
458	105
459	83
460	76
461	118
462	90
463	98
464	77
465	70
466	87
467	83
468	80
469	95
470	75
471	57
472	71
473	88
474	62
475	68
476	80
477	68
478	49
479	71
480	60
481	69
482	65
483	86
484	65
485	79
486	77
487	62
488	76
489	67
490	53
491	55
492	68
493	53
494	73
495	71
496	53
497	68
498	62
499	54
500	45
501	44
502	53
503	58
504	43
505	59
506	60
507	111
508	66
509	70
510	56
511	54
512	45
513	61
514	66
515	47
516	45
517	39
518	46
519	58
520	60
521	57
522	48
523	44
524	79
525	51
526	41
527	68
528	39
529	61
530	54
531	59
532	68
533	44
534	62
535	58
536	34
537	30
538	45
539	49
540	47
541	57
542	51
543	42
544	35
545	38
546	46
547	33
548	35
549	44
550	51
551	36
552	44
553	32
554	29
555	37
556	36
557	38
558	24
559	33
560	41
561	26
562	25
563	32
564	33
565	30
566	21
567	34
568	29
569	32
570	26
