0	0
1	0
2	0
3	0
4	0
5	0
6	0
7	0
8	0
9	0
10	0
11	0
12	0
13	0
14	2
15	1
16	2
17	0
18	0
19	0
20	0
21	0
22	0
23	2
24	1
25	1
26	1
27	6
28	3
29	1
30	2
31	3
32	3
33	2
34	6
35	3
36	4
37	5
38	5
39	4
40	4
41	3
42	7
43	2
44	3
45	3
46	7
47	36
48	4
49	11
50	9
51	6
52	7
53	3
54	4
55	3
56	5
57	12
58	11
59	7
60	3
61	5
62	7
63	6
64	10
65	5
66	9
67	14
68	5
69	6
70	9
71	8
72	15
73	11
74	16
75	9
76	10
77	5
78	11
79	15
80	25
81	25
82	28
83	24
84	45
85	37
86	17
87	30
88	28
89	35
90	44
91	42
92	29
93	26
94	51
95	47
96	41
97	50
98	84
99	69
100	60
101	82
102	67
103	108
104	55
105	88
106	94
107	60
108	73
109	121
110	95
111	84
112	88
113	96
114	105
115	225
116	111
117	96
118	125
119	147
120	92
121	183
122	134
123	179
124	98
125	120
126	141
127	180
128	218
129	142
130	220
131	145
132	174
133	191
134	248
135	196
136	334
137	255
138	300
139	183
140	242
141	147
142	272
143	222
144	310
145	173
146	139
147	201
148	351
149	268
150	239
151	316
152	223
153	442
154	376
155	261
156	219
157	273
158	232
159	392
160	401
161	484
162	258
163	504
164	286
165	462
166	560
167	390
168	290
169	355
170	457
171	398
172	290
173	439
174	481
175	515
176	272
177	414
178	380
179	657
180	342
181	488
182	400
183	670
184	291
185	697
186	726
187	465
188	502
189	582
190	658
191	489
192	540
193	407
194	361
195	447
196	700
197	325
198	527
199	692
200	407
201	352
202	508
203	528
204	582
205	284
206	449
207	524
208	504
209	466
210	531
211	536
212	495
213	620
214	533
215	955
216	397
217	481
218	891
219	481
220	746
221	460
222	328
223	356
224	613
225	811
226	554
227	320
228	452
229	497
230	638
231	700
232	673
233	550
234	656
235	440
236	364
237	605
238	591
239	438
240	754
241	621
242	772
243	797
244	622
245	619
246	834
247	794
248	379
249	512
250	766
251	449
252	371
253	902
254	456
255	527
256	733
257	494
258	599
259	703
260	921
261	536
262	542
263	587
264	683
265	814
266	728
267	874
268	1014
269	1074
270	384
271	514
272	821
273	567
274	612
275	413
276	404
277	234
278	610
279	590
280	570
281	865
282	681
283	759
284	520
285	344
286	577
287	488
288	675
289	878
290	606
291	936
292	391
293	538
294	608
295	625
296	550
297	850
298	530
299	1294
300	869
301	700
302	666
303	846
304	537
305	1133
306	948
307	579
308	924
309	636
310	588
311	486
312	416
313	676
314	716
315	445
316	582
317	728
318	302
319	732
320	476
321	600
322	766
323	973
324	511
325	682
326	501
327	388
328	571
329	367
330	461
331	367
332	469
333	324
334	693
335	292
336	512
337	463
338	802
339	249
340	520
341	547
342	679
343	356
344	743
345	493
346	605
347	440
348	702
349	442
350	484
351	458
352	435
353	560
354	758
355	210
356	696
357	195
358	606
359	417
360	663
361	639
362	390
363	716
364	608
365	367
366	461
367	376
368	590
369	425
370	918
371	564
372	924
373	564
374	951
375	243
376	545
377	452
378	396
379	315
380	459
381	550
382	663
383	547
384	259
385	236
386	691
387	710
388	454
389	500
390	153
391	329
392	457
393	558
394	403
395	491
396	427
397	271
398	497
399	375
400	420
401	416
402	389
403	218
404	518
405	626
406	558
407	541
408	344
409	397
410	501
411	363
412	291
413	328
414	338
415	265
416	179
417	276
418	309
419	326
420	300
421	355
422	412
423	174
424	444
425	314
426	162
427	258
428	332
429	376
430	337
431	148
432	243
433	273
434	133
435	317
436	367
437	290
438	310
439	231
440	322
441	622
442	257
443	182
444	163
445	204
446	365
447	257
448	140
449	213
450	88
451	341
452	259
453	173
454	318
455	297
456	185
457	195
458	94
459	130
460	232
461	217
462	89
463	222
464	70
465	164
466	132
467	380
468	251
469	232
470	90
471	78
472	137
473	225
474	196
475	195
476	275
477	130
478	225
479	182
480	230
481	89
482	80
483	129
484	102
485	72
486	115
487	40
488	75
489	101
490	199
491	221
492	30
493	334
494	73
495	71
496	130
497	91
498	21
499	117
500	82
501	43
502	98
503	101
504	91
505	124
506	83
507	231
508	63
509	62
510	109
511	55
512	64
513	100
514	52
515	177
516	20
517	80
518	45
519	181
520	51
521	35
522	129
523	44
524	32
525	65
526	93
527	105
528	66
529	118
530	172
531	60
532	33
533	51
534	38
535	84
536	37
537	20
538	138
539	26
540	99
541	134
542	17
543	26
544	95
545	30
546	123
547	66
548	47
549	62
550	82
551	14
552	43
553	33
554	66
555	27
556	55
557	34
558	23
559	54
560	125
561	139
562	22
563	112
564	64
