0	0
1	0
2	0
3	0
4	0
5	0
6	0
7	0
8	0
9	0
10	0
11	0
12	0
13	0
14	2
15	1
16	2
17	0
18	0
19	0
20	0
21	0
22	0
23	2
24	1
25	1
26	1
27	6
28	3
29	1
30	2
31	3
32	2
33	2
34	5
35	3
36	4
37	5
38	3
39	3
40	4
41	3
42	7
43	2
44	3
45	3
46	6
47	16
48	4
49	6
50	5
51	5
52	5
53	3
54	4
55	3
56	4
57	9
58	9
59	6
60	3
61	5
62	6
63	5
64	7
65	4
66	7
67	12
68	4
69	6
70	9
71	8
72	12
73	9
74	14
75	9
76	9
77	4
78	8
79	15
80	12
81	17
82	19
83	19
84	29
85	25
86	15
87	23
88	23
89	27
90	34
91	30
92	25
93	21
94	32
95	37
96	31
97	33
98	67
99	46
100	37
101	47
102	47
103	52
104	40
105	56
106	43
107	42
108	45
109	77
110	46
111	45
112	54
113	61
114	58
115	92
116	56
117	52
118	66
119	65
120	56
121	76
122	66
123	71
124	60
125	77
126	75
127	88
128	81
129	72
130	83
131	68
132	91
133	99
134	95
135	82
136	137
137	103
138	97
139	84
140	112
141	84
142	102
143	83
144	105
145	86
146	58
147	59
148	87
149	77
150	67
151	77
152	78
153	92
154	88
155	70
156	62
157	77
158	76
159	89
160	87
161	95
162	63
163	98
164	64
165	108
166	97
167	86
168	83
169	76
170	99
171	93
172	85
173	110
174	100
175	86
176	87
177	87
178	83
179	115
180	102
181	87
182	95
183	120
184	83
185	135
186	131
187	82
188	111
189	90
190	101
191	98
192	109
193	91
194	65
195	87
196	93
197	61
198	76
199	85
200	79
201	64
202	95
203	92
204	97
205	73
206	71
207	93
208	88
209	77
210	84
211	108
212	103
213	88
214	120
215	175
216	66
217	81
218	105
219	93
220	87
221	62
222	80
223	65
224	97
225	121
226	90
227	61
228	87
229	84
230	112
231	100
232	98
233	68
234	110
235	87
236	75
237	128
238	92
239	89
240	133
241	113
242	113
243	130
244	108
245	101
246	142
247	109
248	95
249	109
250	117
251	86
252	80
253	123
254	76
255	91
256	111
257	92
258	104
259	133
260	128
261	103
262	123
263	118
264	124
265	108
266	116
267	114
268	142
269	143
270	83
271	84
272	106
273	88
274	98
275	77
276	77
277	70
278	119
279	98
280	108
281	131
282	106
283	109
284	86
285	57
286	108
287	98
288	100
289	145
290	116
291	121
292	79
293	92
294	112
295	109
296	112
297	129
298	113
299	207
300	131
301	105
302	106
303	137
304	127
305	160
306	131
307	91
308	114
309	112
310	105
311	99
312	93
313	134
314	142
315	83
316	126
317	115
318	86
319	130
320	96
321	121
322	126
323	135
324	73
325	113
326	96
327	98
328	112
329	103
330	114
331	82
332	108
333	83
334	93
335	96
336	127
337	93
338	126
339	76
340	109
341	88
342	119
343	89
344	111
345	95
346	118
347	73
348	134
349	95
350	109
351	102
352	109
353	93
354	106
355	70
356	97
357	90
358	124
359	102
360	124
361	106
362	77
363	114
364	117
365	105
366	113
367	101
368	121
369	116
370	139
371	130
372	163
373	137
374	141
375	75
376	98
377	92
378	92
379	109
380	111
381	110
382	122
383	106
384	92
385	79
386	114
387	118
388	88
389	108
390	82
391	89
392	111
393	108
394	106
395	91
396	92
397	65
398	118
399	112
400	105
401	91
402	85
403	81
404	104
405	120
406	146
407	133
408	95
409	92
410	105
411	79
412	74
413	63
414	73
415	78
416	65
417	80
418	89
419	102
420	84
421	77
422	104
423	65
424	84
425	103
426	56
427	88
428	91
429	85
430	73
431	56
432	89
433	80
434	60
435	94
436	93
437	75
438	84
439	84
440	83
441	92
442	76
443	63
444	68
445	77
446	80
447	78
448	48
449	66
450	36
451	75
452	69
453	69
454	82
455	91
456	47
457	44
458	58
459	50
460	68
461	55
462	38
463	65
464	47
465	56
466	60
467	83
468	52
469	79
470	43
471	35
472	51
473	64
474	69
475	45
476	67
477	45
478	42
479	51
480	47
481	27
482	28
483	43
484	39
485	33
486	46
487	27
488	34
489	47
490	57
491	47
492	21
493	61
494	32
495	30
496	46
497	31
498	13
499	45
500	26
501	18
502	46
503	38
504	34
505	37
506	44
507	50
508	34
509	24
510	34
511	28
512	30
513	37
514	25
515	31
516	14
517	27
518	23
519	54
520	19
521	26
522	39
523	27
524	26
525	30
526	27
527	37
528	32
529	34
530	29
531	29
532	14
533	29
534	22
535	29
536	19
537	16
538	41
539	23
540	30
541	47
542	13
543	16
544	39
545	20
546	26
547	22
548	27
549	33
550	22
551	11
552	25
553	17
554	22
555	16
556	32
557	23
558	12
559	25
560	43
561	33
562	13
563	31
564	23
565	18
566	27
567	29
568	9
569	21
570	14
571	11
572	4
573	21
574	14
575	14
576	14
577	9
578	10
579	29
