0	0
1	0
2	0
3	0
4	0
5	0
6	0
7	0
8	0
9	0
10	0
11	0
12	1
13	1
14	8
15	16
16	28
17	20
18	14
19	20
20	14
21	10
22	13
23	12
24	9
25	12
26	14
27	16
28	26
29	18
30	25
31	36
32	51
33	57
34	66
35	71
36	96
37	102
38	127
39	150
40	170
41	174
42	216
43	223
44	250
45	266
46	282
47	312
48	370
49	342
50	351
51	385
52	406
53	437
54	467
55	479
56	553
57	550
58	549
59	569
60	555
61	542
62	712
63	617
64	709
65	662
66	718
67	720
68	871
69	825
70	994
71	848
72	926
73	1076
74	941
75	1020
76	983
77	1048
78	1201
79	1339
80	1179
81	1235
82	1419
83	1760
84	1495
85	2143
86	1470
87	1494
88	1648
89	2005
90	3637
91	2189
92	1940
93	1889
94	1925
95	1939
96	1880
97	1900
98	2116
99	2123
100	2175
101	2280
102	2246
103	2363
104	2368
105	2345
106	2571
107	2528
108	2611
109	2803
110	2815
111	2888
112	2941
113	2946
114	3013
115	3065
116	3305
117	3415
118	3486
119	3455
120	3560
121	3721
122	3735
123	3606
124	3769
125	3828
126	3905
127	3945
128	4077
129	4119
130	4316
131	4339
132	4306
133	4144
134	4323
135	4299
136	4455
137	4455
138	4485
139	4495
140	4946
141	4883
142	4780
143	5026
144	4728
145	4436
146	4650
147	5008
148	5219
149	5424
150	5448
151	5444
152	5549
153	5684
154	5737
155	5770
156	5864
157	5732
158	5705
159	5599
160	6023
161	6102
162	6066
163	6147
164	6032
165	5992
166	5925
167	5922
168	5939
169	6051
170	5970
171	5816
172	6257
173	5811
174	6107
175	6086
176	5804
177	6272
178	6426
179	5975
180	6118
181	6029
182	6245
183	6550
184	5927
185	5954
186	6172
187	6289
188	6073
189	5993
190	5925
191	6056
192	5762
193	6103
194	5978
195	5871
196	5972
197	5867
198	5734
199	5789
200	6087
201	5710
202	5919
203	5999
204	5720
205	5848
206	5807
207	5881
208	5952
209	5984
210	5852
211	5679
212	5588
213	5601
214	5781
215	5642
216	5507
217	5813
218	5450
219	5669
220	5528
221	5503
222	5510
223	5522
224	5276
225	5423
226	5045
227	5340
228	5302
229	5195
230	5292
231	4951
232	5305
233	5206
234	5115
235	5147
236	5090
237	5040
238	5106
239	4848
240	5115
241	5144
242	4993
243	4809
244	4814
245	4962
246	5078
247	4959
248	5042
249	4953
250	4917
251	4823
252	4871
253	4795
254	4893
255	4793
256	4582
257	4799
258	4727
259	4651
260	4767
261	4549
262	4589
263	4407
264	4536
265	4388
266	4433
267	4465
268	4199
269	4413
270	4415
271	4204
272	4284
273	4351
274	4237
275	4309
276	4410
277	4113
278	4240
279	3787
280	4030
281	3987
282	3821
283	4001
284	4055
285	3867
286	3782
287	3799
288	3896
289	3969
290	3911
291	4046
292	3767
293	3758
294	3762
295	3759
296	3839
297	3920
298	3731
299	3935
300	3597
301	3643
302	3614
303	3717
304	3570
305	3464
306	3462
307	3522
308	3279
309	3565
310	3162
311	3453
312	3415
313	3481
314	3337
315	3272
316	3419
317	3314
318	3193
319	3174
320	3038
321	3004
322	3108
323	3106
324	3204
325	3228
326	3114
327	3120
328	3043
329	2996
330	2973
331	2877
332	2808
333	2893
334	2827
335	2863
336	2880
337	3045
338	2572
339	2951
340	3113
341	2974
342	2728
343	2693
344	2683
345	2751
346	2791
347	2742
348	2682
349	2547
350	2602
351	2583
352	2708
353	2842
354	2538
355	2581
356	2497
357	2376
358	2572
359	2613
360	2329
361	2355
362	2493
363	2384
364	2333
365	2408
366	2323
367	2464
368	2311
369	2425
370	2493
371	2374
372	2148
373	2117
374	2413
375	2345
376	2215
377	2199
378	2307
379	2239
380	2257
381	2076
382	2117
383	2146
384	2352
385	2187
386	2061
387	2030
388	2009
389	2182
390	2100
391	2102
392	2040
393	1997
394	1843
395	1876
396	1826
397	1852
398	1974
399	1987
400	1915
401	1898
402	1781
403	1844
404	1811
405	1954
406	1825
407	1891
408	1852
409	1791
410	1808
411	1809
412	1744
413	1609
414	1753
415	1770
416	1745
417	1815
418	1749
419	1661
420	1692
421	1653
422	1669
423	1616
424	1704
425	1654
426	1567
427	1547
428	1746
429	1577
430	1625
431	1690
432	1556
433	1576
434	1666
435	1501
436	1558
437	1422
438	1477
439	1586
440	1466
441	1410
442	1602
443	1407
444	1573
445	1559
446	1533
447	1532
448	1430
449	1357
450	1379
451	1363
452	1401
453	1491
454	1475
455	1416
456	1380
457	1373
458	1378
459	1314
460	1300
461	1272
462	1297
463	1320
464	1363
465	1344
466	1328
467	1349
468	1195
469	1159
470	1261
471	1325
472	1411
473	1329
474	1318
475	1342
476	1270
477	1171
478	1169
479	1238
480	1193
481	1212
482	1091
483	1254
484	1233
485	1037
486	1098
487	1043
488	1165
489	1190
490	1187
491	1184
492	1230
493	1303
494	1127
495	1200
496	1107
497	1163
498	1246
499	1092
500	1030
501	1211
502	1036
503	1164
504	1176
505	1262
506	1179
507	1148
508	1037
509	1104
510	1133
511	957
512	1031
513	1045
514	974
515	1052
516	1073
517	1049
518	1068
519	1038
520	1009
521	1095
522	1085
523	1098
524	1053
525	1053
526	1031
527	1034
528	1076
529	1110
530	1082
531	956
532	1089
533	1030
534	1156
535	1159
536	960
537	1067
538	1116
539	1045
540	966
541	1013
542	1029
543	1045
544	1039
545	1012
546	1018
547	1068
548	1007
549	954
550	914
551	1014
552	938
553	958
554	934
555	1041
556	887
557	918
558	888
559	847
560	1003
561	1029
562	980
563	915
564	966
565	949
566	992
567	912
568	1016
569	910
570	879
571	926
572	972
573	916
574	891
575	984
576	901
577	873
578	950
579	1047
580	1004
581	811
582	927
583	895
584	875
585	905
586	878
587	936
588	910
589	963
590	855
591	951
592	880
593	865
594	923
595	903
596	830
597	806
598	944
599	1024
600	894
601	876
602	845
603	948
604	837
605	915
606	903
607	846
608	885
609	797
610	820
611	888
612	866
613	891
614	775
615	787
616	838
617	760
618	844
619	840
620	938
621	866
622	852
623	796
624	820
625	826
626	819
627	878
628	874
629	791
630	853
631	796
632	846
633	860
634	784
635	845
636	905
637	817
638	811
639	766
640	860
641	827
642	854
643	835
644	765
645	830
646	827
647	796
648	776
649	709
650	682
651	678
652	697
653	639
654	754
655	732
656	705
657	696
658	769
659	731
660	717
661	785
662	749
663	726
664	698
665	781
666	795
667	756
668	791
669	751
670	805
671	702
672	736
673	751
674	835
675	721
676	719
677	770
678	757
679	698
680	637
681	671
682	653
683	666
684	749
685	817
686	816
687	712
688	733
689	800
690	845
691	760
692	702
693	800
694	674
695	772
696	773
697	687
698	678
699	747
700	707
701	682
702	766
703	752
704	729
705	701
706	738
707	754
708	734
709	808
710	820
711	711
712	718
713	827
714	696
715	756
716	702
717	744
718	683
719	674
720	725
721	725
722	714
723	719
724	692
725	705
726	665
727	716
728	626
729	690
730	673
731	716
732	743
733	678
734	696
735	667
736	696
737	622
738	756
739	712
740	631
741	665
742	649
743	587
744	615
745	639
746	665
747	624
748	624
749	605
750	652
751	642
752	719
753	630
754	678
755	641
756	561
757	580
758	589
759	564
760	756
761	631
762	596
763	609
764	630
765	579
766	585
767	609
768	593
769	579
770	546
771	557
772	539
773	554
774	648
775	668
776	614
777	562
778	538
779	598
780	634
781	548
782	579
783	641
784	653
785	669
786	640
787	560
788	588
789	504
790	551
791	584
792	631
793	541
794	610
795	570
796	570
797	673
798	643
799	566
800	622
801	675
802	605
803	583
804	608
805	574
806	562
807	606
808	624
809	599
810	523
811	499
812	473
813	548
814	561
815	547
816	528
817	597
818	545
819	550
820	635
821	539
822	586
823	592
824	525
825	518
826	533
827	522
828	568
829	489
830	649
831	598
832	516
833	602
834	645
835	561
836	512
837	514
838	517
839	574
840	543
841	582
842	673
843	593
844	607
845	562
846	524
847	563
848	571
849	585
850	603
851	560
852	563
853	621
854	536
855	627
856	552
857	601
858	607
859	568
860	549
861	613
862	645
863	549
864	575
865	623
866	602
867	535
868	574
869	654
870	629
871	550
872	582
873	601
874	592
875	612
876	559
877	642
878	642
879	634
880	626
881	634
882	544
883	643
884	674
885	608
886	597
887	553
888	524
889	521
890	549
891	564
892	601
893	584
894	580
895	498
896	499
897	497
898	560
899	537
900	547
901	543
902	544
903	563
904	557
905	505
906	555
907	522
908	528
909	535
910	427
911	516
912	554
913	541
914	535
915	513
916	557
917	495
918	527
919	515
920	639
921	556
922	466
923	550
924	521
925	525
926	505
927	483
928	559
929	487
930	541
931	559
932	528
933	525
934	535
935	492
936	521
937	519
938	520
939	489
940	556
941	487
942	548
943	537
944	617
945	481
946	524
947	577
948	536
949	541
950	553
951	564
952	564
953	495
954	597
955	606
956	597
957	567
958	586
959	620
960	540
961	585
962	574
963	581
964	588
965	539
966	560
967	629
968	481
969	598
970	521
971	595
972	545
973	570
974	534
975	586
976	556
977	520
978	546
979	510
980	580
981	586
982	503
983	618
984	555
985	554
986	506
987	646
988	584
989	573
990	546
991	497
992	525
993	512
994	481
995	595
996	576
997	613
998	572
999	529
1000	487
1001	545
1002	560
1003	572
1004	493
1005	534
1006	509
1007	571
1008	536
1009	525
1010	536
1011	500
1012	496
1013	510
1014	542
1015	466
1016	566
1017	596
1018	669
1019	546
1020	608
1021	599
1022	482
1023	506
1024	515
1025	479
1026	528
1027	573
1028	531
1029	541
1030	489
1031	542
1032	513
1033	557
1034	572
1035	603
1036	515
1037	514
1038	495
1039	504
1040	522
1041	521
1042	498
1043	469
1044	560
1045	466
1046	436
1047	447
1048	494
1049	481
1050	475
1051	519
1052	499
1053	491
1054	488
1055	421
1056	436
1057	413
1058	490
1059	459
1060	410
1061	479
1062	534
1063	525
1064	471
1065	405
1066	501
1067	493
1068	521
1069	414
1070	461
1071	441
1072	477
1073	482
1074	474
1075	427
1076	442
1077	465
1078	433
1079	458
1080	404
1081	458
1082	460
1083	409
1084	435
1085	553
1086	429
1087	488
1088	493
1089	479
1090	552
1091	467
1092	481
1093	505
1094	530
1095	492
1096	568
1097	521
1098	512
1099	541
1100	444
1101	512
1102	541
1103	478
1104	438
1105	485
1106	457
1107	391
1108	469
1109	450
1110	528
1111	482
1112	443
1113	467
1114	500
1115	453
1116	472
1117	549
1118	549
1119	456
1120	487
1121	466
1122	472
1123	513
1124	469
1125	456
1126	502
1127	399
1128	454
1129	497
1130	508
1131	485
1132	462
1133	491
1134	542
1135	452
1136	477
1137	526
1138	415
1139	508
1140	444
1141	465
1142	454
1143	495
1144	500
1145	434
1146	490
1147	462
1148	529
1149	492
1150	443
1151	477
1152	477
1153	484
1154	486
1155	584
1156	532
1157	531
1158	554
1159	489
1160	489
1161	481
1162	482
1163	495
1164	482
1165	511
1166	484
1167	514
1168	509
1169	483
1170	519
1171	523
1172	462
1173	491
1174	448
1175	484
1176	508
1177	461
1178	521
1179	573
1180	551
1181	472
1182	479
1183	467
1184	504
1185	492
1186	453
1187	497
1188	409
1189	408
1190	397
1191	415
1192	473
1193	380
1194	434
1195	379
1196	365
1197	481
1198	419
1199	500
1200	426
1201	457
1202	421
1203	447
1204	457
1205	414
1206	510
1207	504
1208	511
1209	470
1210	393
1211	427
1212	501
1213	472
1214	481
1215	560
1216	436
1217	443
1218	465
1219	410
1220	417
1221	483
1222	455
1223	452
1224	482
1225	442
1226	426
1227	440
1228	452
1229	444
1230	421
1231	420
1232	401
1233	393
1234	396
1235	463
1236	496
1237	456
1238	451
1239	448
1240	413
1241	420
1242	391
1243	519
1244	423
1245	471
1246	433
1247	438
1248	514
1249	513
1250	506
1251	478
1252	513
1253	488
1254	376
1255	441
1256	371
1257	403
1258	466
1259	406
1260	475
1261	545
1262	471
1263	498
1264	509
1265	477
1266	469
1267	529
1268	420
1269	468
1270	480
1271	501
1272	489
1273	512
1274	481
1275	459
1276	449
1277	481
1278	503
1279	450
1280	499
1281	458
1282	486
1283	415
1284	468
1285	452
1286	439
1287	413
1288	464
1289	436
1290	446
1291	399
1292	463
1293	420
1294	469
1295	450
1296	458
1297	405
1298	378
1299	521
1300	381
1301	433
1302	414
1303	363
1304	389
1305	436
1306	448
1307	446
1308	441
1309	537
1310	507
1311	436
1312	502
1313	375
1314	439
1315	438
1316	479
1317	380
1318	425
1319	459
1320	390
1321	418
1322	439
1323	384
1324	416
1325	401
1326	477
1327	462
1328	403
1329	409
1330	394
1331	357
1332	407
1333	380
1334	434
1335	457
1336	439
1337	362
1338	434
1339	421
1340	422
1341	427
1342	403
1343	406
1344	403
1345	431
1346	371
1347	375
1348	415
1349	415
1350	350
1351	420
1352	395
1353	312
1354	353
1355	359
1356	466
1357	469
1358	444
1359	445
1360	398
1361	451
1362	425
1363	399
1364	386
1365	368
1366	456
1367	385
1368	416
1369	392
1370	375
1371	398
1372	400
1373	426
1374	441
1375	446
1376	436
1377	355
1378	354
1379	396
1380	388
1381	411
1382	344
1383	388
1384	424
1385	409
1386	399
1387	376
1388	402
1389	461
1390	448
1391	392
1392	402
1393	372
1394	379
1395	371
1396	370
1397	421
1398	417
1399	388
1400	475
1401	416
1402	364
1403	416
1404	365
1405	404
1406	427
1407	426
1408	409
1409	351
1410	393
1411	425
1412	401
1413	366
1414	437
1415	415
1416	409
1417	444
1418	433
1419	412
1420	425
1421	379
1422	448
1423	373
1424	390
1425	434
1426	361
1427	415
1428	403
1429	364
1430	410
1431	406
1432	366
1433	394
1434	383
1435	406
1436	441
1437	403
1438	440
1439	405
1440	382
1441	338
1442	382
1443	374
1444	389
1445	353
1446	347
1447	387
1448	381
1449	419
1450	440
1451	424
1452	365
1453	439
1454	413
1455	339
1456	376
1457	315
1458	427
1459	443
1460	413
1461	377
1462	411
1463	406
1464	402
1465	412
1466	392
1467	467
1468	381
1469	411
1470	389
1471	375
1472	478
1473	495
1474	448
1475	335
1476	398
1477	425
1478	444
1479	413
1480	447
1481	439
1482	457
1483	405
1484	415
1485	395
1486	361
1487	363
1488	423
1489	411
1490	421
1491	394
1492	382
1493	448
1494	425
1495	429
1496	440
1497	441
1498	487
1499	453
1500	420
1501	418
1502	421
1503	377
1504	408
1505	478
1506	441
1507	499
1508	418
1509	373
1510	414
1511	441
1512	437
1513	461
1514	502
1515	506
1516	448
1517	428
1518	431
1519	379
1520	425
1521	411
1522	445
1523	432
1524	415
1525	481
1526	416
1527	433
1528	463
1529	412
1530	506
1531	380
1532	425
1533	422
1534	362
1535	412
1536	387
1537	482
1538	441
1539	435
1540	371
1541	401
1542	433
1543	468
1544	429
1545	467
1546	346
1547	393
1548	425
1549	454
1550	441
1551	423
1552	398
1553	410
1554	409
1555	431
1556	405
1557	423
1558	396
1559	408
1560	402
1561	492
1562	438
1563	493
1564	443
1565	493
1566	421
1567	370
1568	381
1569	389
1570	418
1571	420
1572	387
1573	405
1574	396
1575	457
1576	407
1577	484
1578	524
1579	461
1580	456
1581	449
1582	480
1583	505
1584	453
1585	386
1586	433
1587	470
1588	420
1589	538
1590	506
1591	467
1592	485
1593	483
1594	486
1595	426
1596	494
1597	456
1598	410
1599	414
1600	366
1601	432
1602	490
1603	457
1604	420
1605	422
1606	444
1607	435
1608	358
1609	384
1610	461
1611	434
1612	390
1613	444
1614	504
1615	502
1616	404
1617	322
1618	405
1619	352
1620	371
1621	380
1622	357
1623	437
1624	353
1625	367
1626	379
1627	394
1628	387
1629	381
1630	379
1631	410
1632	393
1633	382
1634	423
1635	355
1636	382
1637	418
1638	382
1639	421
1640	411
1641	371
1642	412
1643	400
1644	405
1645	393
1646	453
1647	367
1648	371
1649	398
1650	409
1651	383
1652	346
1653	322
1654	390
1655	355
1656	457
1657	412
1658	420
1659	369
1660	391
1661	411
1662	387
1663	321
1664	434
1665	400
1666	426
1667	376
1668	404
1669	327
1670	306
1671	382
1672	331
1673	386
1674	357
1675	353
1676	324
1677	330
1678	309
1679	371
1680	405
1681	369
1682	322
1683	366
1684	355
1685	373
1686	352
1687	361
1688	398
1689	378
1690	398
1691	342
1692	380
1693	367
1694	353
1695	412
1696	354
1697	410
1698	377
1699	330
1700	335
1701	325
1702	358
1703	317
1704	391
1705	401
1706	355
1707	306
1708	361
1709	390
1710	382
1711	470
1712	387
1713	368
1714	372
1715	388
1716	384
1717	402
1718	367
1719	430
1720	412
1721	396
1722	377
1723	356
1724	381
1725	380
1726	391
1727	357
1728	348
1729	403
1730	377
1731	342
1732	420
1733	461
1734	419
1735	406
1736	426
1737	421
1738	461
1739	428
1740	418
1741	421
1742	472
1743	411
1744	483
1745	419
1746	390
1747	441
1748	307
1749	392
1750	408
1751	367
1752	384
1753	387
1754	423
1755	403
1756	385
1757	348
1758	403
1759	380
1760	363
1761	396
1762	347
1763	418
1764	364
1765	317
1766	339
1767	372
1768	381
1769	377
1770	331
1771	371
1772	404
1773	347
1774	396
1775	347
1776	327
1777	328
1778	355
1779	334
1780	401
1781	312
1782	334
1783	348
1784	382
1785	360
1786	392
1787	408
1788	413
1789	330
1790	366
1791	368
1792	380
1793	414
1794	347
1795	336
1796	329
1797	326
1798	337
1799	330
1800	340
1801	291
1802	328
1803	312
1804	293
1805	299
1806	301
1807	263
1808	316
1809	285
1810	321
1811	352
1812	299
1813	312
1814	290
1815	295
1816	279
1817	272
1818	313
1819	296
1820	258
1821	320
1822	349
1823	413
1824	343
1825	341
1826	346
1827	380
1828	320
1829	363
1830	375
1831	327
1832	280
1833	326
1834	308
1835	323
1836	298
1837	329
1838	354
1839	335
1840	322
1841	368
1842	301
1843	340
1844	368
1845	360
1846	357
1847	371
1848	370
1849	394
1850	277
1851	267
1852	282
1853	313
1854	323
1855	273
1856	390
1857	290
1858	336
1859	319
1860	289
1861	226
1862	264
1863	314
1864	291
1865	292
1866	314
1867	336
1868	312
1869	282
1870	331
1871	384
1872	306
1873	300
1874	295
1875	311
1876	328
1877	259
1878	311
1879	281
1880	280
1881	298
1882	307
1883	321
1884	300
1885	262
1886	299
1887	284
1888	268
1889	274
1890	368
1891	389
1892	315
1893	281
1894	295
1895	266
1896	331
1897	319
1898	317
1899	344
1900	286
1901	366
1902	322
1903	381
1904	393
1905	299
1906	289
1907	334
1908	308
1909	356
1910	360
1911	308
1912	267
1913	305
1914	300
1915	312
1916	273
1917	326
1918	296
1919	285
1920	295
1921	317
1922	329
1923	295
1924	292
1925	360
1926	244
1927	283
1928	281
1929	268
1930	279
1931	344
1932	240
1933	323
1934	363
1935	308
1936	281
1937	266
1938	271
1939	334
1940	292
1941	286
1942	293
1943	304
1944	321
1945	312
1946	356
1947	311
1948	259
1949	258
1950	237
1951	285
1952	284
1953	319
1954	323
1955	318
1956	371
1957	298
1958	287
1959	291
1960	335
1961	355
1962	302
1963	350
1964	268
1965	261
1966	281
1967	328
1968	364
1969	287
1970	335
1971	322
1972	305
1973	384
1974	277
1975	274
1976	259
1977	254
1978	287
1979	266
1980	233
1981	295
1982	282
1983	346
1984	378
1985	362
1986	271
1987	320
1988	293
1989	304
1990	301
1991	292
1992	304
1993	296
1994	325
1995	302
1996	348
1997	342
1998	349
1999	291
2000	278
2001	339
2002	309
2003	289
2004	337
2005	318
2006	327
2007	279
2008	275
2009	285
2010	317
2011	323
2012	280
2013	321
2014	285
2015	289
2016	275
2017	305
2018	244
2019	303
2020	339
2021	330
2022	374
2023	365
2024	394
2025	351
2026	320
2027	343
2028	345
2029	347
2030	380
2031	365
2032	322
2033	362
2034	305
2035	301
2036	314
2037	318
2038	302
2039	275
2040	323
2041	313
2042	375
2043	342
2044	331
2045	303
2046	332
2047	356
2048	347
2049	327
2050	354
2051	356
2052	323
2053	336
2054	313
2055	318
2056	326
2057	342
2058	366
2059	348
2060	371
2061	349
2062	346
2063	377
2064	324
2065	310
2066	341
2067	295
2068	303
2069	249
2070	312
2071	292
2072	330
2073	354
2074	293
2075	323
2076	353
2077	356
2078	301
2079	376
2080	307
2081	335
2082	347
2083	324
2084	381
2085	335
2086	360
2087	316
2088	306
2089	313
2090	339
2091	301
2092	263
2093	315
2094	370
2095	260
2096	337
2097	334
2098	328
2099	354
2100	263
2101	360
2102	299
2103	291
2104	330
2105	335
2106	337
2107	285
2108	327
2109	277
2110	318
2111	306
2112	282
2113	289
2114	314
2115	332
2116	313
2117	273
2118	314
2119	292
2120	275
2121	331
2122	328
2123	288
2124	290
2125	282
2126	242
2127	288
2128	304
2129	281
2130	317
2131	272
2132	273
2133	286
2134	323
2135	270
2136	322
2137	300
2138	268
2139	309
2140	245
2141	304
2142	267
2143	264
2144	266
2145	332
2146	259
2147	325
2148	314
2149	323
2150	252
2151	307
2152	314
2153	317
2154	350
2155	255
2156	306
2157	311
2158	302
2159	302
2160	313
2161	248
2162	290
2163	266
2164	284
2165	208
2166	210
2167	280
2168	249
2169	308
2170	275
2171	233
2172	244
2173	221
2174	257
2175	239
2176	296
2177	319
2178	320
2179	252
2180	311
2181	248
2182	271
2183	250
2184	292
2185	287
2186	217
2187	227
2188	271
2189	236
2190	300
2191	354
2192	297
2193	293
2194	283
2195	300
2196	335
2197	362
2198	284
2199	281
2200	271
2201	301
2202	291
2203	290
2204	317
2205	312
2206	288
2207	286
2208	294
2209	233
2210	239
2211	267
2212	256
2213	251
2214	234
2215	295
2216	313
2217	279
2218	250
2219	284
2220	323
2221	246
2222	286
2223	277
2224	314
2225	298
2226	209
2227	290
2228	229
2229	335
2230	300
2231	296
2232	282
2233	285
2234	308
2235	278
2236	307
2237	320
2238	329
2239	302
2240	329
2241	309
2242	287
2243	300
2244	302
2245	292
2246	298
2247	280
2248	267
2249	264
2250	301
2251	306
2252	251
2253	319
2254	334
2255	291
2256	325
2257	324
2258	313
2259	296
2260	389
2261	311
2262	337
2263	356
2264	390
2265	321
2266	284
2267	344
2268	365
2269	345
2270	325
2271	368
2272	276
2273	342
2274	292
2275	335
2276	321
2277	317
2278	350
2279	317
2280	273
2281	290
2282	282
2283	312
2284	305
2285	266
2286	376
2287	315
2288	320
2289	315
2290	303
2291	327
2292	348
2293	316
2294	320
2295	293
2296	346
2297	353
2298	330
2299	276
2300	259
2301	294
2302	282
2303	256
2304	278
2305	334
2306	277
2307	250
2308	309
2309	229
2310	237
2311	218
2312	296
2313	316
2314	242
2315	292
2316	222
2317	257
2318	277
2319	299
2320	382
2321	288
2322	265
2323	327
2324	268
2325	297
2326	290
2327	275
2328	267
2329	238
2330	315
2331	250
2332	264
2333	300
2334	276
2335	314
2336	291
2337	289
2338	303
2339	299
2340	258
2341	247
2342	266
2343	255
2344	268
2345	280
2346	298
2347	278
2348	307
2349	271
2350	313
2351	319
2352	280
2353	285
2354	255
2355	221
2356	268
2357	244
2358	234
2359	274
2360	268
2361	272
2362	317
2363	290
2364	303
2365	298
2366	279
2367	268
2368	224
2369	333
2370	298
2371	253
2372	307
2373	275
2374	238
2375	230
2376	317
2377	274
2378	292
2379	284
2380	251
2381	301
2382	264
2383	263
2384	249
2385	256
2386	289
2387	246
2388	294
2389	345
2390	314
2391	319
2392	274
2393	271
2394	329
2395	261
2396	257
2397	238
2398	215
2399	202
2400	252
2401	253
2402	317
2403	255
2404	240
2405	293
2406	254
2407	294
2408	269
2409	271
2410	245
2411	238
2412	249
2413	232
2414	276
2415	308
2416	303
2417	270
2418	279
2419	307
2420	286
2421	269
2422	362
2423	284
2424	208
2425	249
2426	302
2427	337
2428	323
2429	283
2430	294
2431	322
2432	310
2433	304
2434	276
2435	235
2436	275
2437	327
2438	343
2439	278
2440	295
2441	279
2442	286
2443	233
2444	276
2445	278
2446	269
2447	328
2448	298
2449	274
2450	285
2451	311
2452	282
2453	301
2454	261
2455	295
2456	262
2457	243
2458	313
2459	261
2460	287
2461	318
2462	249
2463	231
2464	290
2465	287
2466	316
2467	352
2468	292
2469	334
2470	326
2471	243
2472	280
2473	279
2474	250
2475	250
2476	316
2477	204
2478	265
2479	245
2480	227
2481	272
2482	326
2483	285
2484	280
2485	292
2486	293
2487	283
2488	244
2489	311
2490	292
2491	283
2492	289
2493	230
2494	240
2495	291
2496	286
2497	222
2498	304
2499	273
2500	262
2501	240
2502	331
2503	294
2504	234
2505	280
2506	314
2507	298
2508	245
2509	302
2510	264
2511	304
2512	281
2513	251
2514	242
2515	243
2516	265
2517	304
2518	266
2519	320
2520	227
2521	218
2522	262
2523	325
2524	301
2525	273
2526	258
2527	278
2528	315
2529	280
2530	293
2531	203
2532	212
2533	235
2534	290
2535	280
2536	251
2537	247
2538	251
2539	301
2540	251
2541	269
2542	226
2543	228
2544	217
2545	233
2546	265
2547	226
2548	265
2549	265
2550	287
2551	261
2552	231
2553	246
2554	289
2555	239
2556	232
2557	235
2558	266
2559	282
2560	240
2561	260
2562	222
2563	241
2564	209
2565	234
2566	251
2567	289
2568	236
2569	309
2570	298
2571	250
2572	242
2573	199
2574	207
2575	255
2576	186
2577	206
2578	207
2579	205
2580	267
2581	258
2582	279
2583	284
2584	273
2585	247
2586	227
2587	264
2588	249
2589	229
2590	223
2591	232
2592	239
2593	211
2594	255
2595	209
2596	171
2597	190
2598	239
2599	222
2600	208
2601	195
2602	220
2603	220
2604	225
2605	189
2606	238
2607	221
2608	271
2609	226
2610	256
2611	299
2612	235
2613	213
2614	195
2615	225
2616	202
2617	200
2618	221
2619	217
2620	206
2621	263
2622	240
2623	215
2624	254
2625	251
2626	227
2627	227
2628	224
2629	220
2630	245
2631	205
2632	251
2633	228
2634	205
2635	245
2636	274
2637	210
2638	211
2639	206
2640	216
2641	263
2642	288
2643	249
2644	243
2645	259
2646	312
2647	267
2648	270
2649	249
2650	224
2651	287
2652	256
2653	283
2654	235
2655	215
2656	222
2657	217
2658	275
2659	262
2660	240
2661	248
2662	253
2663	330
2664	213
2665	240
2666	278
2667	268
2668	235
2669	197
2670	246
2671	240
2672	210
2673	303
2674	207
2675	287
2676	227
2677	237
2678	258
2679	214
2680	219
2681	197
2682	223
2683	240
2684	227
2685	261
2686	283
2687	234
2688	207
2689	224
2690	263
2691	218
2692	244
2693	234
2694	225
2695	249
2696	253
2697	209
2698	258
2699	272
2700	272
2701	239
2702	216
2703	208
2704	216
2705	221
2706	235
2707	231
2708	223
2709	209
2710	214
2711	275
2712	235
2713	222
2714	243
2715	233
2716	258
2717	226
2718	240
2719	237
2720	321
2721	233
2722	255
2723	267
2724	267
2725	242
2726	229
2727	209
2728	244
2729	261
2730	238
2731	233
2732	252
2733	234
2734	273
2735	298
2736	268
2737	249
2738	248
2739	231
2740	223
2741	216
2742	239
2743	196
2744	233
2745	242
2746	244
2747	289
2748	283
2749	224
2750	241
2751	290
2752	242
2753	275
2754	270
2755	259
2756	209
2757	287
2758	237
2759	225
2760	256
2761	209
2762	349
2763	245
2764	287
2765	358
2766	300
2767	261
2768	286
2769	282
2770	297
2771	327
2772	248
2773	235
2774	221
2775	263
2776	222
2777	222
2778	198
2779	210
2780	178
2781	211
2782	284
2783	254
2784	272
2785	222
2786	230
2787	241
2788	176
2789	202
2790	186
2791	212
2792	246
2793	228
2794	192
2795	218
2796	211
2797	240
2798	289
2799	301
2800	300
2801	215
2802	229
2803	231
2804	225
2805	235
2806	258
2807	191
2808	221
2809	234
2810	237
2811	215
2812	222
2813	247
2814	230
2815	220
2816	171
2817	182
2818	187
2819	241
2820	242
2821	221
2822	209
2823	219
2824	216
2825	241
2826	248
2827	262
2828	205
2829	222
2830	278
2831	273
2832	273
2833	234
2834	254
2835	250
2836	169
2837	178
2838	202
2839	205
2840	221
2841	239
2842	250
2843	241
2844	234
2845	263
2846	212
2847	224
2848	197
2849	163
2850	173
2851	190
2852	182
2853	195
2854	202
2855	235
2856	201
2857	196
2858	199
2859	161
2860	192
2861	207
2862	194
2863	225
2864	271
2865	222
2866	205
2867	194
2868	215
2869	209
2870	217
2871	204
2872	191
2873	215
2874	165
2875	239
2876	190
2877	165
2878	224
2879	197
2880	205
2881	178
2882	196
2883	210
2884	177
2885	177
2886	203
2887	202
2888	179
2889	201
2890	197
2891	215
2892	185
2893	196
2894	196
2895	219
2896	170
2897	166
2898	163
2899	238
2900	188
2901	168
2902	149
2903	193
2904	176
2905	192
2906	224
2907	198
2908	195
2909	226
2910	149
2911	166
2912	197
2913	227
2914	156
2915	176
2916	194
2917	181
2918	162
2919	188
2920	221
2921	190
2922	216
2923	240
2924	181
2925	214
2926	185
2927	165
2928	168
2929	192
2930	134
2931	215
2932	210
2933	264
2934	205
2935	217
2936	111
2937	209
2938	149
2939	200
2940	150
2941	199
2942	154
2943	211
2944	175
2945	157
2946	153
2947	165
2948	160
2949	166
2950	196
2951	161
2952	178
2953	214
2954	171
2955	193
2956	159
2957	160
2958	164
2959	148
2960	161
2961	171
2962	145
2963	174
2964	199
2965	163
2966	191
2967	160
2968	193
2969	153
2970	156
2971	165
2972	149
2973	158
2974	178
2975	167
2976	149
2977	133
2978	168
2979	222
2980	115
2981	151
2982	218
2983	171
2984	168
2985	210
2986	166
2987	220
2988	159
2989	209
2990	255
2991	190
2992	161
2993	176
2994	200
2995	195
2996	184
2997	182
2998	178
2999	186
3000	174
3001	151
3002	162
3003	167
3004	158
3005	173
3006	177
3007	162
3008	208
3009	162
3010	194
3011	145
3012	216
3013	202
3014	205
3015	169
3016	168
3017	190
3018	249
3019	207
3020	195
3021	228
3022	196
3023	141
3024	191
3025	159
3026	177
3027	210
3028	215
3029	206
3030	203
3031	204
3032	243
3033	191
3034	204
3035	192
3036	186
3037	206
3038	171
3039	173
3040	151
3041	176
3042	165
3043	191
3044	206
3045	232
3046	199
3047	175
3048	208
3049	187
3050	211
3051	192
3052	186
3053	236
3054	195
3055	226
3056	213
3057	219
3058	214
3059	191
3060	177
3061	247
3062	205
3063	194
3064	166
3065	169
3066	220
3067	197
3068	255
3069	167
3070	181
3071	166
3072	192
3073	283
3074	235
3075	175
3076	209
3077	199
3078	159
3079	186
3080	253
3081	183
3082	192
3083	166
3084	184
3085	168
3086	187
3087	167
3088	206
3089	248
3090	179
3091	223
3092	169
3093	207
3094	192
3095	175
3096	192
3097	218
3098	240
3099	218
3100	185
3101	191
3102	220
3103	206
3104	178
3105	159
3106	213
3107	206
3108	186
3109	176
3110	179
3111	166
3112	180
3113	196
3114	178
3115	183
3116	238
3117	187
3118	171
3119	163
3120	131
3121	168
3122	161
3123	159
3124	189
3125	185
3126	184
3127	152
3128	142
3129	178
3130	171
3131	159
3132	153
3133	180
3134	161
3135	185
3136	196
3137	151
3138	173
3139	205
3140	172
3141	153
3142	181
3143	182
3144	165
3145	173
3146	193
3147	124
3148	161
3149	207
3150	209
3151	207
3152	198
3153	191
3154	172
3155	180
3156	172
3157	176
3158	205
3159	158
3160	189
3161	180
3162	177
3163	174
3164	217
3165	179
3166	223
3167	178
3168	181
3169	166
3170	122
3171	131
3172	164
3173	130
3174	132
3175	166
3176	158
3177	138
3178	147
3179	145
3180	139
3181	179
3182	159
3183	134
3184	142
3185	196
3186	180
3187	157
3188	132
3189	169
3190	143
3191	178
3192	168
3193	155
3194	198
3195	174
3196	126
3197	146
3198	142
3199	157
3200	173
3201	140
3202	135
3203	144
3204	159
3205	155
3206	165
3207	200
3208	150
3209	209
3210	170
3211	186
3212	233
3213	201
3214	224
3215	165
3216	196
3217	187
3218	194
3219	185
3220	227
3221	221
3222	211
3223	182
3224	162
3225	202
3226	186
3227	143
3228	193
3229	177
3230	202
3231	130
3232	149
3233	157
3234	201
3235	189
3236	219
3237	166
3238	183
3239	137
3240	204
3241	181
3242	156
3243	195
3244	255
3245	217
3246	198
3247	198
3248	197
3249	186
3250	171
3251	210
3252	213
3253	221
3254	253
3255	236
3256	221
3257	240
3258	176
3259	247
3260	189
3261	196
3262	239
3263	225
3264	209
3265	212
3266	220
3267	232
3268	206
3269	245
3270	171
3271	189
3272	157
3273	175
3274	231
3275	188
3276	208
3277	178
3278	238
3279	283
3280	208
3281	259
3282	221
3283	226
3284	250
3285	249
3286	220
3287	289
3288	210
3289	207
3290	221
3291	262
3292	261
3293	203
3294	232
3295	230
3296	215
3297	186
3298	232
3299	209
3300	253
3301	276
3302	215
3303	212
3304	239
3305	156
3306	220
3307	198
3308	158
3309	199
3310	206
3311	207
3312	258
3313	304
3314	262
3315	244
3316	287
3317	264
3318	248
3319	207
3320	202
3321	197
3322	221
3323	191
3324	251
3325	193
3326	165
3327	199
3328	266
3329	207
3330	229
3331	227
3332	227
3333	270
3334	245
3335	262
3336	278
3337	270
3338	229
3339	213
3340	185
3341	235
3342	219
3343	222
3344	266
3345	253
3346	220
3347	208
3348	179
3349	255
3350	253
3351	212
3352	254
3353	228
3354	242
3355	229
3356	278
3357	228
3358	216
3359	187
3360	233
3361	259
3362	244
3363	244
3364	261
3365	207
3366	184
3367	173
3368	148
3369	161
3370	215
3371	248
3372	239
3373	199
3374	199
3375	240
3376	222
3377	186
3378	211
3379	186
3380	192
3381	203
3382	174
3383	194
3384	144
3385	203
3386	175
3387	241
3388	195
3389	140
3390	224
3391	151
3392	191
3393	155
3394	169
3395	205
3396	166
3397	209
3398	234
3399	229
3400	186
3401	165
3402	197
3403	138
3404	195
3405	154
3406	181
3407	200
3408	183
3409	186
3410	167
3411	161
3412	194
3413	168
3414	152
3415	171
3416	194
3417	159
3418	169
3419	151
3420	192
3421	187
3422	177
3423	159
3424	155
3425	180
3426	198
3427	166
3428	142
3429	172
3430	143
3431	171
3432	185
3433	168
3434	191
3435	197
3436	168
3437	148
3438	135
3439	120
3440	172
3441	184
3442	172
3443	113
3444	128
3445	137
3446	176
3447	169
3448	148
3449	146
3450	143
3451	161
3452	165
3453	160
3454	187
3455	167
3456	205
3457	207
3458	173
3459	177
3460	220
3461	198
3462	245
3463	188
3464	220
3465	201
3466	178
3467	192
3468	191
3469	203
3470	235
3471	194
3472	201
3473	197
3474	175
3475	176
3476	213
3477	169
3478	186
3479	158
3480	160
3481	213
3482	154
3483	141
3484	181
3485	198
3486	147
3487	190
3488	173
3489	162
3490	229
3491	159
3492	148
3493	152
3494	205
3495	178
3496	177
3497	134
3498	153
3499	196
3500	199
3501	180
3502	142
3503	173
3504	186
3505	195
3506	215
3507	178
3508	197
3509	171
3510	169
3511	187
3512	166
3513	129
3514	182
3515	174
3516	175
3517	144
3518	118
3519	144
3520	140
3521	133
3522	144
3523	130
3524	123
3525	158
3526	146
3527	157
3528	150
3529	159
3530	158
3531	174
3532	157
3533	187
3534	125
3535	145
3536	152
3537	165
3538	156
3539	162
3540	154
3541	193
3542	163
3543	158
3544	177
3545	137
3546	134
3547	157
3548	117
3549	158
3550	147
3551	155
3552	147
3553	152
3554	181
3555	167
3556	154
3557	143
3558	223
3559	166
3560	163
3561	156
3562	157
3563	163
3564	167
3565	190
3566	174
3567	178
3568	127
3569	159
3570	156
3571	188
3572	121
3573	161
3574	131
3575	187
3576	157
3577	196
3578	187
3579	133
3580	131
3581	147
3582	155
3583	165
3584	156
3585	155
3586	162
3587	195
3588	150
3589	173
3590	145
3591	140
3592	199
3593	182
3594	216
3595	154
3596	139
3597	134
3598	150
3599	134
3600	157
3601	150
3602	200
3603	185
3604	184
3605	174
3606	199
3607	148
3608	164
3609	172
3610	184
3611	188
3612	181
3613	176
3614	168
3615	185
3616	159
3617	127
3618	181
3619	194
3620	165
3621	198
3622	146
3623	130
3624	171
3625	180
3626	178
3627	166
3628	165
3629	126
3630	99
3631	134
3632	170
3633	144
3634	210
3635	185
3636	163
3637	203
3638	175
3639	142
3640	172
3641	164
3642	146
3643	144
3644	155
3645	156
3646	174
3647	156
3648	173
3649	168
3650	154
3651	166
3652	165
3653	152
3654	125
3655	176
3656	194
3657	182
3658	175
3659	178
3660	184
3661	160
3662	147
3663	135
3664	151
3665	148
3666	156
3667	143
3668	156
3669	164
3670	170
3671	133
3672	132
3673	156
3674	150
3675	152
3676	162
3677	171
3678	177
3679	146
3680	152
3681	94
3682	182
3683	148
3684	152
3685	147
3686	183
3687	158
3688	174
3689	197
3690	182
3691	181
3692	184
3693	176
3694	167
3695	174
3696	166
3697	197
3698	182
3699	191
3700	161
3701	213
3702	130
3703	144
3704	212
3705	184
3706	148
3707	170
3708	213
3709	175
3710	161
3711	200
3712	156
3713	153
3714	180
3715	172
3716	169
3717	156
3718	146
3719	183
3720	141
3721	203
3722	134
3723	136
3724	162
3725	161
3726	160
3727	186
3728	175
3729	151
3730	169
3731	200
3732	184
3733	145
3734	178
3735	149
3736	172
3737	163
3738	151
3739	143
3740	128
3741	162
3742	154
3743	137
3744	126
3745	149
3746	122
3747	127
3748	150
3749	184
3750	154
3751	133
3752	145
3753	156
3754	131
3755	137
3756	129
3757	130
3758	108
3759	141
3760	126
3761	116
3762	123
3763	126
3764	101
3765	107
3766	145
3767	167
3768	191
3769	175
3770	207
3771	150
3772	191
3773	155
3774	187
3775	150
3776	144
3777	177
3778	170
3779	171
3780	207
3781	189
3782	193
3783	140
3784	141
3785	144
3786	183
3787	138
3788	174
3789	147
3790	137
3791	145
3792	140
3793	152
3794	176
3795	196
3796	187
3797	154
3798	152
3799	130
3800	140
3801	191
3802	147
3803	232
3804	161
3805	134
3806	132
3807	170
3808	157
3809	152
3810	181
3811	184
3812	148
3813	190
3814	155
3815	159
3816	172
3817	156
3818	159
3819	147
3820	141
3821	155
3822	159
3823	164
3824	181
3825	164
3826	140
3827	165
3828	173
3829	132
3830	149
3831	129
3832	109
3833	134
3834	152
3835	118
3836	183
3837	136
3838	132
3839	171
3840	166
3841	186
3842	175
3843	158
3844	155
3845	152
3846	128
3847	175
3848	122
3849	141
3850	145
3851	146
3852	186
3853	181
3854	212
3855	146
3856	125
3857	118
3858	147
3859	138
3860	141
3861	174
3862	153
3863	165
3864	171
3865	170
3866	131
3867	121
3868	133
3869	144
3870	140
3871	219
3872	129
3873	186
3874	157
3875	198
3876	153
3877	148
3878	180
3879	148
3880	154
3881	166
3882	165
3883	159
3884	139
3885	133
3886	125
3887	181
3888	169
3889	171
3890	134
3891	165
3892	209
3893	163
3894	164
3895	147
3896	158
3897	163
3898	159
3899	200
3900	198
3901	164
3902	178
3903	162
3904	161
3905	146
3906	151
3907	170
3908	182
3909	169
3910	150
3911	202
3912	155
3913	155
3914	152
3915	178
3916	152
3917	191
3918	141
3919	153
3920	172
3921	180
3922	207
3923	194
3924	185
3925	203
3926	205
3927	160
3928	174
3929	186
3930	169
3931	189
3932	212
3933	143
3934	199
3935	212
3936	165
3937	189
3938	155
3939	166
3940	158
3941	159
3942	140
3943	165
3944	147
3945	187
3946	186
3947	181
3948	152
3949	151
3950	181
3951	157
3952	232
3953	213
3954	197
3955	187
3956	185
3957	168
3958	175
3959	169
3960	182
3961	188
3962	158
3963	166
3964	174
3965	173
3966	167
3967	194
3968	105
3969	120
3970	136
3971	129
3972	171
3973	144
3974	154
3975	175
3976	181
3977	165
3978	138
3979	153
3980	166
3981	143
3982	171
3983	218
3984	197
3985	169
3986	144
3987	145
3988	152
3989	157
3990	149
3991	134
3992	191
3993	130
3994	135
3995	152
3996	114
3997	130
3998	158
3999	168
4000	186
4001	157
4002	188
4003	144
4004	170
4005	131
4006	160
4007	133
4008	170
4009	128
4010	146
4011	145
4012	115
4013	99
4014	102
4015	132
4016	156
4017	94
4018	127
4019	140
4020	147
4021	191
4022	148
4023	135
4024	155
4025	196
4026	150
4027	161
4028	144
4029	191
4030	178
4031	216
4032	175
4033	171
4034	198
4035	149
4036	139
4037	132
4038	88
4039	134
4040	145
4041	161
4042	158
4043	152
4044	136
4045	174
4046	181
4047	156
4048	150
4049	144
4050	120
4051	200
4052	136
4053	165
4054	174
4055	211
4056	200
4057	156
4058	167
4059	194
4060	131
4061	141
4062	154
4063	141
4064	154
4065	130
4066	141
4067	150
4068	178
4069	130
4070	144
4071	205
4072	194
4073	172
4074	167
4075	119
4076	133
4077	194
4078	167
4079	142
4080	157
4081	110
4082	162
4083	156
4084	134
4085	152
4086	123
4087	149
4088	150
4089	181
4090	174
4091	156
4092	145
4093	171
4094	248
4095	144
4096	185
4097	163
4098	158
4099	169
4100	177
4101	192
4102	203
4103	183
4104	148
4105	205
4106	201
4107	164
4108	152
4109	145
4110	153
4111	129
4112	187
4113	172
4114	193
4115	189
4116	155
4117	169
4118	179
4119	199
4120	165
4121	175
4122	183
4123	162
4124	189
4125	116
4126	153
4127	120
4128	138
4129	144
4130	150
4131	131
4132	173
4133	133
4134	167
4135	168
4136	157
4137	136
4138	163
4139	164
4140	219
4141	188
4142	232
4143	174
4144	168
4145	190
4146	160
4147	171
4148	163
4149	165
4150	163
4151	175
4152	191
4153	186
4154	163
4155	129
4156	139
4157	142
4158	131
4159	108
4160	132
4161	126
4162	145
4163	157
4164	163
4165	157
4166	126
4167	119
4168	155
4169	108
4170	185
4171	158
4172	137
4173	122
4174	180
4175	112
4176	145
4177	164
4178	126
4179	142
4180	163
4181	166
4182	144
4183	96
4184	120
4185	154
4186	139
4187	163
4188	159
4189	141
4190	166
4191	137
4192	160
4193	124
4194	130
4195	125
4196	126
4197	143
4198	139
4199	123
4200	119
4201	184
4202	148
4203	136
4204	147
4205	127
4206	157
4207	136
4208	131
4209	140
4210	143
4211	147
4212	153
4213	143
4214	98
4215	82
4216	113
4217	146
4218	151
4219	148
4220	131
4221	149
4222	126
4223	140
4224	95
4225	133
4226	145
4227	130
4228	159
4229	145
4230	153
4231	140
4232	122
4233	139
4234	138
4235	146
4236	137
4237	136
4238	112
4239	165
4240	133
4241	108
4242	140
4243	132
4244	171
4245	132
4246	164
4247	128
4248	111
4249	163
4250	123
4251	155
4252	104
4253	127
4254	123
4255	133
4256	131
4257	137
4258	109
4259	151
4260	136
4261	156
4262	138
4263	130
4264	84
4265	116
4266	169
4267	141
4268	111
4269	122
4270	146
4271	137
4272	121
4273	103
4274	122
4275	149
4276	133
4277	135
4278	131
4279	145
4280	126
4281	173
4282	155
4283	147
4284	146
4285	154
4286	167
4287	144
4288	145
4289	141
4290	169
4291	119
4292	91
4293	124
4294	99
4295	107
4296	100
4297	119
4298	149
4299	136
4300	126
4301	134
4302	142
4303	131
4304	117
4305	119
4306	109
4307	133
4308	158
4309	137
4310	110
4311	168
4312	108
4313	160
4314	135
4315	141
4316	123
4317	162
4318	130
4319	135
4320	114
4321	120
4322	93
4323	92
4324	120
4325	95
4326	104
4327	94
4328	149
4329	98
4330	116
4331	130
4332	127
4333	111
4334	120
4335	139
4336	118
4337	101
4338	124
4339	137
4340	80
4341	130
4342	153
4343	131
4344	151
4345	142
4346	90
4347	121
4348	137
4349	124
4350	101
4351	112
4352	129
4353	127
4354	115
4355	123
4356	95
4357	99
4358	131
4359	78
4360	99
4361	90
4362	88
4363	99
4364	93
4365	87
4366	117
4367	104
4368	103
4369	163
4370	131
4371	111
4372	110
4373	151
4374	114
4375	112
4376	78
4377	106
4378	134
4379	114
4380	101
4381	148
4382	105
4383	146
4384	132
4385	114
4386	147
4387	138
4388	122
4389	106
4390	102
4391	102
4392	139
4393	117
4394	89
4395	129
4396	162
4397	119
4398	103
4399	125
4400	109
4401	128
4402	147
4403	115
4404	126
4405	107
4406	87
4407	124
4408	107
4409	114
4410	101
4411	127
4412	134
4413	136
4414	132
4415	115
4416	97
4417	114
4418	119
4419	101
4420	143
4421	105
4422	98
4423	111
4424	134
4425	106
4426	116
4427	130
4428	133
4429	137
4430	180
4431	95
4432	120
4433	114
4434	113
4435	89
4436	119
4437	106
4438	132
4439	100
4440	98
4441	148
4442	87
4443	81
4444	89
4445	140
4446	101
4447	118
4448	110
4449	101
4450	80
4451	94
4452	100
4453	122
4454	112
4455	79
4456	144
4457	107
4458	93
4459	111
4460	116
4461	98
4462	98
4463	111
4464	116
4465	161
4466	155
4467	142
4468	112
4469	73
4470	82
4471	92
4472	87
4473	78
4474	141
4475	154
4476	125
4477	103
4478	101
4479	87
4480	126
4481	114
4482	136
4483	106
4484	147
4485	138
4486	133
4487	96
4488	99
4489	112
4490	103
4491	101
4492	121
4493	96
4494	143
4495	102
4496	96
4497	108
4498	96
4499	129
4500	139
4501	106
4502	144
4503	135
4504	106
4505	144
4506	141
4507	130
4508	141
4509	117
4510	135
4511	114
4512	105
4513	78
4514	116
4515	127
4516	108
4517	137
4518	118
4519	107
4520	141
4521	140
4522	93
4523	99
4524	122
4525	92
4526	91
4527	135
4528	84
4529	125
4530	125
4531	109
4532	96
4533	130
4534	155
4535	136
4536	149
4537	133
4538	131
4539	132
4540	144
4541	124
4542	119
4543	120
4544	97
4545	121
4546	115
4547	131
4548	107
4549	121
4550	122
4551	106
4552	117
4553	108
4554	149
4555	139
4556	150
4557	153
4558	166
4559	147
4560	168
4561	107
4562	124
4563	133
4564	153
4565	155
4566	147
4567	136
4568	108
4569	146
4570	161
4571	166
4572	162
4573	149
4574	115
4575	135
4576	176
4577	152
4578	145
4579	140
4580	149
4581	170
4582	150
4583	130
4584	102
4585	118
4586	119
4587	133
4588	145
4589	139
4590	147
4591	153
4592	116
4593	114
4594	114
4595	128
4596	129
4597	118
4598	167
4599	165
4600	166
4601	146
4602	129
4603	158
4604	178
4605	127
4606	147
4607	198
4608	165
4609	141
4610	152
4611	182
4612	104
4613	160
4614	136
4615	139
4616	177
4617	138
4618	95
4619	118
4620	167
4621	115
4622	145
4623	108
4624	149
4625	133
4626	131
4627	143
4628	139
4629	142
4630	147
4631	142
4632	152
4633	135
4634	187
4635	147
4636	131
4637	99
4638	161
4639	121
4640	104
4641	107
4642	119
4643	98
4644	92
4645	167
4646	156
4647	129
4648	118
4649	135
4650	126
4651	94
4652	86
4653	118
4654	117
4655	114
4656	116
4657	125
4658	95
4659	131
4660	103
4661	123
4662	110
4663	122
4664	123
4665	136
4666	120
4667	121
4668	129
4669	111
4670	91
4671	151
4672	95
4673	85
4674	111
4675	108
4676	125
4677	164
4678	127
4679	92
4680	134
4681	136
4682	128
4683	137
4684	76
4685	121
4686	148
4687	150
4688	148
4689	144
4690	173
4691	124
4692	88
4693	115
4694	116
4695	111
4696	137
4697	131
4698	124
4699	140
4700	115
4701	100
4702	106
4703	98
4704	107
4705	108
4706	92
4707	123
4708	111
4709	122
4710	145
4711	109
4712	91
4713	142
4714	95
4715	97
4716	130
4717	114
4718	107
4719	105
4720	129
4721	118
4722	108
4723	98
4724	122
4725	117
4726	80
4727	133
4728	118
4729	120
4730	161
4731	156
4732	117
4733	132
4734	123
4735	128
4736	84
4737	133
4738	78
4739	88
4740	117
4741	128
4742	115
4743	101
4744	93
4745	123
4746	108
4747	114
4748	127
4749	111
4750	83
4751	95
4752	84
4753	79
4754	127
4755	120
4756	122
4757	131
4758	110
4759	106
4760	92
4761	96
4762	95
4763	122
4764	104
4765	131
4766	101
4767	104
4768	99
4769	105
4770	106
4771	126
4772	107
4773	133
4774	100
4775	117
4776	107
4777	127
4778	116
4779	121
4780	171
4781	120
4782	135
4783	124
4784	123
4785	145
4786	124
4787	145
4788	109
4789	98
4790	113
4791	91
4792	92
4793	124
4794	89
4795	139
4796	120
4797	120
4798	119
4799	129
4800	87
4801	127
4802	84
4803	74
4804	90
4805	158
4806	121
4807	133
4808	106
4809	134
4810	150
4811	123
4812	123
4813	120
4814	138
4815	122
4816	93
4817	76
4818	85
4819	98
4820	87
4821	69
4822	104
4823	121
4824	106
4825	98
4826	130
4827	95
4828	109
4829	116
4830	141
4831	141
4832	106
4833	137
4834	128
4835	125
4836	135
4837	119
4838	106
4839	119
4840	119
4841	118
4842	89
4843	114
4844	101
4845	174
4846	183
4847	138
4848	105
4849	89
4850	128
4851	123
4852	98
4853	141
4854	125
4855	101
4856	136
4857	92
4858	121
4859	92
4860	117
4861	147
4862	87
4863	129
4864	122
4865	107
4866	102
4867	113
4868	108
4869	79
4870	87
4871	121
4872	101
4873	75
4874	93
4875	89
4876	97
4877	107
4878	104
4879	138
4880	114
4881	123
4882	127
4883	113
4884	108
4885	77
4886	96
4887	100
4888	121
4889	150
4890	86
4891	108
4892	101
4893	76
4894	95
4895	74
4896	100
4897	132
4898	84
4899	80
4900	76
4901	76
4902	86
4903	114
4904	93
4905	102
4906	113
4907	69
4908	107
4909	112
4910	109
4911	122
4912	104
4913	114
4914	104
4915	109
4916	116
4917	139
4918	108
4919	98
4920	86
4921	97
4922	101
4923	94
4924	89
4925	108
4926	84
4927	101
4928	139
4929	128
4930	126
4931	118
4932	99
4933	139
4934	95
4935	78
4936	78
4937	108
4938	128
4939	93
4940	106
4941	94
4942	119
4943	109
4944	104
4945	86
4946	94
4947	100
4948	106
4949	101
4950	114
4951	96
4952	81
4953	91
4954	109
4955	113
4956	156
4957	82
4958	103
4959	132
4960	108
4961	108
4962	111
4963	109
4964	105
4965	117
4966	125
4967	90
4968	104
4969	123
4970	133
4971	129
4972	99
4973	136
4974	99
4975	118
4976	107
4977	99
4978	114
4979	111
4980	156
4981	99
4982	107
4983	103
4984	101
4985	80
4986	131
4987	111
4988	126
4989	133
4990	103
4991	103
4992	128
4993	101
4994	127
4995	116
4996	119
4997	94
4998	86
4999	68
5000	100
5001	114
5002	130
5003	109
5004	105
5005	119
5006	141
5007	121
5008	133
5009	102
5010	137
5011	155
5012	103
5013	128
5014	130
5015	100
5016	127
5017	103
5018	147
5019	135
5020	112
5021	138
5022	122
5023	135
5024	108
5025	132
5026	113
5027	118
5028	121
5029	94
5030	130
5031	114
5032	126
5033	138
5034	104
5035	111
5036	114
5037	91
5038	83
5039	91
5040	100
5041	101
5042	121
5043	101
5044	86
5045	117
5046	94
5047	98
5048	128
5049	130
5050	93
5051	91
5052	95
5053	76
5054	120
5055	100
5056	114
5057	103
5058	123
5059	122
5060	68
5061	107
5062	98
5063	95
5064	114
5065	114
5066	150
5067	141
5068	108
5069	125
5070	161
5071	132
5072	126
5073	134
5074	112
5075	103
5076	125
5077	120
5078	126
5079	136
5080	127
5081	122
5082	99
5083	152
5084	115
5085	92
5086	112
5087	133
5088	103
5089	103
5090	121
5091	115
5092	92
5093	80
5094	96
5095	103
5096	119
5097	122
5098	117
5099	170
5100	158
5101	110
5102	108
5103	151
5104	141
5105	123
5106	107
5107	112
5108	118
5109	126
5110	149
5111	137
5112	147
5113	135
5114	113
5115	129
5116	103
5117	128
5118	111
5119	95
5120	92
5121	87
5122	119
5123	95
5124	107
5125	122
5126	109
5127	84
5128	80
5129	115
5130	102
5131	109
5132	124
5133	126
5134	113
5135	89
5136	85
5137	109
5138	94
5139	134
5140	122
5141	105
5142	113
5143	74
5144	101
5145	94
5146	89
5147	64
5148	74
5149	116
5150	103
5151	113
5152	67
5153	120
5154	76
5155	85
5156	139
5157	114
5158	111
5159	126
5160	128
5161	123
5162	99
5163	81
5164	99
5165	112
5166	113
5167	88
5168	89
5169	127
5170	115
5171	113
5172	133
5173	93
5174	93
5175	103
5176	90
5177	67
5178	87
5179	106
5180	96
5181	88
5182	83
5183	78
5184	74
5185	74
5186	75
5187	93
5188	60
5189	84
5190	54
5191	91
5192	89
5193	80
5194	81
5195	86
5196	99
5197	100
5198	129
5199	137
5200	122
5201	92
5202	114
5203	111
5204	95
5205	84
5206	110
5207	114
5208	86
5209	92
5210	92
5211	72
5212	68
5213	69
5214	89
5215	93
5216	81
5217	57
5218	96
5219	99
5220	77
5221	57
5222	73
5223	89
5224	91
5225	69
5226	102
5227	70
5228	84
5229	71
5230	49
5231	72
5232	115
5233	73
5234	80
5235	97
5236	67
5237	78
5238	93
5239	75
5240	87
5241	89
5242	114
5243	80
5244	89
5245	105
5246	90
5247	111
5248	81
5249	77
5250	75
5251	100
5252	98
5253	75
5254	83
5255	98
5256	95
5257	124
5258	103
5259	121
5260	83
5261	125
5262	109
5263	95
5264	72
5265	85
5266	96
5267	81
5268	68
5269	58
5270	77
5271	86
5272	88
5273	82
5274	97
5275	71
5276	73
5277	85
5278	112
5279	84
5280	122
5281	96
5282	92
5283	110
5284	105
5285	126
5286	66
5287	79
5288	87
5289	92
5290	89
5291	91
5292	84
5293	97
5294	107
5295	77
5296	86
5297	95
5298	98
5299	98
5300	76
5301	91
5302	105
5303	109
5304	93
5305	90
5306	70
5307	113
5308	78
5309	85
5310	81
5311	70
5312	68
5313	60
5314	84
5315	116
5316	98
5317	106
5318	100
5319	74
5320	73
5321	99
5322	85
5323	97
5324	81
5325	79
5326	93
5327	115
5328	133
5329	73
5330	121
5331	103
5332	90
5333	84
5334	83
5335	112
5336	104
5337	102
5338	73
5339	72
5340	107
5341	95
5342	55
5343	69
5344	88
5345	92
5346	90
5347	64
5348	99
5349	59
5350	92
5351	77
5352	98
5353	53
5354	82
5355	92
5356	71
5357	90
5358	114
5359	87
5360	80
5361	143
5362	96
5363	109
5364	85
5365	73
5366	60
5367	77
5368	92
5369	61
5370	75
5371	78
5372	75
5373	79
5374	117
5375	62
5376	111
5377	100
5378	69
5379	63
5380	90
5381	59
5382	93
5383	58
5384	84
5385	85
5386	98
5387	97
5388	93
5389	109
5390	98
5391	113
5392	80
5393	91
5394	128
5395	86
5396	91
5397	93
5398	65
5399	98
5400	125
5401	58
5402	65
5403	74
5404	100
5405	108
5406	102
5407	93
5408	93
5409	80
5410	60
5411	82
5412	95
5413	116
5414	79
5415	74
5416	102
5417	101
5418	87
5419	136
5420	86
5421	78
5422	86
5423	93
5424	107
5425	63
5426	86
5427	94
5428	84
5429	95
5430	111
5431	101
5432	77
5433	66
5434	72
5435	70
5436	64
5437	62
5438	97
5439	100
5440	93
5441	109
5442	88
5443	113
5444	90
5445	62
5446	71
5447	75
5448	83
5449	68
5450	58
5451	95
5452	117
5453	98
5454	121
5455	100
5456	79
5457	84
5458	61
5459	71
5460	84
5461	77
5462	86
5463	94
5464	90
5465	76
5466	94
5467	99
5468	85
5469	77
5470	96
5471	71
5472	119
5473	93
5474	100
5475	103
5476	90
5477	80
5478	85
5479	95
5480	92
5481	70
5482	68
5483	85
5484	68
5485	104
5486	117
5487	101
5488	83
5489	115
5490	97
5491	121
5492	129
5493	115
5494	109
5495	83
5496	73
5497	106
5498	89
5499	131
5500	105
5501	131
5502	109
5503	87
5504	68
5505	81
5506	60
5507	77
5508	59
5509	101
5510	95
5511	95
5512	135
5513	117
5514	113
5515	127
5516	139
5517	102
5518	105
5519	104
5520	111
5521	92
5522	43
5523	79
5524	84
5525	124
5526	88
5527	88
5528	117
5529	93
5530	121
5531	123
5532	87
5533	114
5534	90
5535	79
5536	103
5537	95
5538	131
5539	76
5540	100
5541	120
5542	109
5543	113
5544	123
5545	134
5546	117
5547	90
5548	112
5549	106
5550	106
5551	97
5552	121
5553	136
5554	104
5555	127
5556	160
5557	132
5558	113
5559	119
5560	87
5561	105
5562	146
5563	122
5564	122
5565	116
5566	129
5567	109
5568	136
5569	99
5570	113
5571	111
5572	88
5573	119
5574	81
5575	99
5576	92
5577	103
5578	105
5579	75
5580	88
5581	106
5582	96
5583	100
5584	87
5585	101
5586	124
5587	98
5588	104
5589	99
5590	119
5591	106
5592	104
5593	114
5594	97
5595	106
5596	90
5597	138
5598	92
5599	79
5600	73
5601	75
5602	90
5603	100
5604	64
5605	113
5606	64
5607	84
5608	91
5609	75
5610	109
5611	89
5612	95
5613	97
5614	100
5615	94
5616	103
5617	130
5618	99
5619	98
5620	76
5621	93
5622	78
5623	97
5624	83
5625	95
5626	108
5627	76
5628	85
5629	122
5630	71
5631	48
5632	57
5633	82
5634	93
5635	83
5636	90
5637	75
5638	110
5639	80
5640	92
5641	112
5642	107
5643	91
5644	86
5645	59
5646	93
5647	80
5648	85
5649	109
5650	53
5651	73
5652	111
5653	118
5654	99
5655	92
5656	94
5657	102
5658	111
5659	105
5660	80
5661	81
5662	95
5663	87
5664	107
5665	79
5666	103
5667	56
5668	86
5669	69
5670	70
5671	75
5672	103
5673	67
5674	80
5675	93
5676	72
5677	119
5678	77
5679	90
5680	114
5681	91
5682	86
5683	107
5684	75
5685	74
5686	90
5687	92
5688	73
5689	122
5690	105
5691	91
5692	80
5693	102
5694	75
5695	116
5696	100
5697	134
5698	106
5699	107
5700	81
5701	75
5702	89
5703	103
5704	102
5705	102
5706	82
5707	73
5708	99
5709	67
5710	88
5711	108
5712	106
5713	109
5714	95
5715	75
5716	86
5717	93
5718	82
5719	72
5720	61
5721	118
5722	109
5723	84
5724	91
5725	83
5726	72
5727	92
5728	111
5729	83
5730	79
5731	85
5732	76
5733	65
5734	86
5735	89
5736	83
5737	85
5738	70
5739	57
5740	78
5741	76
5742	89
5743	80
5744	77
5745	107
5746	100
5747	103
5748	92
5749	90
5750	79
5751	114
5752	86
5753	78
5754	101
5755	77
5756	106
5757	89
5758	67
5759	97
5760	82
5761	109
5762	103
5763	107
5764	76
5765	86
5766	57
5767	81
5768	106
5769	66
5770	62
5771	99
5772	97
5773	82
5774	82
5775	91
5776	102
5777	94
5778	105
5779	107
5780	98
5781	91
5782	93
5783	97
5784	68
5785	81
5786	73
5787	120
5788	58
5789	65
5790	65
5791	91
5792	92
5793	92
5794	111
5795	58
5796	59
5797	95
5798	92
5799	101
5800	117
5801	109
5802	61
5803	73
5804	60
5805	52
5806	69
5807	67
5808	81
5809	62
5810	123
5811	94
5812	122
5813	86
5814	107
5815	102
5816	91
5817	103
5818	86
5819	63
5820	65
5821	72
5822	104
5823	100
5824	87
5825	85
5826	78
5827	68
5828	78
5829	73
5830	76
5831	77
5832	64
5833	57
5834	73
5835	64
5836	72
5837	115
5838	74
5839	63
5840	105
5841	102
5842	137
5843	109
5844	72
5845	75
5846	105
5847	87
5848	75
5849	111
5850	87
5851	90
5852	95
5853	90
5854	79
5855	55
5856	55
5857	68
5858	92
5859	68
5860	98
5861	83
5862	63
5863	49
5864	62
5865	45
5866	91
5867	81
5868	96
5869	102
5870	71
5871	114
5872	84
5873	80
5874	79
5875	86
5876	68
5877	103
5878	107
5879	124
5880	96
5881	90
5882	73
5883	56
5884	85
5885	102
5886	90
5887	63
5888	64
5889	94
5890	79
5891	74
5892	86
5893	48
5894	52
5895	70
5896	60
5897	53
5898	61
5899	87
5900	92
5901	79
5902	94
5903	71
5904	73
5905	74
5906	115
5907	78
5908	85
5909	101
5910	90
5911	93
5912	77
5913	92
5914	73
5915	51
5916	76
5917	66
5918	90
5919	85
5920	73
5921	69
5922	66
5923	79
5924	97
5925	97
5926	82
5927	102
5928	76
5929	82
5930	94
5931	73
5932	95
5933	87
5934	62
5935	75
5936	54
5937	75
5938	118
5939	95
5940	94
5941	80
5942	108
5943	110
5944	78
5945	70
5946	87
5947	80
5948	67
5949	69
5950	67
5951	78
5952	90
5953	68
5954	68
5955	71
5956	77
5957	76
5958	103
5959	61
5960	102
5961	114
5962	103
5963	126
5964	117
5965	105
5966	126
5967	103
5968	96
5969	80
5970	74
5971	94
5972	89
5973	68
5974	89
5975	92
5976	75
5977	108
5978	98
5979	109
5980	69
5981	103
5982	65
5983	70
5984	89
5985	79
5986	85
5987	108
5988	103
5989	120
5990	124
5991	88
5992	79
5993	101
5994	76
5995	146
5996	122
5997	124
5998	115
5999	83
6000	95
6001	81
6002	107
6003	113
6004	90
6005	109
6006	111
6007	86
6008	62
6009	77
6010	62
6011	69
6012	109
6013	84
6014	92
6015	67
6016	157
6017	99
6018	99
6019	93
6020	73
6021	117
6022	120
6023	99
6024	78
6025	84
6026	85
6027	92
6028	129
6029	88
6030	96
6031	91
6032	83
6033	64
6034	88
6035	110
6036	98
6037	84
6038	101
6039	100
6040	119
6041	83
6042	77
6043	62
6044	86
6045	81
6046	84
6047	70
6048	80
6049	73
6050	87
6051	55
6052	71
6053	72
6054	94
6055	99
6056	83
6057	76
6058	77
6059	84
6060	72
6061	80
6062	91
6063	80
6064	109
6065	86
6066	82
6067	90
6068	63
6069	57
6070	103
6071	72
6072	75
6073	63
6074	62
6075	83
6076	135
6077	82
6078	96
6079	89
6080	102
6081	105
6082	91
6083	88
6084	70
6085	79
6086	87
6087	66
6088	71
6089	89
6090	105
6091	83
6092	105
6093	85
6094	76
6095	54
6096	88
6097	78
6098	87
6099	101
6100	62
6101	85
6102	108
6103	100
6104	55
6105	97
6106	92
6107	63
6108	58
6109	72
6110	123
6111	89
6112	81
6113	54
6114	77
6115	58
6116	56
6117	88
6118	69
6119	83
6120	78
6121	80
6122	72
6123	79
6124	74
6125	77
6126	63
6127	87
6128	57
6129	65
6130	71
6131	60
6132	97
6133	117
6134	82
6135	60
6136	84
6137	96
6138	99
6139	92
6140	86
6141	98
6142	118
6143	111
6144	96
6145	80
6146	83
6147	77
6148	65
6149	104
6150	99
6151	86
6152	67
6153	85
6154	98
6155	90
6156	68
6157	102
6158	72
6159	84
6160	73
6161	86
6162	84
6163	74
6164	93
6165	83
6166	106
6167	66
6168	87
6169	74
6170	99
6171	78
6172	70
6173	52
6174	78
6175	50
6176	74
6177	77
6178	61
6179	58
6180	78
6181	66
6182	64
6183	72
6184	137
6185	77
6186	112
6187	53
6188	68
6189	84
6190	105
6191	93
6192	82
6193	61
6194	63
6195	68
6196	81
6197	77
6198	68
6199	89
6200	65
6201	100
6202	86
6203	104
6204	109
6205	88
6206	61
6207	58
6208	50
6209	64
6210	85
6211	73
6212	72
6213	71
6214	91
6215	92
6216	95
6217	78
6218	93
6219	63
6220	106
6221	90
6222	63
6223	70
6224	82
6225	58
6226	57
6227	90
6228	90
6229	52
6230	69
6231	70
6232	51
6233	63
6234	90
6235	73
6236	58
6237	55
6238	78
6239	72
6240	103
6241	74
6242	85
6243	56
6244	52
6245	62
6246	76
6247	108
6248	101
6249	90
6250	82
6251	75
6252	88
6253	64
6254	82
6255	76
6256	86
6257	77
6258	78
6259	65
6260	87
6261	80
6262	68
6263	94
6264	86
6265	80
6266	83
6267	105
6268	83
6269	92
6270	76
6271	59
6272	70
6273	53
6274	93
6275	72
6276	75
6277	94
6278	87
6279	75
6280	109
6281	76
6282	69
6283	74
6284	48
6285	42
6286	45
6287	81
6288	85
6289	85
6290	88
6291	85
6292	90
6293	105
6294	90
6295	61
6296	79
6297	85
6298	89
6299	91
6300	107
6301	66
6302	89
6303	120
6304	74
6305	81
6306	86
6307	91
6308	93
6309	59
6310	49
6311	52
6312	68
6313	65
6314	69
6315	88
6316	78
6317	72
6318	82
6319	85
6320	73
6321	73
6322	82
6323	53
6324	77
6325	89
6326	98
6327	74
6328	69
6329	50
6330	55
6331	82
6332	65
6333	71
6334	80
6335	69
6336	78
6337	119
6338	80
6339	77
6340	87
6341	73
6342	57
6343	62
6344	79
6345	79
6346	100
6347	74
6348	55
6349	90
6350	68
6351	89
6352	73
6353	83
6354	81
6355	60
6356	101
6357	68
6358	84
6359	88
6360	82
6361	91
6362	55
6363	97
6364	70
6365	75
6366	51
6367	63
6368	65
6369	70
6370	69
6371	87
6372	112
6373	81
6374	81
6375	87
6376	64
6377	83
6378	59
6379	91
6380	64
6381	57
6382	76
6383	82
6384	57
6385	54
6386	50
6387	72
6388	44
6389	53
6390	66
6391	50
6392	68
6393	38
6394	59
6395	66
6396	78
6397	51
6398	65
6399	76
6400	68
6401	92
6402	102
6403	77
6404	53
6405	62
6406	91
6407	77
6408	85
6409	61
6410	68
6411	61
6412	61
6413	53
6414	51
6415	50
6416	67
6417	83
6418	74
6419	50
6420	95
6421	79
6422	49
6423	62
6424	74
6425	79
6426	79
6427	81
6428	43
6429	56
6430	54
6431	60
6432	85
6433	62
6434	82
6435	58
6436	54
6437	71
6438	66
6439	59
6440	66
6441	48
6442	63
6443	46
6444	38
6445	80
6446	59
6447	63
6448	96
6449	58
6450	55
6451	77
6452	73
6453	64
6454	62
6455	63
6456	68
6457	70
6458	71
6459	67
6460	52
6461	54
6462	74
6463	81
6464	69
6465	48
6466	71
6467	50
6468	51
6469	91
6470	54
6471	90
6472	68
6473	87
6474	69
6475	61
6476	78
6477	71
6478	73
6479	71
6480	81
6481	83
6482	88
6483	73
6484	84
6485	87
6486	86
6487	75
6488	68
6489	71
6490	55
6491	86
6492	63
6493	89
6494	45
6495	61
6496	92
6497	72
6498	86
6499	100
6500	76
6501	74
6502	54
6503	80
6504	55
6505	71
6506	70
6507	90
6508	110
6509	67
6510	83
6511	68
6512	80
6513	82
6514	62
6515	80
6516	86
6517	76
6518	115
6519	122
6520	86
6521	105
6522	103
6523	75
6524	58
6525	66
6526	74
6527	76
6528	81
6529	65
6530	70
6531	78
6532	84
6533	84
6534	125
6535	71
6536	57
6537	65
6538	95
6539	69
6540	98
6541	77
6542	60
6543	67
6544	84
6545	97
6546	83
6547	75
6548	71
6549	63
6550	90
6551	58
6552	68
6553	73
6554	58
6555	66
6556	73
6557	71
6558	78
6559	70
6560	77
6561	73
6562	88
6563	86
6564	73
6565	72
6566	94
6567	53
6568	50
6569	63
6570	70
6571	69
6572	82
6573	76
6574	56
6575	66
6576	57
6577	44
6578	75
6579	65
6580	41
6581	67
6582	61
6583	74
6584	77
6585	48
6586	53
6587	59
6588	47
6589	62
6590	32
6591	54
6592	67
6593	78
6594	52
6595	49
6596	78
6597	75
6598	65
6599	63
6600	107
6601	70
6602	47
6603	40
6604	72
6605	79
6606	74
6607	72
6608	58
6609	91
6610	58
6611	50
6612	48
6613	52
6614	64
6615	83
6616	57
6617	83
6618	48
6619	56
6620	76
6621	59
6622	63
6623	86
6624	91
6625	58
6626	75
6627	67
6628	70
6629	85
6630	55
6631	37
6632	45
6633	61
6634	55
6635	37
6636	56
6637	69
6638	78
6639	99
6640	53
6641	78
6642	74
6643	54
6644	76
6645	56
6646	51
6647	51
6648	41
6649	68
6650	67
6651	58
6652	81
6653	64
6654	53
6655	53
6656	80
6657	56
6658	83
6659	54
6660	42
6661	68
6662	87
6663	52
6664	45
6665	48
6666	80
6667	54
6668	69
6669	38
6670	34
6671	54
6672	43
6673	46
6674	54
6675	64
6676	61
6677	67
6678	63
6679	79
6680	48
6681	53
6682	63
6683	60
6684	43
6685	47
6686	60
6687	70
6688	76
6689	82
6690	79
6691	83
6692	72
6693	56
6694	44
6695	81
6696	48
6697	65
6698	46
6699	39
6700	48
6701	81
6702	86
6703	81
6704	62
6705	84
6706	68
6707	65
6708	69
6709	62
6710	45
6711	70
6712	94
6713	73
6714	78
6715	95
6716	97
6717	70
6718	36
6719	42
6720	63
6721	55
6722	60
6723	52
6724	80
6725	57
6726	66
6727	68
6728	101
6729	72
6730	71
6731	89
6732	68
6733	55
6734	62
6735	70
6736	88
6737	74
6738	65
6739	69
6740	95
6741	65
6742	68
6743	82
6744	70
6745	53
6746	73
6747	76
6748	67
6749	65
6750	58
6751	83
6752	81
6753	89
6754	79
6755	66
6756	77
6757	49
6758	70
6759	90
6760	71
6761	72
6762	69
6763	83
6764	55
6765	75
6766	65
6767	76
6768	52
6769	65
6770	49
6771	79
6772	73
6773	51
6774	87
6775	88
6776	76
6777	57
6778	72
6779	101
6780	70
6781	72
6782	72
6783	58
6784	72
6785	63
6786	83
6787	75
6788	70
6789	86
6790	78
6791	59
6792	82
6793	86
6794	77
6795	79
6796	53
6797	75
6798	86
6799	78
6800	78
6801	54
6802	73
6803	111
6804	57
6805	88
6806	103
6807	59
6808	74
6809	90
6810	65
6811	58
6812	65
6813	63
6814	69
6815	53
6816	74
6817	118
6818	88
6819	78
6820	77
6821	80
6822	68
6823	50
6824	55
6825	50
6826	62
6827	34
6828	57
6829	75
6830	51
6831	63
6832	61
6833	41
6834	41
6835	55
6836	53
6837	58
6838	48
6839	39
6840	48
6841	57
6842	63
6843	49
6844	66
6845	53
6846	84
6847	107
6848	73
6849	41
6850	49
6851	80
6852	41
6853	50
6854	58
6855	68
6856	66
6857	77
6858	51
6859	87
6860	76
6861	48
6862	83
6863	72
6864	53
6865	63
6866	76
6867	90
6868	105
6869	95
6870	110
6871	84
6872	54
6873	118
6874	58
6875	67
6876	62
6877	72
6878	73
6879	77
6880	91
6881	58
6882	70
6883	65
6884	57
6885	50
6886	74
6887	69
6888	41
6889	78
6890	106
6891	67
6892	59
6893	118
6894	65
6895	86
6896	58
6897	45
6898	65
6899	51
6900	53
6901	82
6902	79
6903	57
6904	102
6905	95
6906	57
6907	106
6908	95
6909	54
6910	75
6911	83
6912	66
6913	91
6914	76
6915	93
6916	92
6917	80
6918	75
6919	63
6920	100
6921	83
6922	77
6923	94
6924	69
6925	54
6926	63
6927	59
6928	53
6929	106
6930	60
6931	52
6932	67
6933	55
6934	61
6935	66
6936	58
6937	84
6938	53
6939	61
6940	70
6941	91
6942	85
6943	72
6944	83
6945	76
6946	79
6947	68
6948	77
6949	64
6950	77
6951	91
6952	73
6953	55
6954	89
6955	89
6956	55
6957	62
6958	72
6959	69
6960	71
6961	68
6962	73
6963	62
6964	56
6965	74
6966	90
6967	90
6968	107
6969	93
6970	93
6971	91
6972	60
6973	80
6974	86
6975	52
6976	70
6977	79
6978	60
6979	80
6980	86
6981	68
6982	82
6983	89
6984	84
6985	122
6986	61
6987	67
6988	79
6989	65
6990	82
6991	51
6992	33
6993	73
6994	83
6995	76
6996	70
6997	100
6998	79
6999	101
7000	103
7001	76
7002	101
7003	97
7004	61
7005	106
7006	117
7007	70
7008	52
7009	62
7010	60
7011	42
7012	59
7013	83
7014	96
7015	77
7016	44
7017	54
7018	65
7019	89
7020	82
7021	85
7022	93
7023	67
7024	59
7025	53
7026	75
7027	55
7028	54
7029	88
7030	59
7031	63
7032	80
7033	66
7034	74
7035	79
7036	48
7037	67
7038	67
7039	69
7040	104
7041	75
7042	77
7043	59
7044	32
7045	41
7046	52
7047	65
7048	57
7049	71
7050	78
7051	84
7052	105
7053	75
7054	71
7055	59
7056	94
7057	37
7058	47
7059	70
7060	59
7061	79
7062	92
7063	92
7064	98
7065	63
7066	67
7067	79
7068	81
7069	79
7070	92
7071	75
7072	50
7073	103
7074	88
7075	84
7076	72
7077	89
7078	87
7079	65
7080	84
7081	78
7082	110
7083	72
7084	63
7085	84
7086	69
7087	72
7088	57
7089	86
7090	73
7091	65
7092	72
7093	54
7094	87
7095	77
7096	69
7097	76
7098	102
7099	120
7100	98
7101	72
7102	73
7103	87
7104	90
7105	62
7106	64
7107	53
7108	57
7109	59
7110	60
7111	73
7112	66
7113	72
7114	38
7115	55
7116	88
7117	62
7118	60
7119	49
7120	49
7121	81
7122	79
7123	70
7124	69
7125	53
7126	77
7127	64
7128	80
7129	64
7130	92
7131	103
7132	97
7133	86
7134	65
7135	89
7136	65
7137	57
7138	50
7139	55
7140	57
7141	58
7142	73
7143	39
7144	45
7145	34
7146	40
7147	35
7148	42
7149	45
7150	56
7151	56
7152	50
7153	70
7154	71
7155	47
7156	71
7157	68
7158	49
7159	56
7160	50
7161	42
7162	74
7163	58
7164	66
7165	78
7166	70
7167	43
7168	44
7169	56
7170	42
7171	49
7172	72
7173	53
7174	50
7175	80
7176	57
7177	73
7178	84
7179	46
7180	54
7181	55
7182	62
7183	50
7184	54
7185	65
7186	69
7187	53
7188	49
7189	75
7190	64
7191	51
7192	77
7193	78
7194	69
7195	77
7196	75
7197	69
7198	76
7199	85
7200	75
7201	42
7202	69
7203	69
7204	54
7205	72
7206	88
7207	64
7208	60
7209	52
7210	81
7211	66
7212	65
7213	53
7214	60
7215	63
7216	75
7217	77
7218	76
7219	106
7220	49
7221	40
7222	58
7223	44
7224	73
7225	54
7226	78
7227	60
7228	100
7229	95
7230	58
7231	67
7232	120
7233	60
7234	74
7235	94
7236	91
7237	81
7238	119
7239	82
7240	98
7241	92
7242	95
7243	82
7244	117
7245	87
7246	72
7247	87
7248	62
7249	82
7250	83
7251	79
7252	82
7253	90
7254	70
7255	100
7256	122
7257	87
7258	112
7259	82
7260	80
7261	84
7262	60
7263	74
7264	86
7265	48
7266	63
7267	89
7268	106
7269	113
7270	113
7271	135
7272	82
7273	91
7274	97
7275	94
7276	83
7277	73
7278	87
7279	103
7280	97
7281	77
7282	128
7283	84
7284	63
7285	93
7286	67
7287	77
7288	63
7289	66
7290	51
7291	67
7292	74
7293	77
7294	68
7295	60
7296	63
7297	64
7298	69
7299	67
7300	79
7301	55
7302	66
7303	52
7304	71
7305	51
7306	88
7307	81
7308	74
7309	62
7310	68
7311	68
7312	81
7313	79
7314	96
7315	106
7316	66
7317	76
7318	40
7319	43
7320	54
7321	52
7322	120
7323	48
7324	49
7325	47
7326	65
7327	72
7328	42
7329	54
7330	70
7331	82
7332	83
7333	81
7334	74
7335	94
7336	67
7337	71
7338	52
7339	57
7340	74
7341	77
7342	62
7343	87
7344	86
7345	93
7346	70
7347	54
7348	41
7349	70
7350	69
7351	64
7352	76
7353	88
7354	70
7355	78
7356	67
7357	94
7358	61
7359	69
7360	83
7361	84
7362	62
7363	68
7364	58
7365	82
7366	66
7367	73
7368	65
7369	39
7370	65
7371	69
7372	50
7373	45
7374	63
7375	47
7376	60
7377	64
7378	56
7379	78
7380	41
7381	75
7382	52
7383	35
7384	52
7385	58
7386	63
7387	29
7388	39
7389	40
7390	54
7391	72
7392	48
7393	69
7394	66
7395	48
7396	41
7397	60
7398	72
7399	95
7400	29
7401	69
7402	48
7403	50
7404	44
7405	61
7406	52
7407	47
7408	50
7409	47
7410	58
7411	44
7412	62
7413	55
7414	38
7415	47
7416	69
7417	64
7418	76
7419	70
7420	74
7421	66
7422	51
7423	66
7424	49
7425	58
7426	77
7427	47
7428	39
7429	34
7430	50
7431	50
7432	62
7433	80
7434	66
7435	90
7436	58
7437	73
7438	37
7439	61
7440	51
7441	42
7442	72
7443	65
7444	75
7445	84
7446	50
7447	48
7448	46
7449	60
7450	47
7451	84
7452	58
7453	56
7454	65
7455	59
7456	77
7457	81
7458	66
7459	61
7460	87
7461	116
7462	66
7463	66
7464	95
7465	64
7466	48
7467	34
7468	48
7469	58
7470	63
7471	50
7472	36
7473	64
7474	41
7475	55
7476	45
7477	42
7478	48
7479	42
7480	40
7481	67
7482	76
7483	73
7484	55
7485	67
7486	48
7487	66
7488	39
7489	53
7490	26
7491	27
7492	49
7493	55
7494	57
7495	56
7496	85
7497	59
7498	75
7499	80
7500	53
7501	48
7502	57
7503	70
7504	62
7505	40
7506	38
7507	46
7508	40
7509	42
7510	45
7511	55
7512	37
7513	49
7514	57
7515	57
7516	64
7517	59
7518	67
7519	56
7520	40
7521	30
7522	26
7523	41
7524	30
7525	44
7526	53
7527	40
7528	40
7529	47
7530	32
7531	50
7532	55
7533	102
7534	45
7535	36
7536	57
7537	61
7538	62
7539	34
7540	58
7541	45
7542	55
7543	39
7544	49
7545	34
7546	65
7547	66
7548	51
7549	49
7550	97
7551	94
7552	64
7553	66
7554	64
7555	68
7556	56
7557	57
7558	65
7559	80
7560	61
7561	58
7562	71
7563	48
7564	48
7565	32
7566	65
7567	43
7568	52
7569	58
7570	75
7571	61
7572	65
7573	32
7574	60
7575	47
7576	51
7577	60
7578	48
7579	56
7580	53
7581	58
7582	55
7583	59
7584	76
7585	55
7586	65
7587	73
7588	33
7589	40
7590	55
7591	51
7592	47
7593	81
7594	71
7595	51
7596	53
7597	54
7598	66
7599	38
7600	47
7601	49
7602	39
7603	36
7604	63
7605	44
7606	37
7607	46
7608	41
7609	35
7610	45
7611	79
7612	60
7613	46
7614	46
7615	50
7616	73
7617	45
7618	57
7619	72
7620	40
7621	73
7622	35
7623	65
7624	47
7625	41
7626	39
7627	45
7628	37
7629	67
7630	49
7631	61
7632	62
7633	81
7634	48
7635	53
7636	52
7637	63
7638	57
7639	61
7640	71
7641	41
7642	59
7643	51
7644	48
7645	75
7646	45
7647	50
7648	60
7649	77
7650	61
7651	56
7652	52
7653	54
7654	53
7655	75
7656	88
7657	80
7658	87
7659	88
7660	56
7661	59
7662	56
7663	65
7664	62
7665	66
7666	58
7667	48
7668	31
7669	37
7670	47
7671	58
7672	59
7673	61
7674	52
7675	48
7676	52
7677	44
7678	64
7679	44
7680	94
7681	45
7682	46
7683	39
7684	46
7685	47
7686	33
7687	68
7688	53
7689	53
7690	62
7691	38
7692	52
7693	57
7694	61
7695	51
7696	57
7697	39
7698	50
7699	44
7700	53
7701	37
7702	48
7703	36
7704	73
7705	44
7706	28
7707	39
7708	53
7709	40
7710	43
7711	45
7712	43
7713	36
7714	57
7715	59
7716	56
7717	69
7718	74
7719	52
7720	50
7721	64
7722	59
7723	42
7724	68
7725	79
7726	47
7727	87
7728	74
7729	34
7730	77
7731	53
7732	49
7733	82
7734	60
7735	57
7736	60
7737	35
7738	49
7739	39
7740	27
7741	65
7742	53
7743	59
7744	46
7745	52
7746	60
7747	50
7748	68
7749	47
7750	52
7751	49
7752	43
7753	43
7754	31
7755	46
7756	32
7757	48
7758	39
7759	31
7760	36
7761	28
7762	53
7763	68
7764	37
7765	79
7766	54
7767	34
7768	59
7769	62
7770	52
7771	40
7772	75
7773	63
7774	36
7775	56
7776	42
7777	41
7778	45
7779	43
7780	42
7781	31
7782	44
7783	44
7784	37
7785	48
7786	53
7787	51
7788	36
7789	31
7790	29
7791	27
7792	54
7793	43
7794	40
7795	58
7796	60
7797	35
7798	56
7799	48
7800	43
7801	44
7802	55
7803	44
7804	55
7805	64
7806	56
7807	31
7808	29
7809	43
7810	56
7811	54
7812	46
7813	42
7814	31
7815	41
7816	40
7817	38
7818	58
7819	57
7820	80
7821	61
7822	40
7823	59
7824	46
7825	49
7826	74
7827	62
7828	59
7829	60
7830	52
7831	36
7832	59
7833	75
7834	80
7835	78
7836	76
7837	48
7838	56
7839	58
7840	58
7841	80
7842	49
7843	56
7844	69
7845	79
7846	38
7847	66
7848	56
7849	57
7850	41
7851	25
7852	50
7853	58
7854	49
7855	40
7856	47
7857	50
7858	43
7859	56
7860	61
7861	51
7862	53
7863	61
7864	57
7865	59
7866	61
7867	55
7868	63
7869	64
7870	94
7871	69
7872	49
7873	63
7874	61
7875	76
7876	60
7877	48
7878	63
7879	64
7880	77
7881	71
7882	66
7883	79
7884	95
7885	127
7886	107
7887	63
7888	56
7889	69
7890	65
7891	41
7892	56
7893	40
7894	65
7895	72
7896	56
7897	50
7898	46
7899	43
7900	76
7901	77
7902	47
7903	80
7904	46
7905	69
7906	50
7907	48
7908	51
7909	53
7910	59
7911	78
7912	64
7913	50
7914	65
7915	48
7916	41
7917	37
7918	42
7919	75
7920	58
7921	46
7922	52
7923	56
7924	52
7925	45
7926	52
7927	52
7928	62
7929	68
7930	51
7931	61
7932	46
7933	39
7934	57
7935	48
7936	55
7937	71
7938	38
7939	50
7940	47
7941	43
7942	55
7943	28
7944	45
7945	68
7946	63
7947	61
7948	82
7949	68
7950	63
7951	79
7952	72
7953	43
7954	43
7955	53
7956	46
7957	77
7958	56
7959	52
7960	59
7961	96
7962	73
7963	60
7964	68
7965	64
7966	74
7967	47
7968	32
7969	58
7970	85
7971	65
7972	63
7973	49
7974	49
7975	54
7976	65
7977	47
7978	56
7979	32
7980	58
7981	52
7982	43
7983	50
7984	57
7985	37
7986	33
7987	56
7988	45
7989	40
7990	57
7991	47
7992	87
7993	82
7994	67
7995	71
7996	54
7997	47
7998	62
7999	48
8000	502967
