16	3
17	2
18	1
21	1
22	1
23	1
25	1
26	2
27	3
28	4
30	2
31	2
32	1
33	2
34	6
35	8
36	6
37	2
38	8
39	9
40	9
41	8
42	14
43	20
44	19
45	21
46	25
47	19
48	15
49	22
50	22
51	23
52	22
53	19
54	27
55	23
56	16
57	16
58	34
59	25
60	27
61	28
62	33
63	33
64	33
65	42
66	31
67	39
68	45
69	31
70	44
71	59
72	62
73	62
74	57
75	49
76	68
77	80
78	84
79	69
80	71
81	75
82	84
83	92
84	98
85	102
86	130
87	114
88	110
89	143
90	134
91	141
92	137
93	172
94	179
95	209
96	215
97	221
98	200
99	244
100	240
101	274
102	274
103	297
104	310
105	345
106	322
107	316
108	336
109	381
110	385
111	338
112	392
113	453
114	431
115	479
116	446
117	467
118	514
119	568
120	551
121	571
122	567
123	541
124	590
125	618
126	570
127	596
128	561
129	557
130	617
131	652
132	690
133	746
134	786
135	765
136	845
137	849
138	918
139	1066
140	1030
141	1224
142	1497
143	1693
144	2276
145	3046
146	4603
147	7459
148	9221
149	21922
150	22845
