16	3
17	2
18	1
21	1
22	1
23	1
25	1
26	2
27	3
28	4
30	2
31	2
32	1
33	2
34	6
35	8
36	6
37	2
38	8
39	9
40	10
41	8
42	14
43	21
44	19
45	21
46	26
47	21
48	15
49	22
50	22
51	23
52	23
53	22
54	27
55	23
56	21
57	24
58	44
59	31
60	29
61	31
62	36
63	38
64	38
65	54
66	40
67	48
68	57
69	37
70	47
71	68
72	75
73	75
74	69
75	63
76	78
77	95
78	112
79	92
80	80
81	87
82	104
83	111
84	115
85	124
86	150
87	143
88	139
89	170
90	174
91	186
92	180
93	222
94	232
95	279
96	286
97	285
98	292
99	329
100	321
101	399
102	394
103	424
104	455
105	485
106	454
107	456
108	485
109	582
110	597
111	550
112	654
113	716
114	680
115	770
116	716
117	749
118	841
119	862
120	858
121	931
122	984
123	927
124	989
125	1035
126	955
127	966
128	943
129	932
130	1014
131	1123
132	1135
133	1250
134	1265
135	1274
136	1411
137	1419
138	1520
139	1848
140	1895
141	2254
142	2706
143	3186
144	4396
145	6685
146	11843
147	16912
148	22468
149	90624
150	95967
