16	5
17	8
18	6
19	13
20	8
21	12
22	11
23	17
24	12
25	16
26	13
27	20
28	32
29	42
30	52
31	70
32	105
33	149
34	194
35	218
36	308
37	385
38	426
39	429
40	532
41	628
42	775
43	855
44	957
45	1145
46	1241
47	1356
48	1434
49	1544
50	1598
51	1766
52	1920
53	2016
54	2127
55	2177
56	2247
57	2315
58	2435
59	2515
60	2569
61	2572
62	2754
63	2776
64	2867
65	2914
66	3037
67	3012
68	3267
69	3373
70	3385
71	3589
72	3724
73	3847
74	3932
75	4121
76	4264
77	4466
78	4611
79	4765
80	5015
81	5132
82	5363
83	5603
84	5737
85	6313
86	6397
87	6804
88	7108
89	7275
90	7775
91	7879
92	8329
93	8702
94	9311
95	9815
96	10329
97	10844
98	11311
99	11704
100	12371
101	13131
102	13700
103	14605
104	15277
105	15507
106	16120
107	17108
108	17312
109	18474
110	19276
111	19827
112	20886
113	21382
114	21957
115	22767
116	23116
117	23469
118	24545
119	24765
120	24906
121	25715
122	26540
123	26345
124	27105
125	27546
126	28131
127	28801
128	29231
129	29147
130	30757
131	31808
132	32344
133	33469
134	35575
135	37881
136	39844
137	44972
138	47704
139	54764
140	60745
141	79589
142	98805
143	121515
144	166888
145	247279
146	396878
147	713640
148	950568
149	2241325
150	2376094
