16	8
17	13
18	9
19	7
20	13
21	13
22	12
23	16
24	32
25	48
26	59
27	61
28	86
29	125
30	168
31	202
32	301
33	346
34	411
35	497
36	672
37	789
38	873
39	1025
40	1184
41	1393
42	1591
43	1802
44	2022
45	2183
46	2611
47	2850
48	2862
49	3061
50	3108
51	3185
52	3143
53	3175
54	3210
55	3352
56	3495
57	3463
58	3208
59	3186
60	3177
61	3167
62	3152
63	3112
64	3325
65	3312
66	3370
67	3337
68	3428
69	3401
70	3374
71	3381
72	3489
73	3678
74	3806
75	3715
76	3677
77	3785
78	3943
79	3867
80	3861
81	4050
82	3895
83	3863
84	3981
85	3923
86	3979
87	4103
88	4139
89	4099
90	4186
91	4193
92	4438
93	4324
94	4289
95	4473
96	4694
97	4761
98	4765
99	4894
100	5052
101	5284
102	5473
103	5752
104	5758
105	5847
106	6084
107	6361
108	6407
109	6712
110	6890
111	7290
112	7288
113	7278
114	7731
115	7849
116	8031
117	8092
118	8202
119	8774
120	8806
121	8896
122	8846
123	8961
124	9301
125	9278
126	9225
127	9440
128	9522
129	9390
130	9548
131	9771
132	10110
133	10406
134	10800
135	11310
136	11632
137	12661
138	13227
139	14364
140	15772
141	19278
142	23338
143	29006
144	39267
145	59345
146	96451
147	171047
148	248642
149	809906
150	906737
