17	1
18	2
22	1
24	4
25	3
26	4
27	5
28	5
29	9
30	5
31	5
32	9
33	8
34	7
35	4
36	5
37	6
38	8
39	8
40	7
41	8
42	24
43	17
44	12
45	7
46	16
47	11
48	18
49	10
50	14
51	12
52	13
53	6
54	8
55	15
56	10
57	9
58	20
59	20
60	12
61	8
62	10
63	18
64	15
65	11
66	19
67	13
68	19
69	20
70	15
71	20
72	25
73	17
74	23
75	23
76	23
77	39
78	38
79	40
80	35
81	42
82	40
83	38
84	39
85	31
86	42
87	65
88	45
89	63
90	54
91	57
92	69
93	76
94	73
95	76
96	62
97	87
98	66
99	92
100	93
101	105
102	137
103	102
104	112
105	107
106	137
107	115
108	117
109	185
110	164
111	208
112	180
113	219
114	250
115	226
116	221
117	254
118	242
119	297
120	272
121	266
122	341
123	272
124	308
125	348
126	421
127	333
128	356
129	318
130	452
131	381
132	422
133	414
134	494
135	479
136	520
137	519
138	574
139	582
140	739
141	801
142	1066
143	1216
144	1561
145	2193
146	3981
147	8169
148	8564
149	24023
150	87230
