17	1
18	2
22	1
24	4
25	3
26	4
27	5
28	5
29	9
30	5
31	5
32	9
33	8
34	7
35	4
36	5
37	6
38	8
39	8
40	7
41	8
42	22
43	17
44	12
45	7
46	16
47	11
48	18
49	9
50	14
51	12
52	13
53	6
54	8
55	14
56	10
57	9
58	20
59	14
60	12
61	8
62	10
63	18
64	13
65	11
66	17
67	12
68	16
69	20
70	15
71	18
72	21
73	17
74	21
75	23
76	21
77	29
78	36
79	34
80	31
81	36
82	35
83	31
84	31
85	29
86	36
87	58
88	42
89	55
90	45
91	51
92	63
93	64
94	61
95	63
96	58
97	71
98	49
99	71
100	76
101	87
102	111
103	91
104	87
105	86
106	99
107	102
108	98
109	127
110	133
111	141
112	133
113	141
114	152
115	142
116	150
117	176
118	145
119	175
120	201
121	164
122	215
123	195
124	203
125	224
126	246
127	204
128	244
129	227
130	263
131	270
132	296
133	280
134	343
135	339
136	340
137	356
138	357
139	376
140	454
141	464
142	577
143	682
144	864
145	1209
146	1968
147	3970
148	4510
149	9837
150	20087
