16	11
17	14
18	13
19	26
20	17
21	15
22	22
23	20
24	12
25	36
26	41
27	31
28	35
29	35
30	39
31	44
32	61
33	79
34	83
35	125
36	105
37	170
38	161
39	186
40	239
41	261
42	282
43	422
44	400
45	433
46	485
47	608
48	612
49	675
50	668
51	809
52	870
53	935
54	942
55	1032
56	1171
57	1127
58	1318
59	1224
60	1375
61	1335
62	1391
63	1434
64	1590
65	1536
66	1657
67	1776
68	1799
69	1925
70	1972
71	2010
72	2212
73	2329
74	2399
75	2533
76	2577
77	2690
78	2799
79	2977
80	2952
81	3124
82	3418
83	3697
84	3871
85	4099
86	4112
87	4301
88	4494
89	4672
90	4921
91	5138
92	5245
93	5582
94	5937
95	6135
96	6537
97	6686
98	6852
99	6974
100	7315
101	7728
102	8130
103	8485
104	8904
105	9078
106	9383
107	10168
108	10539
109	10523
110	11204
111	11732
112	12041
113	12703
114	12822
115	13167
116	13815
117	14204
118	14505
119	15546
120	15568
121	16129
122	16572
123	17250
124	17775
125	18454
126	18857
127	19322
128	20056
129	20536
130	21733
131	22190
132	23101
133	23966
134	25222
135	26080
136	27575
137	29927
138	32080
139	34752
140	38580
141	44324
142	52825
143	69915
144	101022
145	149338
146	256621
147	582241
148	713562
149	1506011
150	3015907
