16	6
17	12
18	11
19	8
20	9
21	4
22	7
23	8
24	9
25	11
26	4
27	3
28	11
29	5
30	11
31	15
32	6
33	18
34	20
35	18
36	20
37	14
38	8
39	21
40	11
41	22
42	32
43	27
44	41
45	42
46	41
47	46
48	47
49	36
50	62
51	51
52	40
53	65
54	64
55	55
56	57
57	59
58	51
59	73
60	71
61	75
62	62
63	72
64	92
65	93
66	80
67	99
68	95
69	92
70	120
71	120
72	113
73	117
74	123
75	147
76	148
77	150
78	178
79	176
80	201
81	216
82	215
83	220
84	230
85	227
86	261
87	271
88	282
89	306
90	285
91	352
92	362
93	376
94	386
95	395
96	422
97	421
98	481
99	490
100	523
101	547
102	553
103	610
104	609
105	648
106	763
107	709
108	697
109	689
110	758
111	808
112	815
113	803
114	938
115	952
116	935
117	1073
118	964
119	1063
120	1074
121	1201
122	1156
123	1183
124	1294
125	1317
126	1267
127	1330
128	1340
129	1352
130	1447
131	1494
132	1501
133	1585
134	1644
135	1673
136	1731
137	1861
138	1915
139	2061
140	2235
141	2485
142	2727
143	3738
144	4597
145	6037
146	9907
147	20762
148	25388
149	41391
150	125590
