16	6
17	13
18	12
19	8
20	9
21	4
22	7
23	8
24	11
25	16
26	5
27	3
28	12
29	5
30	11
31	16
32	7
33	18
34	24
35	32
36	25
37	16
38	9
39	21
40	12
41	24
42	35
43	28
44	41
45	48
46	44
47	49
48	49
49	39
50	68
51	58
52	46
53	71
54	68
55	60
56	60
57	61
58	56
59	78
60	74
61	79
62	65
63	78
64	96
65	100
66	86
67	107
68	106
69	102
70	127
71	129
72	131
73	130
74	140
75	165
76	161
77	162
78	199
79	192
80	222
81	246
82	236
83	252
84	258
85	259
86	292
87	305
88	313
89	371
90	329
91	403
92	420
93	436
94	440
95	464
96	491
97	493
98	544
99	571
100	626
101	647
102	645
103	728
104	722
105	768
106	899
107	855
108	814
109	826
110	915
111	962
112	1006
113	979
114	1134
115	1176
116	1123
117	1363
118	1225
119	1278
120	1338
121	1455
122	1431
123	1439
124	1579
125	1596
126	1612
127	1657
128	1680
129	1748
130	1807
131	1896
132	1905
133	1996
134	2064
135	2147
136	2239
137	2391
138	2423
139	2659
140	2926
141	3142
142	3531
143	4848
144	6094
145	8461
146	14250
147	30432
148	36064
149	62750
150	282862
