17	4
18	1
22	6
24	1
25	5
26	1
27	7
28	7
29	10
30	11
31	23
32	11
33	23
34	19
35	15
36	17
37	23
38	11
39	20
40	28
41	28
42	40
43	37
44	39
45	41
46	62
47	67
48	69
49	81
50	99
51	91
52	59
53	91
54	73
55	95
56	109
57	132
58	141
59	135
60	117
61	149
62	142
63	144
64	156
65	175
66	169
67	193
68	198
69	185
70	217
71	225
72	249
73	294
74	273
75	274
76	277
77	314
78	321
79	324
80	324
81	358
82	358
83	416
84	387
85	455
86	504
87	514
88	501
89	581
90	521
91	602
92	623
93	579
94	624
95	623
96	612
97	706
98	699
99	721
100	703
101	759
102	757
103	839
104	828
105	864
106	844
107	822
108	879
109	865
110	974
111	915
112	982
113	980
114	992
115	990
116	1063
117	1059
118	1110
119	1079
120	1056
121	1234
122	1179
123	1169
124	1262
125	1267
126	1254
127	1237
128	1241
129	1293
130	1352
131	1330
132	1310
133	1378
134	1387
135	1430
136	1474
137	1493
138	1520
139	1590
140	1550
141	1713
142	1913
143	2225
144	2479
145	3121
146	4348
147	6631
148	7599
149	17380
150	34865
