17	4
18	1
22	6
24	1
25	5
26	1
27	8
28	8
29	11
30	12
31	23
32	11
33	24
34	21
35	15
36	17
37	23
38	11
39	22
40	29
41	29
42	44
43	39
44	39
45	43
46	70
47	79
48	75
49	85
50	112
51	187
52	72
53	116
54	85
55	105
56	127
57	149
58	164
59	153
60	125
61	158
62	147
63	147
64	162
65	185
66	181
67	200
68	202
69	194
70	230
71	240
72	276
73	325
74	308
75	304
76	301
77	343
78	359
79	363
80	364
81	400
82	408
83	471
84	447
85	507
86	556
87	586
88	595
89	647
90	602
91	682
92	726
93	668
94	705
95	723
96	786
97	859
98	856
99	819
100	829
101	895
102	931
103	1121
104	1025
105	1040
106	1004
107	982
108	1037
109	1032
110	1206
111	1115
112	1174
113	1179
114	1197
115	1210
116	1315
117	1314
118	1372
119	1301
120	1296
121	1544
122	1444
123	1444
124	1575
125	1597
126	1593
127	1636
128	1605
129	1684
130	1987
131	1966
132	2023
133	1812
134	1883
135	1878
136	1895
137	2016
138	2096
139	2194
140	2110
141	2332
142	2603
143	3083
144	3423
145	4280
146	6198
147	9690
148	10549
149	25976
150	69644
