16	21
17	15
18	44
19	31
20	50
21	52
22	76
23	60
24	84
25	71
26	70
27	90
28	119
29	117
30	168
31	226
32	293
33	390
34	512
35	635
36	734
37	907
38	977
39	1142
40	1205
41	1467
42	1601
43	1886
44	2114
45	2288
46	2742
47	2979
48	3137
49	3561
50	3833
51	4287
52	4520
53	4868
54	5224
55	5569
56	5682
57	5994
58	6402
59	6750
60	6807
61	6895
62	7281
63	7504
64	7784
65	8164
66	8262
67	8608
68	9120
69	9334
70	9909
71	10119
72	10415
73	10812
74	11243
75	11482
76	12281
77	12795
78	13035
79	13349
80	14360
81	14394
82	14770
83	15713
84	15650
85	16139
86	17045
87	17421
88	17788
89	18205
90	18968
91	19746
92	20225
93	20929
94	21631
95	22079
96	22420
97	23050
98	24019
99	24578
100	25739
101	26507
102	26863
103	27816
104	29062
105	28950
106	30165
107	30870
108	31664
109	32350
110	33185
111	33809
112	34508
113	35900
114	35707
115	36521
116	37407
117	37444
118	38825
119	39914
120	39693
121	41161
122	41952
123	42343
124	43408
125	44563
126	44399
127	45071
128	46542
129	46619
130	48029
131	49382
132	49425
133	50698
134	52428
135	53533
136	56200
137	60077
138	62910
139	67573
140	72675
141	82282
142	93693
143	113110
144	144840
145	205757
146	317530
147	529036
148	677189
149	1461110
150	2926429
