16	18
17	18
18	15
19	9
20	10
21	5
22	2
23	7
24	16
25	12
26	10
27	5
28	8
29	11
30	12
31	9
32	13
33	17
34	10
35	30
36	21
37	4
38	6
39	9
40	8
41	11
42	17
43	17
44	21
45	21
46	10
47	23
48	18
49	24
50	21
51	15
52	21
53	21
54	22
55	32
56	25
57	35
58	40
59	41
60	45
61	44
62	37
63	39
64	37
65	39
66	50
67	44
68	53
69	50
70	57
71	41
72	72
73	77
74	64
75	67
76	92
77	75
78	92
79	98
80	111
81	129
82	114
83	120
84	127
85	129
86	176
87	174
88	144
89	200
90	181
91	184
92	187
93	188
94	229
95	207
96	257
97	284
98	297
99	273
100	279
101	264
102	299
103	318
104	350
105	321
106	417
107	350
108	365
109	473
110	446
111	453
112	461
113	515
114	488
115	607
116	613
117	579
118	547
119	675
120	589
121	642
122	741
123	694
124	825
125	859
126	772
127	838
128	764
129	799
130	848
131	870
132	999
133	1037
134	1055
135	1148
136	1118
137	1053
138	1149
139	1137
140	1295
141	1379
142	1527
143	1927
144	2498
145	3618
146	5802
147	12251
148	15648
149	26402
150	117589
