16	18
17	16
18	14
19	9
20	10
21	5
22	2
23	6
24	14
25	9
26	7
27	4
28	7
29	10
30	12
31	8
32	12
33	13
34	10
35	12
36	12
37	2
38	6
39	8
40	7
41	10
42	14
43	15
44	17
45	20
46	10
47	20
48	16
49	21
50	20
51	12
52	20
53	20
54	20
55	26
56	22
57	28
58	35
59	32
60	37
61	37
62	35
63	35
64	30
65	33
66	40
67	38
68	48
69	41
70	49
71	36
72	60
73	56
74	46
75	57
76	81
77	65
78	73
79	86
80	89
81	107
82	98
83	98
84	109
85	107
86	143
87	130
88	128
89	147
90	147
91	141
92	142
93	150
94	177
95	169
96	208
97	238
98	238
99	207
100	212
101	211
102	227
103	256
104	257
105	257
106	307
107	265
108	270
109	338
110	333
111	316
112	354
113	389
114	365
115	431
116	456
117	423
118	403
119	481
120	427
121	434
122	536
123	514
124	542
125	580
126	513
127	541
128	551
129	589
130	610
131	631
132	681
133	681
134	708
135	692
136	697
137	708
138	735
139	742
140	807
141	926
142	977
143	1196
144	1436
145	1943
146	2900
147	5738
148	7246
149	10165
150	22451
