16	29
17	41
18	34
19	45
20	66
21	40
22	55
23	63
24	49
25	71
26	60
27	63
28	77
29	48
30	67
31	66
32	75
33	115
34	119
35	174
36	196
37	212
38	302
39	329
40	345
41	437
42	514
43	606
44	843
45	953
46	980
47	1092
48	1091
49	1283
50	1455
51	1529
52	1587
53	1756
54	1811
55	1918
56	1978
57	2050
58	2265
59	2275
60	2340
61	2419
62	2673
63	2763
64	2783
65	2692
66	2936
67	3083
68	3305
69	3370
70	3585
71	3664
72	3651
73	3946
74	3977
75	4115
76	4252
77	4396
78	4656
79	4989
80	5091
81	5340
82	5541
83	5930
84	6349
85	6372
86	6864
87	7066
88	7288
89	7485
90	7829
91	8220
92	8706
93	9110
94	9490
95	9808
96	10373
97	10475
98	11021
99	11282
100	11738
101	12153
102	12832
103	12978
104	13550
105	13810
106	14375
107	15168
108	15221
109	15940
110	16629
111	17182
112	17636
113	18290
114	19473
115	19759
116	20342
117	20728
118	20706
119	21615
120	21520
121	22351
122	22602
123	23535
124	24262
125	24535
126	24863
127	25706
128	26032
129	26399
130	27129
131	28038
132	28344
133	28832
134	29506
135	30209
136	31323
137	33045
138	34572
139	37022
140	40950
141	45543
142	54673
143	71203
144	102089
145	151913
146	249890
147	565211
148	759576
149	1054866
150	2339773
