0	0
1	0
2	0
3	0
4	0
5	0
6	0
7	0
8	0
9	0
10	0
11	0
12	2
13	2
14	0
15	2
16	6
17	2
18	2
19	3
20	2
21	7
22	2
23	10
24	5
25	15
26	14
27	20
28	10
29	6
30	16
31	11
32	13
33	13
34	22
35	23
36	16
37	17
38	16
39	18
40	32
41	19
42	22
43	20
44	15
45	16
46	24
47	23
48	14
49	19
50	13
51	30
52	29
53	27
54	22
55	28
56	22
57	31
58	27
59	30
60	28
61	32
62	32
63	29
64	29
65	31
66	38
67	24
68	36
69	42
70	33
71	41
72	52
73	58
74	46
75	60
76	70
77	57
78	70
79	71
80	52
81	66
82	64
83	83
84	101
85	112
86	87
87	90
88	90
89	115
90	110
91	105
92	103
93	88
94	115
95	114
96	105
97	110
98	106
99	119
100	145
101	110
102	142
103	153
104	161
105	120
106	138
107	147
108	139
109	153
110	141
111	163
112	125
113	126
114	161
115	177
116	169
117	152
118	156
119	135
120	148
121	149
122	147
123	183
124	148
125	151
126	172
127	149
128	203
129	151
130	186
131	149
132	141
133	168
134	139
135	158
136	174
137	166
138	171
139	153
140	130
141	126
142	156
143	167
144	170
145	115
146	116
147	112
148	101
149	116
150	110
151	136
152	111
153	151
154	120
155	131
156	124
157	142
158	119
159	118
160	142
161	160
162	130
163	110
164	138
165	111
166	118
167	104
168	126
169	112
170	135
171	140
172	104
173	156
174	150
175	105
176	138
177	151
178	128
179	125
180	146
181	124
182	117
183	107
184	105
185	124
186	140
187	136
188	133
189	142
190	165
191	146
192	116
193	94
194	124
195	144
196	118
197	106
198	129
199	131
200	122
201	111
202	141
203	119
204	138
205	83
206	116
207	108
208	154
209	133
210	118
211	156
212	124
213	135
214	131
215	137
216	140
217	154
218	95
219	99
220	130
221	132
222	132
223	134
224	111
225	124
226	145
227	112
228	122
229	139
230	116
231	118
232	104
233	123
234	144
235	127
236	129
237	127
238	107
239	149
240	119
241	126
242	113
243	115
244	127
245	103
246	108
247	124
248	136
249	156
250	133
251	140
252	156
253	152
254	135
255	136
256	179
257	129
258	123
259	157
260	186
261	178
262	145
263	169
264	193
265	179
266	168
267	175
268	169
269	159
270	149
271	181
272	159
273	181
274	171
275	164
276	165
277	181
278	176
279	180
280	163
281	166
282	180
283	164
284	180
285	159
286	133
287	167
288	210
289	164
290	191
291	188
292	158
293	169
294	166
295	197
296	214
297	201
298	185
299	142
300	176
301	155
302	173
303	201
304	170
305	194
306	184
307	189
308	179
309	183
310	203
311	172
312	192
313	176
314	171
315	215
316	198
317	160
318	156
319	155
320	170
321	184
322	168
323	189
324	183
325	178
326	212
327	207
328	216
329	176
330	181
331	168
332	173
333	163
334	169
335	216
336	167
337	173
338	178
339	146
340	154
341	170
342	200
343	187
344	186
345	173
346	179
347	211
348	178
349	177
350	201
351	162
352	195
353	184
354	175
355	133
356	156
357	158
358	159
359	155
360	177
361	171
362	177
363	159
364	165
365	159
366	155
367	180
368	195
369	221
370	200
371	157
372	186
373	164
374	177
375	195
376	181
377	184
378	168
379	204
380	197
381	169
382	205
383	186
384	168
385	210
386	173
387	199
388	209
389	187
390	218
391	219
392	201
393	216
394	197
395	169
396	171
397	195
398	193
399	221
400	211
401	221
402	208
403	211
404	188
405	167
406	201
407	187
408	200
409	198
410	186
411	190
412	225
413	215
414	190
415	202
416	171
417	179
418	175
419	193
420	191
421	157
422	170
423	165
424	206
425	180
426	169
427	186
428	148
429	172
430	146
431	191
432	159
433	147
434	147
435	184
436	157
437	163
438	153
439	172
440	167
441	156
442	181
443	157
444	175
445	158
446	158
447	157
448	152
449	116
450	164
451	135
452	136
453	140
454	144
455	156
456	150
457	132
458	118
459	135
460	120
461	119
462	110
463	152
464	127
465	107
466	114
467	118
468	136
469	121
470	95
471	107
472	143
473	114
474	126
475	98
476	99
477	91
478	110
479	97
480	126
481	102
482	81
483	116
484	98
485	96
486	111
487	106
488	114
489	118
490	116
491	117
492	106
493	100
494	109
495	84
496	90
497	86
498	90
499	87
500	89
501	98
502	83
503	71
504	95
505	90
506	96
507	129
508	94
509	97
510	109
511	84
512	102
513	95
514	96
515	90
516	64
517	77
518	84
519	96
520	91
521	104
522	70
523	88
524	83
525	100
526	79
527	81
528	90
529	74
530	80
531	61
532	78
533	76
534	83
535	65
536	71
537	55
538	72
539	62
540	84
541	63
542	64
543	63
544	78
545	72
546	66
547	80
548	54
549	62
550	43
551	49
552	55
553	56
554	57
555	46
556	54
557	49
558	51
559	54
560	47
561	60
562	59
563	45
564	44
565	41
566	61
567	59
568	57
569	43
570	38
571	44
572	41
573	16
574	44
575	32
576	40
577	43
578	36
579	64
580	33
581	26
582	41
583	24
584	36
585	31
