0	0
1	0
2	0
3	0
4	0
5	0
6	0
7	0
8	0
9	0
10	0
11	0
12	2
13	2
14	0
15	2
16	6
17	2
18	2
19	3
20	2
21	7
22	2
23	10
24	5
25	20
26	17
27	59
28	10
29	6
30	16
31	11
32	13
33	13
34	23
35	23
36	19
37	18
38	16
39	18
40	33
41	19
42	26
43	25
44	19
45	18
46	28
47	73
48	17
49	19
50	18
51	34
52	32
53	27
54	24
55	28
56	25
57	31
58	30
59	31
60	30
61	37
62	35
63	31
64	29
65	33
66	41
67	24
68	38
69	43
70	34
71	42
72	54
73	62
74	51
75	64
76	76
77	63
78	78
79	76
80	56
81	77
82	68
83	98
84	111
85	118
86	97
87	103
88	97
89	138
90	124
91	118
92	113
93	105
94	127
95	128
96	125
97	122
98	119
99	136
100	169
101	115
102	155
103	170
104	189
105	140
106	165
107	171
108	168
109	195
110	180
111	204
112	156
113	157
114	202
115	234
116	227
117	202
118	188
119	173
120	189
121	204
122	175
123	226
124	194
125	194
126	212
127	210
128	261
129	187
130	256
131	217
132	178
133	226
134	183
135	216
136	234
137	232
138	255
139	220
140	194
141	182
142	230
143	266
144	259
145	150
146	176
147	173
148	165
149	195
150	188
151	205
152	198
153	273
154	198
155	220
156	212
157	251
158	181
159	216
160	252
161	303
162	218
163	185
164	241
165	193
166	219
167	188
168	238
169	213
170	240
171	249
172	180
173	286
174	249
175	192
176	241
177	275
178	221
179	276
180	260
181	231
182	216
183	191
184	211
185	275
186	293
187	274
188	235
189	261
190	280
191	248
192	208
193	156
194	223
195	278
196	200
197	174
198	217
199	221
200	234
201	241
202	229
203	194
204	237
205	161
206	205
207	207
208	266
209	230
210	211
211	286
212	204
213	282
214	223
215	291
216	264
217	284
218	164
219	155
220	236
221	251
222	268
223	279
224	191
225	194
226	263
227	183
228	218
229	268
230	242
231	190
232	170
233	233
234	222
235	223
236	213
237	202
238	179
239	286
240	217
241	214
242	197
243	212
244	204
245	171
246	207
247	199
248	197
249	261
250	200
251	269
252	268
253	273
254	268
255	221
256	288
257	218
258	214
259	248
260	299
261	329
262	246
263	310
264	318
265	309
266	275
267	280
268	292
269	275
270	256
271	329
272	236
273	289
274	296
275	281
276	285
277	336
278	259
279	250
280	307
281	291
282	305
283	257
284	309
285	252
286	177
287	257
288	368
289	286
290	322
291	331
292	265
293	306
294	234
295	311
296	335
297	367
298	281
299	227
300	302
301	223
302	264
303	314
304	296
305	320
306	310
307	303
308	253
309	286
310	323
311	263
312	267
313	248
314	249
315	354
316	308
317	246
318	223
319	224
320	275
321	288
322	231
323	304
324	253
325	295
326	352
327	295
328	307
329	261
330	277
331	225
332	254
333	250
334	252
335	301
336	255
337	257
338	282
339	193
340	222
341	238
342	301
343	284
344	287
345	247
346	241
347	343
348	252
349	248
350	287
351	246
352	284
353	256
354	269
355	190
356	225
357	228
358	211
359	233
360	254
361	221
362	289
363	210
364	265
365	255
366	202
367	256
368	264
369	320
370	289
371	213
372	288
373	205
374	246
375	287
376	251
377	246
378	245
379	278
380	313
381	244
382	289
383	260
384	230
385	282
386	228
387	299
388	298
389	266
390	324
391	323
392	273
393	291
394	271
395	226
396	238
397	262
398	270
399	287
400	328
401	323
402	296
403	284
404	252
405	205
406	273
407	267
408	277
409	275
410	268
411	249
412	336
413	284
414	252
415	275
416	245
417	265
418	215
419	271
420	269
421	250
422	275
423	274
424	283
425	242
426	208
427	275
428	179
429	227
430	195
431	248
432	201
433	210
434	189
435	261
436	219
437	224
438	190
439	236
440	224
441	215
442	232
443	198
444	217
445	216
446	195
447	196
448	189
449	141
450	217
451	176
452	193
453	185
454	181
455	196
456	185
457	170
458	142
459	162
460	155
461	168
462	135
463	207
464	182
465	139
466	152
467	145
468	159
469	149
470	118
471	148
472	182
473	146
474	174
475	125
476	123
477	107
478	142
479	118
480	181
481	133
482	109
483	145
484	110
485	109
486	134
487	127
488	130
489	155
490	131
491	149
492	132
493	124
494	131
495	96
496	115
497	123
498	107
499	100
500	98
501	127
502	107
503	81
504	115
505	106
506	123
507	196
508	112
509	115
510	140
511	103
512	133
513	119
514	125
515	132
516	80
517	89
518	112
519	115
520	120
521	133
522	92
523	102
524	108
525	128
526	101
527	111
528	117
529	96
530	106
531	75
532	88
533	98
534	93
535	78
536	85
537	66
538	85
539	78
540	107
541	71
542	91
543	71
544	102
545	103
546	77
547	94
548	73
549	74
550	58
551	72
552	65
553	69
554	73
555	58
556	72
557	60
558	71
559	76
560	59
561	83
562	80
563	51
564	56
565	57
566	83
567	90
568	72
569	55
570	47
571	50
572	45
573	20
574	50
575	46
576	48
577	61
578	45
579	86
580	45
581	32
582	59
583	41
584	43
