0	0
1	0
2	0
3	0
4	0
5	0
6	0
7	0
8	0
9	0
10	0
11	0
12	1
13	4
14	11
15	12
16	8
17	12
18	7
19	6
20	5
21	20
22	13
23	32
24	23
25	68
26	54
27	51
28	45
29	59
30	59
31	52
32	54
33	82
34	55
35	69
36	67
37	68
38	85
39	97
40	70
41	89
42	93
43	93
44	81
45	96
46	82
47	104
48	71
49	64
50	81
51	90
52	90
53	67
54	91
55	87
56	101
57	91
58	102
59	128
60	119
61	140
62	105
63	99
64	92
65	111
66	93
67	137
68	97
69	126
70	108
71	130
72	140
73	130
74	131
75	135
76	143
77	164
78	129
79	144
80	169
81	172
82	175
83	215
84	196
85	220
86	165
87	189
88	231
89	196
90	228
91	205
92	197
93	227
94	219
95	246
96	254
97	296
98	261
99	238
100	299
101	280
102	283
103	275
104	280
105	259
106	288
107	270
108	288
109	281
110	280
111	287
112	326
113	279
114	332
115	317
116	338
117	315
118	300
119	265
120	273
121	290
122	304
123	324
124	331
125	352
126	303
127	349
128	292
129	300
130	308
131	297
132	282
133	301
134	311
135	317
136	322
137	321
138	328
139	347
140	288
141	285
142	316
143	299
144	269
145	266
146	211
147	227
148	197
149	199
150	190
151	146
152	164
153	192
154	182
155	194
156	188
157	198
158	185
159	198
160	207
161	198
162	200
163	201
164	201
165	219
166	191
167	183
168	201
169	214
170	213
171	190
172	180
173	205
174	215
175	190
176	168
177	200
178	167
179	187
180	207
181	212
182	205
183	195
184	176
185	165
186	183
187	181
188	211
189	178
190	186
191	183
192	152
193	216
194	194
195	206
196	172
197	171
198	162
199	176
200	170
201	170
202	197
203	171
204	168
205	173
206	171
207	156
208	194
209	141
210	157
211	165
212	147
213	187
214	191
215	172
216	138
217	131
218	134
219	126
220	155
221	158
222	158
223	148
224	151
225	137
226	168
227	150
228	173
229	147
230	152
231	121
232	128
233	143
234	160
235	159
236	140
237	156
238	142
239	144
240	172
241	156
242	125
243	168
244	145
245	140
246	132
247	173
248	158
249	191
250	157
251	175
252	176
253	194
254	152
255	162
256	172
257	156
258	140
259	146
260	159
261	187
262	179
263	171
264	180
265	168
266	128
267	178
268	166
269	146
270	155
271	164
272	163
273	157
274	149
275	148
276	179
277	133
278	185
279	171
280	164
281	179
282	182
283	164
284	155
285	176
286	162
287	148
288	174
289	168
290	195
291	182
292	171
293	173
294	175
295	159
296	174
297	179
298	192
299	181
300	161
301	172
302	157
303	165
304	163
305	165
306	168
307	171
308	161
309	160
310	166
311	151
312	164
313	162
314	157
315	140
316	173
317	158
318	195
319	142
320	142
321	165
322	184
323	199
324	173
325	169
326	167
327	165
328	154
329	158
330	164
331	187
332	164
333	173
334	164
335	161
336	165
337	149
338	151
339	168
340	173
341	177
342	159
343	155
344	155
345	174
346	180
347	151
348	155
349	171
350	178
351	132
352	155
353	164
354	163
355	135
356	173
357	164
358	163
359	201
360	163
361	161
362	140
363	168
364	180
365	183
366	180
367	174
368	173
369	171
370	190
371	181
372	153
373	181
374	192
375	179
376	155
377	167
378	144
379	156
380	177
381	154
382	166
383	173
384	190
385	189
386	199
387	155
388	186
389	174
390	203
391	174
392	180
393	167
394	188
395	171
396	150
397	144
398	175
399	171
400	165
401	148
402	170
403	165
404	193
405	133
406	179
407	168
408	175
409	172
410	165
411	172
412	176
413	199
414	161
415	152
416	171
417	165
418	148
419	153
420	116
421	157
422	163
423	148
424	143
425	143
426	145
427	154
428	164
429	134
430	156
431	167
432	144
433	157
434	174
435	156
436	158
437	180
438	173
439	163
440	159
441	157
442	143
443	196
444	139
445	145
446	156
447	155
448	160
449	142
450	152
451	132
452	133
453	150
454	130
455	119
456	115
457	121
458	108
459	118
460	122
461	107
462	128
463	126
464	121
465	139
466	118
467	133
468	140
469	115
470	114
471	88
472	107
473	105
474	98
475	106
476	103
477	108
478	125
479	119
480	83
481	107
482	112
483	126
484	120
485	100
486	106
487	104
488	107
489	120
490	104
491	106
492	114
493	111
494	93
495	112
496	110
497	94
498	115
499	112
500	84
501	79
502	143
503	112
504	143
505	118
506	121
507	183
508	145
509	96
510	118
511	79
512	104
513	97
514	100
515	85
516	108
517	91
518	106
519	105
520	129
521	103
522	114
523	114
524	105
525	115
526	92
527	70
528	85
529	84
530	113
531	91
532	101
533	83
534	117
535	73
536	99
537	75
538	98
539	73
540	124
541	86
542	91
543	87
544	71
545	71
546	80
547	67
548	66
549	64
550	56
551	61
552	70
553	67
554	71
555	63
556	43
557	61
558	61
559	57
560	51
561	56
562	54
563	52
564	47
565	39
566	46
567	63
568	36
569	53
570	37
571	39
572	38
573	33
574	43
575	43
576	35
577	37
