0	0
1	0
2	0
3	0
4	0
5	0
6	0
7	0
8	0
9	0
10	0
11	0
12	1
13	4
14	12
15	12
16	8
17	12
18	7
19	6
20	5
21	21
22	14
23	36
24	25
25	99
26	72
27	80
28	46
29	60
30	63
31	53
32	58
33	83
34	66
35	69
36	69
37	75
38	92
39	110
40	86
41	102
42	134
43	256
44	191
45	150
46	109
47	1572
48	217
49	164
50	153
51	107
52	105
53	73
54	94
55	90
56	106
57	102
58	109
59	131
60	120
61	144
62	109
63	108
64	98
65	116
66	96
67	144
68	100
69	145
70	113
71	136
72	144
73	139
74	132
75	140
76	151
77	171
78	152
79	146
80	183
81	185
82	185
83	241
84	220
85	245
86	177
87	199
88	263
89	211
90	252
91	230
92	212
93	245
94	247
95	264
96	271
97	318
98	296
99	258
100	332
101	288
102	292
103	300
104	317
105	281
106	323
107	298
108	335
109	389
110	319
111	342
112	368
113	309
114	366
115	345
116	363
117	348
118	327
119	279
120	297
121	320
122	333
123	354
124	380
125	396
126	331
127	452
128	330
129	329
130	335
131	328
132	342
133	343
134	362
135	398
136	371
137	379
138	406
139	497
140	341
141	324
142	362
143	343
144	307
145	324
146	258
147	248
148	225
149	220
150	223
151	166
152	180
153	211
154	197
155	220
156	213
157	229
158	220
159	218
160	239
161	234
162	227
163	226
164	225
165	241
166	224
167	215
168	226
169	249
170	242
171	217
172	203
173	225
174	240
175	221
176	189
177	248
178	191
179	216
180	238
181	239
182	240
183	219
184	201
185	190
186	201
187	220
188	241
189	200
190	207
191	212
192	177
193	239
194	221
195	265
196	196
197	197
198	186
199	191
200	188
201	179
202	226
203	183
204	188
205	197
206	184
207	165
208	218
209	160
210	175
211	188
212	165
213	198
214	214
215	192
216	155
217	151
218	151
219	139
220	168
221	170
222	173
223	161
224	160
225	152
226	187
227	163
228	187
229	166
230	169
231	134
232	136
233	152
234	176
235	178
236	159
237	180
238	155
239	158
240	186
241	167
242	142
243	193
244	168
245	149
246	147
247	189
248	178
249	208
250	183
251	206
252	209
253	225
254	178
255	181
256	191
257	169
258	161
259	217
260	227
261	280
262	202
263	179
264	199
265	202
266	159
267	213
268	198
269	160
270	180
271	181
272	182
273	178
274	166
275	159
276	216
277	138
278	215
279	208
280	180
281	194
282	208
283	174
284	173
285	192
286	184
287	164
288	199
289	220
290	217
291	226
292	207
293	205
294	217
295	172
296	194
297	222
298	227
299	215
300	186
301	198
302	187
303	176
304	180
305	184
306	195
307	195
308	173
309	177
310	181
311	173
312	186
313	177
314	168
315	157
316	187
317	166
318	210
319	158
320	155
321	184
322	200
323	217
324	194
325	199
326	185
327	176
328	172
329	176
330	184
331	205
332	174
333	185
334	182
335	169
336	170
337	164
338	165
339	181
340	200
341	189
342	177
343	164
344	169
345	182
346	208
347	166
348	163
349	180
350	198
351	151
352	172
353	175
354	170
355	141
356	183
357	177
358	169
359	218
360	175
361	172
362	143
363	179
364	193
365	200
366	185
367	192
368	189
369	181
370	203
371	193
372	167
373	191
374	201
375	193
376	164
377	170
378	151
379	173
380	198
381	166
382	194
383	184
384	204
385	211
386	235
387	202
388	234
389	231
390	216
391	193
392	193
393	177
394	203
395	182
396	159
397	147
398	179
399	180
400	171
401	151
402	186
403	178
404	201
405	145
406	189
407	179
408	185
409	184
410	170
411	187
412	184
413	215
414	182
415	157
416	187
417	178
418	160
419	165
420	128
421	181
422	171
423	153
424	157
425	154
426	151
427	162
428	172
429	144
430	161
431	173
432	150
433	168
434	196
435	174
436	178
437	195
438	199
439	180
440	180
441	183
442	162
443	212
444	156
445	155
446	163
447	176
448	175
449	157
450	158
451	145
452	140
453	171
454	134
455	128
456	120
457	126
458	115
459	122
460	128
461	113
462	132
463	134
464	127
465	152
466	126
467	137
468	146
469	122
470	123
471	91
472	114
473	110
474	107
475	109
476	112
477	114
478	138
479	125
480	86
481	121
482	119
483	160
484	129
485	120
486	125
487	122
488	171
489	145
490	136
491	114
492	128
493	118
494	100
495	121
496	123
497	108
498	122
499	124
500	96
501	85
502	171
503	124
504	197
505	139
506	136
507	290
508	177
509	112
510	140
511	93
512	123
513	121
514	139
515	115
516	123
517	117
518	137
519	130
520	156
521	142
522	160
523	164
524	160
525	168
526	135
527	102
528	97
529	107
530	144
531	116
532	129
533	117
534	169
535	130
536	138
537	106
538	129
539	101
540	195
541	112
542	118
543	104
544	90
545	85
546	95
547	79
548	87
549	69
550	68
551	71
552	82
553	71
554	84
555	73
556	50
557	69
558	68
559	89
560	75
561	61
562	79
563	56
564	49
565	47
566	48
567	87
568	64
569	55
570	37
571	66
572	38
573	36
574	49
575	49
