16	3
17	6
18	7
19	5
20	5
21	9
22	9
23	5
24	13
25	6
26	5
27	9
28	11
29	9
30	27
31	21
32	32
33	24
34	20
35	28
36	34
37	28
38	28
39	24
40	32
41	28
42	34
43	43
44	51
45	41
46	61
47	73
48	61
49	66
50	65
51	92
52	53
53	46
54	66
55	59
56	65
57	84
58	87
59	109
60	110
61	81
62	88
63	85
64	89
65	109
66	100
67	128
68	127
69	128
70	127
71	134
72	136
73	157
74	186
75	176
76	187
77	213
78	222
79	227
80	222
81	244
82	277
83	285
84	349
85	379
86	363
87	340
88	374
89	423
90	413
91	399
92	445
93	501
94	532
95	505
96	533
97	571
98	592
99	627
100	606
101	628
102	654
103	669
104	704
105	724
106	742
107	764
108	748
109	839
110	912
111	1046
112	960
113	948
114	996
115	1030
116	1024
117	1022
118	1134
119	1084
120	1141
121	1266
122	1247
123	1335
124	1464
125	1349
126	1534
127	1507
128	1491
129	1476
130	1531
131	1599
132	1626
133	1746
134	1788
135	1759
136	1839
137	1730
138	1854
139	1860
140	2120
141	2337
142	2468
143	2748
144	3397
145	4115
146	5757
147	10496
148	14855
149	26707
150	66527
