16	3
17	6
18	7
19	5
20	5
21	9
22	8
23	5
24	11
25	6
26	5
27	9
28	8
29	9
30	18
31	19
32	24
33	21
34	17
35	24
36	27
37	20
38	22
39	24
40	30
41	26
42	31
43	42
44	45
45	37
46	58
47	59
48	50
49	58
50	53
51	59
52	49
53	45
54	63
55	59
56	63
57	75
58	77
59	104
60	107
61	79
62	87
63	82
64	87
65	104
66	98
67	125
68	125
69	125
70	124
71	124
72	132
73	154
74	179
75	167
76	174
77	198
78	209
79	216
80	209
81	224
82	257
83	270
84	316
85	347
86	342
87	315
88	347
89	386
90	375
91	367
92	402
93	448
94	474
95	458
96	471
97	493
98	528
99	546
100	535
101	536
102	565
103	572
104	588
105	623
106	614
107	637
108	642
109	712
110	756
111	835
112	768
113	783
114	794
115	818
116	817
117	798
118	891
119	869
120	915
121	974
122	972
123	1015
124	1076
125	1003
126	1094
127	1089
128	1077
129	1106
130	1101
131	1158
132	1169
133	1228
134	1254
135	1175
136	1273
137	1231
138	1250
139	1287
140	1405
141	1526
142	1606
143	1770
144	2131
145	2552
146	3474
147	6166
148	8718
149	13900
150	22801
