0	0
1	0
2	0
3	0
4	0
5	0
6	0
7	0
8	0
9	0
10	0
11	0
12	0
13	0
14	0
15	0
16	1
17	1
18	0
19	0
20	1
21	0
22	1
23	0
24	1
25	2
26	2
27	1
28	3
29	0
30	2
31	1
32	1
33	0
34	2
35	0
36	7
37	0
38	1
39	1
40	4
41	0
42	3
43	2
44	1
45	2
46	1
47	5
48	7
49	4
50	6
51	4
52	5
53	6
54	8
55	3
56	8
57	2
58	7
59	2
60	3
61	5
62	6
63	5
64	3
65	7
66	3
67	7
68	2
69	7
70	10
71	7
72	13
73	7
74	8
75	14
76	11
77	18
78	11
79	16
80	13
81	18
82	18
83	20
84	26
85	23
86	27
87	16
88	24
89	19
90	31
91	20
92	27
93	39
94	31
95	26
96	30
97	51
98	40
99	35
100	43
101	48
102	83
103	63
104	54
105	70
106	62
107	62
108	63
109	49
110	63
111	72
112	67
113	72
114	60
115	94
116	88
117	93
118	78
119	87
120	78
121	130
122	93
123	110
124	112
125	120
126	117
127	116
128	169
129	127
130	124
131	109
132	161
133	132
134	165
135	154
136	107
137	173
138	189
139	165
140	186
141	176
142	145
143	146
144	174
145	176
146	186
147	197
148	131
149	126
150	157
151	217
152	193
153	252
154	186
155	195
156	205
157	210
158	187
159	152
160	169
161	360
162	255
163	257
164	317
165	302
166	252
167	215
168	284
169	221
170	247
171	249
172	287
173	289
174	340
175	237
176	219
177	291
178	277
179	302
180	282
181	273
182	312
183	296
184	306
185	239
186	304
187	251
188	262
189	254
190	258
191	267
192	341
193	168
194	227
195	269
196	323
197	347
198	315
199	360
200	259
201	264
202	255
203	245
204	209
205	325
206	298
207	213
208	250
209	233
210	288
211	205
212	363
213	246
214	231
215	323
216	336
217	268
218	290
219	249
220	230
221	267
222	263
223	239
224	208
225	191
226	245
227	264
228	244
229	243
230	258
231	321
232	264
233	226
234	261
235	299
236	236
237	263
238	276
239	267
240	231
241	200
242	301
243	205
244	231
245	254
246	210
247	310
248	338
249	200
250	247
251	248
252	207
253	251
254	197
255	227
256	184
257	293
258	264
259	312
260	205
261	283
262	239
263	238
264	253
265	242
266	217
267	150
268	186
269	241
270	193
271	270
272	293
273	166
274	222
275	286
276	308
277	203
278	218
279	314
280	278
281	267
282	293
283	195
284	181
285	221
286	241
287	234
288	326
289	253
290	217
291	235
292	175
293	241
294	208
295	171
296	196
297	262
298	210
299	204
300	136
301	233
302	351
303	193
304	190
305	278
306	207
307	238
308	176
309	178
310	189
311	145
312	221
313	157
314	99
315	164
316	180
317	157
318	209
319	189
320	265
321	227
322	119
323	155
324	188
325	175
326	166
327	145
328	152
329	190
330	159
331	149
332	119
333	191
334	101
335	159
336	140
337	130
338	214
339	210
340	150
341	126
342	150
343	167
344	124
345	145
346	177
347	100
348	132
349	149
350	123
351	107
352	115
353	128
354	159
355	154
356	117
357	153
358	134
359	143
360	121
361	164
362	86
363	136
364	151
365	146
366	160
367	112
368	125
369	191
370	224
371	166
372	90
373	120
374	85
375	176
376	79
377	173
378	105
379	187
380	132
381	158
382	79
383	151
384	123
385	105
386	83
387	112
388	179
389	158
390	95
391	161
392	124
393	103
394	104
395	81
396	133
397	75
398	99
399	104
400	129
401	165
402	116
403	134
404	143
405	170
406	112
407	115
408	140
409	80
410	123
411	128
412	132
413	134
414	111
415	116
416	105
417	87
418	104
419	79
420	154
421	102
422	71
423	97
424	95
425	90
426	116
427	73
428	66
429	112
430	100
431	126
432	58
433	98
434	77
435	83
436	48
437	94
438	68
439	53
440	85
441	149
442	117
443	55
444	82
445	79
446	122
447	112
448	74
449	59
450	73
451	80
452	63
453	69
454	66
455	71
456	69
457	40
458	69
459	54
460	83
461	56
462	56
463	62
464	68
465	33
466	58
467	52
468	32
469	70
470	53
471	46
472	39
473	41
474	55
475	58
476	38
477	64
478	28
479	24
480	62
481	45
482	37
483	33
484	33
485	42
486	38
487	32
488	53
489	34
490	28
491	35
492	38
493	28
494	42
495	30
496	26
497	28
498	43
499	39
500	38
501	38
502	42
503	48
504	23
505	32
506	27
507	36
508	46
509	47
510	39
511	50
512	34
513	38
514	25
515	35
516	23
517	22
518	25
519	29
520	35
521	29
522	30
523	15
524	23
525	20
526	42
527	50
528	37
529	37
530	43
531	29
532	32
533	34
534	24
535	47
536	19
537	38
538	27
539	18
540	34
541	25
542	14
543	26
544	23
545	24
546	26
547	16
548	25
549	16
550	30
551	9
552	7
553	25
554	26
555	14
556	26
557	10
558	17
559	14
560	39
