0	0
1	0
2	0
3	0
4	0
5	0
6	0
7	0
8	0
9	0
10	0
11	0
12	0
13	0
14	0
15	0
16	1
17	1
18	0
19	0
20	1
21	0
22	1
23	0
24	1
25	2
26	2
27	1
28	3
29	0
30	2
31	1
32	1
33	0
34	1
35	0
36	6
37	0
38	1
39	1
40	4
41	0
42	2
43	2
44	1
45	2
46	1
47	5
48	7
49	4
50	5
51	3
52	5
53	6
54	5
55	3
56	8
57	2
58	7
59	2
60	3
61	5
62	6
63	5
64	3
65	6
66	3
67	7
68	2
69	7
70	9
71	6
72	13
73	7
74	7
75	13
76	10
77	12
78	9
79	16
80	11
81	17
82	16
83	17
84	25
85	23
86	20
87	15
88	24
89	18
90	24
91	18
92	23
93	33
94	26
95	22
96	26
97	36
98	31
99	28
100	29
101	42
102	60
103	45
104	36
105	56
106	45
107	44
108	45
109	44
110	48
111	53
112	55
113	50
114	48
115	63
116	59
117	64
118	52
119	62
120	57
121	83
122	59
123	71
124	68
125	88
126	74
127	75
128	96
129	80
130	76
131	71
132	90
133	88
134	98
135	98
136	81
137	103
138	105
139	96
140	97
141	93
142	84
143	82
144	102
145	92
146	98
147	100
148	83
149	82
150	78
151	98
152	101
153	108
154	86
155	100
156	93
157	91
158	81
159	79
160	96
161	143
162	108
163	106
164	120
165	123
166	100
167	106
168	122
169	102
170	108
171	112
172	115
173	118
174	141
175	98
176	99
177	121
178	110
179	131
180	107
181	109
182	127
183	122
184	115
185	102
186	128
187	116
188	110
189	99
190	102
191	94
192	122
193	68
194	91
195	101
196	121
197	125
198	106
199	119
200	102
201	98
202	87
203	103
204	87
205	98
206	109
207	91
208	75
209	99
210	105
211	70
212	127
213	89
214	98
215	107
216	110
217	89
218	98
219	84
220	79
221	94
222	92
223	98
224	90
225	94
226	103
227	101
228	84
229	85
230	78
231	96
232	102
233	89
234	106
235	101
236	86
237	91
238	86
239	108
240	86
241	69
242	112
243	84
244	94
245	77
246	86
247	104
248	108
249	70
250	103
251	91
252	96
253	93
254	67
255	84
256	85
257	122
258	102
259	105
260	76
261	100
262	98
263	104
264	91
265	105
266	86
267	59
268	89
269	100
270	82
271	108
272	109
273	78
274	98
275	98
276	112
277	87
278	87
279	112
280	111
281	105
282	115
283	83
284	97
285	98
286	91
287	121
288	104
289	104
290	101
291	87
292	88
293	105
294	90
295	71
296	96
297	95
298	89
299	91
300	77
301	83
302	137
303	102
304	90
305	110
306	89
307	104
308	81
309	81
310	86
311	72
312	98
313	75
314	56
315	64
316	79
317	78
318	88
319	71
320	99
321	108
322	64
323	81
324	80
325	80
326	76
327	75
328	77
329	96
330	70
331	63
332	55
333	77
334	64
335	77
336	77
337	71
338	92
339	88
340	74
341	79
342	71
343	85
344	80
345	71
346	73
347	69
348	64
349	62
350	67
351	61
352	61
353	62
354	79
355	69
356	57
357	68
358	69
359	77
360	66
361	77
362	43
363	71
364	72
365	79
366	85
367	68
368	71
369	103
370	106
371	87
372	61
373	53
374	56
375	75
376	52
377	98
378	58
379	94
380	76
381	76
382	52
383	60
384	66
385	63
386	58
387	68
388	88
389	77
390	65
391	76
392	64
393	58
394	59
395	46
396	86
397	48
398	66
399	58
400	80
401	75
402	65
403	67
404	85
405	97
406	56
407	69
408	75
409	55
410	70
411	63
412	70
413	70
414	63
415	60
416	64
417	55
418	56
419	53
420	84
421	58
422	43
423	51
424	60
425	44
426	70
427	52
428	39
429	65
430	52
431	57
432	43
433	63
434	47
435	47
436	35
437	52
438	42
439	44
440	59
441	89
442	68
443	38
444	52
445	59
446	75
447	59
448	52
449	47
450	48
451	54
452	46
453	36
454	45
455	56
456	46
457	33
458	44
459	39
460	51
461	38
462	34
463	40
464	38
465	25
466	35
467	37
468	24
469	52
470	36
471	33
472	27
473	28
474	30
475	29
476	28
477	34
478	18
479	20
480	41
481	32
482	31
483	24
484	27
485	36
486	27
487	23
488	26
489	21
490	19
491	21
492	27
493	21
494	29
495	21
496	20
497	25
498	31
499	21
500	31
501	28
502	29
503	39
504	19
505	25
506	20
507	25
508	33
509	37
510	26
511	30
512	22
513	27
514	21
515	24
516	18
517	18
518	21
519	26
520	27
521	22
522	25
523	15
524	17
525	18
526	33
527	29
528	27
529	27
530	32
531	18
532	23
533	17
534	13
535	26
536	15
537	22
538	16
539	14
540	22
541	18
542	10
543	20
544	13
545	15
546	18
547	14
548	14
549	11
550	17
551	9
552	7
553	16
554	18
555	13
556	15
557	9
558	13
559	9
560	24
561	13
562	13
563	16
564	7
565	5
566	17
567	18
568	17
569	13
570	10
