0	0
1	0
2	0
3	0
4	0
5	0
6	0
7	0
8	0
9	0
10	0
11	0
12	0
13	0
14	4
15	9
16	10
17	9
18	13
19	5
20	7
21	13
22	14
23	14
24	19
25	14
26	15
27	19
28	32
29	39
30	55
31	56
32	70
33	77
34	120
35	131
36	169
37	178
38	197
39	225
40	221
41	274
42	342
43	325
44	335
45	390
46	439
47	404
48	483
49	523
50	549
51	575
52	665
53	641
54	704
55	682
56	751
57	801
58	760
59	781
60	770
61	843
62	799
63	874
64	938
65	861
66	1024
67	968
68	1022
69	1186
70	1250
71	1250
72	1150
73	1224
74	1193
75	1325
76	1322
77	1346
78	1477
79	1544
80	1570
81	1616
82	1640
83	2032
84	1822
85	2225
86	1835
87	1986
88	1934
89	2214
90	3833
91	2665
92	2417
93	2381
94	2392
95	2354
96	2462
97	2563
98	2690
99	2675
100	2634
101	2900
102	2826
103	2942
104	3160
105	3178
106	3282
107	3333
108	3469
109	3469
110	3619
111	3628
112	3730
113	3829
114	3923
115	4004
116	4221
117	4261
118	4454
119	4401
120	4506
121	4510
122	4727
123	4856
124	4921
125	5015
126	4944
127	5343
128	5157
129	5164
130	5383
131	5643
132	5522
133	5650
134	5634
135	5781
136	6049
137	5902
138	5982
139	6146
140	6109
141	6229
142	6315
143	6214
144	6350
145	5728
146	5687
147	6834
148	7252
149	7219
150	7428
151	7307
152	7254
153	7391
154	7341
155	7462
156	7599
157	7385
158	7565
159	7804
160	7682
161	7844
162	7721
163	7985
164	7926
165	7866
166	8097
167	7615
168	7852
169	7991
170	7897
171	8098
172	7970
173	7795
174	7909
175	8163
176	8102
177	7795
178	7732
179	7974
180	8064
181	7666
182	7865
183	7890
184	7786
185	7751
186	7661
187	7689
188	7736
189	7705
190	7771
191	7706
192	7602
193	7580
194	7520
195	7560
196	7685
197	7552
198	7464
199	7467
200	7529
201	7507
202	7503
203	7373
204	7241
205	7367
206	7202
207	7250
208	7298
209	7037
210	6909
211	6954
212	6888
213	6808
214	6813
215	6764
216	6798
217	6840
218	6675
219	6865
220	6580
221	6463
222	6489
223	6556
224	6217
225	6182
226	6149
227	6376
228	6262
229	6273
230	6353
231	6295
232	6224
233	6106
234	6134
235	6033
236	5988
237	5762
238	5902
239	5870
240	5760
241	5887
242	5771
243	5802
244	5551
245	5514
246	5463
247	5513
248	5515
249	5401
250	5434
251	5447
252	5273
253	5380
254	5305
255	5292
256	5180
257	5133
258	5237
259	5077
260	5084
261	5051
262	5133
263	4834
264	4802
265	4746
266	4796
267	4750
268	4775
269	4647
270	4635
271	4502
272	4591
273	4401
274	4432
275	4424
276	4482
277	4385
278	4425
279	4194
280	4246
281	4160
282	4132
283	4235
284	4074
285	4061
286	4170
287	4009
288	3997
289	4053
290	3789
291	3775
292	3850
293	3696
294	3737
295	3737
296	3708
297	3646
298	3750
299	3566
300	3617
301	3417
302	3499
303	3434
304	3375
305	3437
306	3389
307	3497
308	3440
309	3362
310	3299
311	3282
312	3147
313	3195
314	3050
315	3165
316	3151
317	3051
318	3185
319	3135
320	2973
321	2914
322	2854
323	2856
324	2818
325	2811
326	2742
327	2633
328	2814
329	2794
330	2647
331	2711
332	2657
333	2662
334	2735
335	2655
336	2447
337	2546
338	2501
339	2576
340	2454
341	2477
342	2550
343	2547
344	2428
345	2363
346	2509
347	2396
348	2407
349	2448
350	2367
351	2333
352	2355
353	2366
354	2210
355	2212
356	2158
357	2222
358	2157
359	2246
360	2163
361	2189
362	2010
363	2142
364	2078
365	2129
366	2187
367	2081
368	2002
369	2055
370	2080
371	1908
372	1998
373	1921
374	1857
375	1935
376	1876
377	1912
378	1899
379	1901
380	1846
381	1830
382	1768
383	1748
384	1767
385	1722
386	1732
387	1780
388	1669
389	1718
390	1701
391	1694
392	1650
393	1711
394	1644
395	1614
396	1595
397	1496
398	1549
399	1581
400	1618
401	1600
402	1681
403	1485
404	1535
405	1407
406	1475
407	1466
408	1480
409	1430
410	1397
411	1473
412	1489
413	1418
414	1363
415	1393
416	1431
417	1341
418	1334
419	1402
420	1412
421	1366
422	1315
423	1365
424	1349
425	1390
426	1238
427	1297
428	1410
429	1293
430	1238
431	1227
432	1221
433	1234
434	1205
435	1230
436	1193
437	1254
438	1173
439	1093
440	1154
441	1147
442	1119
443	1084
444	1160
445	1154
446	1124
447	1090
448	1064
449	1153
450	1046
451	1068
452	994
453	1074
454	1011
455	1031
456	1062
457	1026
458	973
459	910
460	997
461	972
462	935
463	952
464	971
465	918
466	948
467	902
468	961
469	927
470	924
471	925
472	862
473	903
474	866
475	879
476	946
477	860
478	880
479	910
480	886
481	908
482	862
483	879
484	897
485	789
486	899
487	786
488	808
489	895
490	777
491	814
492	870
493	840
494	838
495	790
496	887
497	801
498	830
499	826
500	829
501	858
502	882
503	822
504	806
505	882
506	827
507	761
508	815
509	851
510	807
511	759
512	824
513	824
514	806
515	795
516	796
517	800
518	722
519	833
520	771
521	776
522	863
523	814
524	812
525	789
526	750
527	775
528	869
529	791
530	737
531	704
532	679
533	715
534	760
535	841
536	708
537	814
538	694
539	725
540	741
541	720
542	734
543	743
544	741
545	704
546	686
547	819
548	735
549	717
550	698
551	709
552	716
553	761
554	735
555	722
556	716
557	743
558	737
559	742
560	716
561	696
562	660
563	684
564	738
565	693
566	703
567	709
568	698
569	670
570	725
571	695
572	648
573	639
574	628
575	647
576	701
577	651
578	590
579	671
580	640
581	647
582	688
583	628
584	641
585	658
586	688
587	676
588	638
589	660
590	632
591	635
592	628
593	609
594	584
595	692
596	669
597	669
598	610
599	617
600	549
601	641
602	595
603	609
604	611
605	668
606	655
607	578
608	679
609	608
610	538
611	603
612	583
613	584
614	583
615	655
616	588
617	607
618	577
619	616
620	561
621	524
622	593
623	625
624	488
625	643
626	651
627	573
628	659
629	588
630	569
631	637
632	558
633	515
634	586
635	563
636	549
637	527
638	536
639	541
640	555
641	589
642	577
643	568
644	583
645	556
646	521
647	558
648	567
649	560
650	585
651	589
652	548
653	613
654	538
655	566
656	484
657	469
658	518
659	511
660	505
661	499
662	569
663	493
664	485
665	512
666	522
667	551
668	492
669	587
670	558
671	514
672	534
673	511
674	540
675	588
676	518
677	592
678	557
679	567
680	531
681	539
682	586
683	583
684	504
685	527
686	467
687	509
688	541
689	543
690	571
691	473
692	519
693	596
694	515
695	534
696	530
697	509
698	509
699	481
700	528
701	518
702	528
703	491
704	490
705	592
706	581
707	513
708	570
709	587
710	590
711	489
712	535
713	474
714	529
715	492
716	516
717	517
718	549
719	582
720	547
721	518
722	554
723	483
724	531
725	533
726	544
727	527
728	502
729	448
730	461
731	497
732	519
733	537
734	529
735	480
736	558
737	483
738	480
739	485
740	490
741	497
742	480
743	512
744	476
745	465
746	417
747	444
748	481
749	438
750	407
751	465
752	483
753	514
754	471
755	449
756	476
757	430
758	431
759	436
760	377
761	464
762	438
763	366
764	412
765	465
766	396
767	441
768	419
769	395
770	432
771	471
772	468
773	438
774	454
775	435
776	461
777	426
778	437
779	385
780	451
781	417
782	433
783	489
784	413
785	430
786	421
787	433
788	475
789	422
790	462
791	446
792	415
793	385
794	420
795	451
796	450
797	410
798	416
799	427
800	424
801	430
802	409
803	390
804	475
805	414
806	428
807	410
808	472
809	430
810	425
811	445
812	384
813	418
814	441
815	461
816	397
817	381
818	389
819	405
820	437
821	404
822	352
823	391
824	442
825	426
826	402
827	477
828	415
829	427
830	401
831	416
832	386
833	424
834	411
835	411
836	422
837	381
838	422
839	437
840	384
841	397
842	380
843	385
844	457
845	437
846	390
847	398
848	366
849	449
850	428
851	420
852	442
853	394
854	384
855	472
856	396
857	414
858	411
859	371
860	372
861	394
862	450
863	414
864	445
865	397
866	441
867	468
868	425
869	441
870	406
871	417
872	388
873	385
874	379
875	404
876	429
877	429
878	429
879	426
880	429
881	478
882	391
883	415
884	397
885	385
886	371
887	390
888	411
889	414
890	374
891	434
892	411
893	388
894	388
895	367
896	353
897	373
898	415
899	425
900	359
901	362
902	339
903	387
904	384
905	388
906	417
907	346
908	396
909	373
910	381
911	351
912	376
913	371
914	376
915	383
916	386
917	325
918	396
919	321
920	384
921	357
922	389
923	378
924	337
925	342
926	340
927	337
928	396
929	403
930	368
931	394
932	395
933	423
934	380
935	401
936	395
937	367
938	273
939	348
940	352
941	389
942	392
943	433
944	403
945	445
946	386
947	336
948	386
949	351
950	392
951	361
952	437
953	453
954	407
955	397
956	379
957	378
958	375
959	402
960	408
961	411
962	450
963	433
964	428
965	429
966	419
967	413
968	404
969	412
970	380
971	430
972	418
973	380
974	419
975	417
976	423
977	414
978	386
979	368
980	397
981	401
982	406
983	386
984	387
985	393
986	385
987	386
988	409
989	371
990	379
991	376
992	367
993	320
994	396
995	415
996	379
997	357
998	403
999	415
1000	412
1001	384
1002	409
1003	366
1004	428
1005	387
1006	396
1007	436
1008	361
1009	357
1010	430
1011	322
1012	409
1013	384
1014	424
1015	421
1016	405
1017	398
1018	398
1019	387
1020	382
1021	388
1022	366
1023	353
1024	376
1025	414
1026	386
1027	374
1028	377
1029	376
1030	389
1031	369
1032	358
1033	399
1034	353
1035	361
1036	350
1037	346
1038	378
1039	368
1040	338
1041	353
1042	370
1043	372
1044	385
1045	347
1046	373
1047	331
1048	355
1049	347
1050	343
1051	347
1052	378
1053	342
1054	381
1055	357
1056	366
1057	375
1058	366
1059	353
1060	316
1061	359
1062	363
1063	366
1064	389
1065	372
1066	333
1067	391
1068	320
1069	378
1070	338
1071	332
1072	313
1073	283
1074	320
1075	339
1076	325
1077	357
1078	338
1079	350
1080	291
1081	314
1082	322
1083	347
1084	316
1085	347
1086	308
1087	290
1088	304
1089	320
1090	385
1091	388
1092	329
1093	304
1094	351
1095	364
1096	325
1097	363
1098	350
1099	368
1100	313
1101	325
1102	330
1103	330
1104	380
1105	311
1106	351
1107	363
1108	339
1109	341
1110	400
1111	352
1112	331
1113	374
1114	337
1115	358
1116	309
1117	350
1118	297
1119	293
1120	321
1121	309
1122	351
1123	373
1124	366
1125	343
1126	305
1127	377
1128	326
1129	326
1130	329
1131	337
1132	362
1133	399
1134	347
1135	332
1136	378
1137	338
1138	297
1139	372
1140	315
1141	341
1142	371
1143	319
1144	367
1145	357
1146	356
1147	381
1148	367
1149	350
1150	335
1151	321
1152	340
1153	328
1154	374
1155	311
1156	306
1157	298
1158	319
1159	352
1160	300
1161	338
1162	332
1163	390
1164	339
1165	341
1166	362
1167	350
1168	368
1169	364
1170	338
1171	322
1172	290
1173	311
1174	321
1175	362
1176	317
1177	332
1178	332
1179	349
1180	337
1181	307
1182	308
1183	302
1184	347
1185	317
1186	333
1187	356
1188	284
1189	308
1190	309
1191	345
1192	313
1193	339
1194	357
1195	294
1196	299
1197	335
1198	283
1199	281
1200	319
1201	358
1202	363
1203	363
1204	358
1205	343
1206	325
1207	324
1208	301
1209	308
1210	364
1211	343
1212	261
1213	305
1214	264
1215	327
1216	320
1217	315
1218	345
1219	333
1220	293
1221	353
1222	345
1223	383
1224	330
1225	282
1226	313
1227	383
1228	284
1229	289
1230	289
1231	291
1232	318
1233	281
1234	287
1235	302
1236	350
1237	309
1238	343
1239	324
1240	361
1241	282
1242	319
1243	359
1244	345
1245	291
1246	328
1247	336
1248	345
1249	347
1250	314
1251	328
1252	302
1253	314
1254	300
1255	318
1256	257
1257	272
1258	313
1259	281
1260	333
1261	356
1262	328
1263	319
1264	345
1265	336
1266	362
1267	371
1268	330
1269	334
1270	347
1271	324
1272	291
1273	293
1274	290
1275	321
1276	307
1277	340
1278	286
1279	305
1280	312
1281	301
1282	343
1283	353
1284	333
1285	352
1286	327
1287	293
1288	305
1289	279
1290	314
1291	313
1292	289
1293	313
1294	291
1295	336
1296	311
1297	278
1298	306
1299	350
1300	321
1301	318
1302	302
1303	282
1304	280
1305	280
1306	308
1307	307
1308	300
1309	353
1310	312
1311	317
1312	275
1313	300
1314	322
1315	281
1316	298
1317	360
1318	343
1319	358
1320	303
1321	248
1322	309
1323	340
1324	305
1325	277
1326	286
1327	304
1328	316
1329	322
1330	317
1331	319
1332	296
1333	302
1334	291
1335	281
1336	306
1337	280
1338	286
1339	321
1340	272
1341	301
1342	301
1343	254
1344	265
1345	291
1346	294
1347	262
1348	254
1349	246
1350	290
1351	303
1352	246
1353	287
1354	316
1355	285
1356	297
1357	261
1358	240
1359	281
1360	261
1361	263
1362	304
1363	279
1364	277
1365	250
1366	269
1367	271
1368	292
1369	314
1370	280
1371	264
1372	279
1373	281
1374	240
1375	262
1376	325
1377	282
1378	260
1379	258
1380	229
1381	276
1382	281
1383	278
1384	320
1385	285
1386	293
1387	246
1388	292
1389	319
1390	263
1391	277
1392	297
1393	281
1394	291
1395	293
1396	298
1397	290
1398	270
1399	340
1400	316
1401	272
1402	302
1403	301
1404	278
1405	263
1406	292
1407	298
1408	304
1409	329
1410	331
1411	315
1412	297
1413	287
1414	239
1415	262
1416	252
1417	327
1418	299
1419	309
1420	312
1421	298
1422	301
1423	304
1424	338
1425	336
1426	300
1427	300
1428	289
1429	286
1430	312
1431	281
1432	247
1433	260
1434	306
1435	257
1436	269
1437	267
1438	242
1439	279
1440	289
1441	288
1442	284
1443	243
1444	239
1445	258
1446	284
1447	252
1448	275
1449	226
1450	266
1451	284
1452	283
1453	334
1454	297
1455	245
1456	230
1457	262
1458	225
1459	283
1460	279
1461	288
1462	311
1463	284
1464	246
1465	288
1466	270
1467	263
1468	266
1469	255
1470	281
1471	285
1472	279
1473	321
1474	280
1475	246
1476	296
1477	308
1478	286
1479	322
1480	305
1481	267
1482	303
1483	318
1484	345
1485	277
1486	275
1487	326
1488	307
1489	299
1490	305
1491	301
1492	299
1493	308
1494	286
1495	298
1496	282
1497	242
1498	265
1499	234
1500	249
1501	268
1502	304
1503	342
1504	297
1505	279
1506	293
1507	289
1508	267
1509	242
1510	281
1511	269
1512	271
1513	290
1514	289
1515	296
1516	322
1517	301
1518	278
1519	330
1520	269
1521	283
1522	340
1523	290
1524	295
1525	260
1526	274
1527	271
1528	301
1529	298
1530	331
1531	312
1532	323
1533	330
1534	301
1535	261
1536	313
1537	306
1538	304
1539	289
1540	279
1541	308
1542	351
1543	317
1544	270
1545	308
1546	320
1547	249
1548	268
1549	307
1550	278
1551	252
1552	297
1553	312
1554	295
1555	301
1556	272
1557	285
1558	281
1559	260
1560	306
1561	278
1562	289
1563	356
1564	317
1565	312
1566	285
1567	246
1568	320
1569	309
1570	308
1571	305
1572	303
1573	294
1574	306
1575	278
1576	310
1577	281
1578	292
1579	309
1580	330
1581	313
1582	340
1583	298
1584	265
1585	308
1586	251
1587	299
1588	287
1589	269
1590	297
1591	338
1592	337
1593	337
1594	366
1595	356
1596	309
1597	344
1598	299
1599	359
1600	258
1601	312
1602	325
1603	279
1604	292
1605	343
1606	311
1607	273
1608	315
1609	289
1610	314
1611	286
1612	301
1613	271
1614	273
1615	288
1616	300
1617	218
1618	281
1619	315
1620	293
1621	255
1622	267
1623	238
1624	278
1625	282
1626	301
1627	301
1628	281
1629	297
1630	283
1631	314
1632	263
1633	285
1634	257
1635	235
1636	319
1637	277
1638	260
1639	284
1640	264
1641	221
1642	271
1643	257
1644	247
1645	280
1646	280
1647	285
1648	292
1649	293
1650	285
1651	239
1652	325
1653	301
1654	245
1655	293
1656	298
1657	260
1658	293
1659	307
1660	286
1661	299
1662	323
1663	262
1664	343
1665	274
1666	281
1667	254
1668	279
1669	261
1670	267
1671	260
1672	289
1673	301
1674	290
1675	292
1676	251
1677	286
1678	288
1679	291
1680	249
1681	277
1682	278
1683	276
1684	243
1685	297
1686	251
1687	314
1688	230
1689	279
1690	296
1691	272
1692	269
1693	283
1694	256
1695	265
1696	225
1697	240
1698	231
1699	276
1700	263
1701	214
1702	250
1703	276
1704	273
1705	252
1706	310
1707	267
1708	323
1709	264
1710	307
1711	230
1712	260
1713	271
1714	268
1715	294
1716	274
1717	285
1718	279
1719	269
1720	302
1721	271
1722	253
1723	245
1724	253
1725	273
1726	301
1727	278
1728	306
1729	305
1730	261
1731	273
1732	271
1733	265
1734	242
1735	309
1736	291
1737	289
1738	312
1739	272
1740	294
1741	242
1742	307
1743	288
1744	262
1745	294
1746	230
1747	268
1748	265
1749	254
1750	257
1751	242
1752	289
1753	239
1754	246
1755	253
1756	260
1757	194
1758	240
1759	233
1760	245
1761	264
1762	250
1763	266
1764	249
1765	258
1766	247
1767	216
1768	230
1769	247
1770	232
1771	259
1772	254
1773	236
1774	308
1775	215
1776	241
1777	285
1778	233
1779	224
1780	204
1781	251
1782	276
1783	282
1784	243
1785	243
1786	281
1787	269
1788	255
1789	278
1790	273
1791	257
1792	215
1793	225
1794	238
1795	247
1796	210
1797	235
1798	245
1799	240
1800	221
1801	230
1802	289
1803	273
1804	266
1805	216
1806	238
1807	200
1808	220
1809	204
1810	217
1811	218
1812	218
1813	243
1814	236
1815	246
1816	197
1817	183
1818	245
1819	220
1820	210
1821	220
1822	198
1823	242
1824	247
1825	244
1826	225
1827	228
1828	196
1829	223
1830	242
1831	196
1832	237
1833	221
1834	191
1835	246
1836	259
1837	250
1838	212
1839	220
1840	283
1841	232
1842	256
1843	241
1844	208
1845	193
1846	220
1847	185
1848	207
1849	233
1850	158
1851	194
1852	225
1853	225
1854	226
1855	232
1856	221
1857	219
1858	190
1859	174
1860	197
1861	232
1862	255
1863	224
1864	202
1865	212
1866	232
1867	245
1868	237
1869	251
1870	216
1871	225
1872	235
1873	205
1874	223
1875	211
1876	228
1877	208
1878	220
1879	230
1880	208
1881	184
1882	209
1883	196
1884	237
1885	237
1886	242
1887	267
1888	254
1889	232
1890	289
1891	274
1892	286
1893	197
1894	218
1895	209
1896	218
1897	234
1898	238
1899	240
1900	195
1901	214
1902	210
1903	205
1904	226
1905	223
1906	207
1907	209
1908	218
1909	210
1910	182
1911	209
1912	237
1913	240
1914	212
1915	215
1916	212
1917	243
1918	222
1919	250
1920	201
1921	194
1922	220
1923	226
1924	213
1925	208
1926	195
1927	215
1928	232
1929	227
1930	216
1931	225
1932	209
1933	218
1934	188
1935	186
1936	206
1937	222
1938	214
1939	207
1940	174
1941	184
1942	189
1943	203
1944	238
1945	241
1946	246
1947	258
1948	209
1949	181
1950	215
1951	209
1952	201
1953	223
1954	213
1955	212
1956	271
1957	206
1958	220
1959	236
1960	215
1961	215
1962	206
1963	224
1964	189
1965	213
1966	239
1967	235
1968	207
1969	187
1970	217
1971	212
1972	257
1973	238
1974	181
1975	200
1976	230
1977	230
1978	200
1979	219
1980	256
1981	233
1982	222
1983	236
1984	210
1985	231
1986	218
1987	223
1988	239
1989	167
1990	162
1991	234
1992	241
1993	216
1994	183
1995	253
1996	224
1997	220
1998	205
1999	196
2000	234
2001	255
2002	246
2003	262
2004	235
2005	236
2006	211
2007	249
2008	205
2009	225
2010	205
2011	222
2012	234
2013	214
2014	222
2015	261
2016	222
2017	236
2018	257
2019	205
2020	244
2021	229
2022	239
2023	230
2024	220
2025	221
2026	231
2027	231
2028	232
2029	275
2030	225
2031	214
2032	233
2033	214
2034	205
2035	247
2036	231
2037	236
2038	234
2039	245
2040	208
2041	213
2042	217
2043	232
2044	238
2045	233
2046	270
2047	210
2048	258
2049	237
2050	241
2051	228
2052	212
2053	261
2054	256
2055	233
2056	255
2057	267
2058	273
2059	250
2060	230
2061	211
2062	187
2063	231
2064	275
2065	206
2066	239
2067	242
2068	202
2069	226
2070	225
2071	205
2072	226
2073	234
2074	219
2075	210
2076	203
2077	212
2078	223
2079	224
2080	231
2081	220
2082	231
2083	182
2084	189
2085	229
2086	210
2087	203
2088	244
2089	183
2090	203
2091	199
2092	201
2093	228
2094	222
2095	220
2096	204
2097	220
2098	213
2099	197
2100	253
2101	197
2102	206
2103	206
2104	241
2105	205
2106	214
2107	207
2108	188
2109	232
2110	220
2111	173
2112	175
2113	190
2114	199
2115	197
2116	228
2117	219
2118	213
2119	196
2120	197
2121	202
2122	255
2123	257
2124	205
2125	181
2126	219
2127	213
2128	200
2129	206
2130	195
2131	201
2132	194
2133	207
2134	175
2135	183
2136	206
2137	242
2138	205
2139	211
2140	210
2141	190
2142	193
2143	171
2144	204
2145	225
2146	216
2147	172
2148	197
2149	203
2150	232
2151	222
2152	237
2153	215
2154	209
2155	199
2156	243
2157	230
2158	214
2159	164
2160	184
2161	191
2162	245
2163	212
2164	187
2165	186
2166	176
2167	201
2168	169
2169	216
2170	182
2171	147
2172	201
2173	181
2174	173
2175	177
2176	188
2177	165
2178	171
2179	209
2180	195
2181	209
2182	187
2183	209
2184	164
2185	211
2186	183
2187	211
2188	188
2189	177
2190	176
2191	193
2192	215
2193	193
2194	217
2195	199
2196	205
2197	178
2198	169
2199	197
2200	168
2201	175
2202	160
2203	238
2204	263
2205	229
2206	156
2207	210
2208	208
2209	218
2210	217
2211	203
2212	191
2213	217
2214	189
2215	182
2216	143
2217	152
2218	203
2219	206
2220	221
2221	163
2222	211
2223	208
2224	203
2225	243
2226	205
2227	192
2228	244
2229	232
2230	209
2231	196
2232	202
2233	164
2234	220
2235	224
2236	189
2237	219
2238	227
2239	216
2240	243
2241	200
2242	193
2243	193
2244	205
2245	196
2246	229
2247	229
2248	200
2249	219
2250	210
2251	246
2252	204
2253	241
2254	216
2255	228
2256	235
2257	267
2258	269
2259	281
2260	235
2261	199
2262	236
2263	194
2264	212
2265	231
2266	209
2267	241
2268	208
2269	210
2270	245
2271	232
2272	248
2273	251
2274	250
2275	197
2276	222
2277	220
2278	292
2279	256
2280	227
2281	274
2282	251
2283	217
2284	244
2285	235
2286	239
2287	193
2288	251
2289	184
2290	261
2291	227
2292	212
2293	223
2294	214
2295	227
2296	208
2297	239
2298	205
2299	237
2300	233
2301	204
2302	246
2303	186
2304	252
2305	210
2306	228
2307	226
2308	218
2309	227
2310	177
2311	174
2312	188
2313	182
2314	202
2315	223
2316	169
2317	197
2318	219
2319	212
2320	210
2321	208
2322	218
2323	194
2324	238
2325	232
2326	226
2327	212
2328	201
2329	238
2330	199
2331	191
2332	236
2333	242
2334	220
2335	197
2336	190
2337	196
2338	215
2339	196
2340	182
2341	204
2342	204
2343	180
2344	191
2345	211
2346	199
2347	172
2348	233
2349	190
2350	150
2351	171
2352	190
2353	182
2354	174
2355	228
2356	215
2357	173
2358	219
2359	203
2360	200
2361	206
2362	246
2363	217
2364	199
2365	168
2366	196
2367	202
2368	223
2369	180
2370	183
2371	187
2372	165
2373	181
2374	161
2375	214
2376	206
2377	172
2378	166
2379	203
2380	234
2381	205
2382	202
2383	209
2384	204
2385	177
2386	195
2387	211
2388	239
2389	218
2390	210
2391	187
2392	215
2393	171
2394	179
2395	209
2396	181
2397	175
2398	220
2399	198
2400	231
2401	181
2402	176
2403	160
2404	183
2405	162
2406	200
2407	153
2408	173
2409	186
2410	200
2411	218
2412	187
2413	221
2414	197
2415	218
2416	221
2417	200
2418	182
2419	190
2420	196
2421	230
2422	208
2423	216
2424	196
2425	181
2426	184
2427	218
2428	216
2429	206
2430	223
2431	219
2432	218
2433	209
2434	189
2435	214
2436	212
2437	193
2438	197
2439	244
2440	215
2441	199
2442	215
2443	247
2444	217
2445	189
2446	171
2447	198
2448	171
2449	163
2450	209
2451	209
2452	188
2453	229
2454	193
2455	215
2456	228
2457	187
2458	181
2459	198
2460	145
2461	196
2462	193
2463	200
2464	249
2465	203
2466	221
2467	199
2468	231
2469	198
2470	221
2471	162
2472	208
2473	164
2474	172
2475	191
2476	210
2477	184
2478	192
2479	197
2480	189
2481	229
2482	212
2483	175
2484	178
2485	189
2486	173
2487	182
2488	206
2489	224
2490	189
2491	173
2492	227
2493	162
2494	204
2495	193
2496	178
2497	226
2498	207
2499	211
2500	218
2501	207
2502	161
2503	191
2504	168
2505	180
2506	174
2507	190
2508	198
2509	198
2510	181
2511	196
2512	170
2513	182
2514	178
2515	160
2516	191
2517	196
2518	164
2519	166
2520	208
2521	179
2522	230
2523	214
2524	180
2525	173
2526	166
2527	234
2528	236
2529	187
2530	175
2531	174
2532	164
2533	188
2534	162
2535	127
2536	178
2537	139
2538	159
2539	150
2540	129
2541	180
2542	195
2543	159
2544	187
2545	141
2546	179
2547	164
2548	172
2549	150
2550	170
2551	193
2552	184
2553	160
2554	147
2555	149
2556	151
2557	141
2558	198
2559	129
2560	174
2561	138
2562	156
2563	142
2564	163
2565	147
2566	163
2567	132
2568	143
2569	193
2570	142
2571	157
2572	159
2573	154
2574	154
2575	161
2576	131
2577	116
2578	163
2579	185
2580	186
2581	188
2582	139
2583	197
2584	180
2585	175
2586	200
2587	144
2588	193
2589	163
2590	150
2591	182
2592	155
2593	142
2594	151
2595	135
2596	147
2597	155
2598	154
2599	157
2600	169
2601	172
2602	181
2603	167
2604	176
2605	169
2606	163
2607	159
2608	158
2609	152
2610	189
2611	147
2612	174
2613	147
2614	169
2615	140
2616	136
2617	154
2618	130
2619	149
2620	138
2621	150
2622	141
2623	194
2624	182
2625	161
2626	160
2627	130
2628	176
2629	178
2630	165
2631	175
2632	142
2633	145
2634	188
2635	174
2636	152
2637	156
2638	168
2639	180
2640	198
2641	170
2642	188
2643	175
2644	135
2645	156
2646	148
2647	144
2648	168
2649	171
2650	184
2651	191
2652	168
2653	161
2654	163
2655	174
2656	192
2657	203
2658	152
2659	194
2660	135
2661	135
2662	180
2663	158
2664	162
2665	166
2666	157
2667	139
2668	167
2669	180
2670	189
2671	153
2672	152
2673	176
2674	173
2675	175
2676	182
2677	154
2678	150
2679	137
2680	175
2681	187
2682	150
2683	150
2684	164
2685	189
2686	165
2687	142
2688	157
2689	143
2690	157
2691	152
2692	165
2693	190
2694	166
2695	164
2696	167
2697	166
2698	163
2699	189
2700	166
2701	154
2702	170
2703	171
2704	159
2705	169
2706	192
2707	189
2708	170
2709	176
2710	185
2711	186
2712	193
2713	135
2714	125
2715	181
2716	197
2717	200
2718	168
2719	187
2720	184
2721	203
2722	169
2723	162
2724	166
2725	161
2726	164
2727	161
2728	180
2729	158
2730	157
2731	165
2732	169
2733	166
2734	136
2735	154
2736	170
2737	170
2738	157
2739	184
2740	166
2741	142
2742	190
2743	168
2744	143
2745	183
2746	220
2747	197
2748	163
2749	171
2750	208
2751	179
2752	174
2753	215
2754	174
2755	152
2756	157
2757	166
2758	155
2759	147
2760	164
2761	160
2762	159
2763	153
2764	167
2765	201
2766	209
2767	159
2768	184
2769	174
2770	176
2771	154
2772	153
2773	145
2774	163
2775	183
2776	161
2777	150
2778	188
2779	161
2780	176
2781	128
2782	177
2783	162
2784	164
2785	172
2786	152
2787	132
2788	160
2789	181
2790	154
2791	150
2792	141
2793	189
2794	162
2795	127
2796	169
2797	175
2798	136
2799	131
2800	166
2801	126
2802	147
2803	172
2804	175
2805	184
2806	199
2807	162
2808	167
2809	150
2810	152
2811	163
2812	180
2813	150
2814	170
2815	181
2816	151
2817	139
2818	131
2819	137
2820	150
2821	191
2822	153
2823	167
2824	154
2825	148
2826	143
2827	170
2828	134
2829	177
2830	160
2831	170
2832	161
2833	143
2834	171
2835	166
2836	156
2837	137
2838	162
2839	166
2840	164
2841	145
2842	144
2843	161
2844	119
2845	134
2846	193
2847	154
2848	106
2849	108
2850	125
2851	117
2852	150
2853	147
2854	136
2855	136
2856	133
2857	145
2858	165
2859	145
2860	143
2861	184
2862	137
2863	138
2864	141
2865	130
2866	133
2867	164
2868	174
2869	136
2870	135
2871	118
2872	93
2873	144
2874	113
2875	103
2876	118
2877	120
2878	139
2879	158
2880	141
2881	160
2882	163
2883	167
2884	114
2885	143
2886	118
2887	108
2888	128
2889	150
2890	138
2891	136
2892	160
2893	163
2894	129
2895	121
2896	119
2897	129
2898	134
2899	117
2900	127
2901	140
2902	125
2903	122
2904	113
2905	144
2906	125
2907	108
2908	122
2909	146
2910	147
2911	124
2912	150
2913	172
2914	150
2915	157
2916	136
2917	130
2918	102
2919	113
2920	148
2921	109
2922	149
2923	139
2924	135
2925	152
2926	123
2927	129
2928	109
2929	149
2930	138
2931	129
2932	122
2933	153
2934	153
2935	130
2936	145
2937	137
2938	128
2939	101
2940	108
2941	105
2942	147
2943	95
2944	107
2945	99
2946	141
2947	108
2948	112
2949	135
2950	146
2951	160
2952	144
2953	148
2954	143
2955	125
2956	115
2957	108
2958	112
2959	111
2960	137
2961	106
2962	118
2963	124
2964	134
2965	123
2966	146
2967	96
2968	115
2969	110
2970	89
2971	114
2972	101
2973	111
2974	129
2975	129
2976	111
2977	155
2978	131
2979	117
2980	148
2981	149
2982	161
2983	127
2984	111
2985	117
2986	101
2987	120
2988	121
2989	155
2990	119
2991	153
2992	138
2993	127
2994	154
2995	114
2996	111
2997	151
2998	142
2999	138
3000	140
3001	147
3002	96
3003	130
3004	154
3005	120
3006	122
3007	124
3008	127
3009	116
3010	160
3011	131
3012	122
3013	133
3014	160
3015	148
3016	118
3017	114
3018	123
3019	122
3020	110
3021	117
3022	127
3023	131
3024	172
3025	175
3026	151
3027	170
3028	144
3029	169
3030	145
3031	121
3032	120
3033	150
3034	144
3035	126
3036	132
3037	114
3038	118
3039	131
3040	142
3041	164
3042	119
3043	153
3044	129
3045	143
3046	123
3047	172
3048	147
3049	142
3050	141
3051	155
3052	135
3053	134
3054	154
3055	116
3056	128
3057	168
3058	194
3059	142
3060	119
3061	169
3062	145
3063	154
3064	150
3065	136
3066	146
3067	146
3068	131
3069	149
3070	143
3071	140
3072	145
3073	138
3074	138
3075	140
3076	112
3077	124
3078	123
3079	149
3080	112
3081	158
3082	124
3083	110
3084	160
3085	151
3086	138
3087	136
3088	136
3089	130
3090	126
3091	130
3092	143
3093	157
3094	148
3095	163
3096	146
3097	156
3098	150
3099	138
3100	116
3101	139
3102	146
3103	168
3104	128
3105	113
3106	161
3107	132
3108	107
3109	109
3110	128
3111	154
3112	148
3113	142
3114	117
3115	127
3116	118
3117	117
3118	112
3119	117
3120	141
3121	145
3122	118
3123	98
3124	106
3125	130
3126	145
3127	133
3128	134
3129	122
3130	128
3131	129
3132	117
3133	144
3134	123
3135	132
3136	130
3137	130
3138	138
3139	130
3140	116
3141	138
3142	131
3143	122
3144	101
3145	108
3146	103
3147	152
3148	159
3149	135
3150	142
3151	135
3152	153
3153	135
3154	83
3155	116
3156	136
3157	143
3158	154
3159	155
3160	114
3161	121
3162	86
3163	128
3164	112
3165	138
3166	148
3167	155
3168	156
3169	142
3170	154
3171	137
3172	133
3173	139
3174	145
3175	131
3176	135
3177	138
3178	133
3179	151
3180	148
3181	120
3182	140
3183	139
3184	124
3185	140
3186	143
3187	157
3188	131
3189	141
3190	134
3191	100
3192	110
3193	117
3194	159
3195	129
3196	150
3197	137
3198	104
3199	115
3200	144
3201	131
3202	150
3203	140
3204	111
3205	130
3206	154
3207	131
3208	154
3209	141
3210	139
3211	120
3212	144
3213	120
3214	127
3215	148
3216	154
3217	113
3218	128
3219	117
3220	115
3221	143
3222	127
3223	145
3224	134
3225	137
3226	150
3227	120
3228	147
3229	133
3230	171
3231	140
3232	128
3233	143
3234	128
3235	150
3236	159
3237	145
3238	150
3239	153
3240	173
3241	120
3242	106
3243	144
3244	126
3245	135
3246	109
3247	135
3248	172
3249	195
3250	167
3251	148
3252	154
3253	172
3254	144
3255	164
3256	133
3257	146
3258	112
3259	136
3260	140
3261	153
3262	132
3263	143
3264	177
3265	156
3266	151
3267	154
3268	198
3269	133
3270	151
3271	105
3272	166
3273	138
3274	143
3275	149
3276	152
3277	193
3278	133
3279	149
3280	148
3281	154
3282	187
3283	135
3284	171
3285	161
3286	142
3287	145
3288	162
3289	185
3290	163
3291	178
3292	135
3293	136
3294	157
3295	135
3296	126
3297	122
3298	158
3299	130
3300	144
3301	142
3302	145
3303	144
3304	154
3305	186
3306	163
3307	149
3308	173
3309	151
3310	164
3311	139
3312	188
3313	127
3314	158
3315	194
3316	190
3317	131
3318	144
3319	138
3320	176
3321	153
3322	216
3323	204
3324	169
3325	180
3326	141
3327	182
3328	176
3329	206
3330	160
3331	155
3332	165
3333	154
3334	169
3335	157
3336	169
3337	128
3338	199
3339	147
3340	153
3341	191
3342	162
3343	171
3344	173
3345	190
3346	180
3347	180
3348	154
3349	129
3350	139
3351	185
3352	186
3353	181
3354	175
3355	126
3356	113
3357	148
3358	113
3359	156
3360	146
3361	122
3362	152
3363	136
3364	146
3365	152
3366	163
3367	125
3368	127
3369	139
3370	116
3371	160
3372	132
3373	143
3374	122
3375	139
3376	123
3377	125
3378	149
3379	117
3380	120
3381	119
3382	116
3383	130
3384	111
3385	120
3386	99
3387	130
3388	157
3389	141
3390	133
3391	123
3392	128
3393	104
3394	130
3395	121
3396	111
3397	106
3398	119
3399	119
3400	139
3401	133
3402	135
3403	142
3404	132
3405	99
3406	136
3407	119
3408	121
3409	129
3410	143
3411	139
3412	135
3413	136
3414	129
3415	99
3416	132
3417	148
3418	130
3419	137
3420	119
3421	130
3422	131
3423	145
3424	101
3425	120
3426	124
3427	138
3428	117
3429	112
3430	129
3431	124
3432	114
3433	106
3434	126
3435	123
3436	126
3437	113
3438	109
3439	162
3440	133
3441	120
3442	143
3443	141
3444	117
3445	157
3446	133
3447	167
3448	139
3449	128
3450	130
3451	139
3452	128
3453	134
3454	123
3455	145
3456	141
3457	120
3458	116
3459	151
3460	145
3461	115
3462	129
3463	118
3464	132
3465	123
3466	132
3467	114
3468	125
3469	125
3470	143
3471	120
3472	126
3473	105
3474	139
3475	114
3476	118
3477	109
3478	110
3479	108
3480	120
3481	127
3482	129
3483	141
3484	112
3485	123
3486	129
3487	126
3488	96
3489	123
3490	152
3491	110
3492	137
3493	119
3494	138
3495	156
3496	142
3497	178
3498	152
3499	150
3500	141
3501	179
3502	134
3503	116
3504	100
3505	89
3506	108
3507	111
3508	97
3509	124
3510	120
3511	113
3512	128
3513	117
3514	114
3515	107
3516	94
3517	94
3518	114
3519	146
3520	119
3521	117
3522	124
3523	96
3524	118
3525	131
3526	149
3527	117
3528	122
3529	119
3530	120
3531	139
3532	129
3533	133
3534	123
3535	109
3536	99
3537	128
3538	135
3539	112
3540	83
3541	116
3542	100
3543	136
3544	115
3545	108
3546	110
3547	113
3548	134
3549	123
3550	121
3551	110
3552	122
3553	113
3554	135
3555	113
3556	148
3557	125
3558	126
3559	102
3560	132
3561	120
3562	112
3563	121
3564	138
3565	121
3566	152
3567	113
3568	119
3569	135
3570	141
3571	99
3572	119
3573	100
3574	127
3575	78
3576	91
3577	75
3578	96
3579	101
3580	103
3581	115
3582	127
3583	115
3584	96
3585	84
3586	110
3587	101
3588	97
3589	126
3590	120
3591	145
3592	144
3593	128
3594	116
3595	92
3596	121
3597	106
3598	92
3599	126
3600	111
3601	116
3602	120
3603	98
3604	114
3605	103
3606	122
3607	111
3608	113
3609	116
3610	97
3611	150
3612	132
3613	87
3614	98
3615	120
3616	152
3617	139
3618	96
3619	130
3620	133
3621	144
3622	129
3623	107
3624	105
3625	151
3626	172
3627	146
3628	131
3629	133
3630	134
3631	146
3632	114
3633	110
3634	98
3635	136
3636	111
3637	131
3638	104
3639	110
3640	116
3641	113
3642	102
3643	105
3644	124
3645	126
3646	112
3647	104
3648	101
3649	139
3650	111
3651	120
3652	143
3653	150
3654	126
3655	126
3656	126
3657	132
3658	105
3659	106
3660	105
3661	130
3662	115
3663	112
3664	113
3665	106
3666	142
3667	131
3668	98
3669	106
3670	120
3671	109
3672	102
3673	95
3674	166
3675	120
3676	123
3677	109
3678	116
3679	98
3680	123
3681	106
3682	108
3683	113
3684	122
3685	149
3686	142
3687	111
3688	133
3689	111
3690	96
3691	129
3692	105
3693	113
3694	103
3695	113
3696	131
3697	132
3698	105
3699	132
3700	138
3701	124
3702	116
3703	104
3704	112
3705	85
3706	84
3707	81
3708	105
3709	121
3710	100
3711	114
3712	115
3713	149
3714	113
3715	126
3716	100
3717	104
3718	106
3719	120
3720	104
3721	102
3722	96
3723	130
3724	111
3725	97
3726	125
3727	127
3728	120
3729	120
3730	135
3731	103
3732	79
3733	89
3734	99
3735	98
3736	97
3737	96
3738	118
3739	127
3740	114
3741	115
3742	131
3743	107
3744	96
3745	121
3746	101
3747	94
3748	100
3749	96
3750	96
3751	93
3752	105
3753	109
3754	114
3755	120
3756	97
3757	107
3758	109
3759	113
3760	115
3761	101
3762	87
3763	115
3764	110
3765	106
3766	93
3767	96
3768	115
3769	124
3770	97
3771	96
3772	83
3773	86
3774	94
3775	99
3776	101
3777	116
3778	103
3779	86
3780	86
3781	96
3782	67
3783	107
3784	108
3785	94
3786	108
3787	94
3788	102
3789	106
3790	99
3791	119
3792	100
3793	85
3794	99
3795	105
3796	115
3797	124
3798	113
3799	100
3800	100
3801	119
3802	123
3803	106
3804	109
3805	106
3806	107
3807	114
3808	115
3809	87
3810	103
3811	115
3812	132
3813	105
3814	111
3815	111
3816	132
3817	91
3818	127
3819	106
3820	110
3821	96
3822	114
3823	103
3824	89
3825	101
3826	106
3827	91
3828	80
3829	67
3830	101
3831	116
3832	127
3833	125
3834	81
3835	69
3836	99
3837	121
3838	77
3839	96
3840	120
3841	120
3842	106
3843	81
3844	91
3845	104
3846	73
3847	87
3848	109
3849	118
3850	98
3851	113
3852	135
3853	93
3854	105
3855	142
3856	110
3857	128
3858	97
3859	104
3860	115
3861	96
3862	94
3863	119
3864	82
3865	95
3866	130
3867	96
3868	104
3869	84
3870	87
3871	96
3872	93
3873	103
3874	123
3875	113
3876	106
3877	84
3878	87
3879	128
3880	134
3881	96
3882	115
3883	120
3884	96
3885	110
3886	120
3887	121
3888	119
3889	122
3890	108
3891	108
3892	88
3893	112
3894	112
3895	126
3896	97
3897	107
3898	87
3899	85
3900	100
3901	110
3902	99
3903	130
3904	104
3905	113
3906	113
3907	109
3908	132
3909	107
3910	114
3911	136
3912	101
3913	114
3914	88
3915	119
3916	148
3917	109
3918	118
3919	102
3920	117
3921	110
3922	120
3923	118
3924	129
3925	142
3926	89
3927	124
3928	107
3929	131
3930	135
3931	117
3932	112
3933	92
3934	105
3935	107
3936	117
3937	134
3938	99
3939	102
3940	106
3941	112
3942	124
3943	109
3944	118
3945	112
3946	131
3947	119
3948	148
3949	150
3950	113
3951	112
3952	103
3953	134
3954	134
3955	133
3956	143
3957	125
3958	137
3959	120
3960	111
3961	114
3962	140
3963	99
3964	116
3965	105
3966	109
3967	101
3968	134
3969	125
3970	153
3971	118
3972	116
3973	124
3974	104
3975	148
3976	127
3977	101
3978	104
3979	130
3980	124
3981	107
3982	145
3983	118
3984	111
3985	115
3986	102
3987	123
3988	155
3989	125
3990	133
3991	88
3992	118
3993	121
3994	99
3995	142
3996	124
3997	135
3998	121
3999	87
4000	79
4001	80
4002	95
4003	102
4004	99
4005	111
4006	99
4007	118
4008	99
4009	100
4010	134
4011	98
4012	76
4013	95
4014	108
4015	119
4016	133
4017	113
4018	117
4019	118
4020	110
4021	124
4022	110
4023	135
4024	149
4025	114
4026	128
4027	123
4028	111
4029	97
4030	107
4031	90
4032	121
4033	120
4034	128
4035	136
4036	105
4037	138
4038	138
4039	115
4040	112
4041	114
4042	92
4043	103
4044	130
4045	129
4046	136
4047	137
4048	114
4049	116
4050	144
4051	121
4052	128
4053	131
4054	112
4055	104
4056	118
4057	116
4058	89
4059	108
4060	115
4061	129
4062	131
4063	134
4064	148
4065	120
4066	134
4067	141
4068	118
4069	107
4070	128
4071	115
4072	132
4073	108
4074	111
4075	106
4076	115
4077	116
4078	119
4079	93
4080	89
4081	100
4082	155
4083	130
4084	128
4085	116
4086	118
4087	133
4088	131
4089	143
4090	125
4091	141
4092	142
4093	119
4094	102
4095	154
4096	170
4097	124
4098	136
4099	125
4100	156
4101	115
4102	124
4103	88
4104	120
4105	119
4106	118
4107	143
4108	135
4109	137
4110	95
4111	105
4112	116
4113	128
4114	136
4115	137
4116	121
4117	126
4118	113
4119	96
4120	136
4121	135
4122	108
4123	114
4124	113
4125	119
4126	106
4127	150
4128	99
4129	115
4130	122
4131	133
4132	106
4133	125
4134	150
4135	127
4136	87
4137	103
4138	96
4139	102
4140	121
4141	124
4142	126
4143	111
4144	99
4145	100
4146	135
4147	88
4148	98
4149	90
4150	117
4151	103
4152	82
4153	106
4154	101
4155	94
4156	121
4157	92
4158	108
4159	106
4160	138
4161	119
4162	110
4163	109
4164	113
4165	90
4166	109
4167	99
4168	101
4169	104
4170	83
4171	96
4172	101
4173	108
4174	105
4175	105
4176	92
4177	85
4178	122
4179	95
4180	98
4181	108
4182	89
4183	112
4184	96
4185	104
4186	84
4187	80
4188	100
4189	110
4190	100
4191	99
4192	81
4193	94
4194	92
4195	99
4196	80
4197	92
4198	89
4199	79
4200	104
4201	102
4202	84
4203	102
4204	92
4205	107
4206	84
4207	86
4208	98
4209	110
4210	88
4211	96
4212	97
4213	89
4214	83
4215	97
4216	92
4217	86
4218	82
4219	86
4220	94
4221	74
4222	82
4223	120
4224	85
4225	71
4226	94
4227	81
4228	81
4229	97
4230	114
4231	94
4232	114
4233	120
4234	107
4235	101
4236	84
4237	112
4238	73
4239	95
4240	71
4241	75
4242	80
4243	99
4244	102
4245	104
4246	92
4247	93
4248	97
4249	73
4250	82
4251	89
4252	70
4253	95
4254	86
4255	96
4256	102
4257	89
4258	88
4259	88
4260	93
4261	86
4262	92
4263	87
4264	92
4265	99
4266	78
4267	82
4268	126
4269	84
4270	89
4271	112
4272	78
4273	88
4274	90
4275	124
4276	104
4277	79
4278	80
4279	88
4280	102
4281	69
4282	108
4283	81
4284	112
4285	86
4286	103
4287	100
4288	104
4289	66
4290	122
4291	94
4292	94
4293	72
4294	98
4295	104
4296	78
4297	89
4298	89
4299	109
4300	109
4301	76
4302	87
4303	83
4304	76
4305	93
4306	99
4307	93
4308	64
4309	91
4310	79
4311	72
4312	71
4313	75
4314	106
4315	78
4316	103
4317	68
4318	100
4319	115
4320	92
4321	77
4322	67
4323	80
4324	140
4325	93
4326	87
4327	93
4328	99
4329	98
4330	108
4331	94
4332	71
4333	92
4334	113
4335	102
4336	101
4337	74
4338	87
4339	81
4340	97
4341	82
4342	84
4343	77
4344	64
4345	78
4346	82
4347	93
4348	100
4349	101
4350	78
4351	100
4352	102
4353	94
4354	94
4355	62
4356	96
4357	83
4358	78
4359	114
4360	104
4361	92
4362	104
4363	90
4364	71
4365	74
4366	73
4367	72
4368	71
4369	87
4370	78
4371	86
4372	95
4373	92
4374	76
4375	69
4376	83
4377	89
4378	107
4379	108
4380	105
4381	69
4382	82
4383	99
4384	93
4385	92
4386	71
4387	68
4388	76
4389	74
4390	77
4391	68
4392	66
4393	90
4394	76
4395	94
4396	76
4397	87
4398	86
4399	67
4400	89
4401	85
4402	78
4403	88
4404	95
4405	108
4406	108
4407	85
4408	99
4409	84
4410	70
4411	103
4412	108
4413	95
4414	103
4415	84
4416	82
4417	57
4418	62
4419	90
4420	80
4421	66
4422	93
4423	66
4424	64
4425	78
4426	67
4427	69
4428	59
4429	93
4430	88
4431	83
4432	87
4433	99
4434	109
4435	86
4436	77
4437	93
4438	78
4439	73
4440	106
4441	86
4442	82
4443	75
4444	75
4445	86
4446	73
4447	79
4448	88
4449	67
4450	85
4451	92
4452	67
4453	88
4454	94
4455	74
4456	83
4457	68
4458	63
4459	89
4460	86
4461	70
4462	74
4463	81
4464	83
4465	70
4466	82
4467	80
4468	83
4469	61
4470	57
4471	84
4472	79
4473	76
4474	80
4475	87
4476	80
4477	70
4478	83
4479	86
4480	79
4481	61
4482	56
4483	80
4484	80
4485	92
4486	86
4487	88
4488	72
4489	59
4490	82
4491	47
4492	84
4493	76
4494	66
4495	64
4496	77
4497	89
4498	85
4499	65
4500	70
4501	84
4502	93
4503	78
4504	83
4505	86
4506	120
4507	98
4508	94
4509	68
4510	83
4511	76
4512	91
4513	102
4514	99
4515	98
4516	88
4517	78
4518	88
4519	76
4520	76
4521	88
4522	95
4523	76
4524	67
4525	74
4526	89
4527	64
4528	84
4529	76
4530	79
4531	76
4532	83
4533	89
4534	89
4535	83
4536	94
4537	57
4538	96
4539	81
4540	64
4541	82
4542	100
4543	85
4544	114
4545	73
4546	99
4547	106
4548	104
4549	105
4550	84
4551	90
4552	88
4553	90
4554	89
4555	83
4556	96
4557	91
4558	86
4559	100
4560	97
4561	96
4562	101
4563	87
4564	61
4565	96
4566	95
4567	122
4568	114
4569	81
4570	91
4571	113
4572	103
4573	72
4574	79
4575	112
4576	106
4577	85
4578	121
4579	88
4580	87
4581	99
4582	73
4583	98
4584	133
4585	81
4586	88
4587	80
4588	105
4589	108
4590	89
4591	104
4592	119
4593	69
4594	117
4595	85
4596	91
4597	89
4598	91
4599	88
4600	99
4601	74
4602	112
4603	94
4604	87
4605	70
4606	107
4607	86
4608	74
4609	94
4610	108
4611	95
4612	85
4613	116
4614	110
4615	82
4616	77
4617	85
4618	80
4619	74
4620	83
4621	73
4622	91
4623	88
4624	66
4625	81
4626	97
4627	91
4628	99
4629	76
4630	88
4631	86
4632	68
4633	77
4634	85
4635	78
4636	67
4637	88
4638	92
4639	110
4640	83
4641	90
4642	77
4643	94
4644	64
4645	72
4646	82
4647	95
4648	77
4649	57
4650	66
4651	85
4652	99
4653	77
4654	80
4655	88
4656	65
4657	85
4658	85
4659	87
4660	71
4661	88
4662	89
4663	96
4664	102
4665	103
4666	73
4667	82
4668	74
4669	82
4670	73
4671	104
4672	71
4673	96
4674	85
4675	79
4676	92
4677	87
4678	87
4679	115
4680	99
4681	74
4682	73
4683	80
4684	56
4685	65
4686	89
4687	66
4688	108
4689	96
4690	88
4691	69
4692	109
4693	78
4694	100
4695	80
4696	79
4697	79
4698	83
4699	67
4700	57
4701	57
4702	61
4703	95
4704	83
4705	62
4706	81
4707	89
4708	88
4709	84
4710	65
4711	88
4712	62
4713	72
4714	89
4715	66
4716	85
4717	78
4718	64
4719	76
4720	74
4721	91
4722	75
4723	74
4724	55
4725	74
4726	86
4727	63
4728	86
4729	101
4730	85
4731	96
4732	83
4733	82
4734	88
4735	83
4736	86
4737	80
4738	73
4739	74
4740	92
4741	55
4742	79
4743	95
4744	71
4745	92
4746	77
4747	76
4748	88
4749	75
4750	70
4751	81
4752	86
4753	69
4754	60
4755	67
4756	92
4757	77
4758	89
4759	86
4760	70
4761	73
4762	86
4763	82
4764	65
4765	55
4766	80
4767	81
4768	69
4769	86
4770	79
4771	84
4772	68
4773	73
4774	100
4775	77
4776	106
4777	71
4778	106
4779	82
4780	74
4781	91
4782	64
4783	68
4784	57
4785	76
4786	71
4787	84
4788	64
4789	82
4790	75
4791	81
4792	43
4793	73
4794	74
4795	77
4796	76
4797	68
4798	63
4799	79
4800	51
4801	79
4802	76
4803	50
4804	64
4805	50
4806	87
4807	64
4808	57
4809	69
4810	75
4811	84
4812	80
4813	78
4814	74
4815	87
4816	60
4817	79
4818	80
4819	50
4820	83
4821	83
4822	77
4823	87
4824	64
4825	48
4826	84
4827	69
4828	72
4829	77
4830	57
4831	62
4832	75
4833	67
4834	81
4835	86
4836	100
4837	66
4838	77
4839	92
4840	83
4841	95
4842	89
4843	65
4844	93
4845	61
4846	78
4847	71
4848	66
4849	81
4850	68
4851	63
4852	69
4853	56
4854	75
4855	83
4856	79
4857	56
4858	65
4859	76
4860	62
4861	71
4862	55
4863	94
4864	69
4865	50
4866	56
4867	47
4868	59
4869	65
4870	60
4871	61
4872	55
4873	79
4874	92
4875	61
4876	70
4877	76
4878	69
4879	40
4880	68
4881	64
4882	90
4883	82
4884	98
4885	76
4886	68
4887	82
4888	70
4889	58
4890	77
4891	83
4892	81
4893	67
4894	67
4895	70
4896	64
4897	70
4898	88
4899	51
4900	74
4901	81
4902	85
4903	52
4904	55
4905	83
4906	60
4907	88
4908	55
4909	68
4910	69
4911	81
4912	81
4913	73
4914	83
4915	48
4916	65
4917	80
4918	104
4919	81
4920	105
4921	69
4922	74
4923	64
4924	112
4925	75
4926	88
4927	70
4928	77
4929	79
4930	77
4931	69
4932	52
4933	66
4934	65
4935	61
4936	73
4937	81
4938	76
4939	83
4940	81
4941	70
4942	69
4943	81
4944	69
4945	72
4946	50
4947	55
4948	58
4949	61
4950	60
4951	68
4952	47
4953	73
4954	71
4955	73
4956	78
4957	79
4958	69
4959	57
4960	88
4961	64
4962	79
4963	76
4964	65
4965	59
4966	68
4967	69
4968	87
4969	68
4970	82
4971	72
4972	75
4973	76
4974	101
4975	80
4976	90
4977	101
4978	80
4979	58
4980	66
4981	87
4982	96
4983	83
4984	72
4985	51
4986	75
4987	106
4988	77
4989	49
4990	72
4991	59
4992	70
4993	94
4994	90
4995	62
4996	87
4997	77
4998	84
4999	62
5000	71
5001	60
5002	88
5003	68
5004	63
5005	69
5006	68
5007	88
5008	67
5009	47
5010	84
5011	86
5012	82
5013	82
5014	79
5015	97
5016	92
5017	91
5018	86
5019	74
5020	91
5021	65
5022	79
5023	65
5024	61
5025	87
5026	97
5027	90
5028	78
5029	65
5030	80
5031	75
5032	70
5033	74
5034	85
5035	75
5036	83
5037	90
5038	72
5039	51
5040	72
5041	50
5042	71
5043	63
5044	88
5045	89
5046	71
5047	103
5048	70
5049	66
5050	88
5051	71
5052	74
5053	84
5054	80
5055	86
5056	67
5057	73
5058	71
5059	63
5060	82
5061	81
5062	64
5063	57
5064	83
5065	104
5066	82
5067	65
5068	78
5069	91
5070	79
5071	85
5072	95
5073	86
5074	77
5075	82
5076	73
5077	82
5078	78
5079	78
5080	86
5081	82
5082	69
5083	102
5084	77
5085	73
5086	94
5087	84
5088	76
5089	72
5090	95
5091	61
5092	68
5093	64
5094	70
5095	84
5096	63
5097	72
5098	79
5099	78
5100	83
5101	82
5102	76
5103	69
5104	64
5105	62
5106	82
5107	75
5108	72
5109	66
5110	90
5111	86
5112	74
5113	86
5114	76
5115	81
5116	84
5117	75
5118	67
5119	81
5120	83
5121	73
5122	75
5123	73
5124	61
5125	68
5126	58
5127	74
5128	76
5129	68
5130	99
5131	79
5132	75
5133	62
5134	69
5135	70
5136	81
5137	66
5138	93
5139	86
5140	88
5141	99
5142	64
5143	81
5144	95
5145	72
5146	63
5147	103
5148	76
5149	70
5150	76
5151	90
5152	68
5153	82
5154	82
5155	88
5156	47
5157	56
5158	60
5159	57
5160	65
5161	95
5162	64
5163	64
5164	68
5165	64
5166	95
5167	65
5168	94
5169	65
5170	90
5171	72
5172	94
5173	77
5174	76
5175	80
5176	70
5177	52
5178	59
5179	57
5180	78
5181	51
5182	36
5183	80
5184	63
5185	83
5186	63
5187	76
5188	54
5189	59
5190	52
5191	58
5192	44
5193	53
5194	75
5195	64
5196	53
5197	65
5198	75
5199	61
5200	66
5201	62
5202	53
5203	58
5204	59
5205	61
5206	74
5207	67
5208	74
5209	70
5210	79
5211	78
5212	79
5213	64
5214	50
5215	65
5216	69
5217	52
5218	59
5219	57
5220	73
5221	66
5222	42
5223	41
5224	82
5225	56
5226	62
5227	78
5228	70
5229	69
5230	55
5231	60
5232	60
5233	66
5234	61
5235	50
5236	61
5237	58
5238	76
5239	78
5240	68
5241	63
5242	71
5243	57
5244	55
5245	72
5246	83
5247	83
5248	51
5249	49
5250	62
5251	61
5252	58
5253	77
5254	60
5255	60
5256	70
5257	64
5258	59
5259	63
5260	56
5261	55
5262	63
5263	62
5264	61
5265	64
5266	52
5267	45
5268	54
5269	55
5270	51
5271	60
5272	72
5273	63
5274	68
5275	63
5276	47
5277	55
5278	52
5279	56
5280	51
5281	63
5282	85
5283	65
5284	57
5285	54
5286	65
5287	59
5288	61
5289	64
5290	72
5291	56
5292	61
5293	71
5294	71
5295	62
5296	56
5297	40
5298	55
5299	53
5300	58
5301	54
5302	70
5303	52
5304	70
5305	51
5306	74
5307	65
5308	57
5309	88
5310	79
5311	78
5312	55
5313	53
5314	59
5315	67
5316	72
5317	46
5318	77
5319	75
5320	65
5321	53
5322	74
5323	59
5324	61
5325	63
5326	70
5327	63
5328	55
5329	62
5330	66
5331	65
5332	75
5333	85
5334	67
5335	57
5336	58
5337	63
5338	36
5339	55
5340	52
5341	51
5342	64
5343	63
5344	59
5345	58
5346	48
5347	56
5348	51
5349	27
5350	55
5351	56
5352	38
5353	45
5354	43
5355	67
5356	63
5357	68
5358	50
5359	67
5360	68
5361	54
5362	89
5363	53
5364	63
5365	86
5366	71
5367	88
5368	70
5369	63
5370	60
5371	44
5372	66
5373	47
5374	39
5375	44
5376	78
5377	52
5378	52
5379	51
5380	80
5381	70
5382	86
5383	67
5384	47
5385	60
5386	52
5387	39
5388	45
5389	64
5390	50
5391	57
5392	69
5393	57
5394	84
5395	82
5396	70
5397	46
5398	82
5399	87
5400	65
5401	73
5402	67
5403	55
5404	93
5405	50
5406	52
5407	68
5408	80
5409	82
5410	66
5411	77
5412	84
5413	82
5414	61
5415	91
5416	68
5417	68
5418	62
5419	52
5420	53
5421	68
5422	56
5423	63
5424	50
5425	65
5426	57
5427	82
5428	75
5429	74
5430	51
5431	65
5432	49
5433	43
5434	47
5435	49
5436	69
5437	64
5438	61
5439	53
5440	39
5441	53
5442	69
5443	60
5444	44
5445	83
5446	52
5447	43
5448	46
5449	76
5450	57
5451	77
5452	63
5453	53
5454	57
5455	58
5456	66
5457	58
5458	54
5459	58
5460	46
5461	68
5462	82
5463	52
5464	42
5465	63
5466	61
5467	81
5468	62
5469	98
5470	59
5471	41
5472	63
5473	71
5474	75
5475	60
5476	43
5477	75
5478	67
5479	68
5480	92
5481	82
5482	92
5483	64
5484	76
5485	81
5486	72
5487	85
5488	73
5489	67
5490	73
5491	45
5492	64
5493	70
5494	81
5495	61
5496	65
5497	67
5498	76
5499	94
5500	82
5501	80
5502	76
5503	73
5504	68
5505	73
5506	61
5507	73
5508	76
5509	83
5510	82
5511	91
5512	103
5513	80
5514	50
5515	62
5516	75
5517	58
5518	77
5519	69
5520	70
5521	85
5522	64
5523	110
5524	83
5525	53
5526	66
5527	77
5528	95
5529	96
5530	63
5531	75
5532	66
5533	83
5534	87
5535	103
5536	101
5537	82
5538	91
5539	81
5540	70
5541	94
5542	101
5543	75
5544	98
5545	91
5546	81
5547	100
5548	81
5549	73
5550	96
5551	76
5552	55
5553	79
5554	74
5555	83
5556	68
5557	81
5558	91
5559	72
5560	52
5561	66
5562	77
5563	85
5564	89
5565	96
5566	61
5567	77
5568	78
5569	68
5570	77
5571	85
5572	56
5573	56
5574	59
5575	54
5576	69
5577	63
5578	64
5579	67
5580	75
5581	62
5582	52
5583	57
5584	57
5585	62
5586	71
5587	74
5588	66
5589	73
5590	59
5591	73
5592	63
5593	75
5594	68
5595	97
5596	66
5597	63
5598	54
5599	69
5600	76
5601	56
5602	60
5603	62
5604	50
5605	58
5606	58
5607	57
5608	57
5609	55
5610	54
5611	87
5612	64
5613	81
5614	74
5615	54
5616	68
5617	77
5618	67
5619	81
5620	89
5621	45
5622	69
5623	70
5624	37
5625	59
5626	70
5627	92
5628	64
5629	66
5630	60
5631	58
5632	71
5633	78
5634	75
5635	65
5636	61
5637	75
5638	64
5639	43
5640	60
5641	69
5642	71
5643	83
5644	65
5645	77
5646	88
5647	62
5648	63
5649	58
5650	56
5651	49
5652	70
5653	89
5654	54
5655	74
5656	66
5657	64
5658	54
5659	65
5660	63
5661	63
5662	54
5663	72
5664	44
5665	90
5666	62
5667	74
5668	56
5669	92
5670	56
5671	63
5672	69
5673	44
5674	57
5675	76
5676	64
5677	76
5678	79
5679	49
5680	76
5681	65
5682	70
5683	92
5684	76
5685	61
5686	82
5687	54
5688	74
5689	72
5690	57
5691	44
5692	45
5693	63
5694	68
5695	67
5696	58
5697	84
5698	80
5699	61
5700	41
5701	79
5702	89
5703	63
5704	78
5705	74
5706	75
5707	73
5708	73
5709	73
5710	61
5711	57
5712	62
5713	60
5714	81
5715	77
5716	61
5717	41
5718	61
5719	65
5720	63
5721	73
5722	74
5723	85
5724	66
5725	62
5726	62
5727	64
5728	56
5729	45
5730	45
5731	69
5732	66
5733	71
5734	62
5735	70
5736	72
5737	89
5738	64
5739	69
5740	75
5741	59
5742	56
5743	53
5744	61
5745	77
5746	80
5747	65
5748	59
5749	54
5750	60
5751	72
5752	66
5753	57
5754	71
5755	81
5756	55
5757	49
5758	57
5759	54
5760	41
5761	62
5762	67
5763	58
5764	51
5765	54
5766	34
5767	56
5768	60
5769	54
5770	52
5771	50
5772	73
5773	57
5774	60
5775	71
5776	73
5777	68
5778	75
5779	60
5780	47
5781	60
5782	57
5783	50
5784	72
5785	59
5786	40
5787	50
5788	58
5789	56
5790	70
5791	62
5792	42
5793	65
5794	73
5795	80
5796	46
5797	72
5798	67
5799	54
5800	71
5801	75
5802	50
5803	74
5804	44
5805	64
5806	61
5807	47
5808	52
5809	49
5810	46
5811	52
5812	57
5813	53
5814	45
5815	60
5816	68
5817	50
5818	74
5819	47
5820	38
5821	46
5822	57
5823	64
5824	47
5825	66
5826	61
5827	51
5828	62
5829	45
5830	56
5831	62
5832	61
5833	75
5834	47
5835	49
5836	90
5837	70
5838	62
5839	65
5840	61
5841	78
5842	69
5843	75
5844	82
5845	38
5846	37
5847	50
5848	85
5849	51
5850	59
5851	53
5852	77
5853	88
5854	53
5855	66
5856	63
5857	82
5858	73
5859	61
5860	74
5861	63
5862	46
5863	63
5864	59
5865	39
5866	60
5867	55
5868	47
5869	60
5870	48
5871	53
5872	48
5873	65
5874	70
5875	67
5876	67
5877	68
5878	68
5879	89
5880	51
5881	54
5882	59
5883	83
5884	86
5885	65
5886	49
5887	48
5888	47
5889	60
5890	74
5891	80
5892	66
5893	36
5894	70
5895	48
5896	72
5897	60
5898	42
5899	59
5900	46
5901	68
5902	54
5903	73
5904	43
5905	67
5906	62
5907	52
5908	55
5909	66
5910	39
5911	49
5912	42
5913	61
5914	70
5915	70
5916	48
5917	48
5918	39
5919	48
5920	62
5921	64
5922	81
5923	49
5924	68
5925	65
5926	55
5927	70
5928	72
5929	49
5930	61
5931	57
5932	74
5933	72
5934	53
5935	73
5936	64
5937	70
5938	69
5939	65
5940	68
5941	59
5942	64
5943	61
5944	77
5945	54
5946	54
5947	64
5948	77
5949	70
5950	74
5951	52
5952	64
5953	69
5954	74
5955	73
5956	77
5957	61
5958	71
5959	61
5960	71
5961	83
5962	62
5963	78
5964	67
5965	65
5966	82
5967	58
5968	60
5969	62
5970	64
5971	63
5972	67
5973	69
5974	61
5975	48
5976	79
5977	72
5978	55
5979	58
5980	64
5981	48
5982	60
5983	74
5984	86
5985	74
5986	56
5987	79
5988	55
5989	79
5990	63
5991	73
5992	67
5993	73
5994	58
5995	57
5996	61
5997	68
5998	48
5999	56
6000	72
6001	57
6002	86
6003	74
6004	60
6005	65
6006	66
6007	76
6008	75
6009	73
6010	67
6011	49
6012	67
6013	58
6014	60
6015	53
6016	58
6017	59
6018	54
6019	61
6020	48
6021	73
6022	49
6023	90
6024	69
6025	82
6026	55
6027	72
6028	57
6029	63
6030	80
6031	64
6032	54
6033	62
6034	76
6035	72
6036	68
6037	58
6038	55
6039	63
6040	55
6041	70
6042	48
6043	52
6044	59
6045	75
6046	60
6047	52
6048	59
6049	56
6050	58
6051	46
6052	60
6053	64
6054	53
6055	53
6056	44
6057	62
6058	46
6059	55
6060	50
6061	51
6062	64
6063	59
6064	49
6065	50
6066	51
6067	72
6068	48
6069	56
6070	36
6071	60
6072	52
6073	72
6074	48
6075	54
6076	56
6077	46
6078	55
6079	49
6080	75
6081	47
6082	36
6083	50
6084	65
6085	62
6086	59
6087	63
6088	51
6089	40
6090	60
6091	60
6092	62
6093	87
6094	56
6095	49
6096	43
6097	55
6098	73
6099	69
6100	63
6101	60
6102	58
6103	76
6104	55
6105	61
6106	65
6107	65
6108	81
6109	71
6110	82
6111	64
6112	59
6113	47
6114	78
6115	37
6116	52
6117	48
6118	52
6119	51
6120	43
6121	51
6122	44
6123	67
6124	65
6125	70
6126	48
6127	69
6128	50
6129	52
6130	51
6131	72
6132	79
6133	61
6134	77
6135	57
6136	64
6137	67
6138	72
6139	50
6140	69
6141	61
6142	74
6143	62
6144	47
6145	65
6146	60
6147	60
6148	71
6149	57
6150	45
6151	57
6152	60
6153	74
6154	55
6155	46
6156	86
6157	71
6158	83
6159	61
6160	63
6161	56
6162	74
6163	46
6164	36
6165	67
6166	55
6167	48
6168	44
6169	44
6170	59
6171	50
6172	44
6173	50
6174	72
6175	76
6176	64
6177	66
6178	47
6179	59
6180	65
6181	69
6182	83
6183	63
6184	60
6185	64
6186	52
6187	34
6188	40
6189	47
6190	40
6191	50
6192	52
6193	53
6194	73
6195	46
6196	51
6197	32
6198	61
6199	65
6200	50
6201	50
6202	43
6203	57
6204	56
6205	62
6206	52
6207	55
6208	81
6209	57
6210	67
6211	60
6212	71
6213	48
6214	45
6215	49
6216	38
6217	52
6218	57
6219	72
6220	82
6221	53
6222	50
6223	55
6224	60
6225	70
6226	50
6227	52
6228	57
6229	42
6230	43
6231	54
6232	43
6233	51
6234	42
6235	49
6236	56
6237	43
6238	48
6239	60
6240	56
6241	53
6242	45
6243	61
6244	60
6245	41
6246	38
6247	54
6248	46
6249	58
6250	59
6251	72
6252	55
6253	61
6254	52
6255	55
6256	41
6257	70
6258	66
6259	48
6260	64
6261	60
6262	65
6263	77
6264	75
6265	59
6266	59
6267	73
6268	84
6269	75
6270	60
6271	54
6272	76
6273	59
6274	39
6275	57
6276	71
6277	56
6278	55
6279	59
6280	73
6281	79
6282	58
6283	52
6284	63
6285	74
6286	55
6287	78
6288	67
6289	71
6290	57
6291	57
6292	63
6293	64
6294	71
6295	63
6296	74
6297	88
6298	78
6299	72
6300	71
6301	50
6302	64
6303	66
6304	63
6305	68
6306	83
6307	65
6308	65
6309	57
6310	76
6311	72
6312	54
6313	50
6314	54
6315	45
6316	80
6317	61
6318	70
6319	66
6320	64
6321	59
6322	49
6323	58
6324	53
6325	64
6326	54
6327	55
6328	65
6329	59
6330	53
6331	51
6332	71
6333	60
6334	55
6335	52
6336	56
6337	71
6338	48
6339	71
6340	71
6341	65
6342	45
6343	63
6344	62
6345	66
6346	60
6347	70
6348	59
6349	65
6350	46
6351	62
6352	49
6353	46
6354	51
6355	58
6356	77
6357	57
6358	73
6359	57
6360	59
6361	70
6362	47
6363	47
6364	74
6365	51
6366	65
6367	77
6368	63
6369	60
6370	43
6371	47
6372	57
6373	37
6374	45
6375	40
6376	46
6377	47
6378	40
6379	46
6380	56
6381	38
6382	74
6383	69
6384	47
6385	44
6386	59
6387	60
6388	58
6389	47
6390	30
6391	30
6392	57
6393	53
6394	57
6395	54
6396	43
6397	50
6398	49
6399	47
6400	53
6401	45
6402	53
6403	44
6404	44
6405	47
6406	54
6407	36
6408	44
6409	50
6410	47
6411	44
6412	41
6413	30
6414	37
6415	49
6416	54
6417	40
6418	60
6419	61
6420	53
6421	35
6422	49
6423	55
6424	48
6425	30
6426	44
6427	49
6428	55
6429	56
6430	63
6431	58
6432	40
6433	42
6434	45
6435	48
6436	41
6437	50
6438	53
6439	64
6440	40
6441	53
6442	44
6443	53
6444	48
6445	56
6446	73
6447	32
6448	54
6449	55
6450	60
6451	56
6452	69
6453	53
6454	58
6455	55
6456	49
6457	46
6458	57
6459	42
6460	71
6461	62
6462	65
6463	70
6464	45
6465	53
6466	66
6467	65
6468	63
6469	50
6470	39
6471	56
6472	57
6473	46
6474	49
6475	48
6476	47
6477	35
6478	45
6479	60
6480	55
6481	54
6482	50
6483	45
6484	37
6485	57
6486	56
6487	53
6488	33
6489	41
6490	40
6491	41
6492	41
6493	55
6494	42
6495	36
6496	48
6497	48
6498	52
6499	55
6500	40
6501	49
6502	57
6503	59
6504	35
6505	45
6506	42
6507	39
6508	56
6509	46
6510	74
6511	45
6512	53
6513	61
6514	54
6515	61
6516	62
6517	62
6518	61
6519	55
6520	47
6521	60
6522	60
6523	74
6524	73
6525	69
6526	78
6527	58
6528	55
6529	71
6530	50
6531	64
6532	61
6533	50
6534	26
6535	37
6536	38
6537	33
6538	58
6539	42
6540	46
6541	46
6542	52
6543	60
6544	43
6545	43
6546	57
6547	64
6548	46
6549	63
6550	67
6551	55
6552	59
6553	54
6554	42
6555	50
6556	72
6557	50
6558	33
6559	58
6560	40
6561	46
6562	50
6563	54
6564	52
6565	68
6566	53
6567	37
6568	68
6569	52
6570	69
6571	77
6572	51
6573	52
6574	57
6575	56
6576	64
6577	65
6578	55
6579	51
6580	49
6581	60
6582	33
6583	30
6584	69
6585	49
6586	50
6587	66
6588	39
6589	41
6590	33
6591	35
6592	48
6593	40
6594	68
6595	64
6596	45
6597	41
6598	40
6599	42
6600	69
6601	63
6602	51
6603	35
6604	48
6605	41
6606	37
6607	19
6608	55
6609	65
6610	47
6611	35
6612	46
6613	60
6614	60
6615	42
6616	32
6617	46
6618	50
6619	41
6620	41
6621	45
6622	46
6623	54
6624	48
6625	42
6626	40
6627	40
6628	57
6629	47
6630	48
6631	50
6632	35
6633	46
6634	37
6635	31
6636	53
6637	39
6638	37
6639	45
6640	50
6641	42
6642	60
6643	54
6644	35
6645	60
6646	45
6647	36
6648	42
6649	38
6650	44
6651	49
6652	39
6653	56
6654	57
6655	34
6656	35
6657	43
6658	53
6659	31
6660	43
6661	36
6662	41
6663	53
6664	40
6665	26
6666	36
6667	57
6668	41
6669	52
6670	50
6671	47
6672	30
6673	18
6674	33
6675	36
6676	35
6677	39
6678	55
6679	54
6680	38
6681	39
6682	43
6683	36
6684	42
6685	28
6686	40
6687	52
6688	48
6689	44
6690	32
6691	40
6692	52
6693	30
6694	34
6695	47
6696	42
6697	59
6698	44
6699	62
6700	44
6701	58
6702	54
6703	50
6704	48
6705	41
6706	42
6707	30
6708	38
6709	39
6710	34
6711	39
6712	40
6713	48
6714	44
6715	62
6716	66
6717	43
6718	67
6719	82
6720	49
6721	62
6722	57
6723	42
6724	49
6725	58
6726	69
6727	49
6728	50
6729	58
6730	60
6731	58
6732	49
6733	44
6734	52
6735	49
6736	56
6737	55
6738	69
6739	50
6740	46
6741	51
6742	45
6743	54
6744	48
6745	38
6746	50
6747	64
6748	40
6749	34
6750	57
6751	41
6752	44
6753	50
6754	47
6755	66
6756	42
6757	42
6758	41
6759	49
6760	36
6761	69
6762	53
6763	42
6764	33
6765	41
6766	59
6767	46
6768	57
6769	41
6770	24
6771	41
6772	53
6773	69
6774	54
6775	48
6776	54
6777	64
6778	46
6779	48
6780	47
6781	35
6782	49
6783	44
6784	37
6785	62
6786	55
6787	68
6788	58
6789	36
6790	41
6791	42
6792	42
6793	56
6794	53
6795	61
6796	45
6797	55
6798	49
6799	51
6800	47
6801	46
6802	47
6803	51
6804	42
6805	48
6806	36
6807	42
6808	41
6809	44
6810	69
6811	37
6812	29
6813	57
6814	62
6815	52
6816	46
6817	35
6818	47
6819	40
6820	43
6821	49
6822	52
6823	47
6824	53
6825	37
6826	67
6827	39
6828	50
6829	47
6830	40
6831	39
6832	30
6833	43
6834	50
6835	47
6836	56
6837	51
6838	44
6839	70
6840	40
6841	29
6842	46
6843	35
6844	39
6845	52
6846	48
6847	74
6848	42
6849	52
6850	45
6851	41
6852	50
6853	46
6854	47
6855	43
6856	50
6857	42
6858	46
6859	36
6860	49
6861	52
6862	42
6863	40
6864	46
6865	51
6866	37
6867	46
6868	39
6869	33
6870	45
6871	47
6872	47
6873	41
6874	31
6875	37
6876	67
6877	42
6878	36
6879	41
6880	33
6881	37
6882	50
6883	63
6884	43
6885	36
6886	52
6887	44
6888	45
6889	42
6890	47
6891	58
6892	52
6893	47
6894	45
6895	58
6896	51
6897	64
6898	54
6899	37
6900	63
6901	38
6902	55
6903	34
6904	41
6905	47
6906	35
6907	70
6908	45
6909	38
6910	50
6911	41
6912	49
6913	46
6914	48
6915	64
6916	67
6917	52
6918	40
6919	53
6920	67
6921	49
6922	50
6923	57
6924	45
6925	53
6926	63
6927	71
6928	72
6929	51
6930	29
6931	41
6932	61
6933	41
6934	38
6935	61
6936	55
6937	61
6938	56
6939	49
6940	63
6941	35
6942	47
6943	62
6944	59
6945	47
6946	64
6947	29
6948	33
6949	52
6950	40
6951	53
6952	54
6953	66
6954	50
6955	62
6956	41
6957	68
6958	66
6959	64
6960	46
6961	45
6962	45
6963	64
6964	39
6965	46
6966	47
6967	49
6968	57
6969	60
6970	52
6971	48
6972	32
6973	58
6974	59
6975	40
6976	46
6977	75
6978	69
6979	72
6980	52
6981	73
6982	33
6983	43
6984	38
6985	47
6986	56
6987	63
6988	58
6989	54
6990	20
6991	44
6992	49
6993	43
6994	39
6995	56
6996	36
6997	56
6998	34
6999	40
7000	56
7001	64
7002	37
7003	63
7004	40
7005	51
7006	67
7007	56
7008	50
7009	74
7010	46
7011	54
7012	67
7013	35
7014	32
7015	28
7016	59
7017	33
7018	37
7019	49
7020	55
7021	55
7022	56
7023	38
7024	70
7025	47
7026	55
7027	23
7028	28
7029	23
7030	30
7031	27
7032	44
7033	45
7034	44
7035	38
7036	54
7037	55
7038	31
7039	36
7040	38
7041	45
7042	39
7043	39
7044	40
7045	33
7046	40
7047	46
7048	54
7049	67
7050	42
7051	44
7052	44
7053	63
7054	55
7055	44
7056	87
7057	48
7058	49
7059	55
7060	53
7061	54
7062	56
7063	72
7064	41
7065	33
7066	42
7067	51
7068	47
7069	50
7070	46
7071	41
7072	58
7073	58
7074	53
7075	67
7076	57
7077	46
7078	30
7079	41
7080	43
7081	38
7082	47
7083	47
7084	63
7085	62
7086	57
7087	54
7088	53
7089	48
7090	56
7091	44
7092	56
7093	46
7094	44
7095	71
7096	35
7097	47
7098	59
7099	48
7100	52
7101	62
7102	50
7103	44
7104	38
7105	36
7106	48
7107	47
7108	45
7109	50
7110	37
7111	40
7112	40
7113	48
7114	56
7115	42
7116	64
7117	32
7118	38
7119	46
7120	40
7121	32
7122	42
7123	41
7124	43
7125	51
7126	55
7127	60
7128	47
7129	25
7130	48
7131	84
7132	64
7133	50
7134	30
7135	38
7136	54
7137	49
7138	45
7139	64
7140	60
7141	61
7142	52
7143	53
7144	55
7145	35
7146	33
7147	40
7148	34
7149	34
7150	53
7151	35
7152	47
7153	30
7154	33
7155	34
7156	52
7157	45
7158	37
7159	32
7160	45
7161	41
7162	46
7163	57
7164	46
7165	47
7166	26
7167	36
7168	43
7169	35
7170	36
7171	44
7172	45
7173	56
7174	44
7175	59
7176	32
7177	49
7178	49
7179	42
7180	40
7181	57
7182	43
7183	38
7184	45
7185	31
7186	39
7187	39
7188	45
7189	47
7190	48
7191	55
7192	59
7193	50
7194	52
7195	58
7196	44
7197	51
7198	57
7199	38
7200	40
7201	42
7202	53
7203	54
7204	37
7205	45
7206	37
7207	32
7208	38
7209	51
7210	61
7211	52
7212	30
7213	29
7214	58
7215	48
7216	38
7217	29
7218	22
7219	67
7220	47
7221	42
7222	58
7223	54
7224	53
7225	67
7226	49
7227	45
7228	40
7229	71
7230	63
7231	53
7232	65
7233	62
7234	65
7235	57
7236	56
7237	70
7238	59
7239	73
7240	55
7241	54
7242	69
7243	45
7244	55
7245	54
7246	49
7247	48
7248	21
7249	64
7250	59
7251	59
7252	41
7253	44
7254	72
7255	62
7256	68
7257	62
7258	44
7259	54
7260	57
7261	51
7262	52
7263	45
7264	59
7265	40
7266	65
7267	52
7268	63
7269	45
7270	68
7271	43
7272	52
7273	47
7274	46
7275	69
7276	48
7277	55
7278	48
7279	45
7280	47
7281	49
7282	46
7283	48
7284	50
7285	65
7286	52
7287	48
7288	50
7289	35
7290	48
7291	64
7292	45
7293	41
7294	55
7295	52
7296	42
7297	46
7298	52
7299	42
7300	39
7301	42
7302	43
7303	55
7304	68
7305	48
7306	45
7307	45
7308	31
7309	32
7310	37
7311	41
7312	39
7313	58
7314	65
7315	54
7316	28
7317	43
7318	45
7319	57
7320	34
7321	55
7322	48
7323	33
7324	51
7325	66
7326	45
7327	59
7328	33
7329	37
7330	49
7331	66
7332	59
7333	43
7334	34
7335	57
7336	60
7337	60
7338	50
7339	53
7340	56
7341	35
7342	48
7343	42
7344	39
7345	32
7346	48
7347	58
7348	45
7349	51
7350	55
7351	41
7352	44
7353	30
7354	37
7355	30
7356	26
7357	45
7358	61
7359	51
7360	54
7361	46
7362	43
7363	31
7364	32
7365	35
7366	40
7367	38
7368	42
7369	38
7370	36
7371	39
7372	33
7373	38
7374	56
7375	40
7376	43
7377	32
7378	46
7379	49
7380	47
7381	35
7382	22
7383	35
7384	48
7385	41
7386	44
7387	58
7388	54
7389	61
7390	52
7391	46
7392	60
7393	28
7394	28
7395	29
7396	43
7397	26
7398	39
7399	42
7400	47
7401	40
7402	28
7403	39
7404	36
7405	28
7406	23
7407	18
7408	44
7409	30
7410	41
7411	41
7412	30
7413	37
7414	41
7415	43
7416	37
7417	51
7418	47
7419	31
7420	35
7421	46
7422	25
7423	37
7424	26
7425	36
7426	39
7427	45
7428	34
7429	34
7430	33
7431	38
7432	37
7433	40
7434	45
7435	22
7436	52
7437	39
7438	31
7439	54
7440	53
7441	72
7442	50
7443	38
7444	51
7445	29
7446	33
7447	33
7448	37
7449	36
7450	40
7451	39
7452	64
7453	46
7454	33
7455	40
7456	33
7457	37
7458	38
7459	32
7460	41
7461	30
7462	24
7463	41
7464	41
7465	38
7466	41
7467	38
7468	38
7469	21
7470	58
7471	60
7472	48
7473	32
7474	49
7475	41
7476	45
7477	37
7478	41
7479	27
7480	27
7481	45
7482	48
7483	58
7484	50
7485	45
7486	57
7487	47
7488	47
7489	43
7490	38
7491	53
7492	30
7493	28
7494	42
7495	32
7496	35
7497	28
7498	37
7499	54
7500	47
7501	22
7502	36
7503	18
7504	36
7505	30
7506	23
7507	40
7508	45
7509	22
7510	34
7511	33
7512	42
7513	43
7514	31
7515	36
7516	34
7517	38
7518	30
7519	37
7520	40
7521	32
7522	53
7523	33
7524	45
7525	32
7526	23
7527	34
7528	40
7529	51
7530	40
7531	38
7532	42
7533	57
7534	17
7535	26
7536	12
7537	34
7538	41
7539	25
7540	40
7541	43
7542	41
7543	56
7544	45
7545	31
7546	50
7547	16
7548	32
7549	24
7550	31
7551	51
7552	37
7553	44
7554	41
7555	27
7556	37
7557	38
7558	55
7559	40
7560	40
7561	46
7562	50
7563	27
7564	42
7565	31
7566	38
7567	25
7568	61
7569	56
7570	45
7571	52
7572	36
7573	40
7574	27
7575	28
7576	41
7577	32
7578	47
7579	38
7580	54
7581	41
7582	49
7583	65
7584	40
7585	44
7586	50
7587	48
7588	43
7589	33
7590	44
7591	47
7592	72
7593	46
7594	43
7595	53
7596	55
7597	44
7598	32
7599	35
7600	35
7601	38
7602	37
7603	26
7604	26
7605	33
7606	43
7607	19
7608	38
7609	37
7610	32
7611	44
7612	48
7613	61
7614	56
7615	54
7616	57
7617	36
7618	35
7619	39
7620	45
7621	27
7622	40
7623	49
7624	37
7625	36
7626	45
7627	44
7628	48
7629	25
7630	35
7631	16
7632	35
7633	41
7634	36
7635	19
7636	26
7637	25
7638	24
7639	26
7640	22
7641	36
7642	41
7643	43
7644	38
7645	37
7646	45
7647	34
7648	41
7649	56
7650	25
7651	27
7652	24
7653	30
7654	45
7655	27
7656	35
7657	21
7658	30
7659	42
7660	42
7661	32
7662	36
7663	35
7664	38
7665	39
7666	40
7667	34
7668	33
7669	40
7670	19
7671	18
7672	32
7673	41
7674	43
7675	37
7676	36
7677	43
7678	27
7679	29
7680	42
7681	43
7682	31
7683	33
7684	30
7685	41
7686	42
7687	37
7688	38
7689	45
7690	44
7691	30
7692	49
7693	37
7694	27
7695	37
7696	46
7697	24
7698	50
7699	47
7700	37
7701	42
7702	45
7703	22
7704	24
7705	31
7706	36
7707	34
7708	36
7709	30
7710	41
7711	33
7712	36
7713	47
7714	39
7715	53
7716	39
7717	38
7718	29
7719	36
7720	51
7721	41
7722	37
7723	39
7724	36
7725	40
7726	50
7727	54
7728	57
7729	36
7730	33
7731	37
7732	18
7733	25
7734	35
7735	29
7736	44
7737	36
7738	26
7739	19
7740	25
7741	16
7742	26
7743	37
7744	35
7745	28
7746	38
7747	35
7748	24
7749	42
7750	48
7751	54
7752	42
7753	41
7754	51
7755	20
7756	43
7757	27
7758	29
7759	25
7760	40
7761	30
7762	31
7763	39
7764	25
7765	32
7766	38
7767	23
7768	23
7769	30
7770	35
7771	41
7772	35
7773	28
7774	25
7775	25
7776	49
7777	31
7778	39
7779	34
7780	40
7781	38
7782	44
7783	42
7784	32
7785	33
7786	36
7787	42
7788	32
7789	27
7790	36
7791	37
7792	37
7793	52
7794	41
7795	38
7796	25
7797	20
7798	48
7799	49
7800	46
7801	39
7802	44
7803	42
7804	35
7805	41
7806	45
7807	33
7808	32
7809	27
7810	28
7811	45
7812	50
7813	41
7814	38
7815	47
7816	49
7817	35
7818	47
7819	25
7820	26
7821	35
7822	41
7823	43
7824	39
7825	43
7826	41
7827	44
7828	52
7829	56
7830	37
7831	25
7832	30
7833	45
7834	41
7835	56
7836	44
7837	34
7838	25
7839	37
7840	26
7841	33
7842	38
7843	53
7844	44
7845	45
7846	63
7847	49
7848	39
7849	36
7850	44
7851	43
7852	77
7853	61
7854	44
7855	32
7856	54
7857	38
7858	34
7859	23
7860	52
7861	39
7862	31
7863	38
7864	48
7865	60
7866	45
7867	31
7868	38
7869	39
7870	43
7871	36
7872	38
7873	40
7874	34
7875	46
7876	36
7877	52
7878	58
7879	58
7880	30
7881	42
7882	41
7883	69
7884	76
7885	76
7886	89
7887	76
7888	53
7889	54
7890	54
7891	43
7892	58
7893	50
7894	70
7895	42
7896	45
7897	61
7898	50
7899	35
7900	44
7901	60
7902	31
7903	69
7904	58
7905	74
7906	82
7907	55
7908	57
7909	45
7910	44
7911	54
7912	42
7913	65
7914	59
7915	35
7916	64
7917	44
7918	42
7919	49
7920	42
7921	51
7922	38
7923	41
7924	46
7925	46
7926	45
7927	38
7928	40
7929	37
7930	44
7931	75
7932	47
7933	63
7934	50
7935	46
7936	67
7937	71
7938	56
7939	41
7940	63
7941	52
7942	45
7943	48
7944	46
7945	32
7946	50
7947	34
7948	46
7949	47
7950	34
7951	29
7952	31
7953	45
7954	21
7955	33
7956	30
7957	45
7958	45
7959	49
7960	61
7961	44
7962	46
7963	47
7964	56
7965	35
7966	57
7967	44
7968	43
7969	54
7970	81
7971	57
7972	28
7973	37
7974	51
7975	51
7976	39
7977	47
7978	42
7979	38
7980	35
7981	55
7982	46
7983	34
7984	35
7985	40
7986	43
7987	61
7988	52
7989	51
7990	46
7991	35
7992	52
7993	57
7994	54
7995	54
7996	43
7997	44
7998	35
7999	43
8000	371528
