0	0
1	0
2	0
3	0
4	0
5	0
6	0
7	0
8	0
9	0
10	0
11	0
12	1
13	2
14	3
15	2
16	10
17	5
18	4
19	2
20	7
21	3
22	4
23	7
24	6
25	7
26	11
27	14
28	16
29	15
30	28
31	20
32	18
33	30
34	29
35	27
36	42
37	23
38	22
39	34
40	28
41	25
42	45
43	28
44	64
45	27
46	28
47	203
48	27
49	35
50	78
51	48
52	51
53	41
54	31
55	55
56	50
57	44
58	47
59	58
60	47
61	54
62	52
63	69
64	51
65	58
66	53
67	69
68	59
69	68
70	66
71	87
72	69
73	71
74	93
75	94
76	91
77	120
78	83
79	92
80	97
81	133
82	123
83	147
84	165
85	150
86	162
87	134
88	144
89	165
90	158
91	158
92	165
93	182
94	178
95	214
96	192
97	199
98	209
99	192
100	171
101	204
102	198
103	281
104	230
105	211
106	227
107	223
108	252
109	334
110	254
111	288
112	251
113	299
114	210
115	272
116	275
117	279
118	291
119	318
120	265
121	334
122	360
123	322
124	373
125	326
126	339
127	318
128	419
129	322
130	402
131	376
132	383
133	398
134	354
135	393
136	397
137	450
138	407
139	405
140	414
141	470
142	459
143	430
144	366
145	345
146	311
147	397
148	396
149	453
150	462
151	370
152	330
153	455
154	369
155	369
156	349
157	359
158	336
159	326
160	394
161	375
162	386
163	388
164	360
165	384
166	379
167	414
168	367
169	406
170	384
171	422
172	369
173	329
174	407
175	384
176	406
177	451
178	360
179	420
180	338
181	304
182	377
183	354
184	360
185	430
186	396
187	405
188	388
189	393
190	342
191	335
192	314
193	331
194	341
195	326
196	327
197	349
198	369
199	325
200	351
201	286
202	330
203	375
204	248
205	252
206	340
207	300
208	305
209	334
210	326
211	241
212	223
213	272
214	295
215	270
216	333
217	342
218	321
219	228
220	257
221	248
222	269
223	212
224	273
225	174
226	214
227	339
228	258
229	248
230	226
231	283
232	250
233	233
234	240
235	232
236	244
237	256
238	207
239	255
240	233
241	292
242	182
243	282
244	262
245	291
246	296
247	301
248	247
249	264
250	266
251	293
252	327
253	353
254	287
255	294
256	314
257	223
258	242
259	361
260	248
261	334
262	315
263	215
264	230
265	297
266	261
267	329
268	287
269	305
270	286
271	236
272	292
273	257
274	238
275	251
276	260
277	270
278	333
279	275
280	306
281	284
282	277
283	286
284	267
285	225
286	250
287	221
288	274
289	285
290	366
291	317
292	303
293	237
294	239
295	276
296	292
297	277
298	312
299	243
300	242
301	210
302	284
303	251
304	273
305	236
306	250
307	284
308	292
309	265
310	271
311	285
312	253
313	235
314	325
315	258
316	208
317	276
318	282
319	187
320	273
321	248
322	268
323	272
324	217
325	233
326	253
327	281
328	252
329	336
330	254
331	277
332	223
333	245
334	211
335	235
336	275
337	218
338	313
339	189
340	201
341	211
342	251
343	249
344	167
345	225
346	212
347	227
348	230
349	200
350	236
351	196
352	184
353	205
354	224
355	206
356	201
357	266
358	203
359	245
360	203
361	211
362	198
363	214
364	194
365	181
366	203
367	219
368	258
369	247
370	183
371	214
372	259
373	260
374	211
375	207
376	231
377	151
378	219
379	216
380	185
381	239
382	230
383	208
384	175
385	247
386	204
387	211
388	223
389	200
390	215
391	170
392	219
393	174
394	185
395	163
396	203
397	185
398	217
399	239
400	192
401	229
402	184
403	201
404	232
405	169
406	188
407	193
408	214
409	248
410	229
411	180
412	252
413	176
414	190
415	178
416	181
417	144
418	187
419	146
420	179
421	189
422	195
423	172
424	180
425	164
426	185
427	157
428	132
429	134
430	176
431	188
432	162
433	202
434	177
435	181
436	154
437	153
438	168
439	134
440	120
441	150
442	158
443	136
444	159
445	143
446	196
447	177
448	163
449	115
450	145
451	148
452	151
453	170
454	117
455	90
456	120
457	117
458	111
459	122
460	111
461	127
462	67
463	115
464	146
465	115
466	131
467	123
468	137
469	131
470	100
471	126
472	127
473	113
474	124
475	125
476	106
477	115
478	82
479	86
480	110
481	98
482	104
483	131
484	106
485	91
486	103
487	96
488	143
489	99
490	83
491	84
492	86
493	94
494	67
495	99
496	74
497	94
498	123
499	84
500	81
501	119
502	84
503	95
504	96
505	103
506	83
507	92
508	113
509	120
510	73
511	66
512	80
513	110
514	106
515	113
516	87
517	68
518	76
519	77
520	94
521	95
522	103
523	65
524	105
525	77
526	85
527	60
528	88
529	75
530	119
531	58
532	91
533	100
534	101
535	116
536	55
537	83
538	66
539	84
540	90
541	70
542	84
543	63
544	82
545	81
546	76
547	59
548	68
549	54
550	41
551	61
552	42
553	43
554	42
555	48
556	43
557	35
558	34
559	58
560	32
561	59
562	37
563	46
564	35
565	49
566	43
567	67
568	44
569	35
