0	0
1	0
2	0
3	0
4	0
5	0
6	0
7	0
8	0
9	0
10	0
11	0
12	1
13	2
14	3
15	2
16	9
17	4
18	4
19	2
20	7
21	3
22	4
23	7
24	6
25	7
26	11
27	14
28	15
29	15
30	26
31	19
32	17
33	28
34	28
35	25
36	30
37	22
38	22
39	33
40	23
41	23
42	39
43	27
44	44
45	24
46	23
47	31
48	26
49	31
50	54
51	44
52	46
53	40
54	31
55	47
56	44
57	42
58	46
59	56
60	45
61	50
62	49
63	62
64	50
65	53
66	46
67	67
68	56
69	64
70	59
71	75
72	64
73	67
74	79
75	79
76	84
77	112
78	76
79	85
80	89
81	103
82	110
83	129
84	141
85	129
86	142
87	122
88	132
89	146
90	136
91	136
92	144
93	158
94	151
95	181
96	167
97	162
98	176
99	168
100	139
101	168
102	158
103	229
104	189
105	179
106	187
107	179
108	208
109	221
110	195
111	205
112	188
113	233
114	166
115	219
116	201
117	218
118	220
119	228
120	207
121	236
122	265
123	233
124	255
125	220
126	239
127	227
128	254
129	237
130	273
131	250
132	257
133	252
134	223
135	257
136	249
137	271
138	242
139	264
140	269
141	278
142	265
143	255
144	233
145	214
146	189
147	246
148	228
149	253
150	247
151	211
152	181
153	227
154	218
155	197
156	193
157	201
158	203
159	187
160	221
161	192
162	220
163	214
164	207
165	207
166	205
167	225
168	198
169	206
170	211
171	213
172	195
173	177
174	206
175	212
176	205
177	246
178	196
179	202
180	166
181	166
182	193
183	177
184	202
185	199
186	211
187	202
188	197
189	201
190	171
191	184
192	176
193	161
194	184
195	182
196	177
197	189
198	187
199	158
200	199
201	157
202	184
203	194
204	140
205	144
206	174
207	186
208	172
209	180
210	155
211	131
212	122
213	140
214	172
215	138
216	176
217	170
218	153
219	139
220	143
221	158
222	142
223	124
224	154
225	115
226	127
227	178
228	147
229	146
230	138
231	154
232	143
233	138
234	140
235	151
236	146
237	160
238	118
239	167
240	136
241	156
242	114
243	166
244	148
245	161
246	154
247	159
248	153
249	163
250	151
251	172
252	180
253	193
254	150
255	172
256	175
257	145
258	155
259	207
260	152
261	190
262	184
263	138
264	150
265	172
266	160
267	190
268	183
269	184
270	191
271	162
272	182
273	158
274	159
275	143
276	163
277	163
278	179
279	160
280	184
281	189
282	171
283	179
284	171
285	141
286	145
287	135
288	166
289	169
290	224
291	179
292	184
293	147
294	154
295	172
296	167
297	201
298	179
299	161
300	175
301	147
302	197
303	178
304	187
305	159
306	170
307	173
308	191
309	179
310	176
311	186
312	156
313	157
314	180
315	164
316	136
317	181
318	181
319	135
320	175
321	169
322	186
323	169
324	150
325	159
326	171
327	189
328	166
329	200
330	175
331	171
332	162
333	167
334	143
335	166
336	151
337	154
338	199
339	139
340	146
341	147
342	172
343	159
344	129
345	171
346	149
347	160
348	151
349	129
350	153
351	140
352	133
353	148
354	164
355	150
356	136
357	179
358	147
359	160
360	148
361	131
362	141
363	152
364	131
365	124
366	148
367	165
368	171
369	160
370	140
371	161
372	182
373	184
374	153
375	160
376	170
377	122
378	160
379	151
380	139
381	163
382	157
383	162
384	130
385	184
386	157
387	143
388	152
389	142
390	162
391	140
392	155
393	128
394	131
395	120
396	136
397	140
398	163
399	175
400	130
401	172
402	120
403	138
404	165
405	133
406	143
407	150
408	161
409	183
410	164
411	152
412	185
413	137
414	144
415	137
416	141
417	114
418	133
419	121
420	132
421	143
422	135
423	104
424	131
425	133
426	141
427	114
428	102
429	112
430	144
431	134
432	133
433	145
434	135
435	137
436	108
437	119
438	137
439	113
440	106
441	129
442	126
443	122
444	120
445	115
446	146
447	124
448	130
449	107
450	111
451	110
452	118
453	119
454	99
455	82
456	97
457	97
458	92
459	95
460	96
461	108
462	56
463	89
464	101
465	85
466	104
467	97
468	103
469	96
470	78
471	104
472	96
473	81
474	97
475	99
476	88
477	84
478	72
479	71
480	78
481	74
482	85
483	104
484	89
485	76
486	86
487	81
488	96
489	70
490	65
491	66
492	71
493	79
494	62
495	79
496	68
497	71
498	96
499	70
500	68
501	100
502	65
503	81
504	78
505	83
506	73
507	77
508	91
509	94
510	57
511	57
512	54
513	82
514	74
515	72
516	66
517	57
518	64
519	66
520	71
521	78
522	79
523	51
524	75
525	63
526	67
527	56
528	68
529	61
530	81
531	44
532	78
533	82
534	80
535	66
536	46
537	66
538	50
539	65
540	60
541	57
542	64
543	55
544	64
545	63
546	57
547	51
548	49
549	47
550	38
551	45
552	37
553	40
554	41
555	39
556	38
557	28
558	31
559	45
560	26
561	39
562	35
563	32
564	31
565	39
566	33
567	49
568	28
569	30
570	35
571	31
572	19
573	32
