16	7
17	7
18	5
19	7
20	4
21	8
22	5
23	6
24	2
25	12
26	6
27	5
28	14
29	10
30	15
31	19
32	26
33	26
34	25
35	37
36	46
37	34
38	62
39	80
40	58
41	48
42	73
43	48
44	65
45	86
46	95
47	105
48	102
49	115
50	185
51	308
52	100
53	69
54	78
55	66
56	96
57	111
58	119
59	92
60	89
61	100
62	92
63	100
64	122
65	115
66	119
67	139
68	152
69	120
70	129
71	166
72	178
73	209
74	196
75	175
76	178
77	186
78	223
79	221
80	245
81	268
82	239
83	256
84	248
85	271
86	314
87	325
88	303
89	363
90	325
91	409
92	368
93	417
94	470
95	450
96	500
97	510
98	516
99	475
100	531
101	486
102	575
103	579
104	589
105	660
106	647
107	654
108	633
109	787
110	751
111	746
112	694
113	759
114	826
115	834
116	816
117	825
118	799
119	852
120	889
121	853
122	1037
123	1083
124	1345
125	1274
126	1157
127	1175
128	1348
129	1223
130	1182
131	1361
132	1095
133	1329
134	1297
135	1118
136	1070
137	1298
138	1282
139	1205
140	1288
141	1317
142	1410
143	1450
144	1869
145	2345
146	3299
147	5014
148	7147
149	13004
150	19444
