16	7
17	7
18	5
19	7
20	4
21	8
22	5
23	6
24	2
25	12
26	6
27	5
28	14
29	10
30	15
31	19
32	26
33	26
34	24
35	36
36	46
37	32
38	50
39	69
40	53
41	42
42	67
43	46
44	60
45	74
46	74
47	82
48	84
49	87
50	70
51	86
52	58
53	64
54	74
55	58
56	89
57	93
58	101
59	81
60	79
61	88
62	85
63	83
64	93
65	99
66	101
67	122
68	121
69	97
70	115
71	137
72	149
73	168
74	160
75	157
76	161
77	163
78	180
79	177
80	214
81	230
82	202
83	223
84	218
85	232
86	266
87	263
88	247
89	307
90	261
91	305
92	292
93	339
94	360
95	352
96	387
97	399
98	391
99	365
100	389
101	354
102	386
103	381
104	373
105	429
106	445
107	458
108	400
109	499
110	503
111	448
112	432
113	501
114	512
115	489
116	474
117	480
118	485
119	507
120	516
121	483
122	549
123	571
124	609
125	569
126	538
127	562
128	609
129	584
130	549
131	623
132	599
133	637
134	589
135	541
136	533
137	589
138	575
139	547
140	609
141	652
142	670
143	647
144	773
145	900
146	1120
147	1720
148	1978
149	2528
150	2541
