16	23
17	38
18	49
19	72
20	95
21	114
22	142
23	109
24	121
25	81
26	79
27	92
28	96
29	107
30	148
31	176
32	184
33	225
34	306
35	379
36	375
37	405
38	447
39	550
40	717
41	922
42	1018
43	1138
44	1439
45	1624
46	1874
47	2044
48	2232
49	2320
50	2532
51	2869
52	3293
53	3527
54	3621
55	3747
56	4068
57	4052
58	4481
59	4501
60	4675
61	4646
62	4714
63	4847
64	4984
65	5281
66	5333
67	5405
68	5585
69	5721
70	5870
71	6017
72	6280
73	6611
74	6871
75	7148
76	7126
77	7325
78	7657
79	7804
80	7931
81	8243
82	8333
83	8479
84	8982
85	9150
86	9421
87	9602
88	9712
89	9888
90	9986
91	10323
92	10667
93	10837
94	10869
95	11382
96	11353
97	11678
98	12002
99	12354
100	12761
101	13118
102	13325
103	13787
104	13896
105	14040
106	14365
107	14847
108	15150
109	15450
110	15772
111	16056
112	16064
113	16430
114	16685
115	16770
116	16760
117	16935
118	17100
119	17258
120	17033
121	17380
122	17526
123	17858
124	18080
125	18191
126	18203
127	18284
128	18131
129	18395
130	18556
131	18409
132	18621
133	18330
134	18702
135	19048
136	19656
137	20131
138	20830
139	22118
140	24514
141	27359
142	32609
143	40255
144	53678
145	74886
146	104275
147	181376
148	231901
149	302492
150	317787
