0	0
1	0
2	0
3	0
4	0
5	0
6	0
7	0
8	0
9	0
10	0
11	0
12	0
13	0
14	0
15	1
16	0
17	0
18	0
19	0
20	1
21	0
22	0
23	0
24	2
25	0
26	1
27	0
28	0
29	1
30	0
31	2
32	0
33	0
34	3
35	0
36	3
37	1
38	2
39	5
40	4
41	2
42	1
43	4
44	5
45	1
46	0
47	3
48	7
49	4
50	4
51	0
52	7
53	8
54	7
55	5
56	8
57	5
58	7
59	8
60	9
61	10
62	3
63	15
64	14
65	9
66	10
67	13
68	11
69	23
70	20
71	8
72	7
73	10
74	18
75	17
76	14
77	12
78	18
79	32
80	32
81	27
82	44
83	47
84	38
85	35
86	45
87	39
88	39
89	46
90	51
91	48
92	56
93	68
94	26
95	43
96	85
97	70
98	59
99	75
100	72
101	66
102	89
103	89
104	67
105	86
106	92
107	63
108	147
109	100
110	120
111	174
112	147
113	105
114	133
115	146
116	150
117	148
118	142
119	120
120	145
121	162
122	166
123	224
124	239
125	217
126	115
127	170
128	186
129	265
130	122
131	227
132	168
133	150
134	196
135	244
136	176
137	314
138	292
139	259
140	301
141	194
142	254
143	300
144	311
145	187
146	201
147	269
148	230
149	230
150	282
151	264
152	152
153	311
154	208
155	226
156	311
157	165
158	285
159	208
160	351
161	341
162	316
163	252
164	258
165	274
166	327
167	299
168	361
169	423
170	368
171	338
172	334
173	511
174	236
175	629
176	469
177	666
178	517
179	303
180	446
181	288
182	428
183	272
184	300
185	247
186	184
187	454
188	678
189	343
190	362
191	243
192	358
193	340
194	364
195	427
196	439
197	437
198	211
199	225
200	447
201	375
202	427
203	397
204	599
205	447
206	450
207	333
208	189
209	279
210	434
211	393
212	298
213	450
214	433
215	296
216	208
217	241
218	492
219	331
220	519
221	281
222	310
223	292
224	236
225	151
226	276
227	386
228	373
229	382
230	438
231	399
232	432
233	243
234	320
235	196
236	311
237	349
238	432
239	503
240	227
241	240
242	358
243	564
244	260
245	211
246	396
247	227
248	469
249	308
250	177
251	344
252	224
253	190
254	283
255	378
256	272
257	240
258	334
259	297
260	465
261	307
262	174
263	182
264	349
265	294
266	282
267	371
268	241
269	328
270	267
271	265
272	263
273	206
274	175
275	219
276	203
277	181
278	378
279	164
280	225
281	222
282	411
283	238
284	169
285	160
286	220
287	143
288	279
289	276
290	197
291	142
292	239
293	271
294	405
295	213
296	395
297	265
298	222
299	202
300	394
301	280
302	207
303	278
304	267
305	246
306	350
307	333
308	133
309	237
310	266
311	123
312	153
313	172
314	166
315	328
316	231
317	211
318	273
319	295
320	172
321	330
322	178
323	307
324	125
325	216
326	144
327	274
328	275
329	201
330	312
331	191
332	226
333	66
334	68
335	165
336	228
337	111
338	245
339	191
340	115
341	214
342	241
343	265
344	161
345	141
346	162
347	144
348	178
349	157
350	347
351	208
352	253
353	200
354	82
355	91
356	118
357	203
358	141
359	132
360	103
361	257
362	199
363	166
364	102
365	127
366	109
367	126
368	123
369	243
370	124
371	257
372	117
373	203
374	199
375	125
376	99
377	154
378	154
379	80
380	86
381	134
382	114
383	120
384	183
385	141
386	182
387	116
388	158
389	168
390	96
391	175
392	66
393	90
394	105
395	140
396	150
397	113
398	85
399	54
400	116
401	152
402	87
403	139
404	122
405	79
406	116
407	92
408	85
409	138
410	177
411	138
412	104
413	141
414	89
415	80
416	81
417	101
418	122
419	168
420	91
421	151
422	149
423	166
424	170
425	141
426	68
427	96
428	109
429	98
430	47
431	69
432	94
433	72
434	62
435	121
436	100
437	62
438	98
439	211
440	99
441	108
442	172
443	100
444	91
445	144
446	91
447	152
448	119
449	92
450	113
451	119
452	74
453	117
454	109
455	118
456	108
457	46
458	129
459	93
460	43
461	66
462	72
463	55
464	91
465	78
466	126
467	129
468	80
469	63
470	117
471	75
472	32
473	106
474	76
475	51
476	121
477	67
478	49
479	91
480	73
481	110
482	45
483	81
484	61
485	56
486	38
487	49
488	89
489	78
490	49
491	32
492	51
493	36
494	44
495	59
496	33
497	49
498	56
499	38
500	44
501	67
502	31
503	73
504	32
505	73
506	45
507	56
508	55
509	95
510	32
511	20
512	31
513	49
514	47
515	80
516	58
517	39
518	21
519	55
520	66
521	26
522	41
523	47
524	51
525	42
526	32
527	41
528	43
529	62
530	42
531	25
532	31
533	31
534	51
535	48
536	29
537	24
538	40
539	25
540	42
541	28
542	35
543	35
544	40
545	24
546	37
547	23
548	48
549	41
550	8
551	23
552	22
553	33
554	14
555	15
556	19
557	7
558	16
559	30
560	32
561	35
562	21
563	34
564	11
565	29
