0	0
1	0
2	0
3	0
4	0
5	0
6	0
7	0
8	0
9	0
10	0
11	0
12	0
13	0
14	0
15	1
16	0
17	0
18	0
19	0
20	1
21	0
22	0
23	0
24	1
25	0
26	1
27	0
28	0
29	1
30	0
31	2
32	0
33	0
34	3
35	0
36	3
37	1
38	2
39	4
40	4
41	2
42	1
43	3
44	5
45	1
46	0
47	2
48	7
49	4
50	4
51	0
52	5
53	8
54	7
55	5
56	8
57	4
58	7
59	8
60	7
61	10
62	3
63	13
64	12
65	9
66	10
67	11
68	11
69	22
70	16
71	8
72	4
73	10
74	15
75	15
76	12
77	11
78	17
79	25
80	27
81	27
82	40
83	42
84	29
85	28
86	36
87	33
88	28
89	36
90	43
91	39
92	46
93	57
94	25
95	31
96	65
97	53
98	48
99	60
100	61
101	54
102	66
103	62
104	48
105	72
106	68
107	48
108	85
109	57
110	89
111	110
112	99
113	72
114	82
115	105
116	93
117	98
118	83
119	89
120	92
121	84
122	98
123	110
124	111
125	99
126	62
127	105
128	96
129	120
130	78
131	111
132	95
133	78
134	114
135	140
136	83
137	135
138	135
139	115
140	132
141	118
142	115
143	134
144	125
145	95
146	98
147	114
148	72
149	75
150	101
151	78
152	44
153	82
154	88
155	74
156	93
157	65
158	83
159	65
160	87
161	101
162	90
163	83
164	69
165	107
166	76
167	97
168	103
169	104
170	106
171	94
172	88
173	126
174	87
175	133
176	116
177	137
178	113
179	84
180	116
181	71
182	103
183	72
184	87
185	63
186	67
187	87
188	125
189	83
190	74
191	68
192	89
193	69
194	88
195	86
196	92
197	89
198	66
199	64
200	116
201	95
202	89
203	80
204	103
205	90
206	92
207	79
208	60
209	81
210	116
211	86
212	76
213	101
214	79
215	62
216	58
217	66
218	116
219	67
220	111
221	69
222	68
223	64
224	62
225	53
226	77
227	88
228	83
229	85
230	86
231	86
232	61
233	52
234	67
235	53
236	72
237	84
238	110
239	88
240	68
241	73
242	77
243	87
244	67
245	57
246	76
247	56
248	84
249	70
250	78
251	80
252	58
253	59
254	69
255	80
256	83
257	83
258	72
259	83
260	88
261	77
262	60
263	75
264	85
265	70
266	88
267	92
268	66
269	72
270	58
271	78
272	79
273	74
274	53
275	62
276	73
277	65
278	94
279	76
280	82
281	81
282	89
283	81
284	55
285	63
286	63
287	66
288	70
289	98
290	80
291	63
292	86
293	89
294	91
295	87
296	101
297	97
298	84
299	74
300	107
301	88
302	83
303	85
304	101
305	87
306	109
307	86
308	78
309	95
310	74
311	72
312	73
313	69
314	66
315	78
316	78
317	66
318	74
319	89
320	68
321	83
322	67
323	93
324	54
325	81
326	69
327	91
328	84
329	76
330	99
331	62
332	69
333	45
334	48
335	74
336	74
337	63
338	78
339	68
340	62
341	78
342	90
343	79
344	70
345	65
346	65
347	66
348	80
349	75
350	109
351	62
352	76
353	72
354	53
355	62
356	59
357	79
358	60
359	61
360	58
361	86
362	70
363	66
364	52
365	61
366	48
367	65
368	71
369	82
370	76
371	112
372	62
373	75
374	94
375	50
376	47
377	62
378	61
379	65
380	54
381	64
382	57
383	61
384	59
385	86
386	75
387	69
388	75
389	75
390	54
391	64
392	56
393	54
394	61
395	62
396	52
397	58
398	53
399	39
400	56
401	70
402	50
403	58
404	66
405	55
406	58
407	56
408	52
409	72
410	91
411	64
412	51
413	67
414	54
415	51
416	52
417	66
418	61
419	70
420	59
421	73
422	61
423	68
424	79
425	61
426	47
427	54
428	64
429	51
430	33
431	45
432	52
433	45
434	47
435	56
436	58
437	44
438	50
439	54
440	51
441	56
442	69
443	55
444	49
445	60
446	51
447	58
448	55
449	64
450	54
451	59
452	39
453	59
454	46
455	57
456	48
457	39
458	51
459	52
460	32
461	31
462	47
463	39
464	52
465	41
466	52
467	43
468	53
469	40
470	41
471	44
472	27
473	47
474	41
475	37
476	38
477	45
478	37
479	40
480	38
481	33
482	33
483	39
484	40
485	33
486	26
487	32
488	35
489	38
490	23
491	25
492	32
493	31
494	30
495	35
496	30
497	35
498	25
499	29
500	33
501	32
502	26
503	39
504	28
505	39
506	30
507	32
508	36
509	43
510	26
511	17
512	23
513	24
514	29
515	41
516	35
517	28
518	20
519	31
520	33
521	25
522	29
523	26
524	28
525	27
526	26
527	26
528	28
529	24
530	27
531	21
532	24
533	22
534	36
535	38
536	20
537	19
538	25
539	24
540	33
541	21
542	25
543	18
544	24
545	17
546	23
547	19
548	33
549	23
550	8
551	14
552	14
553	20
554	10
555	11
556	17
557	7
558	16
559	15
560	18
561	22
562	16
563	21
564	10
565	16
566	23
567	18
568	25
569	22
570	19
571	9
572	12
573	9
574	6
575	12
576	10
577	13
578	24
579	14
