0	0
1	0
2	0
3	0
4	0
5	0
6	0
7	0
8	0
9	0
10	0
11	0
12	0
13	0
14	0
15	1
16	0
17	0
18	0
19	0
20	0
21	0
22	0
23	0
24	0
25	2
26	1
27	0
28	2
29	0
30	1
31	1
32	2
33	1
34	2
35	1
36	4
37	2
38	4
39	3
40	2
41	2
42	7
43	9
44	7
45	5
46	3
47	3
48	6
49	4
50	3
51	9
52	13
53	12
54	9
55	12
56	9
57	7
58	8
59	3
60	11
61	10
62	10
63	13
64	19
65	18
66	11
67	16
68	16
69	20
70	17
71	17
72	12
73	14
74	19
75	18
76	11
77	24
78	22
79	24
80	30
81	32
82	30
83	34
84	41
85	38
86	52
87	38
88	51
89	45
90	64
91	50
92	56
93	53
94	62
95	74
96	73
97	60
98	77
99	70
100	87
101	88
102	90
103	89
104	100
105	73
106	91
107	112
108	107
109	121
110	75
111	95
112	112
113	101
114	103
115	116
116	116
117	120
118	140
119	118
120	105
121	126
122	111
123	147
124	130
125	100
126	149
127	149
128	124
129	136
130	131
131	139
132	107
133	138
134	149
135	181
136	166
137	143
138	151
139	156
140	137
141	129
142	153
143	132
144	151
145	106
146	120
147	112
148	121
149	131
150	122
151	83
152	107
153	109
154	109
155	100
156	123
157	138
158	119
159	150
160	148
161	112
162	117
163	146
164	154
165	132
166	138
167	111
168	150
169	160
170	167
171	138
172	119
173	148
174	145
175	150
176	125
177	121
178	132
179	140
180	151
181	120
182	107
183	118
184	133
185	132
186	148
187	144
188	164
189	104
190	123
191	141
192	139
193	125
194	122
195	102
196	110
197	113
198	86
199	121
200	125
201	125
202	122
203	115
204	133
205	125
206	107
207	116
208	110
209	107
210	139
211	125
212	94
213	129
214	131
215	96
216	155
217	141
218	134
219	142
220	172
221	117
222	95
223	97
224	68
225	87
226	104
227	114
228	105
229	124
230	106
231	97
232	103
233	104
234	100
235	121
236	118
237	130
238	113
239	127
240	141
241	117
242	119
243	101
244	112
245	110
246	115
247	117
248	94
249	93
250	131
251	111
252	109
253	125
254	144
255	101
256	117
257	120
258	112
259	116
260	91
261	109
262	98
263	118
264	92
265	114
266	137
267	115
268	126
269	115
270	104
271	109
272	106
273	136
274	112
275	120
276	137
277	111
278	141
279	162
280	145
281	112
282	133
283	137
284	137
285	109
286	105
287	97
288	74
289	120
290	106
291	142
292	119
293	101
294	123
295	108
296	91
297	103
298	151
299	103
300	133
301	104
302	136
303	122
304	140
305	140
306	173
307	158
308	129
309	142
310	126
311	138
312	118
313	115
314	116
315	93
316	102
317	115
318	94
319	118
320	127
321	104
322	117
323	90
324	110
325	85
326	100
327	104
328	107
329	133
330	128
331	93
332	124
333	122
334	124
335	123
336	99
337	134
338	122
339	101
340	79
341	124
342	137
343	98
344	102
345	105
346	111
347	102
348	84
349	119
350	95
351	100
352	98
353	112
354	117
355	91
356	102
357	88
358	81
359	101
360	117
361	122
362	119
363	94
364	112
365	84
366	85
367	81
368	123
369	80
370	115
371	110
372	95
373	126
374	79
375	105
376	81
377	107
378	90
379	102
380	94
381	116
382	122
383	93
384	125
385	103
386	106
387	133
388	128
389	112
390	142
391	133
392	127
393	92
394	114
395	94
396	83
397	99
398	108
399	123
400	104
401	117
402	112
403	112
404	109
405	115
406	116
407	119
408	120
409	93
410	93
411	124
412	90
413	105
414	113
415	102
416	92
417	90
418	104
419	95
420	103
421	127
422	84
423	76
424	92
425	99
426	108
427	98
428	120
429	72
430	91
431	89
432	92
433	68
434	92
435	79
436	82
437	69
438	76
439	83
440	94
441	76
442	91
443	81
444	93
445	83
446	71
447	87
448	88
449	84
450	74
451	64
452	80
453	63
454	82
455	73
456	63
457	73
458	56
459	69
460	75
461	45
462	69
463	56
464	73
465	65
466	77
467	56
468	86
469	59
470	57
471	63
472	47
473	44
474	43
475	53
476	58
477	59
478	55
479	64
480	46
481	56
482	61
483	64
484	52
485	40
486	53
487	53
488	61
489	47
490	35
491	31
492	63
493	38
494	67
495	50
496	41
497	54
498	63
499	62
500	49
501	48
502	47
503	63
504	52
505	42
506	57
507	53
508	63
509	42
510	36
511	28
512	26
513	57
514	55
515	40
516	66
517	40
518	45
519	47
520	57
521	58
522	45
523	37
524	37
525	26
526	42
527	43
528	40
529	34
530	32
531	24
532	32
533	37
534	64
535	37
536	52
537	26
538	32
539	32
540	27
541	44
542	38
543	46
544	28
545	37
546	19
547	41
548	34
549	51
550	39
551	33
552	27
553	19
554	42
555	25
556	35
557	32
558	29
559	23
560	29
561	27
562	28
563	25
564	16
565	21
566	24
567	27
568	27
569	31
570	29
571	22
572	20
573	28
574	31
575	23
576	18
577	22
578	18
579	19
580	37
581	29
582	22
