0	0
1	0
2	0
3	0
4	0
5	0
6	0
7	0
8	0
9	0
10	0
11	0
12	0
13	0
14	0
15	1
16	0
17	0
18	0
19	0
20	0
21	0
22	0
23	0
24	0
25	2
26	1
27	0
28	2
29	0
30	1
31	1
32	2
33	1
34	2
35	1
36	4
37	2
38	6
39	3
40	2
41	2
42	9
43	9
44	7
45	6
46	4
47	5
48	6
49	4
50	4
51	9
52	15
53	12
54	9
55	15
56	11
57	9
58	9
59	4
60	12
61	10
62	10
63	13
64	20
65	20
66	11
67	21
68	18
69	23
70	23
71	20
72	12
73	16
74	19
75	24
76	14
77	28
78	27
79	27
80	39
81	39
82	34
83	39
84	44
85	45
86	61
87	42
88	53
89	67
90	80
91	65
92	61
93	78
94	89
95	94
96	90
97	68
98	107
99	81
100	106
101	114
102	132
103	124
104	140
105	91
106	126
107	190
108	137
109	181
110	113
111	148
112	146
113	129
114	150
115	181
116	198
117	190
118	265
119	174
120	173
121	211
122	223
123	280
124	239
125	188
126	243
127	325
128	283
129	269
130	277
131	201
132	199
133	280
134	329
135	345
136	370
137	351
138	310
139	315
140	271
141	263
142	305
143	281
144	322
145	211
146	319
147	303
148	295
149	403
150	327
151	269
152	270
153	327
154	333
155	358
156	389
157	317
158	397
159	473
160	459
161	313
162	329
163	467
164	446
165	471
166	509
167	355
168	488
169	567
170	609
171	533
172	398
173	506
174	492
175	601
176	412
177	465
178	426
179	494
180	649
181	440
182	396
183	358
184	507
185	440
186	506
187	579
188	741
189	420
190	482
191	539
192	575
193	567
194	465
195	448
196	468
197	637
198	266
199	368
200	419
201	519
202	367
203	391
204	761
205	594
206	355
207	431
208	376
209	428
210	597
211	631
212	359
213	420
214	458
215	394
216	804
217	465
218	569
219	529
220	617
221	687
222	492
223	329
224	208
225	323
226	306
227	360
228	417
229	397
230	373
231	360
232	457
233	310
234	380
235	392
236	553
237	570
238	490
239	506
240	493
241	502
242	481
243	294
244	497
245	441
246	587
247	479
248	372
249	298
250	499
251	407
252	425
253	483
254	641
255	522
256	494
257	443
258	440
259	423
260	360
261	413
262	379
263	380
264	300
265	454
266	489
267	486
268	499
269	394
270	292
271	320
272	415
273	338
274	425
275	449
276	356
277	312
278	596
279	646
280	568
281	358
282	528
283	468
284	531
285	327
286	313
287	335
288	150
289	435
290	323
291	455
292	460
293	362
294	413
295	341
296	298
297	282
298	503
299	292
300	308
301	241
302	348
303	482
304	353
305	405
306	558
307	464
308	342
309	407
310	333
311	370
312	323
313	334
314	435
315	281
316	328
317	283
318	297
319	278
320	329
321	292
322	278
323	275
324	278
325	274
326	287
327	274
328	269
329	400
330	370
331	260
332	367
333	251
334	354
335	393
336	310
337	314
338	360
339	330
340	180
341	330
342	340
343	288
344	256
345	234
346	274
347	233
348	166
349	308
350	170
351	268
352	244
353	259
354	369
355	244
356	245
357	189
358	227
359	243
360	354
361	267
362	392
363	201
364	292
365	253
366	167
367	156
368	295
369	190
370	260
371	226
372	175
373	346
374	143
375	212
376	122
377	263
378	161
379	198
380	183
381	303
382	277
383	220
384	254
385	234
386	296
387	299
388	321
389	348
390	271
391	341
392	340
393	202
394	209
395	194
396	192
397	226
398	213
399	295
400	188
401	355
402	204
403	219
404	240
405	234
406	214
407	331
408	258
409	229
410	169
411	259
412	153
413	181
414	241
415	163
416	159
417	185
418	147
419	183
420	194
421	288
422	178
423	136
424	168
425	212
426	232
427	187
428	254
429	108
430	181
431	130
432	178
433	113
434	158
435	195
436	138
437	155
438	153
439	121
440	228
441	110
442	196
443	136
444	220
445	161
446	126
447	123
448	139
449	157
450	127
451	124
452	139
453	114
454	140
455	129
456	123
457	108
458	78
459	140
460	166
461	68
462	97
463	86
464	117
465	176
466	145
467	75
468	205
469	99
470	88
471	76
472	98
473	78
474	56
475	70
476	80
477	98
478	82
479	136
480	63
481	94
482	105
483	86
484	90
485	98
486	73
487	80
488	118
489	120
490	43
491	72
492	87
493	49
494	99
495	91
496	77
497	86
498	96
499	102
500	91
501	64
502	96
503	93
504	61
505	64
506	78
507	76
508	129
509	61
510	53
511	38
512	37
513	87
514	102
515	100
516	136
517	72
518	81
519	57
520	104
521	115
522	81
523	48
524	50
525	47
526	72
527	46
528	76
529	69
530	42
531	43
532	38
533	52
534	155
535	67
536	94
537	37
538	54
539	50
540	31
541	77
542	68
543	137
544	38
545	42
546	21
547	91
548	48
549	115
550	91
551	50
552	34
553	22
554	63
555	32
556	60
557	58
558	41
559	40
560	51
561	36
562	47
563	42
564	29
565	27
566	31
567	48
568	55
569	68
570	45
571	33
572	36
573	66
