0	0
1	0
2	0
3	0
4	0
5	0
6	0
7	0
8	0
9	0
10	0
11	0
12	0
13	0
14	7
15	5
16	6
17	2
18	11
19	6
20	8
21	9
22	2
23	3
24	7
25	4
26	4
27	5
28	9
29	15
30	16
31	30
32	32
33	47
34	71
35	76
36	99
37	127
38	149
39	158
40	205
41	240
42	253
43	271
44	377
45	353
46	388
47	483
48	502
49	509
50	557
51	589
52	589
53	634
54	708
55	766
56	807
57	814
58	823
59	801
60	847
61	957
62	869
63	961
64	995
65	992
66	1109
67	1147
68	1198
69	1189
70	1320
71	1294
72	1316
73	1399
74	1496
75	1568
76	1595
77	1599
78	1676
79	1782
80	1787
81	1850
82	2043
83	2172
84	2133
85	2326
86	2287
87	2203
88	2362
89	2638
90	4473
91	3183
92	2829
93	2686
94	2980
95	2820
96	3050
97	3082
98	3093
99	3266
100	3330
101	3689
102	3622
103	3619
104	4009
105	3877
106	4042
107	4385
108	4371
109	4430
110	4533
111	4574
112	4676
113	4746
114	4837
115	5117
116	5361
117	5203
118	5493
119	5606
120	5678
121	5919
122	6209
123	6179
124	6097
125	6180
126	6388
127	6363
128	6490
129	6588
130	6616
131	6654
132	6774
133	7114
134	7106
135	7272
136	7213
137	7335
138	7309
139	7264
140	7660
141	7593
142	7423
143	7776
144	7627
145	7043
146	7309
147	8551
148	8813
149	9040
150	9199
151	9426
152	9330
153	9377
154	9833
155	9683
156	9512
157	9666
158	9589
159	9696
160	9681
161	10036
162	9751
163	9947
164	9958
165	10041
166	10106
167	9940
168	9697
169	9757
170	9791
171	9625
172	9864
173	9814
174	9739
175	9469
176	9970
177	9864
178	9787
179	9610
180	9414
181	9775
182	9556
183	9200
184	9221
185	9407
186	9437
187	9304
188	9237
189	9142
190	9270
191	9458
192	9064
193	9045
194	9023
195	9080
196	9138
197	9192
198	8991
199	8986
200	8813
201	8395
202	8917
203	8517
204	8451
205	8227
206	8223
207	8247
208	8290
209	8167
210	8350
211	8165
212	8003
213	8012
214	7811
215	8071
216	7861
217	7588
218	7717
219	7553
220	7323
221	7542
222	7159
223	7341
224	7490
225	7213
226	7281
227	7109
228	7083
229	7264
230	7048
231	6755
232	7066
233	6862
234	6761
235	6718
236	6837
237	6829
238	6789
239	6600
240	6627
241	6561
242	6323
243	6566
244	6569
245	6282
246	6268
247	6324
248	6274
249	6149
250	5845
251	5744
252	5885
253	5889
254	5978
255	5794
256	5846
257	5794
258	5776
259	5943
260	5693
261	5818
262	5826
263	5530
264	5724
265	5565
266	5439
267	5408
268	5256
269	5267
270	5135
271	5050
272	5235
273	5125
274	4955
275	5118
276	5131
277	4895
278	4954
279	4986
280	4732
281	4770
282	4565
283	4768
284	4485
285	4437
286	4844
287	4555
288	4430
289	4381
290	4376
291	4292
292	4259
293	4241
294	4077
295	4172
296	4137
297	4115
298	4056
299	4171
300	4086
301	4031
302	4028
303	3916
304	3924
305	3705
306	4026
307	3635
308	3861
309	3841
310	3740
311	3710
312	3785
313	3672
314	3648
315	3570
316	3617
317	3640
318	3725
319	3532
320	3605
321	3433
322	3412
323	3382
324	3291
325	3370
326	3318
327	3343
328	3172
329	3213
330	3249
331	3227
332	3188
333	3238
334	3117
335	3023
336	2893
337	3089
338	3136
339	3128
340	3112
341	3045
342	2929
343	3084
344	3021
345	2947
346	2867
347	2795
348	2733
349	2949
350	2879
351	2989
352	2643
353	2725
354	2705
355	2776
356	2693
357	2570
358	2685
359	2703
360	2648
361	2533
362	2509
363	2477
364	2439
365	2509
366	2532
367	2604
368	2585
369	2483
370	2463
371	2477
372	2496
373	2243
374	2496
375	2454
376	2491
377	2445
378	2439
379	2382
380	2238
381	2220
382	2325
383	2176
384	2304
385	2253
386	2139
387	2087
388	2152
389	1972
390	2071
391	2048
392	2073
393	2009
394	2000
395	1933
396	1953
397	1919
398	1992
399	1977
400	1863
401	1742
402	1721
403	1939
404	1875
405	1817
406	1878
407	1756
408	1816
409	1815
410	1719
411	1650
412	1680
413	1789
414	1847
415	1763
416	1721
417	1663
418	1736
419	1773
420	1711
421	1698
422	1749
423	1624
424	1660
425	1529
426	1644
427	1600
428	1546
429	1440
430	1501
431	1469
432	1529
433	1570
434	1404
435	1308
436	1355
437	1427
438	1413
439	1410
440	1408
441	1440
442	1471
443	1438
444	1519
445	1396
446	1317
447	1316
448	1375
449	1314
450	1400
451	1431
452	1255
453	1289
454	1400
455	1247
456	1300
457	1269
458	1332
459	1315
460	1223
461	1345
462	1278
463	1205
464	1312
465	1219
466	1191
467	1277
468	1233
469	1254
470	1196
471	1151
472	1195
473	1305
474	1142
475	1112
476	1138
477	1125
478	1146
479	1129
480	1178
481	1101
482	1170
483	1163
484	1085
485	1137
486	1074
487	1210
488	1071
489	1027
490	1126
491	1086
492	1104
493	1139
494	1083
495	1104
496	1097
497	1064
498	1103
499	1045
500	1100
501	1101
502	1113
503	1132
504	1119
505	1062
506	1049
507	1130
508	1143
509	1084
510	1067
511	1081
512	1088
513	1188
514	1208
515	1130
516	1051
517	1092
518	1091
519	1119
520	1079
521	1111
522	1090
523	1058
524	1065
525	1147
526	1073
527	1078
528	1049
529	1067
530	1045
531	1098
532	1163
533	1056
534	1050
535	1075
536	1046
537	1031
538	1084
539	934
540	989
541	1001
542	1057
543	996
544	1037
545	997
546	1046
547	987
548	996
549	1062
550	935
551	989
552	888
553	983
554	904
555	1000
556	971
557	904
558	959
559	987
560	1023
561	911
562	984
563	970
564	993
565	975
566	965
567	987
568	1035
569	920
570	950
571	938
572	951
573	876
574	852
575	869
576	906
577	964
578	1029
579	837
580	882
581	973
582	866
583	956
584	941
585	972
586	946
587	945
588	897
589	885
590	946
591	972
592	945
593	897
594	956
595	863
596	864
597	914
598	983
599	956
600	887
601	849
602	975
603	907
604	877
605	873
606	880
607	841
608	799
609	872
610	863
611	829
612	878
613	751
614	870
615	827
616	892
617	929
618	801
619	786
620	780
621	820
622	820
623	910
624	886
625	902
626	807
627	821
628	869
629	841
630	859
631	899
632	912
633	943
634	873
635	874
636	869
637	865
638	870
639	792
640	813
641	819
642	778
643	822
644	830
645	821
646	791
647	868
648	768
649	793
650	826
651	805
652	835
653	860
654	950
655	717
656	761
657	749
658	756
659	787
660	800
661	796
662	822
663	774
664	800
665	795
666	752
667	778
668	747
669	735
670	759
671	754
672	806
673	745
674	804
675	835
676	800
677	792
678	877
679	797
680	757
681	753
682	735
683	727
684	712
685	714
686	698
687	740
688	732
689	761
690	840
691	771
692	680
693	756
694	672
695	837
696	776
697	704
698	832
699	826
700	795
701	739
702	750
703	739
704	742
705	741
706	782
707	774
708	735
709	732
710	756
711	695
712	701
713	696
714	636
715	735
716	775
717	712
718	648
719	769
720	745
721	759
722	747
723	699
724	790
725	630
726	681
727	655
728	718
729	714
730	716
731	724
732	745
733	710
734	715
735	829
736	750
737	731
738	752
739	729
740	635
741	676
742	787
743	765
744	773
745	700
746	811
747	672
748	719
749	671
750	578
751	628
752	613
753	633
754	685
755	625
756	629
757	702
758	593
759	728
760	602
761	662
762	635
763	544
764	547
765	642
766	647
767	613
768	566
769	610
770	626
771	568
772	669
773	661
774	674
775	609
776	629
777	602
778	597
779	570
780	548
781	632
782	704
783	608
784	583
785	681
786	668
787	717
788	652
789	645
790	666
791	594
792	660
793	670
794	675
795	648
796	586
797	610
798	613
799	611
800	618
801	624
802	659
803	626
804	593
805	619
806	617
807	661
808	640
809	599
810	628
811	535
812	597
813	651
814	546
815	643
816	552
817	566
818	603
819	637
820	648
821	568
822	588
823	655
824	704
825	692
826	644
827	585
828	645
829	533
830	539
831	550
832	571
833	665
834	534
835	608
836	662
837	621
838	585
839	602
840	620
841	614
842	598
843	591
844	559
845	593
846	622
847	607
848	659
849	638
850	700
851	636
852	553
853	587
854	598
855	628
856	573
857	600
858	632
859	637
860	533
861	580
862	542
863	618
864	549
865	612
866	511
867	573
868	618
869	593
870	603
871	506
872	500
873	618
874	630
875	660
876	643
877	644
878	610
879	632
880	702
881	628
882	575
883	622
884	590
885	542
886	583
887	640
888	643
889	617
890	659
891	599
892	593
893	584
894	639
895	583
896	601
897	660
898	532
899	528
900	603
901	618
902	551
903	590
904	548
905	533
906	592
907	542
908	561
909	497
910	563
911	532
912	567
913	597
914	590
915	549
916	561
917	482
918	510
919	513
920	461
921	533
922	521
923	510
924	575
925	580
926	527
927	494
928	522
929	561
930	548
931	569
932	506
933	563
934	519
935	603
936	603
937	609
938	609
939	483
940	529
941	542
942	505
943	517
944	561
945	491
946	519
947	543
948	508
949	617
950	554
951	575
952	608
953	537
954	542
955	537
956	533
957	546
958	578
959	579
960	581
961	509
962	540
963	536
964	537
965	532
966	574
967	498
968	573
969	569
970	505
971	538
972	559
973	532
974	642
975	634
976	613
977	519
978	550
979	501
980	589
981	539
982	471
983	527
984	590
985	552
986	493
987	571
988	554
989	599
990	599
991	519
992	558
993	603
994	589
995	612
996	550
997	502
998	552
999	613
1000	611
1001	549
1002	535
1003	586
1004	535
1005	492
1006	573
1007	558
1008	555
1009	595
1010	629
1011	596
1012	558
1013	529
1014	625
1015	534
1016	582
1017	493
1018	520
1019	573
1020	562
1021	572
1022	549
1023	625
1024	532
1025	529
1026	480
1027	537
1028	511
1029	502
1030	515
1031	555
1032	463
1033	535
1034	521
1035	515
1036	546
1037	575
1038	488
1039	466
1040	455
1041	472
1042	490
1043	482
1044	470
1045	463
1046	536
1047	461
1048	464
1049	422
1050	513
1051	447
1052	476
1053	545
1054	573
1055	515
1056	564
1057	493
1058	508
1059	513
1060	494
1061	564
1062	523
1063	563
1064	542
1065	569
1066	591
1067	517
1068	546
1069	529
1070	442
1071	511
1072	478
1073	533
1074	536
1075	517
1076	557
1077	492
1078	512
1079	484
1080	476
1081	504
1082	508
1083	505
1084	486
1085	505
1086	455
1087	456
1088	489
1089	530
1090	512
1091	524
1092	496
1093	465
1094	495
1095	427
1096	474
1097	553
1098	516
1099	583
1100	543
1101	488
1102	523
1103	526
1104	482
1105	494
1106	497
1107	520
1108	538
1109	440
1110	487
1111	523
1112	506
1113	513
1114	506
1115	492
1116	466
1117	485
1118	480
1119	518
1120	468
1121	519
1122	509
1123	481
1124	464
1125	520
1126	478
1127	490
1128	463
1129	498
1130	464
1131	538
1132	514
1133	535
1134	477
1135	452
1136	451
1137	512
1138	545
1139	563
1140	525
1141	455
1142	511
1143	525
1144	483
1145	459
1146	486
1147	503
1148	446
1149	443
1150	487
1151	508
1152	585
1153	561
1154	445
1155	466
1156	491
1157	433
1158	438
1159	461
1160	478
1161	501
1162	521
1163	467
1164	462
1165	466
1166	450
1167	490
1168	442
1169	511
1170	453
1171	460
1172	586
1173	495
1174	472
1175	475
1176	529
1177	466
1178	545
1179	496
1180	475
1181	421
1182	484
1183	509
1184	406
1185	433
1186	457
1187	453
1188	451
1189	436
1190	508
1191	478
1192	483
1193	524
1194	529
1195	417
1196	426
1197	532
1198	458
1199	451
1200	467
1201	504
1202	450
1203	519
1204	511
1205	470
1206	490
1207	488
1208	417
1209	526
1210	541
1211	507
1212	468
1213	394
1214	467
1215	479
1216	444
1217	487
1218	459
1219	478
1220	468
1221	437
1222	430
1223	380
1224	389
1225	455
1226	385
1227	408
1228	465
1229	428
1230	501
1231	510
1232	492
1233	440
1234	407
1235	395
1236	463
1237	445
1238	437
1239	419
1240	395
1241	403
1242	440
1243	465
1244	456
1245	432
1246	501
1247	478
1248	430
1249	494
1250	429
1251	388
1252	471
1253	502
1254	502
1255	488
1256	461
1257	415
1258	441
1259	471
1260	429
1261	492
1262	388
1263	432
1264	388
1265	431
1266	446
1267	450
1268	416
1269	505
1270	500
1271	422
1272	477
1273	469
1274	441
1275	484
1276	482
1277	523
1278	488
1279	439
1280	432
1281	489
1282	483
1283	448
1284	442
1285	483
1286	423
1287	477
1288	471
1289	427
1290	445
1291	419
1292	420
1293	408
1294	438
1295	458
1296	426
1297	412
1298	486
1299	436
1300	397
1301	422
1302	408
1303	416
1304	417
1305	409
1306	474
1307	458
1308	472
1309	453
1310	422
1311	498
1312	411
1313	428
1314	385
1315	469
1316	468
1317	483
1318	488
1319	524
1320	426
1321	452
1322	393
1323	404
1324	497
1325	387
1326	392
1327	435
1328	370
1329	365
1330	384
1331	414
1332	393
1333	429
1334	424
1335	524
1336	451
1337	414
1338	422
1339	453
1340	451
1341	473
1342	455
1343	457
1344	402
1345	407
1346	343
1347	388
1348	393
1349	425
1350	398
1351	380
1352	424
1353	390
1354	378
1355	346
1356	399
1357	436
1358	409
1359	383
1360	414
1361	452
1362	403
1363	379
1364	407
1365	428
1366	474
1367	483
1368	477
1369	427
1370	426
1371	439
1372	496
1373	415
1374	383
1375	406
1376	345
1377	409
1378	395
1379	446
1380	417
1381	489
1382	404
1383	373
1384	430
1385	460
1386	466
1387	406
1388	433
1389	440
1390	422
1391	410
1392	418
1393	380
1394	437
1395	405
1396	412
1397	452
1398	425
1399	409
1400	457
1401	449
1402	500
1403	468
1404	438
1405	484
1406	410
1407	419
1408	444
1409	460
1410	454
1411	430
1412	441
1413	459
1414	344
1415	416
1416	483
1417	416
1418	381
1419	409
1420	416
1421	427
1422	338
1423	346
1424	373
1425	383
1426	402
1427	372
1428	383
1429	420
1430	377
1431	394
1432	438
1433	395
1434	419
1435	407
1436	394
1437	437
1438	368
1439	361
1440	380
1441	360
1442	373
1443	348
1444	403
1445	355
1446	341
1447	335
1448	411
1449	386
1450	466
1451	477
1452	410
1453	396
1454	405
1455	385
1456	431
1457	429
1458	389
1459	424
1460	407
1461	447
1462	442
1463	398
1464	526
1465	446
1466	446
1467	425
1468	416
1469	452
1470	351
1471	384
1472	452
1473	381
1474	396
1475	446
1476	401
1477	439
1478	394
1479	420
1480	418
1481	378
1482	443
1483	373
1484	395
1485	431
1486	411
1487	434
1488	430
1489	379
1490	453
1491	426
1492	437
1493	390
1494	337
1495	380
1496	434
1497	347
1498	429
1499	434
1500	433
1501	380
1502	418
1503	409
1504	418
1505	380
1506	371
1507	387
1508	477
1509	457
1510	426
1511	413
1512	387
1513	425
1514	440
1515	422
1516	426
1517	428
1518	392
1519	456
1520	403
1521	373
1522	396
1523	430
1524	508
1525	355
1526	401
1527	397
1528	481
1529	430
1530	430
1531	377
1532	454
1533	380
1534	360
1535	441
1536	397
1537	375
1538	413
1539	359
1540	370
1541	393
1542	360
1543	425
1544	397
1545	367
1546	360
1547	410
1548	474
1549	385
1550	441
1551	436
1552	416
1553	418
1554	430
1555	453
1556	445
1557	423
1558	444
1559	355
1560	410
1561	441
1562	401
1563	391
1564	426
1565	429
1566	519
1567	523
1568	434
1569	400
1570	367
1571	438
1572	340
1573	360
1574	441
1575	414
1576	432
1577	466
1578	385
1579	494
1580	495
1581	406
1582	426
1583	414
1584	406
1585	411
1586	439
1587	445
1588	407
1589	438
1590	365
1591	391
1592	425
1593	463
1594	438
1595	466
1596	460
1597	485
1598	410
1599	422
1600	370
1601	349
1602	401
1603	438
1604	396
1605	398
1606	462
1607	329
1608	389
1609	373
1610	377
1611	378
1612	384
1613	398
1614	423
1615	429
1616	305
1617	417
1618	406
1619	383
1620	401
1621	412
1622	433
1623	370
1624	415
1625	419
1626	369
1627	377
1628	417
1629	385
1630	454
1631	365
1632	383
1633	355
1634	355
1635	336
1636	416
1637	372
1638	341
1639	345
1640	347
1641	400
1642	385
1643	373
1644	407
1645	395
1646	381
1647	392
1648	367
1649	397
1650	329
1651	374
1652	337
1653	343
1654	356
1655	388
1656	345
1657	367
1658	380
1659	379
1660	357
1661	469
1662	366
1663	393
1664	384
1665	366
1666	419
1667	420
1668	368
1669	382
1670	420
1671	427
1672	327
1673	307
1674	353
1675	410
1676	405
1677	398
1678	394
1679	348
1680	410
1681	423
1682	441
1683	394
1684	334
1685	411
1686	385
1687	360
1688	422
1689	357
1690	403
1691	389
1692	393
1693	361
1694	339
1695	365
1696	404
1697	364
1698	330
1699	351
1700	348
1701	334
1702	343
1703	369
1704	363
1705	359
1706	368
1707	376
1708	319
1709	415
1710	353
1711	403
1712	355
1713	435
1714	429
1715	382
1716	396
1717	355
1718	317
1719	368
1720	418
1721	409
1722	389
1723	414
1724	397
1725	406
1726	367
1727	443
1728	431
1729	370
1730	356
1731	411
1732	361
1733	455
1734	387
1735	420
1736	448
1737	385
1738	385
1739	353
1740	410
1741	381
1742	316
1743	340
1744	337
1745	365
1746	367
1747	349
1748	325
1749	337
1750	359
1751	368
1752	448
1753	346
1754	358
1755	348
1756	366
1757	367
1758	375
1759	307
1760	346
1761	386
1762	329
1763	329
1764	295
1765	328
1766	371
1767	297
1768	323
1769	320
1770	352
1771	336
1772	348
1773	372
1774	331
1775	386
1776	381
1777	309
1778	344
1779	351
1780	346
1781	350
1782	386
1783	351
1784	348
1785	334
1786	398
1787	370
1788	378
1789	383
1790	306
1791	335
1792	297
1793	340
1794	268
1795	349
1796	329
1797	327
1798	275
1799	335
1800	302
1801	379
1802	342
1803	352
1804	320
1805	318
1806	304
1807	296
1808	275
1809	290
1810	305
1811	322
1812	317
1813	310
1814	309
1815	277
1816	320
1817	298
1818	342
1819	332
1820	295
1821	254
1822	273
1823	306
1824	331
1825	327
1826	286
1827	297
1828	255
1829	296
1830	256
1831	315
1832	264
1833	264
1834	328
1835	301
1836	268
1837	266
1838	310
1839	284
1840	342
1841	293
1842	320
1843	304
1844	314
1845	308
1846	304
1847	266
1848	261
1849	318
1850	259
1851	260
1852	283
1853	299
1854	310
1855	310
1856	257
1857	307
1858	275
1859	295
1860	286
1861	287
1862	299
1863	252
1864	314
1865	319
1866	321
1867	307
1868	289
1869	373
1870	363
1871	290
1872	280
1873	320
1874	287
1875	381
1876	294
1877	344
1878	278
1879	325
1880	316
1881	315
1882	319
1883	342
1884	333
1885	332
1886	339
1887	270
1888	309
1889	314
1890	372
1891	309
1892	292
1893	307
1894	267
1895	291
1896	309
1897	311
1898	326
1899	303
1900	271
1901	255
1902	291
1903	304
1904	332
1905	263
1906	311
1907	290
1908	316
1909	284
1910	315
1911	274
1912	281
1913	283
1914	272
1915	296
1916	322
1917	324
1918	286
1919	296
1920	284
1921	233
1922	245
1923	280
1924	283
1925	329
1926	275
1927	265
1928	240
1929	267
1930	283
1931	274
1932	279
1933	293
1934	310
1935	309
1936	275
1937	320
1938	327
1939	289
1940	295
1941	275
1942	271
1943	284
1944	272
1945	294
1946	270
1947	361
1948	263
1949	292
1950	279
1951	253
1952	292
1953	355
1954	298
1955	297
1956	320
1957	294
1958	290
1959	316
1960	312
1961	297
1962	331
1963	297
1964	283
1965	296
1966	347
1967	359
1968	307
1969	355
1970	365
1971	326
1972	277
1973	330
1974	277
1975	291
1976	278
1977	349
1978	315
1979	335
1980	351
1981	320
1982	346
1983	329
1984	345
1985	318
1986	333
1987	320
1988	356
1989	322
1990	342
1991	340
1992	352
1993	331
1994	362
1995	352
1996	313
1997	299
1998	327
1999	357
2000	317
2001	362
2002	292
2003	322
2004	317
2005	313
2006	298
2007	273
2008	293
2009	360
2010	383
2011	307
2012	302
2013	331
2014	347
2015	307
2016	361
2017	322
2018	304
2019	313
2020	362
2021	279
2022	309
2023	347
2024	302
2025	313
2026	341
2027	398
2028	361
2029	305
2030	327
2031	373
2032	329
2033	316
2034	351
2035	314
2036	307
2037	275
2038	320
2039	290
2040	305
2041	341
2042	285
2043	341
2044	310
2045	292
2046	308
2047	316
2048	333
2049	350
2050	351
2051	329
2052	260
2053	281
2054	276
2055	338
2056	302
2057	325
2058	349
2059	351
2060	336
2061	325
2062	370
2063	366
2064	295
2065	259
2066	288
2067	285
2068	286
2069	300
2070	317
2071	316
2072	321
2073	312
2074	316
2075	277
2076	323
2077	258
2078	310
2079	315
2080	337
2081	344
2082	289
2083	366
2084	335
2085	273
2086	295
2087	283
2088	287
2089	284
2090	313
2091	331
2092	272
2093	319
2094	322
2095	321
2096	320
2097	302
2098	262
2099	294
2100	332
2101	305
2102	296
2103	335
2104	269
2105	330
2106	326
2107	334
2108	351
2109	352
2110	333
2111	319
2112	280
2113	269
2114	333
2115	315
2116	289
2117	325
2118	314
2119	272
2120	270
2121	317
2122	309
2123	324
2124	307
2125	242
2126	295
2127	247
2128	248
2129	258
2130	306
2131	288
2132	274
2133	251
2134	243
2135	275
2136	304
2137	213
2138	253
2139	300
2140	244
2141	225
2142	199
2143	266
2144	226
2145	298
2146	258
2147	292
2148	334
2149	308
2150	298
2151	300
2152	308
2153	272
2154	258
2155	257
2156	236
2157	266
2158	274
2159	286
2160	253
2161	246
2162	260
2163	287
2164	249
2165	276
2166	300
2167	265
2168	253
2169	239
2170	242
2171	240
2172	248
2173	233
2174	296
2175	293
2176	325
2177	256
2178	253
2179	271
2180	271
2181	258
2182	278
2183	253
2184	263
2185	223
2186	237
2187	227
2188	289
2189	252
2190	218
2191	256
2192	250
2193	227
2194	260
2195	239
2196	288
2197	284
2198	250
2199	276
2200	251
2201	267
2202	272
2203	330
2204	287
2205	285
2206	287
2207	255
2208	240
2209	294
2210	317
2211	338
2212	304
2213	301
2214	286
2215	304
2216	301
2217	286
2218	277
2219	298
2220	305
2221	297
2222	278
2223	313
2224	333
2225	306
2226	260
2227	318
2228	262
2229	305
2230	293
2231	290
2232	266
2233	273
2234	242
2235	266
2236	262
2237	307
2238	313
2239	267
2240	255
2241	270
2242	294
2243	328
2244	333
2245	284
2246	271
2247	279
2248	269
2249	318
2250	316
2251	272
2252	270
2253	246
2254	292
2255	349
2256	278
2257	298
2258	264
2259	317
2260	309
2261	336
2262	305
2263	352
2264	361
2265	326
2266	326
2267	372
2268	302
2269	298
2270	324
2271	325
2272	313
2273	362
2274	315
2275	317
2276	390
2277	337
2278	327
2279	334
2280	324
2281	314
2282	279
2283	340
2284	272
2285	269
2286	289
2287	274
2288	316
2289	287
2290	280
2291	326
2292	252
2293	341
2294	335
2295	258
2296	305
2297	245
2298	323
2299	266
2300	309
2301	310
2302	255
2303	288
2304	311
2305	280
2306	285
2307	292
2308	284
2309	249
2310	264
2311	290
2312	268
2313	308
2314	269
2315	301
2316	301
2317	288
2318	315
2319	351
2320	310
2321	340
2322	327
2323	322
2324	295
2325	291
2326	319
2327	312
2328	289
2329	264
2330	278
2331	242
2332	264
2333	265
2334	262
2335	251
2336	243
2337	279
2338	287
2339	276
2340	287
2341	260
2342	250
2343	250
2344	272
2345	275
2346	253
2347	257
2348	275
2349	304
2350	297
2351	292
2352	278
2353	273
2354	219
2355	233
2356	249
2357	241
2358	277
2359	248
2360	239
2361	228
2362	227
2363	291
2364	249
2365	271
2366	266
2367	274
2368	286
2369	277
2370	295
2371	269
2372	253
2373	277
2374	299
2375	303
2376	292
2377	285
2378	270
2379	246
2380	223
2381	260
2382	276
2383	287
2384	233
2385	280
2386	259
2387	215
2388	244
2389	276
2390	259
2391	235
2392	273
2393	272
2394	220
2395	286
2396	250
2397	221
2398	254
2399	253
2400	289
2401	261
2402	280
2403	276
2404	273
2405	273
2406	231
2407	231
2408	217
2409	261
2410	292
2411	273
2412	318
2413	312
2414	268
2415	260
2416	285
2417	235
2418	268
2419	264
2420	295
2421	296
2422	252
2423	283
2424	230
2425	256
2426	295
2427	329
2428	297
2429	328
2430	315
2431	315
2432	285
2433	254
2434	250
2435	242
2436	252
2437	271
2438	289
2439	367
2440	273
2441	281
2442	341
2443	281
2444	245
2445	288
2446	241
2447	281
2448	322
2449	343
2450	295
2451	320
2452	292
2453	312
2454	321
2455	303
2456	294
2457	262
2458	287
2459	309
2460	250
2461	254
2462	271
2463	251
2464	278
2465	315
2466	297
2467	274
2468	302
2469	227
2470	280
2471	328
2472	278
2473	271
2474	274
2475	268
2476	266
2477	269
2478	270
2479	263
2480	286
2481	278
2482	289
2483	246
2484	256
2485	249
2486	289
2487	265
2488	235
2489	229
2490	243
2491	238
2492	284
2493	259
2494	219
2495	257
2496	288
2497	293
2498	220
2499	225
2500	252
2501	219
2502	263
2503	226
2504	293
2505	251
2506	264
2507	245
2508	247
2509	267
2510	232
2511	294
2512	299
2513	309
2514	235
2515	258
2516	230
2517	232
2518	268
2519	238
2520	318
2521	303
2522	282
2523	266
2524	292
2525	267
2526	237
2527	260
2528	235
2529	236
2530	244
2531	248
2532	251
2533	255
2534	235
2535	255
2536	256
2537	252
2538	238
2539	236
2540	235
2541	224
2542	269
2543	266
2544	237
2545	214
2546	210
2547	178
2548	235
2549	196
2550	205
2551	249
2552	232
2553	228
2554	201
2555	233
2556	209
2557	230
2558	217
2559	253
2560	229
2561	207
2562	222
2563	227
2564	219
2565	176
2566	242
2567	235
2568	238
2569	216
2570	201
2571	216
2572	207
2573	204
2574	240
2575	223
2576	225
2577	238
2578	235
2579	296
2580	256
2581	235
2582	269
2583	240
2584	242
2585	257
2586	267
2587	253
2588	219
2589	275
2590	222
2591	257
2592	204
2593	221
2594	269
2595	246
2596	178
2597	223
2598	209
2599	219
2600	225
2601	233
2602	231
2603	256
2604	202
2605	248
2606	204
2607	235
2608	248
2609	219
2610	228
2611	231
2612	232
2613	221
2614	213
2615	264
2616	201
2617	195
2618	219
2619	205
2620	245
2621	272
2622	172
2623	220
2624	267
2625	246
2626	233
2627	207
2628	219
2629	202
2630	215
2631	250
2632	244
2633	267
2634	199
2635	212
2636	235
2637	224
2638	243
2639	238
2640	264
2641	288
2642	285
2643	266
2644	237
2645	230
2646	253
2647	199
2648	260
2649	277
2650	206
2651	249
2652	234
2653	276
2654	190
2655	209
2656	216
2657	253
2658	209
2659	194
2660	198
2661	211
2662	206
2663	206
2664	207
2665	191
2666	240
2667	220
2668	248
2669	210
2670	183
2671	156
2672	214
2673	181
2674	217
2675	247
2676	217
2677	220
2678	220
2679	206
2680	222
2681	193
2682	253
2683	205
2684	250
2685	272
2686	280
2687	235
2688	225
2689	231
2690	215
2691	219
2692	214
2693	235
2694	196
2695	260
2696	232
2697	217
2698	211
2699	203
2700	255
2701	223
2702	234
2703	279
2704	261
2705	259
2706	260
2707	215
2708	176
2709	217
2710	227
2711	287
2712	280
2713	251
2714	283
2715	237
2716	213
2717	221
2718	233
2719	247
2720	241
2721	204
2722	226
2723	228
2724	250
2725	248
2726	231
2727	236
2728	256
2729	220
2730	198
2731	162
2732	194
2733	203
2734	181
2735	183
2736	219
2737	198
2738	224
2739	251
2740	267
2741	227
2742	256
2743	207
2744	208
2745	204
2746	250
2747	235
2748	263
2749	219
2750	214
2751	225
2752	210
2753	249
2754	250
2755	232
2756	241
2757	228
2758	226
2759	251
2760	195
2761	233
2762	248
2763	306
2764	244
2765	213
2766	243
2767	209
2768	208
2769	237
2770	245
2771	216
2772	236
2773	221
2774	198
2775	253
2776	259
2777	249
2778	244
2779	200
2780	211
2781	246
2782	247
2783	288
2784	262
2785	222
2786	210
2787	173
2788	252
2789	220
2790	226
2791	216
2792	186
2793	226
2794	237
2795	219
2796	237
2797	222
2798	198
2799	185
2800	271
2801	263
2802	215
2803	188
2804	250
2805	205
2806	228
2807	247
2808	185
2809	215
2810	208
2811	198
2812	199
2813	208
2814	198
2815	163
2816	229
2817	231
2818	227
2819	186
2820	226
2821	228
2822	206
2823	207
2824	192
2825	204
2826	201
2827	210
2828	186
2829	192
2830	230
2831	240
2832	234
2833	246
2834	192
2835	221
2836	239
2837	284
2838	191
2839	247
2840	252
2841	237
2842	266
2843	180
2844	248
2845	194
2846	222
2847	221
2848	191
2849	229
2850	156
2851	171
2852	209
2853	182
2854	203
2855	218
2856	198
2857	240
2858	219
2859	195
2860	200
2861	246
2862	201
2863	178
2864	164
2865	255
2866	223
2867	168
2868	229
2869	208
2870	195
2871	209
2872	194
2873	209
2874	200
2875	190
2876	188
2877	192
2878	221
2879	172
2880	190
2881	211
2882	235
2883	241
2884	147
2885	200
2886	192
2887	199
2888	230
2889	176
2890	214
2891	206
2892	173
2893	200
2894	194
2895	191
2896	204
2897	195
2898	217
2899	179
2900	177
2901	221
2902	183
2903	217
2904	163
2905	183
2906	196
2907	196
2908	176
2909	169
2910	197
2911	192
2912	165
2913	169
2914	161
2915	196
2916	173
2917	204
2918	184
2919	165
2920	170
2921	181
2922	144
2923	199
2924	184
2925	127
2926	154
2927	183
2928	167
2929	169
2930	127
2931	134
2932	156
2933	152
2934	120
2935	149
2936	171
2937	158
2938	158
2939	172
2940	174
2941	171
2942	235
2943	182
2944	144
2945	165
2946	178
2947	125
2948	179
2949	152
2950	174
2951	186
2952	174
2953	201
2954	198
2955	158
2956	187
2957	169
2958	187
2959	176
2960	169
2961	154
2962	173
2963	184
2964	130
2965	175
2966	154
2967	164
2968	188
2969	186
2970	155
2971	197
2972	206
2973	189
2974	142
2975	175
2976	146
2977	146
2978	166
2979	167
2980	166
2981	168
2982	129
2983	158
2984	157
2985	154
2986	197
2987	168
2988	165
2989	173
2990	205
2991	186
2992	185
2993	215
2994	217
2995	212
2996	224
2997	230
2998	209
2999	172
3000	252
3001	177
3002	196
3003	160
3004	214
3005	204
3006	225
3007	213
3008	219
3009	222
3010	252
3011	193
3012	222
3013	256
3014	224
3015	209
3016	235
3017	170
3018	210
3019	198
3020	188
3021	174
3022	162
3023	184
3024	150
3025	163
3026	168
3027	193
3028	198
3029	210
3030	171
3031	199
3032	204
3033	187
3034	189
3035	173
3036	148
3037	189
3038	152
3039	201
3040	177
3041	169
3042	173
3043	176
3044	160
3045	178
3046	213
3047	186
3048	239
3049	208
3050	198
3051	241
3052	233
3053	214
3054	187
3055	216
3056	187
3057	207
3058	181
3059	214
3060	216
3061	214
3062	221
3063	213
3064	205
3065	210
3066	154
3067	203
3068	211
3069	264
3070	245
3071	198
3072	196
3073	231
3074	203
3075	191
3076	223
3077	205
3078	221
3079	169
3080	217
3081	156
3082	167
3083	180
3084	236
3085	180
3086	225
3087	216
3088	215
3089	222
3090	188
3091	176
3092	162
3093	230
3094	189
3095	187
3096	174
3097	181
3098	156
3099	156
3100	170
3101	193
3102	183
3103	190
3104	237
3105	194
3106	225
3107	184
3108	199
3109	213
3110	219
3111	178
3112	175
3113	231
3114	219
3115	175
3116	195
3117	167
3118	193
3119	184
3120	168
3121	149
3122	153
3123	230
3124	155
3125	138
3126	168
3127	180
3128	180
3129	147
3130	131
3131	164
3132	178
3133	231
3134	164
3135	159
3136	187
3137	155
3138	209
3139	167
3140	160
3141	164
3142	189
3143	145
3144	243
3145	170
3146	169
3147	183
3148	173
3149	185
3150	168
3151	142
3152	207
3153	148
3154	171
3155	183
3156	159
3157	194
3158	159
3159	184
3160	172
3161	163
3162	182
3163	184
3164	194
3165	195
3166	187
3167	150
3168	184
3169	195
3170	183
3171	178
3172	197
3173	141
3174	184
3175	150
3176	132
3177	144
3178	145
3179	227
3180	204
3181	229
3182	184
3183	207
3184	194
3185	240
3186	198
3187	196
3188	203
3189	221
3190	197
3191	165
3192	192
3193	197
3194	169
3195	161
3196	165
3197	182
3198	167
3199	207
3200	140
3201	163
3202	208
3203	172
3204	151
3205	169
3206	176
3207	171
3208	263
3209	223
3210	159
3211	177
3212	228
3213	169
3214	168
3215	179
3216	171
3217	174
3218	215
3219	252
3220	176
3221	194
3222	144
3223	143
3224	183
3225	162
3226	184
3227	195
3228	157
3229	200
3230	185
3231	207
3232	187
3233	195
3234	206
3235	204
3236	185
3237	241
3238	203
3239	229
3240	219
3241	169
3242	167
3243	214
3244	222
3245	202
3246	180
3247	222
3248	243
3249	207
3250	204
3251	220
3252	166
3253	196
3254	206
3255	212
3256	231
3257	223
3258	154
3259	206
3260	208
3261	197
3262	159
3263	204
3264	202
3265	201
3266	186
3267	195
3268	206
3269	194
3270	236
3271	229
3272	215
3273	202
3274	232
3275	204
3276	254
3277	212
3278	217
3279	243
3280	220
3281	226
3282	198
3283	224
3284	187
3285	239
3286	230
3287	171
3288	248
3289	251
3290	214
3291	221
3292	215
3293	206
3294	152
3295	204
3296	203
3297	191
3298	217
3299	215
3300	213
3301	232
3302	259
3303	172
3304	256
3305	207
3306	202
3307	223
3308	264
3309	179
3310	215
3311	212
3312	185
3313	242
3314	213
3315	242
3316	215
3317	191
3318	195
3319	220
3320	235
3321	202
3322	252
3323	205
3324	220
3325	203
3326	195
3327	225
3328	239
3329	192
3330	259
3331	241
3332	234
3333	250
3334	214
3335	226
3336	202
3337	212
3338	264
3339	209
3340	205
3341	225
3342	213
3343	224
3344	221
3345	236
3346	232
3347	248
3348	241
3349	219
3350	220
3351	205
3352	229
3353	200
3354	235
3355	228
3356	201
3357	219
3358	230
3359	235
3360	177
3361	185
3362	207
3363	205
3364	189
3365	193
3366	193
3367	207
3368	227
3369	190
3370	171
3371	192
3372	179
3373	198
3374	209
3375	214
3376	214
3377	202
3378	177
3379	190
3380	163
3381	166
3382	165
3383	208
3384	175
3385	186
3386	146
3387	177
3388	163
3389	183
3390	171
3391	162
3392	144
3393	172
3394	175
3395	144
3396	174
3397	169
3398	151
3399	161
3400	130
3401	180
3402	181
3403	182
3404	185
3405	176
3406	172
3407	176
3408	159
3409	168
3410	119
3411	160
3412	206
3413	173
3414	147
3415	168
3416	167
3417	133
3418	172
3419	180
3420	186
3421	179
3422	214
3423	195
3424	167
3425	197
3426	180
3427	185
3428	205
3429	172
3430	207
3431	176
3432	159
3433	185
3434	200
3435	189
3436	182
3437	123
3438	146
3439	222
3440	206
3441	161
3442	196
3443	174
3444	208
3445	171
3446	184
3447	175
3448	203
3449	165
3450	183
3451	171
3452	163
3453	144
3454	160
3455	154
3456	140
3457	185
3458	140
3459	183
3460	164
3461	195
3462	210
3463	236
3464	194
3465	176
3466	192
3467	211
3468	151
3469	178
3470	156
3471	179
3472	197
3473	169
3474	161
3475	219
3476	147
3477	167
3478	128
3479	166
3480	183
3481	157
3482	144
3483	138
3484	162
3485	177
3486	108
3487	167
3488	152
3489	173
3490	226
3491	180
3492	149
3493	186
3494	172
3495	129
3496	140
3497	149
3498	171
3499	161
3500	133
3501	170
3502	191
3503	170
3504	201
3505	182
3506	217
3507	161
3508	169
3509	124
3510	154
3511	107
3512	147
3513	157
3514	173
3515	174
3516	197
3517	179
3518	168
3519	172
3520	149
3521	157
3522	128
3523	179
3524	173
3525	221
3526	173
3527	136
3528	163
3529	194
3530	180
3531	140
3532	146
3533	158
3534	128
3535	142
3536	170
3537	146
3538	120
3539	141
3540	177
3541	155
3542	135
3543	167
3544	146
3545	159
3546	151
3547	173
3548	142
3549	172
3550	136
3551	118
3552	145
3553	150
3554	135
3555	178
3556	167
3557	156
3558	143
3559	143
3560	149
3561	134
3562	139
3563	127
3564	141
3565	145
3566	146
3567	157
3568	150
3569	177
3570	152
3571	130
3572	135
3573	98
3574	111
3575	121
3576	113
3577	122
3578	138
3579	106
3580	121
3581	134
3582	138
3583	160
3584	167
3585	208
3586	134
3587	158
3588	177
3589	181
3590	149
3591	156
3592	168
3593	132
3594	133
3595	141
3596	121
3597	130
3598	132
3599	158
3600	151
3601	182
3602	174
3603	139
3604	158
3605	121
3606	171
3607	133
3608	132
3609	132
3610	162
3611	114
3612	139
3613	167
3614	167
3615	115
3616	166
3617	125
3618	194
3619	151
3620	122
3621	148
3622	162
3623	148
3624	208
3625	155
3626	183
3627	202
3628	167
3629	154
3630	139
3631	125
3632	132
3633	186
3634	159
3635	183
3636	164
3637	120
3638	122
3639	143
3640	133
3641	146
3642	165
3643	176
3644	141
3645	140
3646	169
3647	147
3648	148
3649	161
3650	123
3651	145
3652	147
3653	150
3654	135
3655	119
3656	117
3657	144
3658	127
3659	165
3660	143
3661	154
3662	147
3663	133
3664	164
3665	146
3666	135
3667	124
3668	143
3669	141
3670	156
3671	166
3672	199
3673	173
3674	169
3675	127
3676	169
3677	148
3678	150
3679	133
3680	128
3681	135
3682	129
3683	143
3684	154
3685	150
3686	169
3687	153
3688	187
3689	153
3690	160
3691	140
3692	150
3693	140
3694	169
3695	164
3696	189
3697	139
3698	160
3699	184
3700	197
3701	177
3702	169
3703	148
3704	191
3705	167
3706	156
3707	172
3708	146
3709	183
3710	159
3711	136
3712	152
3713	135
3714	189
3715	132
3716	179
3717	162
3718	166
3719	155
3720	147
3721	153
3722	133
3723	157
3724	184
3725	160
3726	113
3727	155
3728	165
3729	112
3730	158
3731	121
3732	138
3733	161
3734	155
3735	160
3736	159
3737	164
3738	149
3739	133
3740	178
3741	154
3742	181
3743	142
3744	156
3745	155
3746	141
3747	104
3748	168
3749	154
3750	145
3751	162
3752	176
3753	139
3754	150
3755	132
3756	146
3757	110
3758	154
3759	164
3760	141
3761	146
3762	149
3763	199
3764	142
3765	149
3766	111
3767	139
3768	126
3769	163
3770	145
3771	155
3772	123
3773	170
3774	167
3775	188
3776	134
3777	134
3778	117
3779	134
3780	160
3781	205
3782	129
3783	142
3784	149
3785	151
3786	128
3787	139
3788	173
3789	172
3790	173
3791	128
3792	135
3793	172
3794	167
3795	137
3796	158
3797	156
3798	159
3799	142
3800	133
3801	152
3802	134
3803	113
3804	122
3805	169
3806	153
3807	141
3808	174
3809	159
3810	163
3811	184
3812	115
3813	201
3814	154
3815	176
3816	165
3817	178
3818	191
3819	188
3820	156
3821	142
3822	165
3823	146
3824	132
3825	152
3826	142
3827	132
3828	149
3829	152
3830	176
3831	177
3832	164
3833	178
3834	137
3835	167
3836	138
3837	188
3838	133
3839	153
3840	162
3841	156
3842	156
3843	164
3844	134
3845	219
3846	163
3847	134
3848	162
3849	159
3850	147
3851	143
3852	147
3853	120
3854	173
3855	158
3856	152
3857	138
3858	159
3859	164
3860	120
3861	182
3862	116
3863	189
3864	164
3865	200
3866	135
3867	151
3868	137
3869	162
3870	135
3871	126
3872	85
3873	149
3874	151
3875	136
3876	160
3877	186
3878	146
3879	176
3880	172
3881	112
3882	206
3883	182
3884	150
3885	170
3886	165
3887	173
3888	132
3889	137
3890	198
3891	181
3892	153
3893	174
3894	200
3895	189
3896	183
3897	200
3898	142
3899	155
3900	131
3901	150
3902	166
3903	158
3904	148
3905	158
3906	179
3907	159
3908	175
3909	198
3910	170
3911	172
3912	174
3913	174
3914	169
3915	171
3916	154
3917	141
3918	178
3919	186
3920	192
3921	176
3922	167
3923	160
3924	229
3925	250
3926	159
3927	173
3928	145
3929	218
3930	160
3931	185
3932	181
3933	181
3934	193
3935	147
3936	228
3937	178
3938	191
3939	192
3940	214
3941	162
3942	163
3943	162
3944	184
3945	202
3946	199
3947	157
3948	171
3949	213
3950	173
3951	179
3952	198
3953	157
3954	154
3955	166
3956	174
3957	187
3958	178
3959	181
3960	179
3961	181
3962	163
3963	167
3964	134
3965	151
3966	151
3967	138
3968	157
3969	130
3970	164
3971	186
3972	181
3973	192
3974	160
3975	166
3976	136
3977	161
3978	193
3979	151
3980	160
3981	136
3982	165
3983	202
3984	154
3985	142
3986	159
3987	166
3988	154
3989	171
3990	168
3991	123
3992	112
3993	131
3994	169
3995	147
3996	190
3997	143
3998	172
3999	174
4000	144
4001	148
4002	175
4003	156
4004	151
4005	182
4006	156
4007	149
4008	166
4009	167
4010	157
4011	201
4012	140
4013	179
4014	135
4015	150
4016	151
4017	150
4018	174
4019	135
4020	205
4021	190
4022	189
4023	171
4024	201
4025	175
4026	170
4027	142
4028	194
4029	163
4030	146
4031	150
4032	161
4033	152
4034	158
4035	178
4036	179
4037	156
4038	217
4039	179
4040	187
4041	205
4042	155
4043	189
4044	138
4045	173
4046	210
4047	192
4048	151
4049	178
4050	161
4051	219
4052	189
4053	196
4054	222
4055	219
4056	199
4057	182
4058	195
4059	195
4060	200
4061	264
4062	149
4063	225
4064	187
4065	180
4066	177
4067	205
4068	178
4069	203
4070	199
4071	177
4072	173
4073	164
4074	145
4075	152
4076	140
4077	175
4078	199
4079	193
4080	205
4081	172
4082	169
4083	207
4084	201
4085	196
4086	161
4087	165
4088	163
4089	175
4090	197
4091	173
4092	156
4093	201
4094	203
4095	167
4096	165
4097	188
4098	160
4099	182
4100	159
4101	187
4102	148
4103	145
4104	110
4105	175
4106	107
4107	132
4108	151
4109	153
4110	142
4111	204
4112	162
4113	146
4114	131
4115	165
4116	183
4117	167
4118	181
4119	149
4120	152
4121	104
4122	160
4123	126
4124	170
4125	146
4126	175
4127	156
4128	140
4129	132
4130	149
4131	133
4132	149
4133	125
4134	144
4135	122
4136	133
4137	139
4138	129
4139	129
4140	132
4141	152
4142	160
4143	181
4144	143
4145	162
4146	182
4147	134
4148	170
4149	181
4150	149
4151	135
4152	141
4153	120
4154	145
4155	181
4156	162
4157	161
4158	173
4159	108
4160	117
4161	146
4162	136
4163	133
4164	123
4165	145
4166	132
4167	117
4168	115
4169	124
4170	152
4171	145
4172	139
4173	123
4174	147
4175	143
4176	122
4177	128
4178	121
4179	118
4180	116
4181	124
4182	106
4183	110
4184	108
4185	108
4186	144
4187	111
4188	125
4189	133
4190	113
4191	132
4192	149
4193	122
4194	128
4195	117
4196	102
4197	107
4198	113
4199	104
4200	134
4201	146
4202	130
4203	134
4204	106
4205	169
4206	124
4207	134
4208	125
4209	132
4210	148
4211	118
4212	141
4213	106
4214	133
4215	134
4216	126
4217	117
4218	154
4219	121
4220	99
4221	96
4222	142
4223	129
4224	159
4225	119
4226	100
4227	120
4228	122
4229	123
4230	126
4231	160
4232	111
4233	98
4234	107
4235	135
4236	151
4237	142
4238	117
4239	161
4240	134
4241	140
4242	114
4243	124
4244	128
4245	171
4246	116
4247	112
4248	107
4249	96
4250	162
4251	156
4252	129
4253	132
4254	150
4255	148
4256	118
4257	153
4258	123
4259	157
4260	113
4261	111
4262	78
4263	120
4264	148
4265	136
4266	118
4267	151
4268	120
4269	145
4270	123
4271	120
4272	129
4273	116
4274	142
4275	118
4276	133
4277	100
4278	103
4279	130
4280	148
4281	120
4282	144
4283	118
4284	99
4285	130
4286	95
4287	97
4288	114
4289	125
4290	118
4291	119
4292	141
4293	142
4294	136
4295	114
4296	118
4297	92
4298	112
4299	101
4300	98
4301	106
4302	94
4303	99
4304	102
4305	131
4306	137
4307	114
4308	99
4309	111
4310	105
4311	132
4312	100
4313	103
4314	84
4315	96
4316	120
4317	116
4318	131
4319	134
4320	129
4321	135
4322	93
4323	132
4324	126
4325	119
4326	120
4327	85
4328	119
4329	141
4330	123
4331	149
4332	95
4333	106
4334	111
4335	91
4336	92
4337	106
4338	113
4339	118
4340	133
4341	126
4342	100
4343	108
4344	113
4345	108
4346	147
4347	113
4348	89
4349	114
4350	95
4351	92
4352	105
4353	111
4354	120
4355	107
4356	86
4357	68
4358	90
4359	103
4360	80
4361	102
4362	92
4363	79
4364	106
4365	64
4366	65
4367	99
4368	109
4369	106
4370	90
4371	81
4372	120
4373	96
4374	100
4375	101
4376	97
4377	92
4378	81
4379	114
4380	71
4381	103
4382	102
4383	99
4384	96
4385	97
4386	72
4387	94
4388	108
4389	101
4390	125
4391	115
4392	111
4393	99
4394	114
4395	112
4396	108
4397	109
4398	89
4399	111
4400	98
4401	99
4402	141
4403	130
4404	110
4405	123
4406	118
4407	124
4408	98
4409	106
4410	118
4411	134
4412	126
4413	103
4414	120
4415	108
4416	104
4417	111
4418	118
4419	116
4420	101
4421	128
4422	123
4423	164
4424	132
4425	100
4426	125
4427	143
4428	128
4429	124
4430	96
4431	113
4432	88
4433	88
4434	147
4435	121
4436	111
4437	96
4438	106
4439	104
4440	99
4441	129
4442	106
4443	128
4444	97
4445	87
4446	92
4447	127
4448	112
4449	100
4450	83
4451	138
4452	114
4453	104
4454	136
4455	87
4456	112
4457	116
4458	131
4459	143
4460	114
4461	136
4462	117
4463	110
4464	99
4465	112
4466	111
4467	90
4468	80
4469	111
4470	99
4471	84
4472	103
4473	81
4474	116
4475	114
4476	123
4477	116
4478	103
4479	126
4480	131
4481	144
4482	108
4483	107
4484	111
4485	138
4486	100
4487	101
4488	113
4489	97
4490	126
4491	113
4492	99
4493	125
4494	100
4495	110
4496	98
4497	104
4498	109
4499	95
4500	98
4501	98
4502	108
4503	128
4504	119
4505	130
4506	142
4507	154
4508	126
4509	149
4510	125
4511	134
4512	132
4513	138
4514	117
4515	122
4516	110
4517	83
4518	105
4519	116
4520	77
4521	111
4522	83
4523	103
4524	77
4525	87
4526	118
4527	126
4528	121
4529	130
4530	128
4531	123
4532	126
4533	135
4534	102
4535	97
4536	146
4537	109
4538	139
4539	97
4540	77
4541	87
4542	151
4543	135
4544	121
4545	114
4546	159
4547	113
4548	105
4549	111
4550	116
4551	109
4552	111
4553	124
4554	107
4555	143
4556	144
4557	135
4558	155
4559	148
4560	126
4561	157
4562	146
4563	122
4564	111
4565	137
4566	169
4567	153
4568	150
4569	169
4570	141
4571	124
4572	127
4573	121
4574	119
4575	114
4576	89
4577	142
4578	108
4579	117
4580	122
4581	158
4582	123
4583	112
4584	118
4585	132
4586	154
4587	122
4588	137
4589	105
4590	109
4591	134
4592	151
4593	142
4594	130
4595	133
4596	122
4597	126
4598	117
4599	100
4600	129
4601	101
4602	108
4603	127
4604	137
4605	102
4606	116
4607	107
4608	119
4609	149
4610	120
4611	141
4612	112
4613	120
4614	86
4615	97
4616	130
4617	123
4618	128
4619	118
4620	125
4621	125
4622	120
4623	118
4624	121
4625	169
4626	121
4627	80
4628	120
4629	111
4630	98
4631	90
4632	114
4633	93
4634	136
4635	107
4636	103
4637	112
4638	112
4639	101
4640	114
4641	161
4642	143
4643	125
4644	119
4645	112
4646	77
4647	100
4648	100
4649	108
4650	116
4651	99
4652	86
4653	112
4654	92
4655	99
4656	110
4657	134
4658	131
4659	110
4660	96
4661	89
4662	106
4663	98
4664	102
4665	129
4666	103
4667	132
4668	111
4669	129
4670	110
4671	94
4672	116
4673	88
4674	74
4675	108
4676	107
4677	103
4678	97
4679	90
4680	121
4681	83
4682	114
4683	85
4684	103
4685	130
4686	143
4687	147
4688	122
4689	105
4690	108
4691	110
4692	117
4693	116
4694	142
4695	124
4696	114
4697	108
4698	112
4699	156
4700	150
4701	97
4702	149
4703	110
4704	113
4705	130
4706	106
4707	118
4708	95
4709	102
4710	122
4711	122
4712	96
4713	116
4714	97
4715	111
4716	96
4717	86
4718	94
4719	120
4720	99
4721	125
4722	99
4723	117
4724	91
4725	97
4726	88
4727	122
4728	100
4729	115
4730	108
4731	73
4732	98
4733	117
4734	137
4735	118
4736	102
4737	124
4738	120
4739	119
4740	117
4741	135
4742	131
4743	112
4744	116
4745	101
4746	95
4747	107
4748	90
4749	111
4750	114
4751	112
4752	124
4753	107
4754	71
4755	106
4756	79
4757	85
4758	89
4759	108
4760	97
4761	89
4762	92
4763	80
4764	95
4765	104
4766	100
4767	113
4768	130
4769	113
4770	93
4771	117
4772	112
4773	130
4774	118
4775	130
4776	103
4777	102
4778	82
4779	113
4780	96
4781	76
4782	101
4783	121
4784	118
4785	129
4786	135
4787	140
4788	124
4789	130
4790	93
4791	131
4792	101
4793	138
4794	131
4795	118
4796	122
4797	86
4798	120
4799	130
4800	96
4801	101
4802	104
4803	98
4804	128
4805	100
4806	139
4807	106
4808	105
4809	151
4810	98
4811	105
4812	102
4813	90
4814	108
4815	121
4816	128
4817	109
4818	126
4819	95
4820	107
4821	79
4822	125
4823	88
4824	97
4825	109
4826	116
4827	106
4828	130
4829	119
4830	96
4831	116
4832	120
4833	106
4834	77
4835	111
4836	127
4837	105
4838	86
4839	115
4840	88
4841	135
4842	87
4843	95
4844	83
4845	105
4846	82
4847	90
4848	90
4849	94
4850	97
4851	94
4852	97
4853	84
4854	110
4855	50
4856	73
4857	68
4858	70
4859	99
4860	102
4861	97
4862	94
4863	99
4864	78
4865	64
4866	71
4867	83
4868	104
4869	124
4870	76
4871	76
4872	88
4873	103
4874	122
4875	101
4876	114
4877	107
4878	87
4879	67
4880	95
4881	103
4882	127
4883	86
4884	95
4885	77
4886	100
4887	82
4888	88
4889	92
4890	118
4891	118
4892	85
4893	117
4894	140
4895	126
4896	94
4897	98
4898	74
4899	108
4900	87
4901	79
4902	95
4903	76
4904	95
4905	96
4906	90
4907	140
4908	89
4909	112
4910	131
4911	122
4912	132
4913	114
4914	93
4915	90
4916	107
4917	73
4918	77
4919	130
4920	114
4921	121
4922	76
4923	97
4924	81
4925	110
4926	95
4927	145
4928	107
4929	81
4930	105
4931	88
4932	80
4933	107
4934	80
4935	114
4936	92
4937	99
4938	93
4939	69
4940	100
4941	94
4942	93
4943	91
4944	116
4945	83
4946	107
4947	114
4948	102
4949	93
4950	102
4951	126
4952	118
4953	103
4954	84
4955	98
4956	69
4957	127
4958	88
4959	90
4960	62
4961	78
4962	93
4963	91
4964	139
4965	136
4966	132
4967	115
4968	123
4969	114
4970	149
4971	97
4972	101
4973	114
4974	126
4975	84
4976	111
4977	152
4978	101
4979	82
4980	108
4981	99
4982	109
4983	91
4984	110
4985	125
4986	126
4987	139
4988	102
4989	122
4990	120
4991	127
4992	70
4993	98
4994	94
4995	85
4996	91
4997	74
4998	91
4999	88
5000	96
5001	118
5002	76
5003	79
5004	63
5005	118
5006	99
5007	112
5008	109
5009	124
5010	104
5011	117
5012	88
5013	101
5014	101
5015	94
5016	102
5017	128
5018	135
5019	115
5020	119
5021	81
5022	91
5023	99
5024	131
5025	116
5026	139
5027	108
5028	127
5029	170
5030	142
5031	84
5032	133
5033	123
5034	119
5035	125
5036	109
5037	83
5038	134
5039	134
5040	106
5041	104
5042	143
5043	156
5044	111
5045	101
5046	141
5047	114
5048	78
5049	98
5050	112
5051	121
5052	105
5053	95
5054	119
5055	98
5056	120
5057	122
5058	132
5059	109
5060	100
5061	96
5062	103
5063	91
5064	94
5065	99
5066	91
5067	110
5068	103
5069	125
5070	107
5071	119
5072	136
5073	97
5074	108
5075	103
5076	111
5077	116
5078	92
5079	88
5080	109
5081	90
5082	98
5083	119
5084	104
5085	104
5086	95
5087	60
5088	111
5089	71
5090	89
5091	90
5092	84
5093	127
5094	116
5095	116
5096	124
5097	93
5098	115
5099	103
5100	115
5101	97
5102	73
5103	106
5104	92
5105	76
5106	110
5107	105
5108	99
5109	117
5110	100
5111	88
5112	101
5113	86
5114	82
5115	78
5116	97
5117	104
5118	126
5119	97
5120	102
5121	105
5122	77
5123	77
5124	86
5125	92
5126	72
5127	66
5128	81
5129	95
5130	96
5131	90
5132	108
5133	121
5134	112
5135	114
5136	107
5137	92
5138	68
5139	100
5140	76
5141	70
5142	107
5143	129
5144	71
5145	94
5146	118
5147	88
5148	62
5149	120
5150	100
5151	129
5152	109
5153	102
5154	97
5155	74
5156	116
5157	84
5158	111
5159	102
5160	133
5161	131
5162	91
5163	93
5164	122
5165	104
5166	99
5167	101
5168	87
5169	130
5170	106
5171	92
5172	41
5173	66
5174	96
5175	101
5176	108
5177	82
5178	104
5179	91
5180	138
5181	96
5182	75
5183	119
5184	77
5185	120
5186	97
5187	113
5188	109
5189	108
5190	89
5191	92
5192	83
5193	84
5194	79
5195	106
5196	104
5197	86
5198	97
5199	109
5200	130
5201	85
5202	92
5203	75
5204	91
5205	131
5206	53
5207	67
5208	70
5209	102
5210	93
5211	80
5212	98
5213	94
5214	108
5215	71
5216	103
5217	84
5218	69
5219	73
5220	99
5221	108
5222	81
5223	95
5224	110
5225	120
5226	101
5227	83
5228	115
5229	92
5230	61
5231	113
5232	79
5233	73
5234	61
5235	64
5236	92
5237	90
5238	79
5239	97
5240	69
5241	96
5242	96
5243	108
5244	73
5245	72
5246	79
5247	76
5248	89
5249	86
5250	77
5251	80
5252	59
5253	81
5254	128
5255	101
5256	79
5257	95
5258	90
5259	117
5260	92
5261	103
5262	98
5263	83
5264	111
5265	86
5266	106
5267	84
5268	97
5269	94
5270	97
5271	81
5272	101
5273	97
5274	97
5275	74
5276	80
5277	63
5278	86
5279	89
5280	86
5281	91
5282	75
5283	94
5284	74
5285	67
5286	83
5287	73
5288	82
5289	67
5290	84
5291	72
5292	71
5293	82
5294	80
5295	68
5296	101
5297	94
5298	110
5299	95
5300	78
5301	84
5302	76
5303	77
5304	96
5305	78
5306	77
5307	71
5308	51
5309	70
5310	94
5311	114
5312	87
5313	103
5314	119
5315	67
5316	104
5317	92
5318	104
5319	77
5320	103
5321	55
5322	62
5323	95
5324	86
5325	88
5326	106
5327	95
5328	107
5329	87
5330	104
5331	72
5332	75
5333	73
5334	80
5335	87
5336	81
5337	88
5338	91
5339	84
5340	99
5341	85
5342	82
5343	88
5344	96
5345	87
5346	109
5347	88
5348	100
5349	70
5350	96
5351	73
5352	100
5353	96
5354	78
5355	90
5356	99
5357	88
5358	82
5359	114
5360	97
5361	94
5362	139
5363	131
5364	81
5365	79
5366	74
5367	90
5368	100
5369	66
5370	86
5371	91
5372	89
5373	78
5374	81
5375	93
5376	93
5377	103
5378	86
5379	110
5380	102
5381	103
5382	99
5383	99
5384	85
5385	73
5386	92
5387	86
5388	80
5389	88
5390	72
5391	56
5392	79
5393	89
5394	85
5395	93
5396	103
5397	67
5398	107
5399	64
5400	95
5401	71
5402	59
5403	97
5404	80
5405	90
5406	96
5407	97
5408	69
5409	96
5410	65
5411	83
5412	102
5413	91
5414	87
5415	97
5416	86
5417	102
5418	116
5419	112
5420	100
5421	104
5422	78
5423	107
5424	117
5425	80
5426	77
5427	73
5428	92
5429	84
5430	87
5431	86
5432	110
5433	79
5434	92
5435	90
5436	54
5437	87
5438	103
5439	91
5440	91
5441	80
5442	92
5443	88
5444	95
5445	99
5446	70
5447	92
5448	84
5449	73
5450	68
5451	107
5452	91
5453	76
5454	90
5455	76
5456	89
5457	113
5458	90
5459	70
5460	76
5461	71
5462	84
5463	79
5464	94
5465	79
5466	93
5467	85
5468	79
5469	70
5470	91
5471	99
5472	86
5473	130
5474	106
5475	139
5476	88
5477	87
5478	68
5479	79
5480	101
5481	102
5482	100
5483	112
5484	100
5485	102
5486	74
5487	96
5488	82
5489	91
5490	105
5491	88
5492	104
5493	106
5494	88
5495	118
5496	78
5497	109
5498	91
5499	119
5500	88
5501	93
5502	75
5503	81
5504	69
5505	88
5506	75
5507	113
5508	104
5509	120
5510	131
5511	116
5512	73
5513	88
5514	138
5515	145
5516	111
5517	111
5518	98
5519	88
5520	76
5521	72
5522	101
5523	114
5524	94
5525	125
5526	116
5527	119
5528	110
5529	115
5530	84
5531	95
5532	118
5533	112
5534	124
5535	80
5536	78
5537	97
5538	96
5539	94
5540	114
5541	134
5542	134
5543	119
5544	129
5545	98
5546	115
5547	81
5548	104
5549	104
5550	116
5551	113
5552	135
5553	115
5554	115
5555	109
5556	115
5557	106
5558	97
5559	116
5560	129
5561	88
5562	100
5563	96
5564	127
5565	74
5566	81
5567	93
5568	76
5569	91
5570	84
5571	80
5572	71
5573	83
5574	84
5575	121
5576	108
5577	123
5578	113
5579	74
5580	96
5581	76
5582	98
5583	99
5584	86
5585	108
5586	87
5587	96
5588	114
5589	111
5590	87
5591	85
5592	111
5593	119
5594	96
5595	109
5596	114
5597	102
5598	85
5599	125
5600	85
5601	106
5602	100
5603	98
5604	84
5605	98
5606	74
5607	104
5608	81
5609	89
5610	86
5611	112
5612	89
5613	112
5614	143
5615	95
5616	107
5617	98
5618	73
5619	73
5620	48
5621	85
5622	95
5623	75
5624	71
5625	85
5626	108
5627	101
5628	99
5629	101
5630	69
5631	86
5632	80
5633	96
5634	93
5635	113
5636	89
5637	90
5638	90
5639	97
5640	98
5641	93
5642	101
5643	100
5644	71
5645	85
5646	116
5647	108
5648	96
5649	93
5650	92
5651	106
5652	92
5653	92
5654	97
5655	82
5656	84
5657	77
5658	84
5659	92
5660	122
5661	92
5662	111
5663	92
5664	85
5665	97
5666	69
5667	73
5668	56
5669	57
5670	110
5671	91
5672	93
5673	80
5674	112
5675	132
5676	85
5677	72
5678	98
5679	82
5680	77
5681	89
5682	97
5683	94
5684	79
5685	79
5686	73
5687	75
5688	69
5689	91
5690	76
5691	83
5692	103
5693	106
5694	95
5695	107
5696	79
5697	75
5698	95
5699	95
5700	94
5701	80
5702	99
5703	71
5704	82
5705	108
5706	99
5707	106
5708	97
5709	90
5710	86
5711	118
5712	119
5713	87
5714	110
5715	80
5716	93
5717	127
5718	97
5719	73
5720	91
5721	69
5722	88
5723	95
5724	105
5725	98
5726	102
5727	64
5728	106
5729	86
5730	82
5731	100
5732	61
5733	64
5734	78
5735	79
5736	76
5737	73
5738	83
5739	66
5740	96
5741	87
5742	78
5743	92
5744	110
5745	111
5746	84
5747	121
5748	77
5749	109
5750	96
5751	105
5752	85
5753	89
5754	89
5755	86
5756	78
5757	87
5758	70
5759	75
5760	96
5761	76
5762	86
5763	91
5764	69
5765	86
5766	74
5767	68
5768	106
5769	85
5770	111
5771	95
5772	134
5773	98
5774	92
5775	99
5776	58
5777	112
5778	89
5779	79
5780	91
5781	102
5782	94
5783	68
5784	100
5785	66
5786	72
5787	76
5788	64
5789	88
5790	84
5791	65
5792	63
5793	71
5794	81
5795	76
5796	72
5797	79
5798	83
5799	77
5800	79
5801	55
5802	68
5803	77
5804	72
5805	70
5806	57
5807	58
5808	63
5809	72
5810	78
5811	81
5812	95
5813	92
5814	90
5815	104
5816	58
5817	93
5818	68
5819	56
5820	87
5821	80
5822	64
5823	72
5824	79
5825	91
5826	92
5827	92
5828	84
5829	77
5830	114
5831	84
5832	88
5833	114
5834	126
5835	75
5836	99
5837	60
5838	80
5839	89
5840	89
5841	90
5842	78
5843	91
5844	82
5845	85
5846	115
5847	92
5848	86
5849	77
5850	88
5851	93
5852	79
5853	87
5854	94
5855	90
5856	82
5857	91
5858	95
5859	92
5860	111
5861	73
5862	85
5863	77
5864	72
5865	94
5866	65
5867	80
5868	74
5869	66
5870	52
5871	63
5872	90
5873	64
5874	56
5875	73
5876	76
5877	77
5878	72
5879	60
5880	73
5881	45
5882	55
5883	71
5884	94
5885	84
5886	110
5887	84
5888	91
5889	100
5890	94
5891	85
5892	93
5893	75
5894	76
5895	74
5896	83
5897	93
5898	124
5899	91
5900	88
5901	83
5902	82
5903	77
5904	97
5905	92
5906	89
5907	104
5908	97
5909	128
5910	125
5911	109
5912	55
5913	49
5914	48
5915	81
5916	50
5917	70
5918	89
5919	81
5920	74
5921	76
5922	88
5923	70
5924	63
5925	93
5926	63
5927	82
5928	98
5929	74
5930	84
5931	70
5932	87
5933	82
5934	73
5935	86
5936	114
5937	86
5938	107
5939	116
5940	93
5941	120
5942	106
5943	123
5944	99
5945	118
5946	86
5947	116
5948	98
5949	86
5950	94
5951	99
5952	98
5953	80
5954	123
5955	118
5956	69
5957	65
5958	98
5959	89
5960	77
5961	77
5962	67
5963	94
5964	92
5965	100
5966	112
5967	112
5968	89
5969	111
5970	88
5971	109
5972	95
5973	78
5974	100
5975	72
5976	63
5977	93
5978	91
5979	108
5980	95
5981	89
5982	123
5983	94
5984	101
5985	75
5986	81
5987	70
5988	86
5989	87
5990	92
5991	107
5992	104
5993	89
5994	72
5995	82
5996	87
5997	85
5998	82
5999	96
6000	99
6001	102
6002	87
6003	81
6004	108
6005	90
6006	70
6007	64
6008	68
6009	86
6010	84
6011	99
6012	62
6013	93
6014	97
6015	102
6016	81
6017	94
6018	106
6019	98
6020	106
6021	82
6022	92
6023	104
6024	131
6025	83
6026	91
6027	78
6028	106
6029	85
6030	67
6031	83
6032	72
6033	72
6034	89
6035	70
6036	83
6037	102
6038	87
6039	77
6040	111
6041	88
6042	85
6043	83
6044	77
6045	73
6046	93
6047	41
6048	52
6049	89
6050	63
6051	111
6052	66
6053	90
6054	91
6055	91
6056	87
6057	85
6058	71
6059	110
6060	80
6061	105
6062	64
6063	76
6064	66
6065	80
6066	60
6067	85
6068	99
6069	105
6070	67
6071	84
6072	61
6073	76
6074	70
6075	65
6076	69
6077	77
6078	80
6079	61
6080	75
6081	54
6082	69
6083	72
6084	45
6085	55
6086	49
6087	66
6088	57
6089	68
6090	49
6091	50
6092	72
6093	90
6094	96
6095	91
6096	89
6097	72
6098	66
6099	107
6100	87
6101	80
6102	76
6103	93
6104	78
6105	83
6106	73
6107	68
6108	50
6109	65
6110	49
6111	78
6112	62
6113	65
6114	66
6115	72
6116	72
6117	66
6118	65
6119	66
6120	84
6121	80
6122	121
6123	78
6124	84
6125	70
6126	84
6127	68
6128	97
6129	99
6130	125
6131	66
6132	81
6133	88
6134	89
6135	88
6136	70
6137	84
6138	76
6139	88
6140	79
6141	107
6142	81
6143	99
6144	79
6145	74
6146	81
6147	83
6148	90
6149	89
6150	58
6151	86
6152	82
6153	105
6154	71
6155	75
6156	103
6157	125
6158	75
6159	79
6160	68
6161	54
6162	82
6163	74
6164	86
6165	77
6166	79
6167	89
6168	66
6169	67
6170	69
6171	50
6172	61
6173	84
6174	57
6175	58
6176	92
6177	96
6178	83
6179	97
6180	65
6181	86
6182	81
6183	84
6184	83
6185	96
6186	98
6187	83
6188	73
6189	75
6190	98
6191	65
6192	67
6193	70
6194	73
6195	67
6196	76
6197	55
6198	66
6199	48
6200	43
6201	77
6202	80
6203	88
6204	47
6205	86
6206	78
6207	70
6208	116
6209	81
6210	79
6211	83
6212	73
6213	58
6214	61
6215	73
6216	62
6217	76
6218	76
6219	67
6220	75
6221	66
6222	66
6223	76
6224	60
6225	59
6226	74
6227	62
6228	72
6229	82
6230	70
6231	71
6232	86
6233	82
6234	85
6235	68
6236	77
6237	51
6238	60
6239	67
6240	61
6241	72
6242	65
6243	61
6244	89
6245	66
6246	89
6247	65
6248	83
6249	90
6250	85
6251	75
6252	95
6253	88
6254	90
6255	79
6256	65
6257	67
6258	102
6259	59
6260	65
6261	70
6262	74
6263	89
6264	84
6265	83
6266	85
6267	90
6268	77
6269	69
6270	77
6271	117
6272	74
6273	95
6274	86
6275	99
6276	102
6277	90
6278	110
6279	76
6280	92
6281	86
6282	71
6283	89
6284	67
6285	89
6286	90
6287	99
6288	117
6289	78
6290	88
6291	80
6292	100
6293	75
6294	111
6295	80
6296	118
6297	71
6298	78
6299	86
6300	127
6301	91
6302	92
6303	95
6304	66
6305	70
6306	91
6307	83
6308	86
6309	80
6310	90
6311	102
6312	89
6313	88
6314	77
6315	76
6316	86
6317	112
6318	83
6319	97
6320	89
6321	108
6322	90
6323	102
6324	111
6325	93
6326	96
6327	109
6328	98
6329	84
6330	78
6331	98
6332	82
6333	100
6334	60
6335	97
6336	103
6337	92
6338	93
6339	99
6340	90
6341	92
6342	81
6343	80
6344	60
6345	63
6346	73
6347	86
6348	74
6349	73
6350	71
6351	67
6352	107
6353	76
6354	96
6355	77
6356	76
6357	102
6358	57
6359	67
6360	80
6361	77
6362	98
6363	68
6364	70
6365	88
6366	99
6367	68
6368	57
6369	44
6370	43
6371	48
6372	68
6373	71
6374	88
6375	69
6376	106
6377	70
6378	87
6379	87
6380	93
6381	63
6382	55
6383	60
6384	64
6385	53
6386	62
6387	55
6388	73
6389	77
6390	56
6391	65
6392	64
6393	85
6394	64
6395	68
6396	44
6397	67
6398	72
6399	56
6400	56
6401	63
6402	54
6403	74
6404	59
6405	55
6406	80
6407	71
6408	83
6409	56
6410	79
6411	63
6412	70
6413	64
6414	92
6415	85
6416	65
6417	65
6418	71
6419	77
6420	70
6421	60
6422	64
6423	78
6424	69
6425	84
6426	43
6427	48
6428	38
6429	67
6430	85
6431	60
6432	59
6433	71
6434	69
6435	89
6436	69
6437	65
6438	65
6439	51
6440	55
6441	89
6442	101
6443	66
6444	67
6445	86
6446	48
6447	37
6448	47
6449	57
6450	90
6451	74
6452	47
6453	63
6454	67
6455	76
6456	101
6457	84
6458	84
6459	62
6460	85
6461	66
6462	73
6463	74
6464	78
6465	81
6466	55
6467	68
6468	88
6469	64
6470	83
6471	64
6472	92
6473	57
6474	67
6475	51
6476	61
6477	60
6478	64
6479	64
6480	63
6481	89
6482	69
6483	75
6484	93
6485	87
6486	51
6487	89
6488	81
6489	92
6490	78
6491	81
6492	89
6493	80
6494	65
6495	55
6496	76
6497	70
6498	63
6499	46
6500	74
6501	48
6502	49
6503	67
6504	88
6505	74
6506	56
6507	76
6508	87
6509	84
6510	65
6511	77
6512	88
6513	79
6514	56
6515	98
6516	72
6517	65
6518	85
6519	85
6520	66
6521	68
6522	80
6523	70
6524	115
6525	60
6526	70
6527	45
6528	67
6529	77
6530	87
6531	81
6532	83
6533	66
6534	73
6535	64
6536	50
6537	73
6538	70
6539	87
6540	75
6541	86
6542	93
6543	66
6544	79
6545	70
6546	88
6547	94
6548	120
6549	71
6550	67
6551	64
6552	78
6553	66
6554	73
6555	117
6556	87
6557	59
6558	73
6559	83
6560	60
6561	80
6562	70
6563	69
6564	92
6565	67
6566	89
6567	74
6568	48
6569	52
6570	78
6571	64
6572	55
6573	77
6574	57
6575	59
6576	53
6577	65
6578	71
6579	66
6580	98
6581	112
6582	82
6583	72
6584	56
6585	50
6586	66
6587	47
6588	48
6589	49
6590	59
6591	62
6592	79
6593	64
6594	57
6595	72
6596	44
6597	60
6598	79
6599	38
6600	49
6601	53
6602	56
6603	62
6604	62
6605	63
6606	55
6607	64
6608	66
6609	77
6610	51
6611	79
6612	74
6613	82
6614	64
6615	57
6616	95
6617	83
6618	49
6619	33
6620	46
6621	32
6622	63
6623	59
6624	72
6625	68
6626	67
6627	81
6628	78
6629	84
6630	54
6631	72
6632	70
6633	64
6634	53
6635	72
6636	69
6637	60
6638	50
6639	62
6640	41
6641	70
6642	72
6643	59
6644	65
6645	51
6646	74
6647	43
6648	66
6649	49
6650	76
6651	62
6652	58
6653	37
6654	46
6655	59
6656	37
6657	55
6658	71
6659	40
6660	41
6661	46
6662	43
6663	52
6664	61
6665	35
6666	51
6667	59
6668	58
6669	57
6670	55
6671	47
6672	52
6673	75
6674	61
6675	59
6676	70
6677	63
6678	70
6679	67
6680	53
6681	54
6682	63
6683	55
6684	54
6685	58
6686	59
6687	28
6688	41
6689	37
6690	46
6691	48
6692	48
6693	55
6694	38
6695	55
6696	61
6697	74
6698	82
6699	79
6700	75
6701	66
6702	63
6703	62
6704	91
6705	78
6706	36
6707	46
6708	46
6709	38
6710	35
6711	38
6712	43
6713	55
6714	65
6715	55
6716	65
6717	72
6718	78
6719	74
6720	75
6721	40
6722	54
6723	69
6724	60
6725	65
6726	66
6727	62
6728	76
6729	51
6730	80
6731	61
6732	60
6733	86
6734	68
6735	76
6736	79
6737	80
6738	58
6739	69
6740	61
6741	55
6742	88
6743	94
6744	68
6745	84
6746	49
6747	67
6748	44
6749	69
6750	52
6751	67
6752	61
6753	47
6754	74
6755	64
6756	71
6757	43
6758	66
6759	67
6760	58
6761	63
6762	61
6763	73
6764	29
6765	55
6766	51
6767	47
6768	57
6769	71
6770	76
6771	55
6772	61
6773	56
6774	71
6775	36
6776	62
6777	71
6778	67
6779	80
6780	75
6781	61
6782	72
6783	79
6784	68
6785	49
6786	67
6787	66
6788	68
6789	75
6790	68
6791	68
6792	54
6793	68
6794	79
6795	95
6796	56
6797	76
6798	58
6799	104
6800	54
6801	76
6802	69
6803	80
6804	80
6805	70
6806	82
6807	56
6808	67
6809	37
6810	63
6811	59
6812	61
6813	86
6814	76
6815	42
6816	49
6817	65
6818	78
6819	69
6820	65
6821	70
6822	77
6823	98
6824	70
6825	65
6826	75
6827	48
6828	56
6829	65
6830	65
6831	79
6832	64
6833	41
6834	72
6835	70
6836	69
6837	61
6838	35
6839	45
6840	49
6841	61
6842	69
6843	46
6844	58
6845	73
6846	71
6847	57
6848	84
6849	42
6850	71
6851	44
6852	55
6853	48
6854	48
6855	81
6856	57
6857	52
6858	50
6859	56
6860	39
6861	84
6862	63
6863	62
6864	48
6865	56
6866	63
6867	75
6868	56
6869	58
6870	64
6871	84
6872	77
6873	76
6874	72
6875	63
6876	75
6877	68
6878	69
6879	58
6880	64
6881	58
6882	86
6883	70
6884	67
6885	61
6886	60
6887	64
6888	75
6889	94
6890	93
6891	75
6892	87
6893	69
6894	74
6895	66
6896	70
6897	75
6898	87
6899	74
6900	68
6901	71
6902	61
6903	80
6904	69
6905	77
6906	73
6907	51
6908	69
6909	63
6910	56
6911	87
6912	75
6913	107
6914	67
6915	92
6916	68
6917	76
6918	52
6919	60
6920	64
6921	72
6922	50
6923	79
6924	77
6925	65
6926	63
6927	64
6928	68
6929	48
6930	70
6931	72
6932	81
6933	64
6934	70
6935	75
6936	87
6937	59
6938	73
6939	76
6940	72
6941	79
6942	81
6943	79
6944	103
6945	51
6946	91
6947	61
6948	112
6949	97
6950	89
6951	74
6952	84
6953	51
6954	89
6955	78
6956	87
6957	97
6958	80
6959	100
6960	91
6961	105
6962	93
6963	93
6964	66
6965	67
6966	54
6967	85
6968	71
6969	62
6970	72
6971	70
6972	87
6973	82
6974	80
6975	94
6976	69
6977	87
6978	60
6979	88
6980	74
6981	65
6982	104
6983	89
6984	87
6985	91
6986	87
6987	68
6988	116
6989	82
6990	74
6991	89
6992	92
6993	62
6994	71
6995	94
6996	91
6997	75
6998	85
6999	40
7000	76
7001	46
7002	57
7003	63
7004	77
7005	57
7006	48
7007	82
7008	92
7009	75
7010	56
7011	65
7012	103
7013	71
7014	72
7015	46
7016	70
7017	50
7018	74
7019	54
7020	62
7021	78
7022	60
7023	87
7024	65
7025	72
7026	71
7027	64
7028	69
7029	73
7030	43
7031	72
7032	51
7033	63
7034	77
7035	86
7036	90
7037	48
7038	55
7039	77
7040	82
7041	65
7042	51
7043	84
7044	63
7045	62
7046	100
7047	60
7048	75
7049	62
7050	65
7051	56
7052	66
7053	78
7054	66
7055	48
7056	60
7057	42
7058	48
7059	53
7060	41
7061	57
7062	69
7063	67
7064	76
7065	61
7066	81
7067	59
7068	76
7069	71
7070	55
7071	62
7072	72
7073	67
7074	47
7075	79
7076	64
7077	48
7078	57
7079	84
7080	89
7081	111
7082	93
7083	64
7084	84
7085	91
7086	77
7087	71
7088	68
7089	69
7090	86
7091	55
7092	73
7093	65
7094	63
7095	87
7096	52
7097	50
7098	43
7099	56
7100	62
7101	70
7102	66
7103	66
7104	46
7105	70
7106	59
7107	58
7108	36
7109	51
7110	49
7111	73
7112	68
7113	59
7114	66
7115	33
7116	59
7117	58
7118	56
7119	61
7120	46
7121	59
7122	73
7123	52
7124	48
7125	85
7126	84
7127	89
7128	81
7129	72
7130	66
7131	55
7132	78
7133	44
7134	54
7135	77
7136	65
7137	38
7138	85
7139	84
7140	71
7141	65
7142	74
7143	78
7144	80
7145	70
7146	129
7147	90
7148	68
7149	65
7150	57
7151	72
7152	68
7153	66
7154	61
7155	70
7156	67
7157	63
7158	55
7159	68
7160	79
7161	67
7162	63
7163	90
7164	61
7165	62
7166	48
7167	76
7168	55
7169	69
7170	38
7171	54
7172	69
7173	78
7174	46
7175	77
7176	38
7177	52
7178	69
7179	82
7180	86
7181	93
7182	90
7183	68
7184	78
7185	71
7186	63
7187	76
7188	50
7189	58
7190	62
7191	77
7192	63
7193	87
7194	54
7195	70
7196	83
7197	63
7198	109
7199	59
7200	65
7201	49
7202	59
7203	71
7204	79
7205	69
7206	76
7207	55
7208	55
7209	88
7210	75
7211	71
7212	70
7213	54
7214	70
7215	73
7216	67
7217	85
7218	55
7219	50
7220	67
7221	94
7222	67
7223	68
7224	80
7225	52
7226	62
7227	82
7228	77
7229	62
7230	68
7231	90
7232	90
7233	72
7234	84
7235	78
7236	75
7237	89
7238	97
7239	93
7240	81
7241	77
7242	84
7243	67
7244	78
7245	85
7246	84
7247	72
7248	63
7249	74
7250	96
7251	75
7252	57
7253	87
7254	79
7255	92
7256	82
7257	106
7258	99
7259	97
7260	76
7261	77
7262	100
7263	69
7264	82
7265	81
7266	87
7267	91
7268	90
7269	60
7270	66
7271	98
7272	81
7273	73
7274	66
7275	61
7276	92
7277	89
7278	109
7279	75
7280	69
7281	86
7282	76
7283	73
7284	83
7285	81
7286	99
7287	69
7288	84
7289	75
7290	63
7291	60
7292	72
7293	58
7294	62
7295	62
7296	85
7297	86
7298	77
7299	84
7300	79
7301	97
7302	60
7303	70
7304	49
7305	58
7306	67
7307	72
7308	74
7309	79
7310	109
7311	80
7312	83
7313	45
7314	65
7315	67
7316	81
7317	83
7318	68
7319	68
7320	70
7321	51
7322	76
7323	100
7324	71
7325	80
7326	75
7327	81
7328	95
7329	76
7330	76
7331	83
7332	107
7333	76
7334	73
7335	76
7336	57
7337	79
7338	75
7339	101
7340	82
7341	78
7342	91
7343	98
7344	72
7345	71
7346	60
7347	94
7348	73
7349	85
7350	92
7351	56
7352	47
7353	79
7354	56
7355	55
7356	82
7357	69
7358	87
7359	81
7360	68
7361	81
7362	98
7363	82
7364	81
7365	54
7366	74
7367	75
7368	76
7369	54
7370	67
7371	72
7372	74
7373	48
7374	63
7375	62
7376	88
7377	64
7378	68
7379	64
7380	57
7381	63
7382	50
7383	94
7384	80
7385	83
7386	77
7387	58
7388	54
7389	39
7390	56
7391	57
7392	60
7393	30
7394	81
7395	60
7396	47
7397	51
7398	41
7399	62
7400	56
7401	69
7402	58
7403	50
7404	57
7405	72
7406	54
7407	73
7408	52
7409	88
7410	48
7411	54
7412	53
7413	53
7414	46
7415	55
7416	76
7417	26
7418	49
7419	44
7420	60
7421	57
7422	39
7423	51
7424	62
7425	86
7426	58
7427	75
7428	74
7429	36
7430	55
7431	59
7432	41
7433	63
7434	75
7435	78
7436	58
7437	77
7438	59
7439	64
7440	72
7441	83
7442	40
7443	48
7444	48
7445	39
7446	75
7447	87
7448	69
7449	72
7450	69
7451	45
7452	53
7453	51
7454	61
7455	47
7456	57
7457	59
7458	40
7459	45
7460	44
7461	69
7462	68
7463	74
7464	52
7465	56
7466	55
7467	40
7468	47
7469	56
7470	60
7471	60
7472	50
7473	77
7474	62
7475	46
7476	62
7477	57
7478	41
7479	57
7480	34
7481	55
7482	39
7483	54
7484	36
7485	56
7486	49
7487	52
7488	50
7489	39
7490	67
7491	54
7492	58
7493	31
7494	46
7495	54
7496	52
7497	55
7498	34
7499	53
7500	65
7501	57
7502	42
7503	28
7504	45
7505	47
7506	66
7507	52
7508	52
7509	50
7510	68
7511	71
7512	53
7513	45
7514	42
7515	60
7516	70
7517	74
7518	47
7519	48
7520	39
7521	64
7522	84
7523	71
7524	51
7525	75
7526	44
7527	47
7528	45
7529	41
7530	47
7531	61
7532	36
7533	38
7534	51
7535	48
7536	62
7537	64
7538	59
7539	53
7540	51
7541	60
7542	41
7543	43
7544	47
7545	53
7546	36
7547	34
7548	57
7549	63
7550	45
7551	64
7552	64
7553	58
7554	64
7555	43
7556	50
7557	68
7558	52
7559	63
7560	64
7561	70
7562	65
7563	61
7564	55
7565	54
7566	55
7567	45
7568	65
7569	66
7570	38
7571	48
7572	41
7573	35
7574	32
7575	37
7576	43
7577	41
7578	36
7579	54
7580	54
7581	59
7582	48
7583	71
7584	58
7585	62
7586	43
7587	41
7588	55
7589	63
7590	62
7591	38
7592	34
7593	50
7594	26
7595	48
7596	50
7597	58
7598	30
7599	59
7600	71
7601	67
7602	40
7603	44
7604	44
7605	41
7606	67
7607	60
7608	64
7609	70
7610	69
7611	45
7612	47
7613	57
7614	74
7615	71
7616	63
7617	67
7618	56
7619	71
7620	30
7621	59
7622	59
7623	38
7624	47
7625	61
7626	53
7627	52
7628	59
7629	40
7630	40
7631	31
7632	41
7633	45
7634	51
7635	68
7636	51
7637	51
7638	47
7639	37
7640	68
7641	56
7642	51
7643	62
7644	50
7645	45
7646	42
7647	48
7648	40
7649	40
7650	38
7651	43
7652	27
7653	49
7654	58
7655	56
7656	53
7657	41
7658	50
7659	42
7660	52
7661	47
7662	47
7663	68
7664	47
7665	100
7666	49
7667	34
7668	50
7669	30
7670	50
7671	27
7672	38
7673	44
7674	58
7675	46
7676	45
7677	50
7678	34
7679	60
7680	52
7681	54
7682	50
7683	46
7684	35
7685	62
7686	50
7687	52
7688	30
7689	31
7690	36
7691	52
7692	41
7693	61
7694	36
7695	59
7696	28
7697	27
7698	42
7699	41
7700	53
7701	35
7702	44
7703	44
7704	55
7705	48
7706	53
7707	51
7708	55
7709	54
7710	39
7711	58
7712	45
7713	42
7714	30
7715	31
7716	46
7717	48
7718	36
7719	48
7720	46
7721	38
7722	43
7723	47
7724	53
7725	44
7726	45
7727	50
7728	45
7729	46
7730	36
7731	34
7732	42
7733	41
7734	60
7735	60
7736	58
7737	61
7738	45
7739	48
7740	38
7741	45
7742	43
7743	43
7744	45
7745	53
7746	49
7747	39
7748	33
7749	69
7750	48
7751	59
7752	45
7753	46
7754	62
7755	68
7756	65
7757	34
7758	45
7759	44
7760	41
7761	50
7762	41
7763	55
7764	28
7765	51
7766	52
7767	52
7768	53
7769	38
7770	55
7771	46
7772	40
7773	52
7774	55
7775	42
7776	38
7777	58
7778	62
7779	63
7780	29
7781	52
7782	44
7783	46
7784	42
7785	47
7786	55
7787	56
7788	56
7789	53
7790	60
7791	43
7792	45
7793	47
7794	49
7795	53
7796	53
7797	51
7798	59
7799	37
7800	53
7801	47
7802	35
7803	57
7804	42
7805	37
7806	70
7807	56
7808	38
7809	58
7810	57
7811	56
7812	62
7813	67
7814	45
7815	47
7816	56
7817	33
7818	52
7819	42
7820	42
7821	45
7822	53
7823	57
7824	52
7825	51
7826	35
7827	34
7828	45
7829	44
7830	59
7831	62
7832	62
7833	56
7834	54
7835	54
7836	45
7837	28
7838	49
7839	28
7840	59
7841	36
7842	36
7843	47
7844	73
7845	39
7846	53
7847	41
7848	50
7849	54
7850	58
7851	53
7852	43
7853	41
7854	40
7855	53
7856	52
7857	69
7858	61
7859	68
7860	84
7861	110
7862	95
7863	60
7864	61
7865	66
7866	67
7867	42
7868	45
7869	74
7870	63
7871	61
7872	47
7873	53
7874	60
7875	49
7876	47
7877	62
7878	54
7879	34
7880	58
7881	47
7882	53
7883	87
7884	101
7885	115
7886	85
7887	60
7888	55
7889	57
7890	58
7891	57
7892	61
7893	38
7894	42
7895	41
7896	69
7897	70
7898	58
7899	77
7900	60
7901	57
7902	65
7903	84
7904	65
7905	64
7906	72
7907	71
7908	63
7909	66
7910	62
7911	86
7912	79
7913	62
7914	70
7915	79
7916	73
7917	71
7918	87
7919	55
7920	62
7921	66
7922	71
7923	53
7924	51
7925	55
7926	57
7927	51
7928	62
7929	74
7930	67
7931	78
7932	67
7933	78
7934	58
7935	78
7936	92
7937	82
7938	73
7939	84
7940	75
7941	47
7942	49
7943	61
7944	47
7945	62
7946	82
7947	73
7948	96
7949	90
7950	90
7951	70
7952	56
7953	80
7954	66
7955	67
7956	57
7957	57
7958	58
7959	54
7960	76
7961	69
7962	72
7963	81
7964	57
7965	98
7966	116
7967	87
7968	68
7969	68
7970	36
7971	73
7972	66
7973	47
7974	68
7975	66
7976	65
7977	54
7978	64
7979	55
7980	62
7981	67
7982	52
7983	52
7984	52
7985	65
7986	28
7987	47
7988	49
7989	43
7990	35
7991	53
7992	60
7993	44
7994	71
7995	70
7996	66
7997	57
7998	56
7999	48
8000	509023
