16	1
18	2
19	1
20	1
21	2
22	1
26	1
27	3
28	5
29	1
30	3
31	3
32	4
33	5
34	6
35	6
36	10
37	2
38	3
39	4
40	7
41	2
42	16
43	8
44	9
45	9
46	11
47	10
48	18
49	16
50	21
51	18
52	25
53	21
54	20
55	32
56	26
57	30
58	33
59	35
60	18
61	33
62	39
63	40
64	34
65	42
66	43
67	51
68	39
69	51
70	46
71	56
72	55
73	60
74	64
75	68
76	54
77	57
78	78
79	86
80	70
81	64
82	91
83	96
84	83
85	126
86	101
87	108
88	118
89	109
90	133
91	128
92	131
93	147
94	166
95	169
96	183
97	190
98	202
99	203
100	187
101	209
102	195
103	206
104	259
105	196
106	264
107	239
108	273
109	281
110	306
111	293
112	308
113	299
114	349
115	342
116	374
117	362
118	384
119	399
120	383
121	432
122	400
123	450
124	392
125	442
126	425
127	423
128	428
129	489
130	511
131	519
132	475
133	537
134	555
135	590
136	605
137	581
138	625
139	695
140	736
141	813
142	890
143	1174
144	1480
145	2080
146	3053
147	5484
148	10638
149	8656
150	13325
