16	10
17	7
18	10
19	11
20	13
21	17
22	11
23	10
24	18
25	12
26	27
27	19
28	31
29	30
30	41
31	52
32	70
33	88
34	135
35	174
36	199
37	239
38	274
39	320
40	333
41	399
42	486
43	548
44	640
45	769
46	842
47	952
48	950
49	1056
50	1134
51	1203
52	1205
53	1296
54	1441
55	1494
56	1646
57	1719
58	1790
59	1795
60	1741
61	1651
62	1835
63	1859
64	1883
65	1964
66	1973
67	2136
68	2141
69	2308
70	2284
71	2332
72	2440
73	2510
74	2667
75	2780
76	2825
77	2928
78	3011
79	3115
80	3297
81	3433
82	3565
83	3943
84	4028
85	4233
86	4426
87	4694
88	4540
89	4832
90	5012
91	5332
92	5681
93	5928
94	6574
95	6796
96	7055
97	7204
98	7715
99	8200
100	8398
101	9044
102	9231
103	9849
104	10205
105	10493
106	11424
107	11615
108	12417
109	12793
110	13582
111	14033
112	14276
113	14790
114	15253
115	15710
116	16110
117	16997
118	17239
119	18199
120	18751
121	19104
122	18901
123	19434
124	19591
125	19995
126	20787
127	21187
128	21223
129	21780
130	21817
131	22565
132	23460
133	23277
134	24705
135	25243
136	26794
137	28224
138	30336
139	32919
140	38340
141	45273
142	58595
143	85835
144	125627
145	209270
146	320978
147	626796
148	1259950
149	1013403
150	1537405
