16	3
17	5
18	12
19	1
20	4
21	2
22	6
23	5
24	7
25	5
26	1
27	12
28	12
29	11
30	16
31	18
32	11
33	27
34	14
35	27
36	15
37	16
38	18
39	23
40	14
41	25
42	31
43	28
44	41
45	24
46	29
47	36
48	47
49	38
50	32
51	35
52	38
53	52
54	43
55	47
56	44
57	49
58	48
59	47
60	49
61	63
62	70
63	96
64	73
65	74
66	80
67	99
68	97
69	104
70	118
71	108
72	113
73	104
74	143
75	129
76	138
77	159
78	146
79	152
80	196
81	189
82	222
83	221
84	236
85	216
86	244
87	266
88	278
89	257
90	260
91	289
92	287
93	342
94	337
95	326
96	367
97	401
98	423
99	413
100	386
101	431
102	444
103	484
104	489
105	480
106	525
107	525
108	533
109	549
110	550
111	623
112	588
113	632
114	629
115	624
116	708
117	699
118	776
119	796
120	766
121	723
122	789
123	796
124	798
125	810
126	817
127	877
128	870
129	930
130	915
131	926
132	934
133	988
134	1021
135	1029
136	1080
137	1053
138	1112
139	1259
140	1360
141	1380
142	1552
143	1852
144	2185
145	2695
146	4284
147	7306
148	7524
149	19537
150	43676
