16	2
17	3
18	1
19	1
20	1
22	1
24	2
25	1
27	1
28	1
30	5
31	4
32	2
33	6
34	5
35	9
36	12
37	9
38	5
39	6
40	13
41	15
42	15
43	6
44	12
45	18
46	12
47	13
48	12
49	13
50	33
51	41
52	23
53	34
54	25
55	23
56	39
57	37
58	35
59	43
60	40
61	25
62	38
63	39
64	27
65	34
66	40
67	45
68	43
69	44
70	48
71	46
72	48
73	53
74	62
75	62
76	80
77	75
78	64
79	73
80	77
81	81
82	113
83	114
84	109
85	97
86	128
87	130
88	169
89	180
90	169
91	205
92	228
93	227
94	225
95	240
96	223
97	278
98	287
99	269
100	333
101	340
102	316
103	371
104	395
105	392
106	469
107	422
108	473
109	513
110	612
111	604
112	594
113	641
114	682
115	626
116	724
117	779
118	791
119	872
120	888
121	900
122	942
123	902
124	960
125	919
126	981
127	900
128	944
129	956
130	981
131	1073
132	1075
133	1093
134	1040
135	1150
136	1211
137	1349
138	1455
139	1556
140	1654
141	1840
142	2368
143	3150
144	4206
145	6542
146	10836
147	14971
148	22965
149	96306
150	113086
