16	2
17	3
18	1
19	1
20	1
22	1
24	2
25	1
27	1
28	1
30	5
31	3
32	2
33	5
34	4
35	8
36	10
37	9
38	5
39	6
40	13
41	14
42	15
43	6
44	12
45	18
46	12
47	13
48	12
49	12
50	14
51	17
52	22
53	27
54	18
55	18
56	29
57	22
58	23
59	33
60	34
61	22
62	34
63	39
64	26
65	29
66	33
67	37
68	32
69	36
70	39
71	40
72	41
73	44
74	44
75	48
76	58
77	49
78	53
79	65
80	63
81	59
82	87
83	88
84	89
85	77
86	97
87	100
88	123
89	124
90	119
91	145
92	173
93	158
94	150
95	155
96	139
97	176
98	179
99	159
100	195
101	221
102	208
103	199
104	220
105	221
106	274
107	237
108	252
109	295
110	336
111	307
112	301
113	351
114	361
115	324
116	376
117	400
118	405
119	438
120	450
121	415
122	411
123	439
124	405
125	426
126	442
127	387
128	438
129	442
130	472
131	523
132	517
133	477
134	496
135	548
136	576
137	633
138	653
139	667
140	718
141	862
142	1014
143	1208
144	1631
145	2143
146	3245
147	4944
148	7466
149	16517
150	17621
