16	7
17	5
18	4
19	10
20	14
21	14
22	16
23	9
24	4
25	18
26	23
27	34
28	39
29	26
30	25
31	39
32	59
33	79
34	138
35	171
36	208
37	218
38	258
39	335
40	418
41	483
42	509
43	528
44	583
45	689
46	838
47	933
48	900
49	946
50	1052
51	1196
52	1268
53	1265
54	1441
55	1506
56	1519
57	1674
58	1706
59	1760
60	1754
61	1723
62	1842
63	1909
64	1932
65	1990
66	2024
67	2006
68	2198
69	2258
70	2371
71	2486
72	2600
73	2695
74	2764
75	2940
76	2874
77	3022
78	3154
79	3370
80	3436
81	3602
82	3730
83	3989
84	4084
85	4295
86	4573
87	4653
88	5023
89	5147
90	5355
91	5617
92	5990
93	6201
94	6844
95	7053
96	7346
97	7654
98	8017
99	8812
100	9021
101	9449
102	9648
103	10174
104	10878
105	10896
106	11697
107	12140
108	13208
109	13511
110	14331
111	14908
112	15297
113	15348
114	15509
115	15984
116	16548
117	16754
118	17459
119	17494
120	18439
121	18628
122	19079
123	18926
124	19351
125	19381
126	19565
127	19771
128	20416
129	20832
130	21222
131	21652
132	22439
133	22607
134	23713
135	24984
136	26624
137	28495
138	30660
139	34386
140	38348
141	45439
142	57912
143	76495
144	108780
145	161834
146	256375
147	442013
148	684047
149	1508452
150	1622344
