16	2
17	2
18	1
24	1
26	2
27	2
28	2
29	2
30	1
31	1
32	1
33	6
34	4
35	1
36	6
37	3
38	7
39	6
40	6
41	6
42	9
43	14
44	14
45	19
46	17
47	15
48	9
49	18
50	14
51	23
52	18
53	23
54	18
55	19
56	24
57	35
58	18
59	24
60	32
61	30
62	44
63	40
64	61
65	47
66	41
67	54
68	37
69	43
70	50
71	55
72	61
73	82
74	56
75	72
76	74
77	87
78	92
79	87
80	109
81	113
82	110
83	111
84	120
85	119
86	141
87	108
88	158
89	182
90	176
91	189
92	201
93	204
94	222
95	242
96	245
97	248
98	233
99	291
100	288
101	310
102	327
103	375
104	375
105	378
106	396
107	390
108	429
109	478
110	499
111	492
112	522
113	577
114	549
115	587
116	597
117	597
118	672
119	655
120	725
121	736
122	741
123	772
124	878
125	827
126	835
127	938
128	946
129	993
130	1008
131	1059
132	1061
133	1065
134	1075
135	1130
136	1222
137	1391
138	1267
139	1384
140	1547
141	1728
142	2109
143	2452
144	2996
145	3751
146	5850
147	10950
148	14897
149	29423
150	75628
