16	11
17	13
18	23
19	29
20	27
21	21
22	16
23	17
24	34
25	15
26	33
27	15
28	26
29	27
30	35
31	36
32	56
33	113
34	122
35	132
36	187
37	230
38	217
39	272
40	299
41	331
42	385
43	470
44	560
45	634
46	716
47	762
48	851
49	898
50	1008
51	1030
52	1061
53	1120
54	1272
55	1323
56	1354
57	1326
58	1444
59	1537
60	1493
61	1553
62	1521
63	1620
64	1557
65	1692
66	1717
67	1712
68	1879
69	1944
70	1927
71	2182
72	2271
73	2381
74	2350
75	2525
76	2767
77	2698
78	2859
79	3055
80	3156
81	3340
82	3636
83	3724
84	3883
85	4284
86	4375
87	4561
88	4669
89	4873
90	4922
91	5330
92	5567
93	5628
94	6059
95	6515
96	6838
97	7188
98	7364
99	7804
100	8314
101	8644
102	9003
103	9208
104	9943
105	10210
106	10708
107	11096
108	11574
109	12340
110	12584
111	12716
112	13508
113	13667
114	14285
115	14702
116	15219
117	15185
118	15958
119	16568
120	16864
121	17502
122	17781
123	17971
124	18743
125	19245
126	19788
127	20343
128	20761
129	21267
130	21839
131	22901
132	23210
133	24398
134	25719
135	26649
136	28324
137	30483
138	32945
139	36721
140	40274
141	46914
142	56398
143	72351
144	100081
145	143579
146	233944
147	489845
148	680503
149	1264983
150	1915177
