0	0
1	0
2	0
3	0
4	0
5	0
6	0
7	0
8	0
9	0
10	0
11	0
12	0
13	3
14	1
15	6
16	2
17	4
18	2
19	2
20	2
21	6
22	6
23	7
24	4
25	9
26	5
27	12
28	9
29	13
30	8
31	18
32	20
33	34
34	31
35	33
36	27
37	42
38	47
39	47
40	52
41	28
42	42
43	47
44	61
45	47
46	45
47	503
48	53
49	53
50	130
51	61
52	65
53	37
54	40
55	48
56	50
57	87
58	67
59	51
60	34
61	59
62	53
63	53
64	36
65	42
66	37
67	55
68	42
69	62
70	56
71	43
72	57
73	62
74	61
75	63
76	53
77	51
78	71
79	53
80	75
81	81
82	104
83	78
84	94
85	120
86	109
87	116
88	116
89	118
90	132
91	137
92	121
93	110
94	122
95	145
96	157
97	134
98	200
99	112
100	135
101	168
102	162
103	121
104	152
105	166
106	161
107	174
108	217
109	193
110	243
111	260
112	182
113	179
114	283
115	251
116	242
117	243
118	260
119	188
120	194
121	346
122	284
123	244
124	227
125	261
126	280
127	222
128	219
129	285
130	315
131	255
132	295
133	238
134	318
135	359
136	336
137	346
138	466
139	454
140	288
141	251
142	332
143	343
144	238
145	253
146	290
147	249
148	231
149	265
150	201
151	235
152	317
153	259
154	290
155	212
156	206
157	189
158	449
159	347
160	379
161	330
162	384
163	270
164	261
165	305
166	243
167	287
168	189
169	229
170	255
171	381
172	396
173	230
174	302
175	279
176	390
177	184
178	287
179	133
180	139
181	325
182	299
183	277
184	310
185	280
186	270
187	244
188	175
189	132
190	310
191	243
192	148
193	258
194	180
195	407
196	172
197	297
198	147
199	145
200	295
201	320
202	186
203	233
204	257
205	210
206	102
207	241
208	205
209	188
210	214
211	167
212	374
213	155
214	288
215	288
216	196
217	220
218	192
219	157
220	221
221	186
222	252
223	173
224	203
225	89
226	111
227	238
228	204
229	150
230	162
231	169
232	206
233	471
234	288
235	185
236	220
237	280
238	205
239	234
240	291
241	109
242	178
243	257
244	309
245	313
246	182
247	170
248	176
249	315
250	167
251	190
252	172
253	256
254	115
255	282
256	237
257	267
258	295
259	224
260	143
261	334
262	167
263	286
264	275
265	261
266	140
267	166
268	173
269	144
270	294
271	164
272	235
273	223
274	186
275	204
276	145
277	180
278	285
279	153
280	79
281	222
282	213
283	147
284	246
285	187
286	178
287	212
288	273
289	229
290	344
291	216
292	91
293	121
294	173
295	257
296	117
297	287
298	161
299	217
300	226
301	102
302	154
303	221
304	211
305	211
306	242
307	177
308	172
309	161
310	144
311	148
312	215
313	196
314	175
315	164
316	300
317	190
318	244
319	176
320	220
321	189
322	191
323	153
324	162
325	98
326	145
327	138
328	217
329	255
330	239
331	94
332	101
333	244
334	294
335	135
336	126
337	178
338	144
339	131
340	210
341	168
342	269
343	233
344	141
345	219
346	127
347	112
348	154
349	163
350	132
351	97
352	156
353	265
354	190
355	183
356	169
357	131
358	142
359	149
360	113
361	239
362	211
363	220
364	194
365	120
366	232
367	140
368	139
369	183
370	210
371	225
372	94
373	122
374	132
375	136
376	136
377	194
378	174
379	154
380	133
381	135
382	146
383	205
384	183
385	103
386	191
387	175
388	148
389	87
390	141
391	113
392	142
393	112
394	156
395	124
396	172
397	125
398	113
399	166
400	129
401	130
402	109
403	137
404	98
405	162
406	130
407	92
408	112
409	118
410	130
411	127
412	150
413	97
414	192
415	106
416	180
417	105
418	91
419	113
420	124
421	150
422	192
423	157
424	86
425	104
426	96
427	110
428	78
429	95
430	126
431	173
432	64
433	120
434	126
435	109
436	75
437	146
438	72
439	164
440	136
441	112
442	118
443	113
444	103
445	53
446	58
447	105
448	77
449	132
450	82
451	87
452	126
453	109
454	57
455	94
456	46
457	98
458	92
459	81
460	69
461	125
462	66
463	68
464	56
465	52
466	62
467	94
468	30
469	69
470	62
471	62
472	90
473	52
474	70
475	109
476	62
477	63
478	70
479	121
480	36
481	62
482	73
483	42
484	63
485	56
486	29
487	80
488	87
489	34
490	56
491	40
492	69
493	31
494	49
495	39
496	40
497	36
498	61
499	37
500	57
501	49
502	67
503	37
504	66
505	50
506	34
507	60
508	78
509	49
510	37
511	38
512	36
513	44
514	26
515	53
516	44
517	63
518	58
519	55
520	52
521	60
522	26
523	30
524	41
525	53
526	13
527	32
528	39
529	33
530	35
531	31
532	19
533	29
534	32
535	24
536	33
537	21
538	26
539	46
540	25
541	42
542	28
543	32
544	25
545	25
546	22
547	19
548	14
549	32
550	25
551	18
552	25
553	24
554	26
555	24
556	19
557	31
558	24
559	40
560	29
561	38
