0	0
1	0
2	0
3	0
4	0
5	0
6	0
7	0
8	0
9	0
10	0
11	0
12	0
13	3
14	1
15	6
16	2
17	4
18	2
19	2
20	2
21	6
22	4
23	7
24	4
25	9
26	5
27	12
28	9
29	13
30	8
31	18
32	18
33	30
34	29
35	30
36	23
37	34
38	46
39	40
40	48
41	26
42	30
43	33
44	39
45	38
46	33
47	60
48	34
49	42
50	49
51	47
52	43
53	31
54	38
55	37
56	34
57	58
58	40
59	41
60	28
61	46
62	46
63	47
64	30
65	38
66	36
67	48
68	39
69	56
70	45
71	38
72	51
73	46
74	51
75	56
76	39
77	44
78	56
79	49
80	61
81	60
82	87
83	66
84	73
85	89
86	83
87	88
88	81
89	97
90	101
91	116
92	89
93	84
94	98
95	97
96	118
97	108
98	147
99	87
100	88
101	113
102	109
103	83
104	99
105	104
106	115
107	128
108	140
109	139
110	132
111	147
112	111
113	111
114	153
115	134
116	140
117	142
118	135
119	113
120	110
121	173
122	153
123	138
124	134
125	119
126	137
127	129
128	129
129	136
130	162
131	140
132	143
133	123
134	136
135	167
136	159
137	158
138	191
139	182
140	129
141	119
142	153
143	153
144	117
145	117
146	127
147	113
148	89
149	80
150	59
151	81
152	95
153	87
154	80
155	57
156	70
157	78
158	114
159	101
160	103
161	84
162	117
163	89
164	97
165	80
166	71
167	78
168	56
169	67
170	87
171	106
172	98
173	78
174	71
175	83
176	91
177	61
178	60
179	44
180	52
181	89
182	80
183	89
184	75
185	70
186	62
187	71
188	45
189	60
190	95
191	72
192	47
193	72
194	52
195	92
196	57
197	68
198	46
199	51
200	89
201	79
202	58
203	62
204	76
205	62
206	37
207	65
208	60
209	49
210	53
211	59
212	83
213	46
214	70
215	73
216	73
217	65
218	50
219	62
220	52
221	50
222	62
223	59
224	51
225	35
226	36
227	65
228	73
229	48
230	49
231	70
232	59
233	94
234	82
235	56
236	58
237	78
238	72
239	84
240	90
241	42
242	61
243	75
244	94
245	75
246	65
247	54
248	52
249	93
250	57
251	70
252	73
253	77
254	50
255	81
256	68
257	82
258	89
259	84
260	61
261	98
262	64
263	84
264	75
265	71
266	65
267	61
268	67
269	58
270	91
271	72
272	91
273	87
274	72
275	63
276	68
277	72
278	85
279	70
280	54
281	83
282	80
283	60
284	75
285	72
286	68
287	72
288	98
289	73
290	94
291	83
292	64
293	60
294	97
295	84
296	64
297	103
298	76
299	91
300	80
301	52
302	75
303	84
304	74
305	65
306	81
307	81
308	72
309	67
310	69
311	68
312	76
313	86
314	74
315	75
316	105
317	80
318	79
319	80
320	74
321	76
322	72
323	59
324	63
325	53
326	60
327	69
328	81
329	70
330	79
331	64
332	66
333	76
334	86
335	61
336	63
337	69
338	76
339	61
340	73
341	97
342	102
343	106
344	71
345	100
346	66
347	58
348	63
349	62
350	56
351	50
352	64
353	84
354	74
355	63
356	81
357	54
358	69
359	65
360	61
361	74
362	94
363	94
364	84
365	62
366	91
367	62
368	71
369	100
370	86
371	89
372	57
373	57
374	63
375	63
376	66
377	79
378	70
379	84
380	56
381	54
382	68
383	92
384	74
385	52
386	89
387	81
388	87
389	61
390	68
391	63
392	73
393	66
394	66
395	63
396	68
397	55
398	70
399	88
400	76
401	64
402	57
403	73
404	61
405	64
406	58
407	48
408	65
409	63
410	63
411	63
412	74
413	55
414	87
415	68
416	67
417	71
418	60
419	60
420	73
421	69
422	79
423	75
424	61
425	61
426	62
427	67
428	52
429	57
430	83
431	79
432	52
433	64
434	80
435	64
436	53
437	75
438	49
439	69
440	59
441	52
442	74
443	65
444	58
445	34
446	43
447	71
448	59
449	60
450	47
451	51
452	63
453	58
454	48
455	52
456	38
457	45
458	46
459	38
460	42
461	49
462	46
463	46
464	41
465	34
466	44
467	58
468	24
469	46
470	38
471	37
472	44
473	37
474	38
475	51
476	31
477	51
478	37
479	55
480	32
481	41
482	39
483	34
484	45
485	32
486	27
487	47
488	44
489	31
490	46
491	31
492	46
493	25
494	30
495	33
496	34
497	31
498	40
499	30
500	36
501	36
502	36
503	27
504	40
505	36
506	29
507	30
508	48
509	38
510	31
511	30
512	16
513	27
514	23
515	34
516	34
517	33
518	37
519	48
520	36
521	35
522	15
523	23
524	32
525	30
526	12
527	28
528	22
529	27
530	29
531	21
532	14
533	20
534	23
535	22
536	29
537	18
538	22
539	32
540	23
541	26
542	23
543	23
544	17
545	23
546	18
547	16
548	13
549	21
550	23
551	17
552	20
553	18
554	20
555	17
556	16
557	21
558	21
559	23
560	19
561	27
562	24
563	18
564	22
565	15
566	14
567	28
568	25
569	14
570	11
571	18
572	11
573	15
