0	0
1	0
2	0
3	0
4	0
5	0
6	0
7	0
8	0
9	0
10	0
11	0
12	0
13	0
14	2
15	1
16	0
17	0
18	0
19	0
20	0
21	0
22	0
23	0
24	0
25	3
26	5
27	3
28	0
29	3
30	4
31	3
32	3
33	1
34	5
35	6
36	3
37	6
38	3
39	9
40	14
41	7
42	7
43	10
44	19
45	11
46	5
47	10
48	7
49	10
50	13
51	11
52	6
53	9
54	9
55	9
56	15
57	13
58	16
59	24
60	11
61	14
62	23
63	16
64	6
65	19
66	25
67	20
68	20
69	20
70	25
71	26
72	30
73	20
74	42
75	27
76	27
77	33
78	40
79	34
80	42
81	53
82	38
83	62
84	58
85	69
86	65
87	63
88	76
89	70
90	97
91	99
92	64
93	100
94	78
95	99
96	93
97	123
98	109
99	102
100	134
101	135
102	148
103	131
104	153
105	104
106	129
107	127
108	165
109	144
110	175
111	194
112	159
113	153
114	167
115	187
116	173
117	172
118	196
119	180
120	149
121	198
122	226
123	218
124	237
125	189
126	201
127	209
128	227
129	194
130	180
131	186
132	255
133	198
134	224
135	237
136	182
137	218
138	250
139	229
140	248
141	220
142	264
143	261
144	179
145	197
146	204
147	171
148	165
149	170
150	170
151	165
152	175
153	172
154	199
155	175
156	151
157	188
158	194
159	191
160	178
161	177
162	166
163	164
164	184
165	175
166	234
167	224
168	173
169	173
170	129
171	151
172	193
173	195
174	238
175	227
176	231
177	191
178	161
179	146
180	181
181	190
182	184
183	128
184	143
185	151
186	188
187	189
188	186
189	213
190	167
191	162
192	157
193	175
194	191
195	169
196	178
197	143
198	193
199	191
200	167
201	166
202	141
203	133
204	155
205	151
206	166
207	133
208	160
209	147
210	188
211	151
212	177
213	133
214	174
215	168
216	181
217	143
218	124
219	143
220	181
221	187
222	156
223	122
224	174
225	170
226	177
227	173
228	203
229	183
230	145
231	151
232	125
233	179
234	142
235	156
236	192
237	182
238	175
239	159
240	154
241	120
242	174
243	143
244	162
245	125
246	173
247	168
248	121
249	155
250	179
251	187
252	160
253	211
254	158
255	171
256	160
257	163
258	185
259	214
260	169
261	205
262	197
263	170
264	152
265	211
266	149
267	140
268	191
269	147
270	131
271	161
272	203
273	178
274	164
275	173
276	153
277	136
278	170
279	184
280	190
281	136
282	150
283	147
284	169
285	145
286	181
287	229
288	193
289	184
290	184
291	226
292	231
293	209
294	213
295	159
296	192
297	177
298	155
299	161
300	135
301	136
302	203
303	180
304	169
305	181
306	157
307	159
308	161
309	197
310	159
311	152
312	207
313	206
314	235
315	179
316	205
317	168
318	155
319	186
320	155
321	183
322	201
323	180
324	193
325	157
326	161
327	195
328	190
329	170
330	174
331	170
332	185
333	170
334	192
335	189
336	210
337	159
338	152
339	152
340	190
341	147
342	168
343	144
344	170
345	152
346	168
347	176
348	165
349	163
350	147
351	164
352	186
353	178
354	176
355	170
356	96
357	133
358	114
359	130
360	153
361	137
362	142
363	152
364	154
365	135
366	166
367	133
368	183
369	147
370	123
371	171
372	163
373	167
374	164
375	166
376	189
377	162
378	123
379	155
380	152
381	120
382	120
383	114
384	139
385	169
386	150
387	153
388	121
389	142
390	150
391	121
392	132
393	153
394	145
395	150
396	199
397	163
398	158
399	172
400	164
401	145
402	159
403	159
404	178
405	190
406	135
407	136
408	145
409	139
410	170
411	151
412	110
413	154
414	171
415	184
416	130
417	162
418	163
419	165
420	170
421	188
422	153
423	167
424	187
425	160
426	126
427	139
428	139
429	148
430	183
431	152
432	174
433	121
434	131
435	143
436	137
437	116
438	143
439	123
440	144
441	105
442	143
443	144
444	117
445	140
446	135
447	160
448	133
449	142
450	119
451	134
452	106
453	108
454	117
455	89
456	119
457	86
458	77
459	100
460	101
461	92
462	93
463	105
464	106
465	108
466	104
467	106
468	85
469	108
470	118
471	71
472	101
473	98
474	82
475	76
476	73
477	96
478	82
479	86
480	106
481	89
482	89
483	89
484	73
485	75
486	91
487	101
488	69
489	79
490	71
491	78
492	77
493	80
494	70
495	77
496	80
497	81
498	53
499	75
500	97
501	98
502	70
503	75
504	59
505	90
506	87
507	96
508	101
509	118
510	79
511	96
512	80
513	87
514	69
515	57
516	60
517	71
518	80
519	76
520	63
521	65
522	81
523	74
524	78
525	91
526	65
527	64
528	65
529	62
530	66
531	72
532	48
533	58
534	72
535	61
536	63
537	49
538	56
539	65
540	84
541	77
542	65
543	64
544	51
545	44
546	47
547	47
548	68
549	38
550	44
551	40
552	48
553	42
554	37
555	44
556	33
557	53
558	31
559	50
560	59
561	53
562	51
563	37
564	42
565	25
566	22
567	25
568	36
569	33
570	53
571	53
572	31
573	36
574	41
575	24
576	26
577	31
578	40
579	26
580	39
581	51
