0	0
1	0
2	0
3	0
4	0
5	0
6	0
7	0
8	0
9	0
10	0
11	0
12	0
13	0
14	2
15	1
16	0
17	0
18	0
19	0
20	0
21	0
22	0
23	0
24	0
25	3
26	5
27	3
28	0
29	3
30	4
31	3
32	3
33	1
34	5
35	6
36	3
37	7
38	3
39	11
40	15
41	8
42	8
43	10
44	20
45	11
46	5
47	10
48	7
49	13
50	15
51	11
52	12
53	13
54	13
55	12
56	16
57	17
58	23
59	24
60	12
61	16
62	24
63	18
64	6
65	20
66	27
67	24
68	21
69	23
70	27
71	30
72	31
73	22
74	47
75	33
76	31
77	37
78	47
79	47
80	48
81	63
82	42
83	70
84	73
85	85
86	75
87	76
88	84
89	98
90	133
91	119
92	71
93	136
94	95
95	125
96	123
97	168
98	138
99	128
100	194
101	188
102	202
103	190
104	185
105	138
106	249
107	171
108	241
109	208
110	247
111	327
112	241
113	253
114	255
115	286
116	268
117	250
118	354
119	317
120	222
121	279
122	348
123	428
124	382
125	288
126	327
127	419
128	411
129	265
130	286
131	338
132	453
133	319
134	396
135	476
136	326
137	403
138	524
139	462
140	506
141	465
142	565
143	533
144	333
145	446
146	412
147	389
148	344
149	420
150	467
151	523
152	575
153	450
154	565
155	503
156	398
157	628
158	553
159	590
160	627
161	595
162	626
163	436
164	556
165	601
166	680
167	821
168	556
169	534
170	371
171	496
172	684
173	723
174	981
175	1009
176	782
177	597
178	716
179	452
180	660
181	754
182	702
183	448
184	465
185	629
186	673
187	723
188	722
189	804
190	628
191	625
192	607
193	682
194	724
195	704
196	781
197	636
198	782
199	717
200	613
201	782
202	608
203	509
204	592
205	568
206	794
207	539
208	623
209	603
210	727
211	814
212	730
213	563
214	775
215	677
216	935
217	697
218	553
219	608
220	624
221	599
222	872
223	566
224	811
225	661
226	563
227	692
228	712
229	984
230	575
231	567
232	463
233	766
234	548
235	802
236	1006
237	730
238	837
239	612
240	861
241	458
242	736
243	465
244	537
245	410
246	704
247	901
248	372
249	475
250	657
251	767
252	506
253	849
254	588
255	895
256	562
257	653
258	713
259	852
260	643
261	781
262	932
263	582
264	483
265	1062
266	511
267	542
268	694
269	525
270	387
271	567
272	816
273	501
274	520
275	540
276	477
277	292
278	565
279	723
280	792
281	439
282	620
283	370
284	501
285	413
286	616
287	924
288	594
289	727
290	655
291	894
292	952
293	652
294	769
295	392
296	630
297	710
298	521
299	433
300	432
301	331
302	606
303	630
304	490
305	514
306	339
307	623
308	512
309	670
310	391
311	438
312	646
313	805
314	817
315	531
316	689
317	544
318	386
319	558
320	567
321	551
322	527
323	607
324	637
325	486
326	403
327	515
328	504
329	431
330	484
331	415
332	503
333	523
334	566
335	451
336	716
337	629
338	395
339	314
340	517
341	394
342	509
343	355
344	519
345	455
346	406
347	511
348	371
349	514
350	299
351	384
352	507
353	536
354	465
355	452
356	214
357	315
358	348
359	294
360	355
361	316
362	387
363	311
364	413
365	301
366	403
367	311
368	443
369	403
370	281
371	393
372	427
373	406
374	486
375	467
376	492
377	303
378	250
379	416
380	374
381	302
382	269
383	189
384	234
385	407
386	324
387	360
388	317
389	318
390	356
391	352
392	298
393	294
394	387
395	367
396	431
397	412
398	400
399	438
400	396
401	336
402	418
403	336
404	609
405	522
406	321
407	381
408	414
409	311
410	402
411	344
412	233
413	333
414	421
415	526
416	273
417	302
418	389
419	375
420	329
421	495
422	334
423	435
424	427
425	361
426	240
427	347
428	275
429	281
430	464
431	457
432	376
433	208
434	272
435	269
436	220
437	190
438	263
439	213
440	251
441	235
442	213
443	259
444	232
445	256
446	303
447	364
448	247
449	226
450	241
451	206
452	151
453	217
454	186
455	182
456	276
457	161
458	147
459	171
460	192
461	171
462	132
463	147
464	213
465	192
466	181
467	206
468	163
469	225
470	239
471	98
472	166
473	160
474	150
475	106
476	98
477	207
478	185
479	151
480	188
481	184
482	165
483	140
484	120
485	131
486	138
487	262
488	116
489	154
490	103
491	130
492	174
493	129
494	112
495	132
496	128
497	181
498	80
499	123
500	142
501	182
502	102
503	108
504	109
505	127
506	147
507	143
508	185
509	204
510	151
511	162
512	137
513	162
514	120
515	118
516	108
517	102
518	153
519	124
520	102
521	132
522	119
523	143
524	128
525	160
526	104
527	142
528	96
529	107
530	98
531	118
532	80
533	84
534	100
535	110
536	77
537	84
538	105
539	82
540	113
541	125
542	104
543	90
544	63
545	67
546	65
547	81
548	98
549	54
550	61
551	51
552	101
553	67
554	50
555	48
556	47
557	87
558	41
559	80
560	82
561	65
562	78
563	64
564	67
565	34
566	27
567	40
568	103
569	41
570	100
571	150
