0	0
1	0
2	0
3	0
4	0
5	0
6	0
7	0
8	0
9	0
10	0
11	0
12	1
13	1
14	5
15	3
16	6
17	3
18	4
19	5
20	3
21	7
22	8
23	11
24	5
25	18
26	17
27	22
28	32
29	32
30	43
31	68
32	67
33	92
34	130
35	157
36	161
37	183
38	233
39	312
40	305
41	334
42	393
43	421
44	475
45	489
46	582
47	650
48	677
49	738
50	745
51	827
52	838
53	883
54	908
55	962
56	1012
57	978
58	1014
59	1052
60	1147
61	1162
62	1183
63	1256
64	1171
65	1169
66	1327
67	1355
68	1434
69	1464
70	1546
71	1577
72	1529
73	1692
74	1753
75	1781
76	1858
77	1913
78	1947
79	2043
80	2187
81	2252
82	2194
83	2466
84	2508
85	2665
86	2554
87	2692
88	2871
89	3034
90	4689
91	3824
92	3245
93	3357
94	3421
95	3609
96	3511
97	3762
98	3822
99	4066
100	4046
101	4187
102	4316
103	4435
104	4591
105	4858
106	4947
107	4992
108	5187
109	5403
110	5538
111	5459
112	5793
113	5931
114	5996
115	6280
116	6599
117	6419
118	6722
119	6925
120	7202
121	7210
122	7330
123	7564
124	7831
125	7647
126	7738
127	7871
128	8073
129	8347
130	8278
131	8456
132	8491
133	8684
134	9034
135	8632
136	9279
137	8926
138	9535
139	9652
140	9453
141	9277
142	9430
143	9501
144	9620
145	9029
146	9465
147	11135
148	11550
149	11493
150	12051
151	11733
152	11763
153	11769
154	11749
155	12167
156	12200
157	12596
158	12821
159	12152
160	12780
161	12691
162	12541
163	12668
164	12511
165	12183
166	12282
167	12450
168	12283
169	12238
170	12326
171	12493
172	12715
173	12433
174	12284
175	12342
176	12463
177	12436
178	12346
179	12347
180	12320
181	12462
182	12152
183	12216
184	11696
185	12048
186	11875
187	11810
188	11543
189	11212
190	11090
191	11520
192	11229
193	11238
194	10975
195	11036
196	11155
197	11251
198	11352
199	11239
200	10964
201	11103
202	10705
203	10354
204	10407
205	10707
206	10777
207	10713
208	10193
209	10272
210	10020
211	10182
212	9965
213	9825
214	9945
215	9890
216	9782
217	9680
218	9714
219	9282
220	9346
221	9459
222	9072
223	9220
224	9131
225	8935
226	8766
227	8961
228	8803
229	9007
230	8796
231	8464
232	8617
233	8197
234	8615
235	8616
236	8634
237	8191
238	8393
239	8604
240	8404
241	8509
242	7698
243	8183
244	7654
245	8114
246	8199
247	7613
248	7658
249	7571
250	7508
251	7339
252	7622
253	7753
254	7371
255	7220
256	7013
257	7109
258	7026
259	7083
260	7067
261	7094
262	7025
263	6727
264	6870
265	6732
266	6816
267	6500
268	6834
269	6544
270	6336
271	6447
272	6147
273	6214
274	6345
275	6214
276	6124
277	6263
278	6129
279	5937
280	5830
281	5786
282	5973
283	5858
284	5808
285	5739
286	5773
287	5323
288	5365
289	5545
290	5526
291	5407
292	5403
293	5021
294	5119
295	5024
296	5062
297	5164
298	5031
299	5091
300	4998
301	4972
302	4972
303	5037
304	4754
305	4692
306	4852
307	4721
308	4753
309	4745
310	4582
311	4556
312	4765
313	4644
314	4473
315	4499
316	4321
317	4254
318	4422
319	4223
320	4200
321	4189
322	4068
323	4170
324	4111
325	3928
326	4070
327	4048
328	4118
329	3817
330	3863
331	3794
332	3867
333	3745
334	3940
335	3898
336	3905
337	3778
338	3525
339	3640
340	3602
341	3704
342	3455
343	3494
344	3505
345	3512
346	3452
347	3517
348	3389
349	3577
350	3407
351	3332
352	3216
353	3387
354	3167
355	3488
356	3457
357	3299
358	3235
359	3123
360	3147
361	3075
362	3301
363	3138
364	3085
365	3043
366	3052
367	3176
368	3211
369	3045
370	3106
371	2991
372	2829
373	2885
374	2834
375	2843
376	2753
377	2894
378	2746
379	2814
380	2787
381	2787
382	2718
383	2754
384	2728
385	2616
386	2721
387	2622
388	2537
389	2374
390	2452
391	2416
392	2370
393	2390
394	2445
395	2388
396	2471
397	2244
398	2301
399	2333
400	2370
401	2350
402	2045
403	2120
404	2153
405	2308
406	2263
407	2201
408	2102
409	2117
410	2206
411	2120
412	2134
413	2018
414	2039
415	2005
416	2151
417	2157
418	2009
419	2059
420	1974
421	1977
422	2059
423	2062
424	1980
425	1978
426	1946
427	1870
428	1826
429	1889
430	1866
431	1822
432	1711
433	1843
434	1734
435	1863
436	1798
437	1683
438	1768
439	1723
440	1768
441	1761
442	1792
443	1565
444	1770
445	1923
446	1764
447	1775
448	1597
449	1622
450	1619
451	1666
452	1552
453	1686
454	1533
455	1526
456	1616
457	1577
458	1534
459	1692
460	1631
461	1653
462	1597
463	1602
464	1534
465	1455
466	1601
467	1419
468	1469
469	1400
470	1375
471	1578
472	1508
473	1385
474	1510
475	1420
476	1599
477	1470
478	1440
479	1473
480	1527
481	1303
482	1493
483	1398
484	1293
485	1243
486	1276
487	1376
488	1426
489	1513
490	1381
491	1453
492	1466
493	1511
494	1437
495	1386
496	1401
497	1410
498	1460
499	1416
500	1375
501	1342
502	1380
503	1329
504	1368
505	1390
506	1366
507	1292
508	1373
509	1351
510	1263
511	1348
512	1325
513	1313
514	1253
515	1326
516	1286
517	1383
518	1408
519	1352
520	1334
521	1273
522	1333
523	1332
524	1393
525	1433
526	1283
527	1238
528	1284
529	1341
530	1242
531	1388
532	1336
533	1307
534	1287
535	1449
536	1298
537	1210
538	1227
539	1165
540	1198
541	1109
542	1248
543	1305
544	1206
545	1232
546	1333
547	1413
548	1267
549	1229
550	1296
551	1241
552	1263
553	1285
554	1183
555	1210
556	1167
557	1159
558	1285
559	1222
560	1089
561	1185
562	1159
563	1187
564	1363
565	1242
566	1129
567	1230
568	1239
569	1145
570	1063
571	1149
572	1061
573	1050
574	1075
575	1069
576	1104
577	1175
578	1186
579	1121
580	1191
581	1252
582	1203
583	1168
584	1198
585	1138
586	1222
587	1182
588	1196
589	1166
590	1114
591	1070
592	1122
593	1038
594	1120
595	1012
596	1017
597	1022
598	1112
599	1101
600	1032
601	1054
602	1016
603	1057
604	1035
605	1167
606	993
607	980
608	1010
609	1034
610	1046
611	1102
612	1031
613	1023
614	971
615	970
616	945
617	1078
618	1088
619	991
620	945
621	962
622	1012
623	980
624	937
625	995
626	988
627	1094
628	1102
629	1052
630	1002
631	1047
632	1015
633	1081
634	934
635	1042
636	1111
637	1004
638	1103
639	1060
640	1023
641	914
642	969
643	1108
644	1012
645	993
646	1066
647	1002
648	1027
649	1001
650	906
651	911
652	1002
653	944
654	980
655	967
656	997
657	1001
658	890
659	1025
660	1006
661	911
662	975
663	896
664	920
665	1050
666	908
667	934
668	933
669	927
670	880
671	877
672	931
673	955
674	942
675	946
676	966
677	1003
678	817
679	900
680	914
681	922
682	905
683	964
684	1119
685	992
686	1005
687	977
688	960
689	853
690	973
691	968
692	1027
693	906
694	1026
695	865
696	970
697	889
698	971
699	937
700	1014
701	991
702	835
703	909
704	1010
705	1014
706	838
707	874
708	972
709	906
710	940
711	880
712	883
713	968
714	982
715	926
716	852
717	868
718	872
719	903
720	870
721	871
722	919
723	848
724	939
725	931
726	910
727	913
728	909
729	918
730	905
731	853
732	885
733	863
734	882
735	941
736	855
737	873
738	915
739	873
740	859
741	780
742	831
743	829
744	798
745	748
746	761
747	705
748	774
749	811
750	807
751	775
752	776
753	793
754	786
755	738
756	846
757	874
758	734
759	831
760	799
761	835
762	691
763	747
764	716
765	759
766	751
767	815
768	798
769	783
770	837
771	831
772	708
773	769
774	781
775	876
776	773
777	815
778	730
779	716
780	727
781	652
782	834
783	886
784	844
785	876
786	859
787	776
788	771
789	787
790	828
791	772
792	809
793	744
794	845
795	768
796	749
797	770
798	805
799	821
800	745
801	877
802	770
803	800
804	831
805	719
806	721
807	743
808	756
809	780
810	794
811	724
812	713
813	701
814	741
815	739
816	698
817	668
818	714
819	707
820	771
821	658
822	748
823	702
824	748
825	776
826	743
827	785
828	707
829	745
830	752
831	637
832	749
833	728
834	811
835	860
836	777
837	777
838	745
839	777
840	746
841	792
842	753
843	859
844	722
845	735
846	726
847	706
848	727
849	696
850	740
851	766
852	816
853	778
854	723
855	791
856	732
857	663
858	701
859	697
860	669
861	715
862	747
863	758
864	690
865	736
866	819
867	698
868	657
869	686
870	745
871	774
872	757
873	725
874	784
875	655
876	677
877	732
878	747
879	753
880	736
881	718
882	743
883	713
884	810
885	800
886	743
887	671
888	691
889	679
890	662
891	701
892	713
893	676
894	662
895	635
896	709
897	662
898	679
899	644
900	712
901	667
902	667
903	673
904	659
905	657
906	708
907	646
908	611
909	541
910	615
911	563
912	585
913	612
914	622
915	669
916	615
917	610
918	612
919	640
920	691
921	685
922	653
923	602
924	689
925	697
926	741
927	736
928	761
929	694
930	721
931	661
932	664
933	711
934	719
935	625
936	701
937	806
938	708
939	617
940	699
941	707
942	736
943	671
944	673
945	648
946	596
947	588
948	687
949	727
950	750
951	660
952	714
953	689
954	676
955	671
956	715
957	741
958	776
959	744
960	714
961	628
962	670
963	729
964	733
965	714
966	782
967	738
968	778
969	704
970	698
971	704
972	765
973	663
974	719
975	696
976	737
977	676
978	757
979	706
980	670
981	707
982	722
983	673
984	692
985	811
986	700
987	824
988	731
989	723
990	754
991	731
992	736
993	719
994	760
995	768
996	718
997	745
998	769
999	699
1000	661
1001	710
1002	656
1003	621
1004	647
1005	694
1006	666
1007	716
1008	737
1009	619
1010	678
1011	722
1012	685
1013	731
1014	762
1015	671
1016	647
1017	660
1018	659
1019	686
1020	685
1021	636
1022	723
1023	661
1024	698
1025	736
1026	591
1027	653
1028	721
1029	628
1030	697
1031	714
1032	721
1033	639
1034	643
1035	650
1036	580
1037	617
1038	580
1039	628
1040	619
1041	640
1042	618
1043	597
1044	612
1045	614
1046	623
1047	624
1048	611
1049	563
1050	587
1051	613
1052	647
1053	595
1054	572
1055	615
1056	582
1057	623
1058	636
1059	639
1060	587
1061	583
1062	574
1063	614
1064	520
1065	649
1066	648
1067	551
1068	547
1069	546
1070	655
1071	567
1072	608
1073	607
1074	544
1075	671
1076	617
1077	559
1078	629
1079	579
1080	507
1081	531
1082	547
1083	555
1084	543
1085	550
1086	538
1087	530
1088	577
1089	549
1090	634
1091	603
1092	603
1093	567
1094	549
1095	558
1096	592
1097	607
1098	655
1099	565
1100	603
1101	611
1102	647
1103	615
1104	579
1105	587
1106	565
1107	619
1108	671
1109	615
1110	671
1111	671
1112	618
1113	561
1114	606
1115	583
1116	549
1117	530
1118	504
1119	516
1120	602
1121	644
1122	648
1123	551
1124	587
1125	583
1126	586
1127	599
1128	612
1129	563
1130	628
1131	603
1132	533
1133	514
1134	598
1135	534
1136	657
1137	533
1138	566
1139	547
1140	569
1141	535
1142	605
1143	595
1144	609
1145	647
1146	564
1147	636
1148	596
1149	628
1150	572
1151	592
1152	631
1153	625
1154	598
1155	515
1156	580
1157	534
1158	505
1159	545
1160	564
1161	579
1162	576
1163	540
1164	543
1165	587
1166	595
1167	616
1168	567
1169	659
1170	617
1171	568
1172	592
1173	527
1174	578
1175	625
1176	618
1177	661
1178	624
1179	564
1180	593
1181	586
1182	595
1183	605
1184	545
1185	584
1186	570
1187	539
1188	525
1189	664
1190	597
1191	647
1192	531
1193	592
1194	554
1195	522
1196	592
1197	577
1198	612
1199	583
1200	543
1201	605
1202	553
1203	587
1204	644
1205	604
1206	620
1207	610
1208	616
1209	563
1210	610
1211	586
1212	642
1213	683
1214	666
1215	522
1216	598
1217	554
1218	546
1219	529
1220	520
1221	561
1222	557
1223	589
1224	538
1225	561
1226	589
1227	560
1228	612
1229	612
1230	616
1231	570
1232	566
1233	550
1234	563
1235	592
1236	575
1237	571
1238	570
1239	573
1240	572
1241	605
1242	605
1243	541
1244	606
1245	619
1246	585
1247	614
1248	570
1249	615
1250	569
1251	644
1252	615
1253	566
1254	605
1255	566
1256	579
1257	543
1258	577
1259	602
1260	636
1261	661
1262	667
1263	589
1264	643
1265	582
1266	532
1267	509
1268	622
1269	580
1270	573
1271	660
1272	640
1273	594
1274	552
1275	572
1276	527
1277	594
1278	637
1279	632
1280	578
1281	613
1282	608
1283	592
1284	586
1285	534
1286	510
1287	508
1288	593
1289	574
1290	538
1291	588
1292	527
1293	565
1294	633
1295	638
1296	577
1297	593
1298	616
1299	635
1300	606
1301	662
1302	657
1303	618
1304	592
1305	613
1306	660
1307	635
1308	532
1309	540
1310	499
1311	467
1312	506
1313	520
1314	498
1315	541
1316	585
1317	586
1318	514
1319	561
1320	536
1321	480
1322	571
1323	638
1324	569
1325	496
1326	530
1327	465
1328	548
1329	462
1330	509
1331	478
1332	540
1333	497
1334	518
1335	472
1336	494
1337	501
1338	468
1339	493
1340	505
1341	540
1342	540
1343	527
1344	613
1345	580
1346	515
1347	506
1348	497
1349	531
1350	529
1351	502
1352	537
1353	548
1354	521
1355	536
1356	484
1357	481
1358	582
1359	532
1360	519
1361	462
1362	459
1363	526
1364	500
1365	522
1366	463
1367	461
1368	441
1369	507
1370	525
1371	547
1372	551
1373	518
1374	402
1375	462
1376	470
1377	490
1378	408
1379	517
1380	538
1381	444
1382	522
1383	554
1384	573
1385	519
1386	521
1387	613
1388	540
1389	540
1390	567
1391	522
1392	494
1393	485
1394	428
1395	478
1396	504
1397	558
1398	582
1399	498
1400	517
1401	528
1402	549
1403	606
1404	571
1405	540
1406	497
1407	516
1408	479
1409	474
1410	475
1411	562
1412	538
1413	473
1414	569
1415	676
1416	546
1417	476
1418	559
1419	513
1420	502
1421	556
1422	434
1423	481
1424	455
1425	511
1426	499
1427	499
1428	481
1429	478
1430	510
1431	533
1432	597
1433	574
1434	575
1435	516
1436	492
1437	482
1438	504
1439	471
1440	476
1441	484
1442	520
1443	575
1444	537
1445	500
1446	466
1447	485
1448	521
1449	530
1450	510
1451	491
1452	557
1453	436
1454	518
1455	470
1456	524
1457	503
1458	501
1459	564
1460	452
1461	457
1462	523
1463	478
1464	538
1465	481
1466	556
1467	479
1468	454
1469	511
1470	501
1471	455
1472	456
1473	459
1474	437
1475	515
1476	493
1477	492
1478	446
1479	523
1480	508
1481	527
1482	478
1483	517
1484	492
1485	513
1486	466
1487	487
1488	483
1489	525
1490	547
1491	495
1492	550
1493	517
1494	548
1495	602
1496	538
1497	484
1498	565
1499	556
1500	566
1501	516
1502	447
1503	520
1504	513
1505	543
1506	611
1507	572
1508	639
1509	607
1510	505
1511	491
1512	556
1513	507
1514	504
1515	543
1516	564
1517	571
1518	504
1519	449
1520	468
1521	513
1522	493
1523	503
1524	507
1525	533
1526	505
1527	526
1528	541
1529	567
1530	551
1531	650
1532	582
1533	555
1534	534
1535	511
1536	511
1537	514
1538	501
1539	467
1540	508
1541	482
1542	492
1543	501
1544	516
1545	485
1546	538
1547	547
1548	504
1549	559
1550	512
1551	498
1552	481
1553	486
1554	479
1555	457
1556	498
1557	471
1558	606
1559	551
1560	498
1561	548
1562	542
1563	552
1564	579
1565	497
1566	579
1567	572
1568	566
1569	479
1570	466
1571	499
1572	566
1573	539
1574	529
1575	580
1576	581
1577	568
1578	589
1579	562
1580	495
1581	545
1582	562
1583	501
1584	538
1585	522
1586	539
1587	536
1588	573
1589	580
1590	580
1591	538
1592	522
1593	554
1594	561
1595	502
1596	501
1597	590
1598	513
1599	607
1600	538
1601	526
1602	516
1603	502
1604	523
1605	465
1606	516
1607	490
1608	490
1609	413
1610	415
1611	480
1612	522
1613	452
1614	533
1615	529
1616	501
1617	492
1618	454
1619	486
1620	459
1621	545
1622	470
1623	411
1624	497
1625	563
1626	579
1627	565
1628	485
1629	509
1630	535
1631	458
1632	406
1633	591
1634	555
1635	474
1636	464
1637	533
1638	523
1639	478
1640	468
1641	487
1642	561
1643	501
1644	501
1645	511
1646	476
1647	497
1648	494
1649	473
1650	493
1651	526
1652	449
1653	464
1654	408
1655	488
1656	519
1657	517
1658	469
1659	482
1660	493
1661	549
1662	489
1663	430
1664	450
1665	486
1666	518
1667	446
1668	509
1669	459
1670	469
1671	408
1672	456
1673	424
1674	475
1675	527
1676	506
1677	521
1678	487
1679	518
1680	498
1681	548
1682	456
1683	438
1684	486
1685	505
1686	484
1687	476
1688	519
1689	501
1690	505
1691	510
1692	451
1693	394
1694	462
1695	466
1696	394
1697	439
1698	481
1699	461
1700	448
1701	467
1702	477
1703	457
1704	431
1705	447
1706	486
1707	457
1708	441
1709	409
1710	498
1711	468
1712	430
1713	433
1714	439
1715	478
1716	499
1717	494
1718	528
1719	429
1720	519
1721	480
1722	563
1723	508
1724	443
1725	459
1726	487
1727	473
1728	490
1729	517
1730	435
1731	525
1732	524
1733	482
1734	432
1735	465
1736	553
1737	446
1738	533
1739	527
1740	509
1741	466
1742	467
1743	460
1744	489
1745	529
1746	406
1747	482
1748	519
1749	503
1750	522
1751	452
1752	439
1753	448
1754	462
1755	442
1756	498
1757	468
1758	446
1759	428
1760	402
1761	434
1762	443
1763	429
1764	414
1765	421
1766	421
1767	488
1768	440
1769	382
1770	445
1771	528
1772	444
1773	488
1774	500
1775	452
1776	418
1777	419
1778	472
1779	452
1780	423
1781	361
1782	392
1783	374
1784	475
1785	442
1786	507
1787	484
1788	439
1789	445
1790	370
1791	348
1792	429
1793	402
1794	365
1795	402
1796	448
1797	422
1798	408
1799	433
1800	462
1801	444
1802	439
1803	402
1804	380
1805	324
1806	433
1807	443
1808	430
1809	434
1810	434
1811	413
1812	361
1813	370
1814	359
1815	363
1816	400
1817	356
1818	359
1819	331
1820	362
1821	395
1822	404
1823	409
1824	338
1825	361
1826	394
1827	358
1828	410
1829	363
1830	406
1831	398
1832	429
1833	401
1834	409
1835	339
1836	366
1837	410
1838	392
1839	380
1840	377
1841	425
1842	407
1843	354
1844	418
1845	403
1846	337
1847	406
1848	440
1849	398
1850	338
1851	327
1852	392
1853	364
1854	413
1855	421
1856	390
1857	341
1858	400
1859	424
1860	345
1861	347
1862	391
1863	361
1864	315
1865	382
1866	413
1867	352
1868	412
1869	465
1870	400
1871	381
1872	380
1873	393
1874	335
1875	390
1876	394
1877	361
1878	380
1879	366
1880	361
1881	434
1882	387
1883	356
1884	386
1885	356
1886	459
1887	405
1888	403
1889	441
1890	417
1891	346
1892	409
1893	390
1894	369
1895	464
1896	389
1897	428
1898	420
1899	417
1900	433
1901	375
1902	358
1903	369
1904	350
1905	366
1906	375
1907	382
1908	336
1909	322
1910	385
1911	363
1912	325
1913	309
1914	343
1915	348
1916	332
1917	338
1918	338
1919	351
1920	355
1921	337
1922	414
1923	373
1924	357
1925	411
1926	365
1927	394
1928	406
1929	357
1930	411
1931	329
1932	390
1933	332
1934	329
1935	351
1936	404
1937	366
1938	407
1939	417
1940	427
1941	365
1942	322
1943	391
1944	364
1945	364
1946	353
1947	360
1948	319
1949	360
1950	398
1951	385
1952	320
1953	358
1954	425
1955	403
1956	348
1957	346
1958	357
1959	363
1960	391
1961	319
1962	322
1963	352
1964	336
1965	347
1966	372
1967	403
1968	342
1969	369
1970	368
1971	411
1972	375
1973	371
1974	406
1975	390
1976	378
1977	429
1978	413
1979	397
1980	395
1981	418
1982	361
1983	373
1984	438
1985	398
1986	357
1987	397
1988	370
1989	366
1990	349
1991	410
1992	344
1993	393
1994	472
1995	376
1996	418
1997	372
1998	411
1999	373
2000	445
2001	385
2002	361
2003	421
2004	412
2005	411
2006	410
2007	409
2008	396
2009	424
2010	338
2011	384
2012	370
2013	408
2014	394
2015	375
2016	440
2017	452
2018	450
2019	386
2020	396
2021	472
2022	435
2023	433
2024	396
2025	382
2026	352
2027	391
2028	375
2029	508
2030	434
2031	417
2032	407
2033	440
2034	353
2035	392
2036	371
2037	377
2038	420
2039	422
2040	346
2041	444
2042	465
2043	488
2044	404
2045	417
2046	432
2047	429
2048	422
2049	397
2050	364
2051	351
2052	382
2053	350
2054	375
2055	354
2056	422
2057	441
2058	476
2059	426
2060	375
2061	390
2062	406
2063	428
2064	339
2065	419
2066	420
2067	399
2068	410
2069	405
2070	438
2071	401
2072	507
2073	457
2074	359
2075	412
2076	392
2077	412
2078	440
2079	418
2080	346
2081	338
2082	355
2083	405
2084	401
2085	403
2086	332
2087	312
2088	383
2089	452
2090	418
2091	362
2092	438
2093	386
2094	327
2095	359
2096	394
2097	413
2098	378
2099	382
2100	356
2101	405
2102	340
2103	393
2104	338
2105	395
2106	366
2107	383
2108	445
2109	407
2110	358
2111	365
2112	391
2113	416
2114	350
2115	342
2116	354
2117	396
2118	389
2119	396
2120	376
2121	357
2122	441
2123	319
2124	315
2125	323
2126	340
2127	281
2128	366
2129	405
2130	340
2131	353
2132	400
2133	336
2134	348
2135	325
2136	367
2137	345
2138	347
2139	323
2140	351
2141	362
2142	359
2143	354
2144	316
2145	374
2146	419
2147	355
2148	367
2149	353
2150	361
2151	347
2152	332
2153	363
2154	395
2155	275
2156	341
2157	343
2158	354
2159	327
2160	374
2161	316
2162	327
2163	308
2164	331
2165	342
2166	287
2167	318
2168	305
2169	319
2170	383
2171	314
2172	281
2173	355
2174	338
2175	316
2176	327
2177	308
2178	319
2179	312
2180	299
2181	335
2182	309
2183	283
2184	359
2185	302
2186	295
2187	266
2188	285
2189	311
2190	292
2191	323
2192	300
2193	315
2194	302
2195	326
2196	307
2197	324
2198	331
2199	343
2200	366
2201	382
2202	381
2203	412
2204	409
2205	371
2206	444
2207	373
2208	350
2209	310
2210	310
2211	392
2212	389
2213	307
2214	338
2215	360
2216	376
2217	384
2218	316
2219	306
2220	437
2221	401
2222	372
2223	324
2224	345
2225	405
2226	351
2227	362
2228	347
2229	337
2230	298
2231	334
2232	330
2233	293
2234	389
2235	332
2236	383
2237	345
2238	368
2239	350
2240	360
2241	346
2242	379
2243	376
2244	447
2245	390
2246	406
2247	382
2248	385
2249	457
2250	404
2251	359
2252	341
2253	350
2254	361
2255	426
2256	445
2257	380
2258	456
2259	432
2260	434
2261	428
2262	431
2263	466
2264	432
2265	469
2266	426
2267	495
2268	388
2269	383
2270	401
2271	414
2272	403
2273	399
2274	385
2275	376
2276	372
2277	363
2278	433
2279	367
2280	457
2281	411
2282	428
2283	367
2284	426
2285	407
2286	396
2287	395
2288	365
2289	373
2290	374
2291	390
2292	367
2293	340
2294	386
2295	396
2296	311
2297	311
2298	314
2299	325
2300	378
2301	412
2302	416
2303	393
2304	444
2305	336
2306	318
2307	341
2308	333
2309	330
2310	409
2311	354
2312	366
2313	367
2314	389
2315	363
2316	368
2317	349
2318	401
2319	392
2320	360
2321	353
2322	338
2323	344
2324	326
2325	362
2326	335
2327	306
2328	370
2329	377
2330	346
2331	327
2332	363
2333	401
2334	379
2335	321
2336	349
2337	378
2338	409
2339	363
2340	354
2341	346
2342	367
2343	395
2344	352
2345	306
2346	333
2347	335
2348	350
2349	325
2350	338
2351	352
2352	341
2353	267
2354	334
2355	343
2356	326
2357	331
2358	360
2359	369
2360	324
2361	347
2362	379
2363	419
2364	367
2365	352
2366	356
2367	381
2368	302
2369	324
2370	284
2371	323
2372	382
2373	369
2374	354
2375	378
2376	325
2377	387
2378	339
2379	358
2380	364
2381	364
2382	394
2383	342
2384	395
2385	359
2386	374
2387	398
2388	364
2389	377
2390	363
2391	308
2392	315
2393	311
2394	305
2395	363
2396	290
2397	326
2398	322
2399	338
2400	379
2401	343
2402	303
2403	288
2404	277
2405	302
2406	314
2407	338
2408	338
2409	344
2410	319
2411	320
2412	272
2413	282
2414	333
2415	376
2416	343
2417	349
2418	368
2419	350
2420	322
2421	307
2422	353
2423	378
2424	374
2425	328
2426	394
2427	386
2428	352
2429	385
2430	386
2431	363
2432	329
2433	361
2434	381
2435	382
2436	342
2437	362
2438	380
2439	378
2440	378
2441	353
2442	372
2443	326
2444	366
2445	354
2446	331
2447	375
2448	319
2449	362
2450	362
2451	363
2452	341
2453	326
2454	288
2455	321
2456	323
2457	331
2458	279
2459	347
2460	325
2461	360
2462	301
2463	301
2464	309
2465	355
2466	344
2467	340
2468	332
2469	290
2470	340
2471	384
2472	364
2473	306
2474	413
2475	359
2476	366
2477	379
2478	339
2479	327
2480	329
2481	297
2482	307
2483	333
2484	336
2485	390
2486	341
2487	360
2488	373
2489	376
2490	367
2491	279
2492	300
2493	328
2494	357
2495	322
2496	282
2497	305
2498	281
2499	338
2500	345
2501	320
2502	269
2503	286
2504	303
2505	371
2506	325
2507	351
2508	324
2509	362
2510	336
2511	330
2512	315
2513	311
2514	387
2515	340
2516	335
2517	284
2518	280
2519	313
2520	308
2521	292
2522	354
2523	316
2524	299
2525	349
2526	316
2527	396
2528	414
2529	284
2530	330
2531	343
2532	303
2533	315
2534	378
2535	336
2536	317
2537	336
2538	293
2539	317
2540	279
2541	301
2542	291
2543	316
2544	315
2545	256
2546	271
2547	240
2548	313
2549	255
2550	252
2551	285
2552	317
2553	314
2554	295
2555	355
2556	332
2557	327
2558	301
2559	270
2560	264
2561	259
2562	313
2563	270
2564	277
2565	208
2566	275
2567	245
2568	259
2569	293
2570	291
2571	275
2572	298
2573	288
2574	250
2575	235
2576	212
2577	234
2578	226
2579	291
2580	280
2581	291
2582	265
2583	324
2584	322
2585	303
2586	275
2587	294
2588	319
2589	290
2590	262
2591	253
2592	233
2593	271
2594	284
2595	283
2596	282
2597	265
2598	277
2599	270
2600	243
2601	333
2602	269
2603	258
2604	306
2605	273
2606	288
2607	307
2608	243
2609	305
2610	310
2611	315
2612	307
2613	320
2614	315
2615	302
2616	309
2617	293
2618	305
2619	254
2620	268
2621	256
2622	244
2623	253
2624	281
2625	305
2626	242
2627	228
2628	320
2629	276
2630	292
2631	301
2632	285
2633	359
2634	332
2635	311
2636	271
2637	270
2638	278
2639	275
2640	295
2641	285
2642	287
2643	281
2644	313
2645	310
2646	248
2647	279
2648	298
2649	296
2650	278
2651	276
2652	290
2653	245
2654	234
2655	310
2656	339
2657	309
2658	278
2659	287
2660	306
2661	335
2662	323
2663	291
2664	331
2665	300
2666	291
2667	356
2668	265
2669	283
2670	318
2671	285
2672	277
2673	261
2674	246
2675	296
2676	278
2677	307
2678	300
2679	295
2680	327
2681	331
2682	285
2683	223
2684	292
2685	259
2686	275
2687	331
2688	251
2689	324
2690	350
2691	354
2692	267
2693	288
2694	303
2695	266
2696	293
2697	274
2698	257
2699	235
2700	288
2701	348
2702	329
2703	344
2704	306
2705	302
2706	316
2707	295
2708	312
2709	305
2710	361
2711	337
2712	321
2713	327
2714	343
2715	276
2716	305
2717	385
2718	343
2719	307
2720	277
2721	313
2722	320
2723	339
2724	292
2725	297
2726	283
2727	284
2728	285
2729	310
2730	271
2731	327
2732	309
2733	283
2734	286
2735	249
2736	320
2737	299
2738	344
2739	294
2740	293
2741	292
2742	349
2743	301
2744	325
2745	319
2746	319
2747	352
2748	273
2749	310
2750	295
2751	292
2752	255
2753	293
2754	340
2755	260
2756	268
2757	337
2758	296
2759	352
2760	304
2761	296
2762	332
2763	314
2764	311
2765	270
2766	309
2767	330
2768	374
2769	293
2770	283
2771	242
2772	237
2773	306
2774	269
2775	251
2776	333
2777	315
2778	301
2779	288
2780	308
2781	280
2782	285
2783	321
2784	333
2785	259
2786	235
2787	272
2788	282
2789	232
2790	257
2791	235
2792	276
2793	262
2794	262
2795	276
2796	332
2797	274
2798	342
2799	307
2800	217
2801	285
2802	249
2803	272
2804	278
2805	311
2806	288
2807	286
2808	245
2809	274
2810	268
2811	203
2812	236
2813	269
2814	259
2815	320
2816	276
2817	278
2818	266
2819	298
2820	265
2821	234
2822	215
2823	231
2824	253
2825	259
2826	211
2827	238
2828	249
2829	268
2830	269
2831	280
2832	248
2833	283
2834	286
2835	314
2836	252
2837	267
2838	283
2839	246
2840	312
2841	265
2842	292
2843	240
2844	236
2845	199
2846	244
2847	284
2848	260
2849	268
2850	217
2851	255
2852	256
2853	241
2854	247
2855	255
2856	226
2857	271
2858	269
2859	248
2860	316
2861	239
2862	246
2863	249
2864	261
2865	202
2866	238
2867	234
2868	283
2869	241
2870	253
2871	257
2872	255
2873	250
2874	269
2875	214
2876	212
2877	219
2878	220
2879	233
2880	216
2881	248
2882	212
2883	216
2884	175
2885	210
2886	241
2887	235
2888	238
2889	271
2890	246
2891	228
2892	267
2893	259
2894	253
2895	302
2896	261
2897	189
2898	196
2899	231
2900	252
2901	235
2902	208
2903	220
2904	240
2905	263
2906	249
2907	211
2908	226
2909	235
2910	247
2911	265
2912	234
2913	193
2914	204
2915	227
2916	248
2917	212
2918	197
2919	197
2920	232
2921	215
2922	255
2923	284
2924	226
2925	240
2926	255
2927	272
2928	197
2929	233
2930	214
2931	192
2932	213
2933	202
2934	187
2935	227
2936	164
2937	229
2938	248
2939	194
2940	182
2941	197
2942	192
2943	202
2944	204
2945	186
2946	250
2947	258
2948	184
2949	203
2950	197
2951	262
2952	227
2953	219
2954	203
2955	192
2956	169
2957	150
2958	207
2959	195
2960	182
2961	165
2962	193
2963	179
2964	224
2965	181
2966	173
2967	186
2968	222
2969	218
2970	189
2971	211
2972	221
2973	168
2974	206
2975	252
2976	241
2977	210
2978	210
2979	238
2980	214
2981	203
2982	227
2983	262
2984	213
2985	252
2986	238
2987	236
2988	207
2989	227
2990	206
2991	200
2992	257
2993	231
2994	220
2995	253
2996	241
2997	225
2998	219
2999	211
3000	212
3001	263
3002	240
3003	272
3004	248
3005	233
3006	246
3007	241
3008	278
3009	273
3010	267
3011	236
3012	234
3013	224
3014	227
3015	294
3016	274
3017	271
3018	258
3019	260
3020	209
3021	253
3022	255
3023	193
3024	249
3025	191
3026	222
3027	234
3028	206
3029	225
3030	212
3031	224
3032	223
3033	167
3034	213
3035	229
3036	232
3037	272
3038	250
3039	244
3040	243
3041	218
3042	255
3043	249
3044	314
3045	233
3046	241
3047	269
3048	257
3049	240
3050	286
3051	302
3052	283
3053	262
3054	284
3055	288
3056	286
3057	248
3058	282
3059	254
3060	262
3061	259
3062	272
3063	297
3064	278
3065	288
3066	308
3067	203
3068	260
3069	257
3070	281
3071	241
3072	250
3073	262
3074	315
3075	231
3076	228
3077	263
3078	191
3079	217
3080	192
3081	214
3082	198
3083	245
3084	205
3085	212
3086	261
3087	246
3088	276
3089	233
3090	233
3091	289
3092	262
3093	242
3094	272
3095	240
3096	243
3097	233
3098	287
3099	241
3100	221
3101	259
3102	232
3103	212
3104	240
3105	227
3106	213
3107	204
3108	245
3109	215
3110	254
3111	262
3112	247
3113	253
3114	211
3115	205
3116	183
3117	176
3118	212
3119	197
3120	254
3121	193
3122	214
3123	187
3124	217
3125	217
3126	201
3127	198
3128	199
3129	183
3130	192
3131	244
3132	190
3133	244
3134	196
3135	221
3136	162
3137	182
3138	217
3139	238
3140	249
3141	248
3142	233
3143	243
3144	239
3145	183
3146	193
3147	208
3148	222
3149	260
3150	219
3151	238
3152	252
3153	214
3154	196
3155	229
3156	165
3157	190
3158	175
3159	171
3160	208
3161	190
3162	166
3163	232
3164	217
3165	232
3166	173
3167	172
3168	217
3169	186
3170	213
3171	232
3172	218
3173	188
3174	218
3175	212
3176	207
3177	213
3178	200
3179	303
3180	197
3181	260
3182	228
3183	229
3184	214
3185	249
3186	263
3187	217
3188	213
3189	189
3190	234
3191	291
3192	276
3193	258
3194	245
3195	245
3196	206
3197	221
3198	236
3199	230
3200	303
3201	255
3202	266
3203	226
3204	218
3205	223
3206	225
3207	299
3208	205
3209	200
3210	230
3211	206
3212	187
3213	244
3214	291
3215	235
3216	219
3217	248
3218	274
3219	220
3220	206
3221	237
3222	261
3223	218
3224	243
3225	246
3226	247
3227	238
3228	216
3229	195
3230	205
3231	247
3232	252
3233	241
3234	260
3235	234
3236	269
3237	228
3238	214
3239	216
3240	248
3241	256
3242	293
3243	217
3244	260
3245	247
3246	234
3247	276
3248	257
3249	264
3250	287
3251	297
3252	263
3253	296
3254	321
3255	270
3256	241
3257	256
3258	241
3259	257
3260	257
3261	244
3262	252
3263	216
3264	211
3265	200
3266	218
3267	222
3268	254
3269	208
3270	193
3271	168
3272	220
3273	223
3274	212
3275	241
3276	239
3277	232
3278	244
3279	280
3280	250
3281	232
3282	341
3283	327
3284	266
3285	279
3286	263
3287	263
3288	338
3289	266
3290	272
3291	291
3292	297
3293	324
3294	284
3295	286
3296	250
3297	247
3298	234
3299	260
3300	240
3301	249
3302	253
3303	260
3304	326
3305	291
3306	254
3307	285
3308	233
3309	299
3310	293
3311	278
3312	281
3313	257
3314	298
3315	273
3316	287
3317	312
3318	306
3319	274
3320	281
3321	254
3322	242
3323	262
3324	326
3325	260
3326	328
3327	274
3328	308
3329	315
3330	265
3331	306
3332	308
3333	290
3334	275
3335	328
3336	321
3337	243
3338	273
3339	284
3340	315
3341	261
3342	279
3343	293
3344	272
3345	321
3346	258
3347	258
3348	230
3349	235
3350	270
3351	246
3352	237
3353	235
3354	229
3355	259
3356	325
3357	270
3358	288
3359	301
3360	248
3361	281
3362	256
3363	264
3364	269
3365	260
3366	261
3367	286
3368	260
3369	194
3370	215
3371	241
3372	218
3373	246
3374	246
3375	234
3376	248
3377	226
3378	246
3379	263
3380	227
3381	269
3382	267
3383	236
3384	223
3385	224
3386	209
3387	227
3388	225
3389	146
3390	162
3391	203
3392	171
3393	242
3394	212
3395	167
3396	249
3397	187
3398	170
3399	216
3400	228
3401	249
3402	227
3403	226
3404	253
3405	184
3406	225
3407	211
3408	182
3409	174
3410	176
3411	190
3412	189
3413	145
3414	180
3415	228
3416	244
3417	254
3418	236
3419	204
3420	236
3421	222
3422	227
3423	208
3424	185
3425	226
3426	235
3427	222
3428	220
3429	190
3430	239
3431	191
3432	154
3433	178
3434	180
3435	180
3436	234
3437	214
3438	241
3439	251
3440	202
3441	255
3442	180
3443	193
3444	213
3445	224
3446	191
3447	228
3448	197
3449	194
3450	213
3451	238
3452	236
3453	261
3454	211
3455	196
3456	243
3457	215
3458	222
3459	231
3460	242
3461	264
3462	264
3463	222
3464	231
3465	216
3466	228
3467	236
3468	212
3469	241
3470	202
3471	220
3472	228
3473	223
3474	195
3475	206
3476	212
3477	188
3478	186
3479	196
3480	212
3481	220
3482	208
3483	210
3484	221
3485	180
3486	264
3487	235
3488	231
3489	243
3490	186
3491	210
3492	225
3493	187
3494	270
3495	244
3496	226
3497	215
3498	187
3499	200
3500	206
3501	258
3502	236
3503	184
3504	210
3505	190
3506	178
3507	178
3508	188
3509	204
3510	216
3511	174
3512	203
3513	199
3514	238
3515	179
3516	190
3517	179
3518	210
3519	200
3520	212
3521	241
3522	190
3523	193
3524	178
3525	224
3526	180
3527	224
3528	137
3529	167
3530	241
3531	191
3532	203
3533	199
3534	174
3535	173
3536	194
3537	167
3538	203
3539	179
3540	154
3541	205
3542	221
3543	195
3544	186
3545	141
3546	182
3547	178
3548	220
3549	215
3550	190
3551	209
3552	170
3553	244
3554	205
3555	180
3556	238
3557	219
3558	174
3559	214
3560	204
3561	204
3562	184
3563	205
3564	187
3565	155
3566	191
3567	188
3568	179
3569	191
3570	225
3571	205
3572	224
3573	195
3574	211
3575	209
3576	228
3577	179
3578	211
3579	173
3580	225
3581	184
3582	176
3583	207
3584	213
3585	239
3586	221
3587	242
3588	193
3589	181
3590	162
3591	139
3592	167
3593	171
3594	189
3595	170
3596	214
3597	178
3598	186
3599	193
3600	200
3601	242
3602	219
3603	216
3604	205
3605	176
3606	233
3607	271
3608	222
3609	203
3610	228
3611	215
3612	220
3613	203
3614	188
3615	200
3616	189
3617	203
3618	211
3619	220
3620	208
3621	203
3622	205
3623	220
3624	199
3625	194
3626	199
3627	219
3628	222
3629	189
3630	231
3631	204
3632	158
3633	176
3634	216
3635	211
3636	220
3637	213
3638	193
3639	171
3640	126
3641	177
3642	166
3643	158
3644	186
3645	182
3646	192
3647	222
3648	246
3649	256
3650	131
3651	165
3652	211
3653	202
3654	200
3655	199
3656	161
3657	187
3658	223
3659	201
3660	224
3661	163
3662	216
3663	177
3664	151
3665	233
3666	183
3667	176
3668	198
3669	159
3670	166
3671	169
3672	162
3673	207
3674	179
3675	197
3676	176
3677	239
3678	173
3679	176
3680	189
3681	219
3682	173
3683	249
3684	207
3685	185
3686	222
3687	182
3688	176
3689	210
3690	207
3691	195
3692	179
3693	195
3694	221
3695	206
3696	190
3697	179
3698	215
3699	181
3700	184
3701	167
3702	174
3703	158
3704	161
3705	202
3706	194
3707	192
3708	188
3709	240
3710	172
3711	177
3712	221
3713	216
3714	235
3715	253
3716	194
3717	194
3718	142
3719	173
3720	145
3721	184
3722	210
3723	194
3724	180
3725	210
3726	200
3727	217
3728	175
3729	172
3730	182
3731	153
3732	185
3733	222
3734	233
3735	147
3736	169
3737	159
3738	201
3739	208
3740	207
3741	186
3742	184
3743	185
3744	178
3745	238
3746	201
3747	204
3748	182
3749	180
3750	201
3751	203
3752	210
3753	176
3754	174
3755	177
3756	136
3757	184
3758	187
3759	170
3760	163
3761	171
3762	195
3763	147
3764	170
3765	190
3766	218
3767	203
3768	146
3769	245
3770	163
3771	168
3772	153
3773	193
3774	195
3775	182
3776	180
3777	199
3778	228
3779	147
3780	148
3781	185
3782	177
3783	196
3784	149
3785	166
3786	173
3787	148
3788	213
3789	244
3790	232
3791	176
3792	161
3793	179
3794	179
3795	210
3796	222
3797	183
3798	199
3799	163
3800	131
3801	171
3802	177
3803	191
3804	172
3805	168
3806	183
3807	146
3808	183
3809	157
3810	166
3811	144
3812	177
3813	187
3814	168
3815	217
3816	211
3817	264
3818	222
3819	238
3820	188
3821	209
3822	217
3823	215
3824	169
3825	171
3826	219
3827	214
3828	195
3829	153
3830	183
3831	194
3832	199
3833	184
3834	180
3835	159
3836	196
3837	200
3838	208
3839	204
3840	187
3841	162
3842	161
3843	190
3844	189
3845	178
3846	164
3847	203
3848	191
3849	193
3850	211
3851	180
3852	171
3853	192
3854	157
3855	176
3856	158
3857	221
3858	225
3859	205
3860	200
3861	175
3862	203
3863	206
3864	129
3865	149
3866	192
3867	164
3868	164
3869	164
3870	206
3871	181
3872	187
3873	167
3874	206
3875	157
3876	212
3877	171
3878	183
3879	193
3880	233
3881	176
3882	240
3883	180
3884	194
3885	206
3886	143
3887	229
3888	223
3889	206
3890	233
3891	159
3892	234
3893	224
3894	221
3895	218
3896	185
3897	196
3898	167
3899	186
3900	147
3901	198
3902	234
3903	133
3904	168
3905	206
3906	200
3907	248
3908	233
3909	212
3910	203
3911	145
3912	214
3913	221
3914	212
3915	201
3916	227
3917	209
3918	198
3919	231
3920	248
3921	226
3922	254
3923	202
3924	181
3925	227
3926	177
3927	177
3928	189
3929	194
3930	245
3931	209
3932	216
3933	220
3934	237
3935	273
3936	204
3937	243
3938	231
3939	241
3940	215
3941	222
3942	210
3943	222
3944	252
3945	226
3946	238
3947	230
3948	221
3949	251
3950	218
3951	203
3952	187
3953	232
3954	188
3955	207
3956	213
3957	231
3958	235
3959	199
3960	239
3961	196
3962	186
3963	205
3964	213
3965	185
3966	265
3967	190
3968	222
3969	220
3970	151
3971	179
3972	198
3973	195
3974	205
3975	218
3976	212
3977	257
3978	201
3979	186
3980	195
3981	161
3982	151
3983	157
3984	183
3985	170
3986	203
3987	181
3988	230
3989	209
3990	207
3991	182
3992	183
3993	184
3994	164
3995	169
3996	187
3997	189
3998	176
3999	168
4000	221
4001	189
4002	219
4003	175
4004	210
4005	184
4006	222
4007	201
4008	223
4009	208
4010	191
4011	239
4012	209
4013	182
4014	184
4015	172
4016	201
4017	198
4018	197
4019	198
4020	217
4021	267
4022	272
4023	231
4024	237
4025	244
4026	203
4027	208
4028	161
4029	198
4030	179
4031	188
4032	195
4033	212
4034	216
4035	191
4036	181
4037	160
4038	173
4039	170
4040	165
4041	211
4042	209
4043	182
4044	175
4045	164
4046	188
4047	178
4048	194
4049	227
4050	203
4051	198
4052	232
4053	220
4054	251
4055	209
4056	221
4057	221
4058	197
4059	239
4060	188
4061	224
4062	245
4063	218
4064	255
4065	214
4066	199
4067	219
4068	198
4069	205
4070	212
4071	228
4072	215
4073	228
4074	208
4075	249
4076	219
4077	224
4078	215
4079	254
4080	230
4081	242
4082	264
4083	242
4084	185
4085	213
4086	216
4087	192
4088	224
4089	155
4090	203
4091	217
4092	221
4093	272
4094	284
4095	241
4096	249
4097	254
4098	256
4099	245
4100	242
4101	226
4102	205
4103	249
4104	177
4105	191
4106	180
4107	201
4108	208
4109	210
4110	215
4111	190
4112	213
4113	180
4114	207
4115	162
4116	187
4117	181
4118	221
4119	192
4120	244
4121	234
4122	224
4123	210
4124	198
4125	195
4126	172
4127	252
4128	188
4129	167
4130	185
4131	173
4132	182
4133	138
4134	135
4135	168
4136	171
4137	204
4138	199
4139	181
4140	185
4141	168
4142	196
4143	235
4144	209
4145	188
4146	176
4147	159
4148	174
4149	170
4150	164
4151	190
4152	140
4153	171
4154	141
4155	152
4156	158
4157	148
4158	173
4159	149
4160	148
4161	158
4162	140
4163	177
4164	194
4165	153
4166	181
4167	184
4168	152
4169	115
4170	146
4171	180
4172	205
4173	205
4174	182
4175	194
4176	125
4177	146
4178	186
4179	128
4180	161
4181	162
4182	177
4183	145
4184	204
4185	162
4186	137
4187	185
4188	169
4189	171
4190	142
4191	148
4192	145
4193	141
4194	174
4195	177
4196	176
4197	152
4198	158
4199	157
4200	134
4201	151
4202	177
4203	150
4204	161
4205	147
4206	144
4207	137
4208	123
4209	160
4210	150
4211	151
4212	161
4213	157
4214	145
4215	114
4216	144
4217	176
4218	210
4219	185
4220	169
4221	125
4222	174
4223	185
4224	157
4225	161
4226	160
4227	226
4228	162
4229	155
4230	153
4231	158
4232	201
4233	162
4234	139
4235	175
4236	153
4237	186
4238	160
4239	161
4240	199
4241	209
4242	135
4243	149
4244	174
4245	183
4246	152
4247	149
4248	135
4249	163
4250	146
4251	195
4252	151
4253	149
4254	163
4255	127
4256	161
4257	133
4258	139
4259	126
4260	127
4261	119
4262	142
4263	235
4264	174
4265	188
4266	186
4267	154
4268	128
4269	121
4270	130
4271	149
4272	182
4273	174
4274	151
4275	174
4276	193
4277	184
4278	100
4279	153
4280	161
4281	144
4282	129
4283	177
4284	157
4285	232
4286	206
4287	183
4288	134
4289	133
4290	164
4291	164
4292	160
4293	122
4294	129
4295	114
4296	195
4297	166
4298	194
4299	157
4300	138
4301	166
4302	165
4303	149
4304	164
4305	146
4306	151
4307	183
4308	157
4309	142
4310	174
4311	140
4312	146
4313	181
4314	159
4315	164
4316	188
4317	182
4318	151
4319	118
4320	155
4321	161
4322	159
4323	125
4324	176
4325	152
4326	166
4327	164
4328	181
4329	149
4330	170
4331	187
4332	159
4333	150
4334	123
4335	152
4336	137
4337	199
4338	156
4339	155
4340	211
4341	154
4342	147
4343	133
4344	91
4345	119
4346	136
4347	137
4348	148
4349	152
4350	155
4351	165
4352	139
4353	172
4354	158
4355	156
4356	191
4357	125
4358	127
4359	146
4360	117
4361	104
4362	95
4363	135
4364	89
4365	128
4366	108
4367	106
4368	111
4369	143
4370	150
4371	151
4372	96
4373	145
4374	117
4375	102
4376	131
4377	112
4378	141
4379	154
4380	135
4381	136
4382	146
4383	101
4384	85
4385	105
4386	106
4387	129
4388	117
4389	114
4390	137
4391	145
4392	113
4393	148
4394	101
4395	153
4396	151
4397	143
4398	130
4399	119
4400	113
4401	115
4402	127
4403	140
4404	105
4405	94
4406	119
4407	180
4408	124
4409	108
4410	129
4411	138
4412	155
4413	147
4414	154
4415	139
4416	111
4417	113
4418	124
4419	127
4420	129
4421	105
4422	130
4423	106
4424	104
4425	102
4426	123
4427	145
4428	139
4429	142
4430	132
4431	127
4432	172
4433	147
4434	153
4435	133
4436	130
4437	125
4438	133
4439	97
4440	121
4441	124
4442	133
4443	147
4444	127
4445	131
4446	119
4447	133
4448	116
4449	126
4450	151
4451	126
4452	103
4453	104
4454	108
4455	120
4456	112
4457	125
4458	144
4459	114
4460	109
4461	138
4462	126
4463	155
4464	139
4465	189
4466	153
4467	149
4468	141
4469	139
4470	127
4471	137
4472	112
4473	83
4474	134
4475	130
4476	166
4477	149
4478	113
4479	165
4480	112
4481	137
4482	163
4483	146
4484	162
4485	137
4486	145
4487	145
4488	140
4489	120
4490	134
4491	138
4492	91
4493	142
4494	141
4495	119
4496	132
4497	117
4498	137
4499	160
4500	112
4501	141
4502	124
4503	150
4504	130
4505	141
4506	137
4507	140
4508	99
4509	135
4510	149
4511	157
4512	132
4513	119
4514	111
4515	133
4516	106
4517	125
4518	146
4519	139
4520	110
4521	134
4522	121
4523	141
4524	161
4525	120
4526	149
4527	126
4528	141
4529	139
4530	160
4531	179
4532	172
4533	139
4534	159
4535	162
4536	152
4537	181
4538	190
4539	177
4540	224
4541	183
4542	196
4543	165
4544	152
4545	166
4546	143
4547	173
4548	129
4549	152
4550	111
4551	164
4552	100
4553	127
4554	133
4555	137
4556	153
4557	129
4558	165
4559	174
4560	196
4561	192
4562	144
4563	141
4564	127
4565	137
4566	172
4567	171
4568	168
4569	146
4570	164
4571	148
4572	177
4573	216
4574	178
4575	161
4576	150
4577	169
4578	176
4579	160
4580	151
4581	134
4582	193
4583	147
4584	165
4585	157
4586	160
4587	119
4588	153
4589	146
4590	177
4591	125
4592	149
4593	117
4594	174
4595	195
4596	175
4597	161
4598	153
4599	156
4600	150
4601	149
4602	139
4603	166
4604	120
4605	139
4606	151
4607	127
4608	148
4609	125
4610	148
4611	127
4612	142
4613	123
4614	146
4615	132
4616	105
4617	135
4618	135
4619	132
4620	164
4621	178
4622	148
4623	150
4624	195
4625	162
4626	178
4627	173
4628	171
4629	160
4630	148
4631	179
4632	143
4633	151
4634	155
4635	149
4636	139
4637	145
4638	173
4639	195
4640	124
4641	153
4642	153
4643	128
4644	166
4645	122
4646	111
4647	102
4648	112
4649	145
4650	165
4651	141
4652	136
4653	147
4654	193
4655	125
4656	104
4657	109
4658	134
4659	126
4660	142
4661	112
4662	123
4663	131
4664	154
4665	115
4666	123
4667	117
4668	140
4669	134
4670	158
4671	136
4672	106
4673	121
4674	126
4675	113
4676	118
4677	98
4678	137
4679	128
4680	143
4681	139
4682	121
4683	138
4684	125
4685	133
4686	94
4687	143
4688	163
4689	148
4690	159
4691	116
4692	143
4693	146
4694	125
4695	141
4696	105
4697	140
4698	167
4699	155
4700	153
4701	128
4702	142
4703	122
4704	141
4705	135
4706	151
4707	136
4708	116
4709	142
4710	124
4711	114
4712	119
4713	112
4714	128
4715	129
4716	150
4717	96
4718	120
4719	123
4720	139
4721	158
4722	169
4723	123
4724	136
4725	123
4726	100
4727	112
4728	123
4729	146
4730	136
4731	185
4732	143
4733	148
4734	137
4735	121
4736	131
4737	112
4738	177
4739	120
4740	135
4741	104
4742	109
4743	115
4744	141
4745	122
4746	151
4747	155
4748	124
4749	142
4750	150
4751	147
4752	106
4753	125
4754	102
4755	140
4756	162
4757	149
4758	125
4759	107
4760	156
4761	182
4762	123
4763	138
4764	123
4765	136
4766	157
4767	154
4768	155
4769	153
4770	146
4771	144
4772	177
4773	102
4774	111
4775	128
4776	112
4777	112
4778	113
4779	173
4780	151
4781	195
4782	134
4783	111
4784	137
4785	134
4786	111
4787	108
4788	137
4789	135
4790	143
4791	176
4792	133
4793	139
4794	157
4795	185
4796	157
4797	166
4798	165
4799	153
4800	176
4801	161
4802	164
4803	121
4804	136
4805	125
4806	154
4807	162
4808	130
4809	125
4810	110
4811	142
4812	113
4813	138
4814	118
4815	127
4816	123
4817	129
4818	131
4819	120
4820	142
4821	134
4822	156
4823	89
4824	114
4825	124
4826	115
4827	119
4828	133
4829	181
4830	177
4831	136
4832	124
4833	121
4834	113
4835	75
4836	99
4837	154
4838	126
4839	127
4840	122
4841	155
4842	139
4843	157
4844	142
4845	120
4846	96
4847	117
4848	81
4849	139
4850	122
4851	108
4852	106
4853	114
4854	98
4855	93
4856	139
4857	100
4858	99
4859	113
4860	146
4861	105
4862	97
4863	106
4864	98
4865	106
4866	119
4867	127
4868	136
4869	112
4870	105
4871	130
4872	120
4873	127
4874	133
4875	143
4876	159
4877	92
4878	111
4879	87
4880	113
4881	118
4882	119
4883	143
4884	97
4885	109
4886	103
4887	95
4888	116
4889	112
4890	145
4891	103
4892	124
4893	124
4894	117
4895	76
4896	111
4897	107
4898	121
4899	121
4900	119
4901	91
4902	109
4903	108
4904	123
4905	113
4906	112
4907	141
4908	169
4909	159
4910	151
4911	141
4912	122
4913	114
4914	115
4915	138
4916	120
4917	94
4918	112
4919	101
4920	140
4921	95
4922	132
4923	174
4924	145
4925	134
4926	101
4927	109
4928	132
4929	101
4930	141
4931	129
4932	162
4933	166
4934	134
4935	133
4936	126
4937	136
4938	135
4939	132
4940	127
4941	173
4942	124
4943	173
4944	142
4945	141
4946	105
4947	118
4948	144
4949	122
4950	114
4951	138
4952	139
4953	101
4954	137
4955	102
4956	126
4957	100
4958	173
4959	164
4960	132
4961	141
4962	168
4963	143
4964	166
4965	146
4966	133
4967	116
4968	170
4969	124
4970	151
4971	152
4972	151
4973	145
4974	144
4975	157
4976	132
4977	110
4978	123
4979	122
4980	153
4981	149
4982	136
4983	96
4984	103
4985	141
4986	141
4987	141
4988	184
4989	153
4990	120
4991	134
4992	140
4993	140
4994	125
4995	101
4996	111
4997	137
4998	136
4999	122
5000	132
5001	179
5002	130
5003	137
5004	129
5005	151
5006	147
5007	126
5008	112
5009	132
5010	130
5011	148
5012	116
5013	149
5014	161
5015	207
5016	181
5017	130
5018	151
5019	127
5020	124
5021	124
5022	138
5023	92
5024	119
5025	133
5026	92
5027	141
5028	119
5029	108
5030	107
5031	101
5032	126
5033	140
5034	145
5035	146
5036	136
5037	167
5038	146
5039	142
5040	148
5041	125
5042	151
5043	156
5044	171
5045	196
5046	161
5047	127
5048	149
5049	151
5050	155
5051	149
5052	116
5053	179
5054	138
5055	150
5056	133
5057	143
5058	164
5059	166
5060	195
5061	195
5062	176
5063	176
5064	172
5065	133
5066	155
5067	118
5068	131
5069	188
5070	140
5071	160
5072	134
5073	164
5074	132
5075	166
5076	125
5077	140
5078	133
5079	158
5080	153
5081	148
5082	149
5083	116
5084	91
5085	109
5086	118
5087	126
5088	126
5089	140
5090	150
5091	130
5092	127
5093	144
5094	127
5095	94
5096	87
5097	105
5098	127
5099	155
5100	129
5101	171
5102	157
5103	130
5104	170
5105	111
5106	122
5107	106
5108	145
5109	108
5110	112
5111	108
5112	105
5113	136
5114	123
5115	135
5116	166
5117	140
5118	157
5119	154
5120	130
5121	161
5122	102
5123	110
5124	116
5125	84
5126	113
5127	125
5128	131
5129	147
5130	139
5131	122
5132	130
5133	130
5134	126
5135	150
5136	110
5137	91
5138	174
5139	149
5140	168
5141	132
5142	125
5143	116
5144	173
5145	127
5146	109
5147	150
5148	118
5149	102
5150	132
5151	113
5152	114
5153	106
5154	116
5155	91
5156	122
5157	115
5158	146
5159	122
5160	173
5161	136
5162	112
5163	141
5164	119
5165	98
5166	109
5167	110
5168	74
5169	98
5170	99
5171	148
5172	130
5173	109
5174	140
5175	103
5176	104
5177	99
5178	127
5179	117
5180	118
5181	115
5182	102
5183	118
5184	72
5185	101
5186	103
5187	127
5188	110
5189	104
5190	98
5191	97
5192	115
5193	112
5194	143
5195	126
5196	88
5197	104
5198	141
5199	116
5200	107
5201	118
5202	146
5203	153
5204	116
5205	136
5206	120
5207	131
5208	113
5209	99
5210	106
5211	69
5212	124
5213	66
5214	88
5215	96
5216	124
5217	108
5218	127
5219	103
5220	74
5221	100
5222	70
5223	81
5224	98
5225	103
5226	114
5227	90
5228	117
5229	86
5230	121
5231	133
5232	96
5233	138
5234	76
5235	82
5236	66
5237	78
5238	87
5239	62
5240	82
5241	106
5242	95
5243	88
5244	113
5245	136
5246	97
5247	106
5248	95
5249	100
5250	86
5251	64
5252	100
5253	101
5254	138
5255	133
5256	127
5257	105
5258	116
5259	98
5260	114
5261	126
5262	112
5263	85
5264	88
5265	86
5266	118
5267	125
5268	121
5269	98
5270	119
5271	98
5272	90
5273	121
5274	82
5275	113
5276	93
5277	109
5278	146
5279	154
5280	98
5281	101
5282	77
5283	87
5284	126
5285	102
5286	127
5287	115
5288	117
5289	107
5290	105
5291	108
5292	104
5293	128
5294	100
5295	93
5296	143
5297	91
5298	116
5299	83
5300	110
5301	122
5302	116
5303	107
5304	153
5305	108
5306	142
5307	120
5308	126
5309	114
5310	120
5311	106
5312	102
5313	111
5314	127
5315	103
5316	90
5317	98
5318	104
5319	102
5320	127
5321	120
5322	149
5323	102
5324	135
5325	145
5326	135
5327	101
5328	126
5329	107
5330	114
5331	88
5332	92
5333	119
5334	80
5335	102
5336	57
5337	78
5338	91
5339	59
5340	96
5341	85
5342	90
5343	102
5344	111
5345	113
5346	119
5347	139
5348	104
5349	89
5350	94
5351	117
5352	105
5353	97
5354	110
5355	139
5356	123
5357	91
5358	98
5359	98
5360	109
5361	88
5362	112
5363	94
5364	92
5365	118
5366	132
5367	106
5368	146
5369	165
5370	150
5371	124
5372	95
5373	118
5374	89
5375	109
5376	110
5377	121
5378	108
5379	131
5380	110
5381	138
5382	143
5383	97
5384	118
5385	128
5386	91
5387	76
5388	100
5389	98
5390	100
5391	141
5392	109
5393	92
5394	108
5395	79
5396	89
5397	97
5398	82
5399	103
5400	123
5401	92
5402	94
5403	101
5404	113
5405	132
5406	125
5407	121
5408	126
5409	135
5410	102
5411	97
5412	130
5413	174
5414	130
5415	107
5416	86
5417	87
5418	107
5419	111
5420	97
5421	115
5422	117
5423	97
5424	138
5425	135
5426	111
5427	135
5428	119
5429	151
5430	92
5431	90
5432	134
5433	89
5434	99
5435	108
5436	84
5437	91
5438	61
5439	75
5440	96
5441	97
5442	104
5443	106
5444	120
5445	84
5446	88
5447	86
5448	71
5449	97
5450	107
5451	139
5452	121
5453	103
5454	112
5455	68
5456	84
5457	79
5458	111
5459	90
5460	86
5461	97
5462	128
5463	121
5464	108
5465	75
5466	69
5467	75
5468	113
5469	99
5470	114
5471	115
5472	131
5473	125
5474	137
5475	111
5476	124
5477	112
5478	159
5479	131
5480	117
5481	105
5482	132
5483	115
5484	75
5485	94
5486	109
5487	98
5488	95
5489	118
5490	166
5491	117
5492	112
5493	77
5494	140
5495	107
5496	96
5497	134
5498	139
5499	138
5500	149
5501	122
5502	153
5503	116
5504	106
5505	126
5506	124
5507	118
5508	93
5509	107
5510	113
5511	120
5512	112
5513	111
5514	157
5515	157
5516	148
5517	122
5518	141
5519	100
5520	123
5521	101
5522	123
5523	137
5524	133
5525	118
5526	151
5527	136
5528	98
5529	128
5530	125
5531	126
5532	99
5533	90
5534	108
5535	119
5536	132
5537	146
5538	142
5539	98
5540	122
5541	134
5542	117
5543	119
5544	124
5545	140
5546	162
5547	133
5548	139
5549	178
5550	126
5551	102
5552	110
5553	121
5554	112
5555	137
5556	185
5557	138
5558	136
5559	151
5560	143
5561	138
5562	88
5563	120
5564	117
5565	96
5566	135
5567	100
5568	132
5569	124
5570	125
5571	130
5572	147
5573	131
5574	134
5575	127
5576	90
5577	120
5578	132
5579	130
5580	132
5581	115
5582	110
5583	135
5584	166
5585	114
5586	149
5587	143
5588	109
5589	135
5590	98
5591	136
5592	158
5593	121
5594	146
5595	104
5596	117
5597	92
5598	88
5599	132
5600	106
5601	109
5602	138
5603	115
5604	127
5605	145
5606	107
5607	98
5608	77
5609	123
5610	138
5611	130
5612	124
5613	146
5614	111
5615	120
5616	118
5617	118
5618	160
5619	89
5620	104
5621	103
5622	114
5623	122
5624	83
5625	93
5626	87
5627	74
5628	85
5629	69
5630	61
5631	96
5632	111
5633	130
5634	119
5635	93
5636	104
5637	101
5638	103
5639	103
5640	110
5641	151
5642	133
5643	113
5644	117
5645	93
5646	109
5647	94
5648	85
5649	78
5650	108
5651	118
5652	132
5653	100
5654	141
5655	107
5656	104
5657	148
5658	124
5659	92
5660	87
5661	111
5662	116
5663	113
5664	120
5665	73
5666	61
5667	101
5668	121
5669	123
5670	127
5671	132
5672	102
5673	94
5674	130
5675	106
5676	140
5677	134
5678	128
5679	111
5680	108
5681	80
5682	134
5683	116
5684	124
5685	96
5686	78
5687	104
5688	136
5689	132
5690	132
5691	142
5692	107
5693	123
5694	106
5695	129
5696	126
5697	112
5698	104
5699	106
5700	102
5701	113
5702	94
5703	88
5704	116
5705	152
5706	126
5707	120
5708	170
5709	105
5710	81
5711	122
5712	116
5713	110
5714	122
5715	107
5716	118
5717	93
5718	94
5719	104
5720	116
5721	134
5722	129
5723	122
5724	102
5725	126
5726	127
5727	139
5728	122
5729	68
5730	98
5731	124
5732	104
5733	131
5734	87
5735	106
5736	88
5737	90
5738	117
5739	110
5740	95
5741	123
5742	88
5743	104
5744	90
5745	97
5746	82
5747	107
5748	101
5749	111
5750	131
5751	103
5752	95
5753	86
5754	90
5755	93
5756	83
5757	104
5758	89
5759	62
5760	105
5761	115
5762	81
5763	75
5764	73
5765	79
5766	107
5767	119
5768	129
5769	146
5770	128
5771	107
5772	91
5773	108
5774	115
5775	116
5776	113
5777	155
5778	103
5779	141
5780	89
5781	90
5782	98
5783	89
5784	92
5785	100
5786	101
5787	83
5788	100
5789	124
5790	104
5791	115
5792	113
5793	83
5794	91
5795	93
5796	65
5797	84
5798	127
5799	109
5800	105
5801	109
5802	84
5803	124
5804	86
5805	84
5806	106
5807	86
5808	98
5809	105
5810	121
5811	120
5812	131
5813	98
5814	117
5815	108
5816	90
5817	85
5818	128
5819	87
5820	105
5821	78
5822	71
5823	106
5824	101
5825	124
5826	106
5827	87
5828	109
5829	133
5830	96
5831	83
5832	108
5833	102
5834	123
5835	107
5836	123
5837	133
5838	88
5839	132
5840	87
5841	126
5842	102
5843	106
5844	97
5845	101
5846	111
5847	67
5848	99
5849	106
5850	120
5851	95
5852	95
5853	91
5854	73
5855	82
5856	127
5857	84
5858	62
5859	71
5860	71
5861	111
5862	90
5863	94
5864	116
5865	106
5866	96
5867	127
5868	130
5869	147
5870	137
5871	120
5872	124
5873	127
5874	105
5875	91
5876	108
5877	85
5878	66
5879	74
5880	62
5881	75
5882	91
5883	108
5884	100
5885	101
5886	113
5887	95
5888	103
5889	133
5890	96
5891	98
5892	95
5893	89
5894	108
5895	118
5896	128
5897	127
5898	99
5899	111
5900	130
5901	122
5902	143
5903	143
5904	120
5905	128
5906	63
5907	104
5908	100
5909	92
5910	92
5911	95
5912	90
5913	111
5914	95
5915	117
5916	94
5917	96
5918	102
5919	80
5920	91
5921	97
5922	84
5923	106
5924	92
5925	114
5926	111
5927	109
5928	127
5929	126
5930	93
5931	119
5932	127
5933	105
5934	98
5935	105
5936	102
5937	114
5938	123
5939	95
5940	94
5941	112
5942	126
5943	96
5944	98
5945	117
5946	124
5947	95
5948	108
5949	107
5950	116
5951	145
5952	103
5953	88
5954	86
5955	109
5956	121
5957	105
5958	109
5959	111
5960	146
5961	133
5962	127
5963	108
5964	152
5965	168
5966	107
5967	135
5968	93
5969	108
5970	106
5971	114
5972	138
5973	138
5974	134
5975	121
5976	123
5977	114
5978	120
5979	79
5980	95
5981	115
5982	129
5983	132
5984	145
5985	148
5986	158
5987	112
5988	132
5989	132
5990	92
5991	82
5992	86
5993	110
5994	97
5995	117
5996	112
5997	117
5998	164
5999	95
6000	103
6001	123
6002	99
6003	132
6004	128
6005	99
6006	133
6007	89
6008	75
6009	79
6010	115
6011	139
6012	95
6013	126
6014	81
6015	89
6016	110
6017	117
6018	95
6019	111
6020	107
6021	111
6022	113
6023	142
6024	144
6025	127
6026	134
6027	109
6028	146
6029	128
6030	131
6031	91
6032	145
6033	107
6034	96
6035	128
6036	129
6037	109
6038	71
6039	90
6040	105
6041	109
6042	89
6043	124
6044	100
6045	93
6046	89
6047	114
6048	100
6049	93
6050	59
6051	93
6052	111
6053	102
6054	88
6055	111
6056	122
6057	112
6058	93
6059	113
6060	103
6061	77
6062	61
6063	72
6064	67
6065	109
6066	81
6067	121
6068	88
6069	74
6070	81
6071	94
6072	87
6073	66
6074	73
6075	83
6076	124
6077	107
6078	102
6079	69
6080	83
6081	106
6082	126
6083	112
6084	104
6085	125
6086	110
6087	80
6088	109
6089	131
6090	95
6091	81
6092	76
6093	108
6094	98
6095	89
6096	97
6097	105
6098	130
6099	131
6100	139
6101	60
6102	94
6103	103
6104	99
6105	112
6106	96
6107	145
6108	119
6109	95
6110	84
6111	105
6112	114
6113	116
6114	78
6115	90
6116	107
6117	122
6118	137
6119	144
6120	118
6121	104
6122	118
6123	126
6124	96
6125	84
6126	105
6127	85
6128	99
6129	112
6130	108
6131	116
6132	104
6133	102
6134	100
6135	101
6136	89
6137	88
6138	77
6139	91
6140	94
6141	103
6142	96
6143	102
6144	130
6145	94
6146	111
6147	98
6148	105
6149	101
6150	116
6151	116
6152	113
6153	81
6154	104
6155	108
6156	99
6157	108
6158	78
6159	90
6160	89
6161	110
6162	84
6163	69
6164	105
6165	99
6166	109
6167	89
6168	110
6169	92
6170	93
6171	118
6172	96
6173	128
6174	85
6175	74
6176	80
6177	100
6178	76
6179	96
6180	114
6181	78
6182	74
6183	52
6184	86
6185	106
6186	79
6187	96
6188	102
6189	113
6190	76
6191	85
6192	56
6193	93
6194	118
6195	94
6196	66
6197	71
6198	63
6199	95
6200	98
6201	132
6202	118
6203	116
6204	84
6205	106
6206	106
6207	105
6208	80
6209	53
6210	59
6211	56
6212	84
6213	63
6214	79
6215	81
6216	67
6217	87
6218	84
6219	78
6220	104
6221	87
6222	104
6223	56
6224	83
6225	60
6226	68
6227	64
6228	79
6229	102
6230	95
6231	88
6232	78
6233	69
6234	76
6235	83
6236	89
6237	103
6238	88
6239	84
6240	117
6241	102
6242	105
6243	72
6244	97
6245	81
6246	75
6247	111
6248	105
6249	87
6250	89
6251	97
6252	107
6253	102
6254	70
6255	117
6256	96
6257	107
6258	131
6259	80
6260	90
6261	107
6262	116
6263	129
6264	183
6265	143
6266	80
6267	93
6268	98
6269	100
6270	105
6271	92
6272	121
6273	120
6274	107
6275	116
6276	101
6277	108
6278	68
6279	77
6280	128
6281	129
6282	99
6283	117
6284	120
6285	100
6286	119
6287	110
6288	112
6289	111
6290	107
6291	88
6292	107
6293	93
6294	103
6295	88
6296	115
6297	123
6298	98
6299	105
6300	86
6301	79
6302	98
6303	102
6304	142
6305	94
6306	105
6307	132
6308	84
6309	73
6310	82
6311	79
6312	81
6313	90
6314	101
6315	104
6316	112
6317	108
6318	95
6319	95
6320	67
6321	98
6322	112
6323	70
6324	91
6325	104
6326	108
6327	117
6328	125
6329	92
6330	81
6331	95
6332	95
6333	99
6334	87
6335	79
6336	93
6337	82
6338	86
6339	111
6340	100
6341	111
6342	96
6343	78
6344	67
6345	109
6346	104
6347	79
6348	86
6349	86
6350	97
6351	86
6352	103
6353	117
6354	116
6355	127
6356	84
6357	84
6358	107
6359	71
6360	69
6361	85
6362	106
6363	89
6364	103
6365	96
6366	129
6367	118
6368	83
6369	86
6370	73
6371	108
6372	86
6373	84
6374	92
6375	94
6376	57
6377	83
6378	77
6379	72
6380	53
6381	62
6382	41
6383	49
6384	70
6385	83
6386	86
6387	79
6388	83
6389	95
6390	83
6391	75
6392	82
6393	73
6394	102
6395	83
6396	91
6397	97
6398	121
6399	102
6400	91
6401	72
6402	45
6403	49
6404	84
6405	88
6406	123
6407	90
6408	80
6409	89
6410	66
6411	70
6412	69
6413	66
6414	52
6415	74
6416	75
6417	85
6418	83
6419	69
6420	74
6421	43
6422	71
6423	57
6424	91
6425	77
6426	81
6427	69
6428	90
6429	108
6430	93
6431	81
6432	84
6433	72
6434	115
6435	93
6436	62
6437	75
6438	76
6439	61
6440	71
6441	80
6442	89
6443	72
6444	69
6445	89
6446	111
6447	108
6448	76
6449	88
6450	80
6451	107
6452	90
6453	104
6454	60
6455	77
6456	94
6457	56
6458	59
6459	73
6460	61
6461	84
6462	85
6463	85
6464	93
6465	94
6466	108
6467	84
6468	64
6469	62
6470	67
6471	80
6472	74
6473	129
6474	68
6475	88
6476	70
6477	97
6478	70
6479	76
6480	98
6481	103
6482	89
6483	81
6484	89
6485	86
6486	82
6487	64
6488	93
6489	82
6490	87
6491	65
6492	87
6493	63
6494	78
6495	79
6496	87
6497	133
6498	75
6499	110
6500	97
6501	104
6502	117
6503	112
6504	108
6505	83
6506	82
6507	110
6508	89
6509	83
6510	99
6511	66
6512	114
6513	91
6514	70
6515	93
6516	79
6517	111
6518	102
6519	77
6520	66
6521	66
6522	81
6523	97
6524	76
6525	70
6526	101
6527	96
6528	114
6529	93
6530	123
6531	122
6532	88
6533	88
6534	87
6535	102
6536	128
6537	114
6538	63
6539	72
6540	58
6541	72
6542	86
6543	114
6544	100
6545	113
6546	80
6547	86
6548	78
6549	83
6550	97
6551	91
6552	115
6553	107
6554	98
6555	126
6556	113
6557	107
6558	82
6559	79
6560	84
6561	63
6562	77
6563	86
6564	72
6565	57
6566	96
6567	90
6568	71
6569	79
6570	98
6571	101
6572	79
6573	67
6574	88
6575	76
6576	65
6577	76
6578	89
6579	90
6580	85
6581	71
6582	43
6583	42
6584	109
6585	76
6586	53
6587	58
6588	54
6589	40
6590	53
6591	64
6592	61
6593	50
6594	76
6595	66
6596	71
6597	77
6598	69
6599	60
6600	79
6601	79
6602	71
6603	108
6604	106
6605	85
6606	112
6607	78
6608	99
6609	104
6610	82
6611	59
6612	75
6613	61
6614	90
6615	72
6616	84
6617	76
6618	70
6619	71
6620	68
6621	120
6622	81
6623	65
6624	51
6625	61
6626	51
6627	74
6628	73
6629	66
6630	59
6631	99
6632	123
6633	82
6634	64
6635	68
6636	74
6637	79
6638	58
6639	92
6640	77
6641	71
6642	74
6643	52
6644	55
6645	68
6646	65
6647	64
6648	78
6649	53
6650	47
6651	67
6652	76
6653	115
6654	79
6655	78
6656	56
6657	73
6658	55
6659	64
6660	66
6661	87
6662	62
6663	59
6664	65
6665	54
6666	44
6667	74
6668	71
6669	73
6670	67
6671	79
6672	47
6673	70
6674	49
6675	48
6676	54
6677	86
6678	64
6679	66
6680	94
6681	75
6682	71
6683	67
6684	68
6685	55
6686	64
6687	70
6688	47
6689	70
6690	103
6691	62
6692	81
6693	120
6694	89
6695	101
6696	86
6697	50
6698	63
6699	67
6700	67
6701	63
6702	42
6703	67
6704	75
6705	80
6706	92
6707	79
6708	125
6709	67
6710	87
6711	129
6712	88
6713	89
6714	95
6715	71
6716	52
6717	50
6718	79
6719	78
6720	47
6721	89
6722	66
6723	77
6724	74
6725	83
6726	95
6727	75
6728	78
6729	60
6730	94
6731	96
6732	67
6733	95
6734	95
6735	82
6736	90
6737	82
6738	82
6739	83
6740	72
6741	80
6742	80
6743	86
6744	72
6745	72
6746	62
6747	84
6748	96
6749	89
6750	119
6751	103
6752	71
6753	64
6754	82
6755	71
6756	72
6757	78
6758	76
6759	64
6760	69
6761	63
6762	78
6763	81
6764	86
6765	82
6766	81
6767	70
6768	66
6769	92
6770	125
6771	108
6772	133
6773	95
6774	107
6775	75
6776	68
6777	83
6778	95
6779	69
6780	101
6781	92
6782	116
6783	108
6784	72
6785	53
6786	62
6787	89
6788	84
6789	95
6790	94
6791	77
6792	70
6793	95
6794	87
6795	104
6796	70
6797	72
6798	76
6799	105
6800	99
6801	85
6802	86
6803	82
6804	98
6805	69
6806	59
6807	68
6808	86
6809	88
6810	71
6811	73
6812	105
6813	72
6814	71
6815	83
6816	76
6817	71
6818	66
6819	60
6820	61
6821	49
6822	68
6823	72
6824	73
6825	85
6826	100
6827	78
6828	103
6829	65
6830	58
6831	70
6832	74
6833	78
6834	86
6835	70
6836	56
6837	64
6838	59
6839	62
6840	78
6841	50
6842	53
6843	74
6844	76
6845	76
6846	52
6847	59
6848	59
6849	106
6850	66
6851	55
6852	64
6853	82
6854	49
6855	74
6856	83
6857	83
6858	87
6859	69
6860	69
6861	47
6862	79
6863	89
6864	77
6865	83
6866	73
6867	88
6868	82
6869	104
6870	71
6871	67
6872	84
6873	53
6874	58
6875	57
6876	55
6877	61
6878	64
6879	70
6880	51
6881	76
6882	91
6883	65
6884	43
6885	66
6886	113
6887	88
6888	87
6889	87
6890	96
6891	91
6892	119
6893	99
6894	92
6895	125
6896	102
6897	139
6898	115
6899	118
6900	77
6901	87
6902	104
6903	115
6904	94
6905	87
6906	85
6907	110
6908	99
6909	83
6910	67
6911	98
6912	98
6913	95
6914	113
6915	89
6916	88
6917	102
6918	106
6919	94
6920	95
6921	76
6922	76
6923	82
6924	82
6925	107
6926	88
6927	90
6928	84
6929	98
6930	125
6931	100
6932	111
6933	70
6934	101
6935	119
6936	110
6937	137
6938	116
6939	112
6940	119
6941	96
6942	88
6943	81
6944	74
6945	105
6946	114
6947	118
6948	100
6949	87
6950	90
6951	100
6952	102
6953	112
6954	71
6955	90
6956	147
6957	118
6958	144
6959	131
6960	128
6961	94
6962	96
6963	101
6964	80
6965	79
6966	94
6967	95
6968	55
6969	96
6970	124
6971	87
6972	88
6973	76
6974	96
6975	79
6976	82
6977	85
6978	147
6979	92
6980	94
6981	96
6982	132
6983	80
6984	91
6985	95
6986	103
6987	118
6988	79
6989	97
6990	82
6991	110
6992	89
6993	100
6994	132
6995	68
6996	86
6997	122
6998	105
6999	70
7000	83
7001	87
7002	84
7003	86
7004	87
7005	86
7006	72
7007	100
7008	100
7009	77
7010	72
7011	100
7012	95
7013	95
7014	77
7015	70
7016	61
7017	71
7018	55
7019	75
7020	58
7021	57
7022	71
7023	93
7024	97
7025	96
7026	75
7027	66
7028	72
7029	61
7030	30
7031	74
7032	106
7033	69
7034	49
7035	78
7036	104
7037	91
7038	86
7039	99
7040	78
7041	79
7042	106
7043	88
7044	67
7045	54
7046	64
7047	75
7048	68
7049	63
7050	74
7051	66
7052	71
7053	67
7054	83
7055	84
7056	69
7057	94
7058	89
7059	94
7060	93
7061	73
7062	58
7063	68
7064	61
7065	90
7066	73
7067	121
7068	96
7069	65
7070	68
7071	95
7072	85
7073	64
7074	93
7075	68
7076	75
7077	81
7078	63
7079	97
7080	60
7081	56
7082	70
7083	48
7084	83
7085	72
7086	45
7087	77
7088	88
7089	77
7090	88
7091	100
7092	80
7093	105
7094	75
7095	55
7096	69
7097	78
7098	70
7099	66
7100	70
7101	64
7102	75
7103	70
7104	96
7105	84
7106	88
7107	85
7108	61
7109	93
7110	90
7111	82
7112	93
7113	98
7114	83
7115	74
7116	92
7117	85
7118	66
7119	73
7120	70
7121	60
7122	102
7123	76
7124	69
7125	84
7126	86
7127	74
7128	67
7129	90
7130	98
7131	109
7132	97
7133	115
7134	67
7135	92
7136	69
7137	50
7138	81
7139	73
7140	74
7141	81
7142	123
7143	95
7144	88
7145	80
7146	69
7147	72
7148	64
7149	95
7150	107
7151	72
7152	80
7153	90
7154	104
7155	90
7156	91
7157	81
7158	97
7159	92
7160	80
7161	80
7162	75
7163	85
7164	67
7165	80
7166	55
7167	77
7168	84
7169	57
7170	66
7171	89
7172	75
7173	97
7174	86
7175	70
7176	100
7177	91
7178	74
7179	68
7180	72
7181	83
7182	79
7183	91
7184	105
7185	95
7186	96
7187	99
7188	80
7189	107
7190	81
7191	63
7192	63
7193	62
7194	91
7195	106
7196	84
7197	69
7198	92
7199	76
7200	97
7201	82
7202	61
7203	77
7204	54
7205	69
7206	69
7207	72
7208	76
7209	86
7210	93
7211	114
7212	88
7213	84
7214	94
7215	103
7216	82
7217	79
7218	74
7219	133
7220	61
7221	83
7222	59
7223	66
7224	51
7225	82
7226	70
7227	96
7228	82
7229	81
7230	96
7231	62
7232	108
7233	75
7234	80
7235	69
7236	80
7237	100
7238	76
7239	95
7240	98
7241	76
7242	67
7243	51
7244	60
7245	69
7246	79
7247	88
7248	90
7249	92
7250	85
7251	97
7252	77
7253	86
7254	74
7255	66
7256	89
7257	115
7258	78
7259	86
7260	78
7261	83
7262	79
7263	88
7264	68
7265	65
7266	69
7267	83
7268	75
7269	100
7270	93
7271	127
7272	80
7273	88
7274	79
7275	94
7276	126
7277	134
7278	81
7279	102
7280	140
7281	81
7282	90
7283	94
7284	99
7285	94
7286	78
7287	111
7288	94
7289	84
7290	94
7291	83
7292	80
7293	75
7294	69
7295	105
7296	81
7297	73
7298	76
7299	83
7300	110
7301	102
7302	78
7303	113
7304	61
7305	68
7306	58
7307	76
7308	71
7309	84
7310	93
7311	43
7312	66
7313	67
7314	75
7315	94
7316	111
7317	84
7318	101
7319	115
7320	84
7321	72
7322	80
7323	64
7324	66
7325	60
7326	76
7327	100
7328	80
7329	78
7330	67
7331	84
7332	77
7333	64
7334	62
7335	109
7336	84
7337	83
7338	56
7339	104
7340	75
7341	100
7342	91
7343	91
7344	73
7345	67
7346	83
7347	78
7348	77
7349	60
7350	64
7351	55
7352	89
7353	71
7354	73
7355	68
7356	75
7357	70
7358	85
7359	73
7360	97
7361	82
7362	86
7363	76
7364	59
7365	96
7366	87
7367	81
7368	92
7369	69
7370	56
7371	73
7372	70
7373	58
7374	58
7375	78
7376	47
7377	57
7378	78
7379	81
7380	79
7381	70
7382	64
7383	91
7384	62
7385	50
7386	85
7387	67
7388	60
7389	51
7390	58
7391	68
7392	81
7393	63
7394	66
7395	38
7396	57
7397	47
7398	71
7399	59
7400	83
7401	53
7402	70
7403	67
7404	66
7405	66
7406	80
7407	68
7408	60
7409	92
7410	56
7411	66
7412	84
7413	52
7414	49
7415	62
7416	64
7417	90
7418	67
7419	90
7420	83
7421	83
7422	42
7423	73
7424	62
7425	49
7426	50
7427	54
7428	65
7429	76
7430	54
7431	43
7432	64
7433	49
7434	64
7435	65
7436	78
7437	88
7438	95
7439	89
7440	73
7441	103
7442	83
7443	79
7444	48
7445	64
7446	75
7447	77
7448	71
7449	78
7450	86
7451	61
7452	52
7453	66
7454	54
7455	61
7456	82
7457	51
7458	61
7459	61
7460	31
7461	40
7462	57
7463	75
7464	67
7465	53
7466	89
7467	67
7468	111
7469	40
7470	70
7471	58
7472	84
7473	76
7474	45
7475	36
7476	46
7477	79
7478	62
7479	69
7480	45
7481	62
7482	52
7483	72
7484	61
7485	78
7486	70
7487	65
7488	69
7489	36
7490	82
7491	75
7492	83
7493	78
7494	61
7495	43
7496	53
7497	60
7498	63
7499	62
7500	50
7501	62
7502	60
7503	44
7504	42
7505	57
7506	39
7507	86
7508	58
7509	64
7510	63
7511	62
7512	56
7513	63
7514	83
7515	48
7516	72
7517	91
7518	75
7519	99
7520	74
7521	101
7522	107
7523	55
7524	51
7525	49
7526	58
7527	61
7528	48
7529	68
7530	55
7531	63
7532	73
7533	66
7534	51
7535	57
7536	57
7537	51
7538	59
7539	71
7540	62
7541	58
7542	48
7543	54
7544	46
7545	48
7546	56
7547	49
7548	34
7549	80
7550	58
7551	66
7552	67
7553	71
7554	53
7555	94
7556	69
7557	74
7558	51
7559	62
7560	64
7561	57
7562	69
7563	59
7564	49
7565	62
7566	69
7567	73
7568	60
7569	84
7570	67
7571	79
7572	63
7573	78
7574	75
7575	61
7576	62
7577	50
7578	70
7579	51
7580	56
7581	57
7582	54
7583	64
7584	79
7585	66
7586	68
7587	82
7588	63
7589	54
7590	70
7591	72
7592	72
7593	57
7594	71
7595	69
7596	46
7597	57
7598	58
7599	60
7600	58
7601	61
7602	47
7603	49
7604	68
7605	101
7606	49
7607	54
7608	59
7609	51
7610	63
7611	80
7612	51
7613	63
7614	37
7615	39
7616	74
7617	58
7618	60
7619	85
7620	93
7621	52
7622	66
7623	45
7624	70
7625	56
7626	62
7627	56
7628	57
7629	46
7630	48
7631	34
7632	39
7633	52
7634	67
7635	72
7636	78
7637	49
7638	62
7639	58
7640	79
7641	57
7642	64
7643	51
7644	44
7645	66
7646	68
7647	75
7648	106
7649	78
7650	46
7651	52
7652	84
7653	98
7654	59
7655	66
7656	73
7657	79
7658	58
7659	45
7660	64
7661	64
7662	50
7663	53
7664	61
7665	65
7666	87
7667	79
7668	76
7669	53
7670	61
7671	54
7672	72
7673	60
7674	47
7675	60
7676	72
7677	97
7678	75
7679	46
7680	56
7681	59
7682	69
7683	61
7684	53
7685	63
7686	48
7687	75
7688	59
7689	45
7690	52
7691	50
7692	47
7693	44
7694	42
7695	45
7696	35
7697	63
7698	42
7699	61
7700	60
7701	55
7702	46
7703	46
7704	51
7705	62
7706	54
7707	70
7708	65
7709	80
7710	43
7711	63
7712	63
7713	59
7714	41
7715	61
7716	60
7717	28
7718	39
7719	39
7720	85
7721	36
7722	58
7723	62
7724	56
7725	55
7726	63
7727	50
7728	63
7729	53
7730	47
7731	47
7732	60
7733	75
7734	69
7735	48
7736	46
7737	65
7738	33
7739	61
7740	61
7741	70
7742	71
7743	67
7744	56
7745	61
7746	53
7747	54
7748	52
7749	31
7750	50
7751	56
7752	65
7753	61
7754	72
7755	61
7756	71
7757	56
7758	62
7759	56
7760	73
7761	29
7762	32
7763	83
7764	44
7765	57
7766	80
7767	67
7768	55
7769	49
7770	40
7771	65
7772	47
7773	52
7774	75
7775	70
7776	59
7777	43
7778	50
7779	49
7780	70
7781	52
7782	69
7783	46
7784	44
7785	62
7786	47
7787	55
7788	45
7789	59
7790	47
7791	62
7792	65
7793	73
7794	63
7795	55
7796	60
7797	36
7798	79
7799	52
7800	52
7801	75
7802	66
7803	73
7804	54
7805	37
7806	30
7807	47
7808	58
7809	52
7810	52
7811	44
7812	73
7813	78
7814	57
7815	77
7816	66
7817	55
7818	59
7819	44
7820	48
7821	59
7822	68
7823	29
7824	47
7825	67
7826	61
7827	78
7828	65
7829	62
7830	48
7831	65
7832	79
7833	78
7834	69
7835	39
7836	72
7837	71
7838	65
7839	61
7840	77
7841	67
7842	76
7843	99
7844	97
7845	81
7846	52
7847	78
7848	67
7849	87
7850	58
7851	60
7852	115
7853	118
7854	63
7855	60
7856	63
7857	63
7858	61
7859	60
7860	58
7861	87
7862	85
7863	62
7864	89
7865	93
7866	73
7867	85
7868	77
7869	70
7870	58
7871	81
7872	56
7873	64
7874	77
7875	58
7876	103
7877	86
7878	63
7879	68
7880	67
7881	70
7882	77
7883	100
7884	99
7885	133
7886	82
7887	67
7888	84
7889	61
7890	78
7891	69
7892	64
7893	62
7894	70
7895	64
7896	81
7897	55
7898	62
7899	89
7900	95
7901	68
7902	46
7903	61
7904	65
7905	73
7906	71
7907	70
7908	94
7909	92
7910	70
7911	62
7912	104
7913	93
7914	85
7915	88
7916	95
7917	69
7918	71
7919	67
7920	77
7921	80
7922	81
7923	97
7924	58
7925	94
7926	64
7927	42
7928	54
7929	90
7930	67
7931	84
7932	54
7933	58
7934	63
7935	65
7936	69
7937	79
7938	75
7939	79
7940	79
7941	61
7942	66
7943	104
7944	56
7945	63
7946	92
7947	52
7948	87
7949	67
7950	69
7951	60
7952	57
7953	61
7954	68
7955	65
7956	64
7957	75
7958	58
7959	87
7960	49
7961	56
7962	79
7963	94
7964	50
7965	72
7966	68
7967	64
7968	71
7969	82
7970	60
7971	48
7972	62
7973	74
7974	63
7975	55
7976	67
7977	55
7978	41
7979	93
7980	50
7981	63
7982	52
7983	52
7984	37
7985	49
7986	22
7987	56
7988	99
7989	63
7990	53
7991	47
7992	41
7993	56
7994	56
7995	73
7996	85
7997	95
7998	54
7999	57
8000	623130
