16	2
17	3
18	1
19	1
20	2
21	1
22	2
23	3
24	1
25	3
26	3
27	2
28	2
29	4
30	5
31	7
32	9
33	11
34	8
35	10
36	12
37	11
38	11
39	14
40	16
41	16
42	23
43	16
44	28
45	20
46	29
47	40
48	34
49	40
50	40
51	36
52	33
53	28
54	47
55	60
56	47
57	41
58	38
59	53
60	57
61	44
62	58
63	51
64	56
65	52
66	74
67	57
68	55
69	80
70	58
71	76
72	80
73	87
74	90
75	84
76	112
77	109
78	111
79	140
80	145
81	126
82	141
83	148
84	147
85	146
86	188
87	182
88	173
89	204
90	209
91	249
92	247
93	231
94	246
95	225
96	275
97	279
98	279
99	270
100	248
101	279
102	292
103	325
104	323
105	337
106	364
107	378
108	386
109	422
110	414
111	469
112	448
113	426
114	420
115	456
116	502
117	477
118	494
119	481
120	504
121	508
122	568
123	610
124	632
125	587
126	626
127	641
128	647
129	677
130	662
131	727
132	663
133	678
134	683
135	714
136	711
137	756
138	775
139	803
140	863
141	970
142	986
143	1220
144	1598
145	1943
146	2822
147	6766
148	6792
149	10240
150	11920
