16	2
17	3
18	1
19	1
20	2
21	1
22	2
23	3
24	1
25	3
26	3
27	2
28	2
29	5
30	6
31	7
32	9
33	12
34	8
35	11
36	14
37	12
38	11
39	15
40	16
41	17
42	24
43	18
44	32
45	22
46	32
47	42
48	40
49	47
50	49
51	43
52	38
53	31
54	54
55	67
56	55
57	54
58	59
59	70
60	61
61	49
62	64
63	57
64	67
65	65
66	91
67	70
68	67
69	97
70	84
71	101
72	100
73	107
74	121
75	114
76	134
77	143
78	158
79	177
80	185
81	163
82	205
83	218
84	200
85	209
86	256
87	261
88	255
89	303
90	282
91	331
92	340
93	342
94	341
95	311
96	402
97	428
98	436
99	402
100	357
101	453
102	454
103	508
104	512
105	543
106	539
107	625
108	644
109	696
110	730
111	742
112	777
113	775
114	687
115	790
116	835
117	825
118	868
119	854
120	872
121	928
122	1022
123	1102
124	1222
125	1058
126	1162
127	1224
128	1230
129	1314
130	1237
131	1377
132	1297
133	1324
134	1272
135	1348
136	1367
137	1400
138	1513
139	1605
140	1770
141	2047
142	2203
143	2808
144	4127
145	5181
146	8659
147	23356
148	25171
149	67716
150	68586
