16	6
17	8
18	18
19	21
20	17
21	18
22	16
23	21
24	21
25	21
26	28
27	37
28	43
29	58
30	61
31	96
32	133
33	197
34	217
35	276
36	358
37	453
38	462
39	513
40	664
41	781
42	897
43	1035
44	1146
45	1283
46	1398
47	1642
48	1709
49	1799
50	2031
51	2129
52	2144
53	2204
54	2409
55	2409
56	2640
57	2794
58	2934
59	3016
60	2904
61	2908
62	3065
63	3151
64	3248
65	3346
66	3378
67	3434
68	3444
69	3628
70	3615
71	3887
72	4064
73	4067
74	4215
75	4498
76	4621
77	4532
78	4755
79	5036
80	5095
81	5234
82	5515
83	5880
84	6066
85	6041
86	6478
87	6624
88	6967
89	6998
90	7165
91	7515
92	8018
93	8070
94	8468
95	8982
96	9277
97	9890
98	10422
99	10539
100	10994
101	11694
102	11858
103	12557
104	13153
105	13444
106	14083
107	14744
108	15069
109	15660
110	16188
111	16672
112	17249
113	17668
114	18262
115	18957
116	19782
117	19816
118	20373
119	21179
120	21002
121	21592
122	22244
123	22326
124	22648
125	23359
126	23692
127	23960
128	24460
129	24948
130	25163
131	25517
132	25967
133	26326
134	27234
135	28011
136	29227
137	30756
138	32655
139	35326
140	39440
141	46822
142	57898
143	79198
144	117661
145	172950
146	273286
147	716644
148	803130
149	1192176
150	1338173
