19	2
22	1
24	2
25	2
26	2
27	3
29	2
30	5
31	2
32	2
33	7
34	6
37	2
38	4
39	6
40	2
41	3
42	2
43	8
44	7
45	5
46	8
47	12
48	3
49	1
50	15
51	10
52	14
53	8
54	14
55	17
56	17
57	22
58	10
59	8
60	11
61	12
62	21
63	22
64	16
65	17
66	23
67	12
68	24
69	19
70	29
71	23
72	29
73	31
74	37
75	51
76	40
77	50
78	51
79	41
80	53
81	50
82	83
83	71
84	63
85	63
86	80
87	88
88	94
89	104
90	72
91	79
92	102
93	113
94	104
95	120
96	143
97	137
98	183
99	174
100	213
101	208
102	197
103	228
104	219
105	215
106	251
107	252
108	285
109	336
110	327
111	280
112	317
113	322
114	322
115	332
116	347
117	424
118	414
119	377
120	405
121	416
122	447
123	512
124	483
125	546
126	532
127	509
128	508
129	595
130	559
131	656
132	652
133	596
134	673
135	728
136	732
137	722
138	870
139	831
140	948
141	1170
142	1140
143	1510
144	1873
145	2463
146	4211
147	7314
148	7817
149	20824
150	68759
