18	2
26	2
27	1
28	1
29	2
30	1
31	4
32	6
33	7
34	6
35	10
36	5
37	6
38	9
39	11
40	10
41	17
42	18
43	18
44	19
45	18
46	21
47	19
48	24
49	19
50	17
51	33
52	16
53	35
54	36
55	24
56	33
57	35
58	31
59	30
60	44
61	50
62	38
63	49
64	52
65	62
66	64
67	50
68	40
69	52
70	57
71	64
72	67
73	67
74	71
75	81
76	98
77	110
78	117
79	152
80	139
81	121
82	137
83	143
84	131
85	139
86	145
87	161
88	171
89	202
90	221
91	243
92	214
93	234
94	246
95	240
96	285
97	300
98	306
99	312
100	315
101	354
102	330
103	391
104	383
105	340
106	425
107	446
108	437
109	533
110	485
111	547
112	543
113	593
114	590
115	592
116	582
117	678
118	679
119	682
120	725
121	714
122	697
123	751
124	834
125	855
126	863
127	813
128	849
129	943
130	919
131	882
132	1008
133	1047
134	1028
135	1051
136	1101
137	1096
138	1167
139	1232
140	1443
141	1548
142	1741
143	2098
144	2855
145	3687
146	5112
147	11639
148	14407
149	20824
150	16497
