18	2
26	2
27	1
28	1
29	2
30	1
31	4
32	6
33	7
34	6
35	10
36	5
37	6
38	9
39	11
40	10
41	18
42	20
43	20
44	20
45	18
46	21
47	20
48	24
49	19
50	18
51	35
52	18
53	39
54	38
55	25
56	40
57	40
58	34
59	34
60	50
61	58
62	40
63	51
64	58
65	70
66	69
67	56
68	47
69	55
70	59
71	76
72	77
73	81
74	80
75	91
76	106
77	118
78	138
79	195
80	177
81	138
82	161
83	169
84	151
85	167
86	181
87	184
88	212
89	246
90	266
91	285
92	251
93	279
94	323
95	315
96	349
97	364
98	374
99	411
100	391
101	455
102	458
103	514
104	530
105	448
106	543
107	605
108	621
109	744
110	691
111	795
112	740
113	832
114	829
115	830
116	894
117	1010
118	1014
119	953
120	1095
121	1061
122	1053
123	1202
124	1234
125	1288
126	1262
127	1220
128	1233
129	1421
130	1347
131	1357
132	1582
133	1548
134	1530
135	1602
136	1713
137	1698
138	1803
139	1953
140	2252
141	2531
142	3013
143	3765
144	5582
145	7924
146	12756
147	28354
148	37963
149	87740
150	70742
