0	0
1	0
2	0
3	0
4	0
5	0
6	0
7	0
8	0
9	0
10	0
11	2
12	5
13	19
14	30
15	17
16	15
17	27
18	18
19	22
20	35
21	26
22	45
23	79
24	95
25	104
26	147
27	183
28	173
29	198
30	219
31	201
32	207
33	243
34	199
35	187
36	211
37	227
38	307
39	261
40	275
41	277
42	272
43	260
44	263
45	298
46	219
47	260
48	229
49	202
50	201
51	208
52	189
53	199
54	186
55	220
56	245
57	252
58	262
59	215
60	213
61	222
62	209
63	214
64	159
65	171
66	176
67	173
68	186
69	163
70	167
71	182
72	208
73	157
74	182
75	206
76	195
77	162
78	199
79	197
80	214
81	233
82	200
83	246
84	239
85	225
86	227
87	209
88	237
89	287
90	233
91	217
92	217
93	228
94	234
95	248
96	222
97	242
98	244
99	203
100	260
101	238
102	200
103	232
104	226
105	212
106	236
107	242
108	280
109	247
110	243
111	231
112	242
113	217
114	198
115	221
116	195
117	210
118	189
119	210
120	215
121	209
122	209
123	216
124	191
125	215
126	237
127	230
128	202
129	180
130	168
131	181
132	177
133	219
134	197
135	169
136	203
137	169
138	194
139	190
140	168
141	131
142	161
143	142
144	157
145	152
146	127
147	149
148	131
149	106
150	81
151	97
152	81
153	101
154	100
155	106
156	80
157	74
158	101
159	83
160	76
161	82
162	81
163	91
164	80
165	66
166	90
167	82
168	82
169	52
170	65
171	99
172	81
173	64
174	96
175	74
176	81
177	91
178	88
179	105
180	92
181	86
182	76
183	89
184	95
185	72
186	81
187	71
188	85
189	73
190	106
191	99
192	79
193	80
194	80
195	93
196	83
197	88
198	76
199	102
200	67
201	65
202	77
203	75
204	87
205	77
206	68
207	86
208	105
209	91
210	76
211	82
212	71
213	86
214	95
215	97
216	98
217	79
218	96
219	82
220	85
221	67
222	98
223	82
224	68
225	88
226	92
227	93
228	97
229	85
230	63
231	82
232	107
233	81
234	99
235	80
236	88
237	90
238	96
239	87
240	96
241	86
242	98
243	69
244	71
245	94
246	110
247	77
248	88
249	98
250	96
251	101
252	93
253	85
254	92
255	93
256	104
257	125
258	103
259	121
260	109
261	103
262	98
263	119
264	104
265	96
266	91
267	103
268	104
269	113
270	106
271	101
272	101
273	109
274	97
275	109
276	123
277	113
278	114
279	129
280	114
281	119
282	99
283	115
284	119
285	95
286	116
287	97
288	86
289	111
290	99
291	91
292	99
293	103
294	115
295	125
296	117
297	110
298	119
299	134
300	121
301	122
302	116
303	120
304	104
305	128
306	107
307	119
308	138
309	112
310	110
311	111
312	116
313	106
314	144
315	105
316	121
317	137
318	130
319	113
320	108
321	115
322	142
323	125
324	127
325	134
326	120
327	132
328	116
329	105
330	123
331	126
332	132
333	141
334	108
335	100
336	127
337	127
338	115
339	101
340	112
341	123
342	125
343	110
344	117
345	120
346	147
347	139
348	110
349	115
350	125
351	140
352	107
353	125
354	159
355	132
356	137
357	144
358	145
359	134
360	141
361	117
362	142
363	149
364	137
365	135
366	135
367	138
368	157
369	149
370	149
371	138
372	147
373	149
374	152
375	137
376	123
377	127
378	120
379	146
380	152
381	151
382	157
383	163
384	149
385	154
386	167
387	155
388	129
389	144
390	155
391	156
392	144
393	139
394	120
395	163
396	147
397	138
398	142
399	132
400	157
401	129
402	143
403	151
404	148
405	153
406	169
407	137
408	146
409	163
410	149
411	163
412	133
413	135
414	144
415	151
416	136
417	158
418	127
419	133
420	128
421	138
422	105
423	145
424	141
425	118
426	129
427	141
428	121
429	121
430	129
431	118
432	131
433	133
434	112
435	135
436	142
437	135
438	122
439	128
440	115
441	149
442	113
443	128
444	130
445	129
446	114
447	136
448	131
449	109
450	141
451	118
452	87
453	100
454	116
455	101
456	101
457	111
458	94
459	85
460	101
461	102
462	96
463	106
464	109
465	102
466	100
467	99
468	71
469	94
470	80
471	104
472	113
473	81
474	93
475	91
476	78
477	89
478	88
479	82
480	82
481	67
482	66
483	77
484	91
485	73
486	84
487	91
488	68
489	94
490	58
491	79
492	80
493	72
494	91
495	101
496	77
497	70
498	59
499	88
500	54
501	71
502	82
503	55
504	63
505	61
506	74
507	99
508	84
509	54
510	71
511	52
512	68
513	59
514	64
515	67
516	63
517	55
518	69
519	70
520	69
521	61
522	75
523	54
524	69
525	51
526	66
527	54
528	57
529	49
530	68
531	61
532	69
533	54
534	65
535	70
536	52
537	48
538	57
539	49
540	63
541	52
542	43
543	57
544	47
545	43
546	46
547	52
548	34
549	39
550	41
551	59
552	44
553	45
554	38
555	34
556	35
557	39
558	57
559	48
560	41
561	41
562	47
563	39
564	40
565	27
566	30
567	36
568	23
569	40
570	25
571	40
572	34
573	26
574	39
575	34
576	38
577	21
578	26
579	32
580	33
