0	0
1	0
2	0
3	0
4	0
5	0
6	0
7	0
8	0
9	0
10	0
11	2
12	5
13	19
14	31
15	17
16	16
17	27
18	18
19	23
20	38
21	35
22	55
23	85
24	109
25	107
26	150
27	194
28	195
29	235
30	455
31	350
32	265
33	1648
34	328
35	204
36	237
37	260
38	355
39	388
40	395
41	324
42	323
43	301
44	306
45	352
46	250
47	391
48	254
49	231
50	241
51	245
52	212
53	210
54	195
55	244
56	282
57	296
58	336
59	256
60	238
61	275
62	235
63	237
64	176
65	186
66	196
67	183
68	202
69	178
70	185
71	200
72	247
73	184
74	191
75	284
76	215
77	175
78	234
79	220
80	257
81	299
82	255
83	360
84	384
85	424
86	288
87	243
88	282
89	384
90	308
91	257
92	250
93	249
94	263
95	288
96	256
97	325
98	318
99	223
100	295
101	276
102	223
103	287
104	276
105	256
106	275
107	273
108	359
109	379
110	308
111	336
112	283
113	238
114	221
115	247
116	227
117	250
118	217
119	235
120	241
121	233
122	238
123	251
124	245
125	250
126	287
127	297
128	235
129	211
130	201
131	210
132	206
133	257
134	235
135	205
136	236
137	195
138	234
139	278
140	206
141	153
142	180
143	169
144	178
145	176
146	138
147	184
148	154
149	141
150	104
151	124
152	94
153	127
154	129
155	151
156	112
157	105
158	125
159	105
160	114
161	152
162	107
163	130
164	103
165	85
166	114
167	103
168	99
169	69
170	76
171	125
172	104
173	76
174	136
175	100
176	98
177	112
178	119
179	131
180	120
181	113
182	98
183	105
184	124
185	84
186	107
187	93
188	126
189	87
190	132
191	113
192	99
193	99
194	95
195	127
196	101
197	116
198	97
199	128
200	72
201	79
202	97
203	92
204	103
205	100
206	87
207	119
208	132
209	108
210	90
211	102
212	89
213	109
214	112
215	114
216	123
217	103
218	125
219	97
220	103
221	77
222	132
223	92
224	78
225	114
226	104
227	123
228	128
229	106
230	79
231	97
232	132
233	99
234	109
235	99
236	117
237	110
238	124
239	113
240	120
241	101
242	123
243	83
244	91
245	112
246	131
247	91
248	120
249	128
250	115
251	122
252	114
253	103
254	112
255	103
256	121
257	146
258	126
259	150
260	142
261	133
262	137
263	150
264	111
265	108
266	110
267	130
268	124
269	131
270	118
271	113
272	131
273	130
274	117
275	127
276	140
277	131
278	133
279	145
280	138
281	141
282	107
283	130
284	139
285	112
286	130
287	119
288	98
289	129
290	125
291	113
292	112
293	116
294	137
295	149
296	127
297	118
298	136
299	156
300	144
301	138
302	126
303	143
304	116
305	136
306	114
307	135
308	167
309	135
310	124
311	116
312	126
313	112
314	153
315	120
316	134
317	152
318	152
319	124
320	118
321	127
322	166
323	144
324	145
325	144
326	137
327	146
328	127
329	120
330	137
331	136
332	157
333	156
334	121
335	106
336	140
337	140
338	127
339	110
340	134
341	141
342	154
343	121
344	126
345	133
346	170
347	150
348	129
349	129
350	131
351	152
352	121
353	139
354	175
355	154
356	162
357	165
358	171
359	147
360	158
361	127
362	168
363	174
364	152
365	164
366	153
367	159
368	179
369	161
370	161
371	147
372	166
373	164
374	161
375	148
376	131
377	141
378	137
379	159
380	172
381	168
382	173
383	178
384	161
385	178
386	190
387	166
388	144
389	173
390	183
391	169
392	163
393	156
394	129
395	173
396	161
397	149
398	152
399	144
400	181
401	142
402	155
403	160
404	169
405	174
406	188
407	147
408	160
409	175
410	169
411	185
412	148
413	160
414	165
415	165
416	160
417	179
418	143
419	143
420	146
421	178
422	123
423	175
424	148
425	130
426	144
427	154
428	133
429	128
430	139
431	127
432	142
433	136
434	121
435	148
436	174
437	150
438	131
439	145
440	127
441	166
442	129
443	142
444	139
445	134
446	122
447	156
448	150
449	129
450	151
451	122
452	94
453	119
454	127
455	108
456	104
457	115
458	99
459	94
460	110
461	113
462	105
463	122
464	116
465	111
466	113
467	105
468	82
469	106
470	85
471	110
472	125
473	84
474	98
475	95
476	80
477	92
478	95
479	87
480	92
481	71
482	69
483	84
484	97
485	84
486	89
487	97
488	79
489	102
490	63
491	89
492	85
493	82
494	96
495	112
496	87
497	72
498	62
499	95
500	57
501	83
502	107
503	66
504	66
505	65
506	79
507	114
508	88
509	56
510	82
511	53
512	84
513	66
514	73
515	92
516	69
517	58
518	77
519	74
520	79
521	68
522	82
523	57
524	72
525	55
526	71
527	58
528	64
529	51
530	72
531	70
532	75
533	61
534	83
535	92
536	60
537	53
538	61
539	50
540	69
541	54
542	43
543	67
544	48
545	46
546	49
547	57
548	36
549	45
550	47
551	61
552	45
553	49
554	41
555	34
556	37
557	42
558	62
559	53
560	44
561	43
562	63
563	45
564	45
565	30
566	30
567	39
568	23
569	46
570	26
571	45
572	38
573	27
574	40
575	44
576	44
577	21
578	27
