0	0
1	0
2	0
3	0
4	0
5	0
6	0
7	0
8	0
9	0
10	0
11	0
12	1
13	1
14	0
15	1
16	0
17	0
18	0
19	0
20	0
21	0
22	0
23	2
24	3
25	1
26	1
27	0
28	2
29	0
30	2
31	0
32	1
33	1
34	0
35	4
36	1
37	0
38	3
39	4
40	2
41	3
42	1
43	0
44	1
45	2
46	0
47	4
48	2
49	3
50	1
51	5
52	2
53	1
54	2
55	3
56	3
57	1
58	1
59	4
60	2
61	2
62	5
63	3
64	1
65	8
66	7
67	2
68	1
69	0
70	5
71	3
72	0
73	5
74	3
75	7
76	6
77	2
78	6
79	4
80	10
81	6
82	10
83	2
84	10
85	5
86	1
87	3
88	11
89	7
90	16
91	5
92	7
93	11
94	10
95	13
96	18
97	16
98	20
99	10
100	12
101	8
102	22
103	13
104	9
105	7
106	21
107	19
108	7
109	22
110	18
111	24
112	21
113	8
114	25
115	19
116	14
117	16
118	28
119	20
120	17
121	23
122	28
123	22
124	30
125	16
126	17
127	23
128	16
129	27
130	19
131	26
132	22
133	33
134	18
135	42
136	21
137	22
138	32
139	36
140	24
141	14
142	20
143	25
144	25
145	20
146	30
147	34
148	29
149	35
150	27
151	38
152	20
153	38
154	30
155	35
156	29
157	32
158	36
159	33
160	30
161	30
162	28
163	26
164	27
165	39
166	43
167	50
168	55
169	44
170	44
171	43
172	32
173	33
174	40
175	23
176	33
177	49
178	57
179	40
180	42
181	47
182	58
183	51
184	62
185	32
186	45
187	17
188	24
189	38
190	58
191	47
192	67
193	74
194	38
195	43
196	48
197	48
198	43
199	56
200	50
201	39
202	31
203	48
204	35
205	45
206	44
207	67
208	56
209	39
210	50
211	50
212	55
213	45
214	58
215	69
216	53
217	41
218	77
219	30
220	48
221	64
222	49
223	50
224	39
225	57
226	45
227	58
228	61
229	45
230	46
231	49
232	49
233	82
234	40
235	63
236	65
237	40
238	75
239	52
240	53
241	40
242	46
243	43
244	68
245	33
246	56
247	55
248	37
249	70
250	71
251	86
252	78
253	64
254	71
255	78
256	69
257	37
258	55
259	60
260	54
261	56
262	52
263	64
264	74
265	34
266	72
267	71
268	100
269	47
270	50
271	59
272	62
273	60
274	55
275	46
276	48
277	52
278	55
279	78
280	52
281	47
282	60
283	46
284	39
285	56
286	83
287	84
288	72
289	75
290	77
291	58
292	41
293	57
294	62
295	83
296	70
297	80
298	52
299	65
300	69
301	71
302	84
303	64
304	80
305	72
306	30
307	51
308	36
309	42
310	45
311	34
312	40
313	42
314	42
315	67
316	51
317	77
318	54
319	36
320	37
321	40
322	47
323	30
324	43
325	76
326	47
327	28
328	46
329	43
330	63
331	65
332	46
333	69
334	55
335	63
336	43
337	39
338	40
339	38
340	46
341	50
342	62
343	57
344	50
345	42
346	56
347	49
348	44
349	36
350	43
351	49
352	56
353	48
354	46
355	47
356	45
357	60
358	56
359	56
360	38
361	37
362	33
363	39
364	56
365	50
366	30
367	49
368	51
369	63
370	36
371	48
372	46
373	42
374	48
375	55
376	65
377	61
378	53
379	54
380	58
381	46
382	33
383	36
384	56
385	36
386	31
387	33
388	43
389	47
390	59
391	38
392	50
393	51
394	31
395	23
396	34
397	39
398	32
399	39
400	29
401	38
402	24
403	46
404	39
405	59
406	39
407	44
408	62
409	39
410	46
411	55
412	43
413	38
414	51
415	35
416	44
417	74
418	43
419	46
420	50
421	38
422	27
423	39
424	35
425	30
426	40
427	25
428	32
429	32
430	39
431	20
432	27
433	29
434	34
435	26
436	22
437	25
438	34
439	43
440	49
441	28
442	41
443	31
444	24
445	26
446	32
447	50
448	39
449	20
450	25
451	25
452	26
453	14
454	20
455	34
456	20
457	25
458	31
459	34
460	27
461	19
462	17
463	25
464	28
465	13
466	35
467	18
468	27
469	20
470	20
471	18
472	17
473	14
474	19
475	15
476	18
477	20
478	38
479	11
480	21
481	14
482	16
483	23
484	15
485	19
486	22
487	23
488	17
489	22
490	19
491	10
492	22
493	24
494	21
495	18
496	20
497	24
498	17
499	14
500	12
501	11
502	12
503	18
504	20
505	16
506	8
507	15
508	24
509	11
510	15
511	16
512	33
513	26
514	24
515	13
516	15
517	8
518	6
519	20
520	18
521	18
522	10
523	23
524	12
525	8
526	10
527	13
528	12
529	6
530	9
531	17
532	11
533	7
534	18
535	9
536	21
537	8
538	12
539	7
540	15
541	15
542	10
543	7
544	15
545	10
546	9
547	9
548	16
549	9
550	14
551	9
552	5
553	5
554	7
555	3
556	3
557	11
558	5
559	9
560	3
561	5
562	8
563	8
564	7
565	5
566	4
567	11
568	5
569	12
