16	10
17	4
18	7
19	3
20	2
21	4
22	2
24	4
25	1
26	2
27	4
28	7
29	6
30	12
31	14
32	20
33	18
34	8
35	14
36	20
37	12
38	15
39	22
40	23
41	22
42	34
43	24
44	37
45	33
46	67
47	95
48	40
49	37
50	118
51	400
52	96
53	67
54	55
55	52
56	63
57	73
58	78
59	90
60	82
61	93
62	87
63	81
64	96
65	94
66	101
67	91
68	110
69	126
70	123
71	124
72	142
73	130
74	167
75	171
76	162
77	196
78	191
79	195
80	188
81	174
82	184
83	216
84	280
85	260
86	255
87	277
88	269
89	307
90	316
91	330
92	337
93	346
94	373
95	384
96	457
97	395
98	407
99	434
100	475
101	389
102	427
103	437
104	493
105	503
106	487
107	571
108	477
109	611
110	587
111	603
112	618
113	661
114	700
115	700
116	750
117	754
118	747
119	759
120	799
121	835
122	939
123	871
124	853
125	855
126	867
127	927
128	868
129	944
130	966
131	907
132	1026
133	1077
134	980
135	1079
136	987
137	1108
138	1105
139	1426
140	1347
141	1499
142	1626
143	2047
144	2337
145	2970
146	4850
147	7541
148	8334
149	19423
150	59195
