16	25
17	51
18	65
19	69
20	93
21	107
22	94
23	111
24	96
25	88
26	84
27	115
28	123
29	138
30	137
31	180
32	230
33	345
34	421
35	460
36	581
37	722
38	751
39	887
40	917
41	1143
42	1315
43	1420
44	1689
45	1828
46	2117
47	2363
48	2509
49	2650
50	2889
51	3149
52	3494
53	3659
54	3810
55	4083
56	4113
57	4548
58	4818
59	4963
60	5305
61	5309
62	5453
63	5527
64	5791
65	6036
66	6306
67	6420
68	6608
69	6711
70	7187
71	7199
72	7472
73	7794
74	8022
75	8322
76	8545
77	9017
78	8977
79	9383
80	9577
81	10161
82	10219
83	10629
84	10830
85	11060
86	11714
87	11860
88	12265
89	12538
90	12777
91	13215
92	13261
93	13608
94	14460
95	14582
96	14922
97	15116
98	15874
99	15822
100	16376
101	16525
102	16733
103	17400
104	17911
105	18395
106	18409
107	19448
108	19643
109	20116
110	20252
111	21110
112	21240
113	21523
114	21698
115	22478
116	22750
117	23232
118	23479
119	23699
120	23890
121	24653
122	25052
123	25601
124	25665
125	26176
126	26353
127	26783
128	27148
129	27087
130	28080
131	28309
132	28474
133	28820
134	29926
135	30523
136	32217
137	33640
138	35290
139	38491
140	41300
141	46893
142	55300
143	72826
144	88051
145	120617
146	205164
147	332885
148	414667
149	830517
150	1494517
