16	3
17	1
18	2
21	1
22	2
23	1
24	3
25	1
26	3
27	5
28	1
31	11
32	7
33	7
34	9
35	7
36	13
37	14
38	16
39	8
40	8
41	18
42	28
43	35
44	32
45	20
46	33
47	41
48	40
49	27
50	38
51	47
52	41
53	40
54	43
55	43
56	47
57	71
58	57
59	61
60	69
61	62
62	65
63	101
64	93
65	72
66	83
67	86
68	74
69	77
70	89
71	124
72	112
73	128
74	138
75	144
76	150
77	158
78	144
79	186
80	219
81	182
82	217
83	232
84	213
85	215
86	265
87	275
88	326
89	282
90	356
91	339
92	398
93	385
94	436
95	500
96	512
97	516
98	535
99	580
100	669
101	630
102	688
103	790
104	838
105	781
106	842
107	853
108	891
109	929
110	1044
111	1103
112	1154
113	1175
114	1205
115	1267
116	1370
117	1431
118	1453
119	1553
120	1543
121	1726
122	1575
123	1653
124	1703
125	1696
126	1759
127	1854
128	1976
129	1942
130	1886
131	2058
132	2138
133	2262
134	2382
135	2396
136	2636
137	2630
138	2964
139	3018
140	3443
141	3990
142	4605
143	5704
144	7465
145	10948
146	17765
147	29011
148	48323
149	117770
150	173706
