16	3
17	1
18	2
21	1
22	2
23	1
24	3
25	1
26	3
27	5
28	1
31	11
32	7
33	7
34	9
35	7
36	13
37	14
38	16
39	8
40	8
41	18
42	28
43	34
44	31
45	20
46	29
47	31
48	36
49	27
50	36
51	46
52	39
53	39
54	42
55	41
56	46
57	62
58	52
59	57
60	61
61	61
62	63
63	97
64	91
65	70
66	81
67	79
68	71
69	75
70	79
71	115
72	103
73	119
74	133
75	136
76	142
77	150
78	129
79	163
80	184
81	169
82	191
83	216
84	201
85	189
86	241
87	242
88	276
89	254
90	304
91	276
92	336
93	331
94	359
95	413
96	419
97	437
98	453
99	477
100	551
101	497
102	553
103	610
104	635
105	629
106	676
107	656
108	704
109	724
110	802
111	817
112	844
113	911
114	915
115	953
116	1015
117	1046
118	1037
119	1087
120	1134
121	1219
122	1135
123	1135
124	1254
125	1207
126	1259
127	1352
128	1415
129	1421
130	1378
131	1468
132	1537
133	1553
134	1658
135	1742
136	1842
137	1875
138	2025
139	2034
140	2266
141	2639
142	2945
143	3614
144	4448
145	6154
146	9240
147	15773
148	25975
149	49164
150	57856
