16	7
17	9
18	15
19	11
20	12
21	15
22	19
23	19
24	19
25	33
26	31
27	43
28	47
29	53
30	77
31	110
32	160
33	208
34	304
35	338
36	415
37	500
38	649
39	742
40	802
41	941
42	1076
43	1239
44	1378
45	1608
46	1710
47	1797
48	1916
49	2136
50	2358
51	2546
52	2755
53	3000
54	2978
55	3237
56	3335
57	3313
58	3564
59	3671
60	3649
61	3750
62	4017
63	4121
64	4174
65	4331
66	4443
67	4492
68	4678
69	4913
70	5142
71	5224
72	5351
73	5736
74	5830
75	6132
76	6392
77	6525
78	6868
79	7117
80	7481
81	7723
82	8039
83	8275
84	8750
85	9222
86	9701
87	9959
88	10388
89	11066
90	11401
91	12210
92	12869
93	13539
94	14021
95	15194
96	16109
97	16756
98	17886
99	19040
100	20123
101	20860
102	21700
103	22513
104	24064
105	24914
106	26224
107	27808
108	28764
109	29906
110	31191
111	32412
112	33805
113	34445
114	35552
115	36941
116	37681
117	38821
118	40452
119	41318
120	42866
121	43506
122	43699
123	44331
124	45763
125	46534
126	46938
127	47918
128	48949
129	50258
130	51962
131	53920
132	55432
133	57196
134	60382
135	62842
136	66607
137	70766
138	77190
139	85505
140	96624
141	113728
142	145321
143	189615
144	270515
145	418103
146	671998
147	1284234
148	2167159
149	4103850
150	4972614
