19	1
20	1
27	2
29	1
30	2
31	7
32	1
33	3
34	7
35	4
36	9
37	2
38	8
39	11
40	8
41	13
42	11
43	10
44	12
45	9
46	23
47	14
48	14
49	16
50	25
51	19
52	25
53	13
54	20
55	23
56	35
57	30
58	21
59	25
60	38
61	41
62	26
63	45
64	45
65	42
66	39
67	44
68	59
69	75
70	62
71	70
72	69
73	68
74	81
75	104
76	90
77	86
78	83
79	104
80	115
81	110
82	112
83	120
84	112
85	116
86	123
87	147
88	159
89	151
90	156
91	156
92	182
93	219
94	196
95	218
96	253
97	266
98	303
99	345
100	328
101	324
102	321
103	355
104	362
105	366
106	376
107	440
108	382
109	445
110	464
111	448
112	566
113	515
114	499
115	515
116	520
117	533
118	565
119	565
120	655
121	692
122	684
123	739
124	679
125	695
126	711
127	723
128	734
129	761
130	779
131	813
132	857
133	871
134	963
135	966
136	985
137	1104
138	1184
139	1291
140	1331
141	1634
142	1902
143	2324
144	3076
145	4506
146	6273
147	11429
148	20289
149	14673
150	20434
