16	1
17	5
18	4
19	12
20	10
21	15
22	11
23	9
24	8
25	12
26	13
27	17
28	18
29	43
30	58
31	61
32	89
33	119
34	172
35	210
36	256
37	300
38	339
39	409
40	500
41	554
42	631
43	710
44	839
45	969
46	1006
47	1075
48	1183
49	1241
50	1283
51	1511
52	1556
53	1650
54	1780
55	1827
56	1932
57	2023
58	2139
59	2214
60	2189
61	2171
62	2188
63	2310
64	2363
65	2481
66	2385
67	2493
68	2593
69	2637
70	2758
71	2773
72	2982
73	2935
74	3063
75	3093
76	3185
77	3312
78	3573
79	3537
80	3750
81	3881
82	3940
83	4175
84	4226
85	4424
86	4611
87	4732
88	5042
89	5246
90	5522
91	5909
92	5961
93	6253
94	6569
95	6986
96	7232
97	7301
98	7877
99	8349
100	8878
101	9062
102	9551
103	10008
104	10390
105	10854
106	11347
107	11969
108	12492
109	12954
110	13264
111	13929
112	14531
113	14847
114	15443
115	15736
116	16487
117	16811
118	17200
119	18008
120	18354
121	18424
122	19374
123	19596
124	20102
125	20323
126	20491
127	21173
128	21749
129	22054
130	23056
131	24118
132	25988
133	26037
134	27428
135	29451
136	31973
137	38647
138	40380
139	46072
140	50908
141	71422
142	84323
143	111639
144	155430
145	247601
146	370378
147	720424
148	1361946
149	961495
150	1344796
