0	0
1	0
2	0
3	0
4	0
5	0
6	0
7	0
8	0
9	0
10	0
11	0
12	1
13	4
14	1
15	4
16	6
17	5
18	6
19	1
20	2
21	1
22	8
23	4
24	3
25	10
26	10
27	15
28	20
29	12
30	16
31	17
32	16
33	31
34	24
35	29
36	37
37	25
38	43
39	33
40	31
41	27
42	49
43	75
44	92
45	46
46	48
47	162
48	50
49	49
50	68
51	105
52	76
53	66
54	65
55	72
56	71
57	96
58	90
59	96
60	91
61	75
62	106
63	89
64	90
65	97
66	100
67	116
68	107
69	124
70	126
71	103
72	117
73	129
74	135
75	164
76	145
77	171
78	150
79	184
80	215
81	178
82	185
83	246
84	210
85	263
86	221
87	256
88	250
89	233
90	307
91	307
92	268
93	320
94	280
95	293
96	310
97	317
98	321
99	362
100	404
101	280
102	347
103	365
104	363
105	357
106	414
107	312
108	438
109	439
110	350
111	436
112	329
113	380
114	369
115	425
116	383
117	382
118	435
119	361
120	342
121	397
122	382
123	393
124	427
125	444
126	440
127	471
128	569
129	312
130	364
131	351
132	386
133	408
134	410
135	451
136	452
137	337
138	422
139	449
140	411
141	472
142	373
143	421
144	349
145	307
146	304
147	392
148	291
149	251
150	282
151	299
152	325
153	347
154	345
155	340
156	343
157	391
158	358
159	324
160	398
161	349
162	401
163	320
164	388
165	328
166	385
167	359
168	370
169	294
170	312
171	368
172	372
173	377
174	387
175	318
176	313
177	329
178	326
179	300
180	369
181	295
182	305
183	268
184	248
185	264
186	265
187	322
188	290
189	288
190	349
191	231
192	378
193	349
194	329
195	332
196	287
197	298
198	307
199	271
200	187
201	251
202	307
203	293
204	245
205	213
206	183
207	188
208	285
209	306
210	272
211	310
212	251
213	248
214	228
215	204
216	217
217	305
218	271
219	201
220	195
221	275
222	282
223	272
224	197
225	208
226	231
227	242
228	259
229	225
230	237
231	230
232	238
233	311
234	275
235	234
236	279
237	197
238	247
239	245
240	207
241	239
242	259
243	264
244	197
245	252
246	247
247	258
248	251
249	288
250	204
251	271
252	309
253	268
254	250
255	263
256	265
257	286
258	319
259	391
260	316
261	328
262	292
263	288
264	273
265	358
266	407
267	393
268	345
269	395
270	300
271	287
272	298
273	289
274	271
275	280
276	278
277	302
278	328
279	372
280	371
281	384
282	324
283	309
284	291
285	301
286	280
287	357
288	366
289	366
290	384
291	360
292	357
293	329
294	337
295	327
296	278
297	321
298	363
299	373
300	300
301	357
302	315
303	323
304	282
305	294
306	331
307	336
308	322
309	308
310	307
311	303
312	240
313	328
314	298
315	299
316	346
317	332
318	265
319	337
320	313
321	342
322	335
323	311
324	315
325	283
326	310
327	318
328	253
329	280
330	257
331	314
332	249
333	290
334	287
335	275
336	316
337	336
338	276
339	321
340	351
341	285
342	261
343	255
344	261
345	313
346	330
347	324
348	256
349	255
350	314
351	254
352	257
353	257
354	276
355	245
356	277
357	242
358	285
359	304
360	273
361	278
362	293
363	322
364	295
365	314
366	324
367	303
368	332
369	288
370	298
371	315
372	304
373	332
374	300
375	311
376	299
377	308
378	337
379	316
380	289
381	333
382	326
383	368
384	340
385	357
386	382
387	298
388	362
389	298
390	360
391	288
392	308
393	293
394	295
395	258
396	272
397	281
398	298
399	303
400	337
401	260
402	289
403	344
404	329
405	295
406	301
407	275
408	322
409	310
410	321
411	256
412	306
413	274
414	264
415	293
416	296
417	278
418	330
419	318
420	319
421	422
422	351
423	368
424	290
425	299
426	252
427	249
428	277
429	337
430	282
431	226
432	266
433	260
434	270
435	252
436	277
437	272
438	275
439	282
440	264
441	256
442	339
443	324
444	280
445	311
446	264
447	255
448	258
449	242
450	227
451	325
452	232
453	246
454	256
455	236
456	245
457	231
458	250
459	209
460	207
461	227
462	233
463	237
464	187
465	177
466	222
467	188
468	238
469	240
470	201
471	185
472	199
473	189
474	263
475	202
476	180
477	207
478	234
479	190
480	180
481	208
482	177
483	248
484	203
485	144
486	190
487	197
488	221
489	199
490	180
491	167
492	166
493	190
494	163
495	212
496	194
497	207
498	174
499	177
500	168
501	215
502	191
503	209
504	191
505	194
506	208
507	288
508	205
509	235
510	167
511	157
512	166
513	181
514	157
515	179
516	150
517	169
518	176
519	185
520	192
521	238
522	187
523	178
524	232
525	162
526	153
527	143
528	162
529	161
530	195
531	151
532	179
533	155
534	186
535	174
536	140
537	149
538	167
539	152
540	200
541	159
542	158
543	130
544	127
545	123
546	160
547	151
548	212
549	147
550	159
551	115
552	128
553	117
554	104
555	135
556	86
557	124
558	98
559	145
560	116
561	123
562	154
563	106
564	120
565	122
566	86
567	90
568	85
569	68
570	93
571	99
572	51
573	94
574	81
575	61
576	84
577	58
578	49
579	69
580	90
581	68
582	81
583	62
584	75
585	71
586	88
