0	0
1	0
2	0
3	0
4	0
5	0
6	0
7	0
8	0
9	0
10	0
11	0
12	1
13	4
14	1
15	4
16	6
17	5
18	6
19	1
20	2
21	1
22	8
23	4
24	3
25	10
26	10
27	14
28	19
29	12
30	16
31	17
32	16
33	31
34	21
35	29
36	34
37	24
38	42
39	31
40	29
41	23
42	35
43	47
44	38
45	38
46	43
47	52
48	44
49	42
50	46
51	77
52	39
53	55
54	64
55	65
56	62
57	80
58	82
59	89
60	85
61	72
62	100
63	86
64	85
65	92
66	94
67	109
68	104
69	111
70	122
71	101
72	114
73	124
74	128
75	143
76	137
77	154
78	136
79	169
80	203
81	158
82	168
83	223
84	190
85	239
86	208
87	228
88	234
89	208
90	270
91	282
92	244
93	266
94	245
95	264
96	284
97	282
98	287
99	300
100	326
101	256
102	310
103	318
104	319
105	319
106	376
107	286
108	375
109	329
110	305
111	350
112	283
113	312
114	322
115	352
116	323
117	331
118	370
119	320
120	289
121	346
122	322
123	334
124	359
125	356
126	360
127	349
128	340
129	241
130	309
131	292
132	305
133	324
134	328
135	344
136	356
137	263
138	327
139	330
140	301
141	332
142	295
143	327
144	270
145	251
146	250
147	291
148	227
149	185
150	205
151	210
152	225
153	252
154	257
155	246
156	238
157	263
158	252
159	242
160	269
161	244
162	254
163	234
164	258
165	239
166	255
167	262
168	258
169	213
170	234
171	251
172	261
173	246
174	263
175	220
176	210
177	227
178	219
179	210
180	258
181	222
182	218
183	215
184	188
185	189
186	196
187	222
188	193
189	223
190	223
191	182
192	267
193	248
194	236
195	250
196	217
197	206
198	215
199	182
200	156
201	191
202	234
203	201
204	168
205	159
206	144
207	153
208	225
209	216
210	203
211	214
212	180
213	174
214	166
215	148
216	168
217	236
218	177
219	153
220	146
221	196
222	200
223	191
224	156
225	176
226	180
227	170
228	181
229	182
230	183
231	174
232	191
233	231
234	214
235	185
236	194
237	154
238	180
239	182
240	167
241	181
242	191
243	192
244	160
245	199
246	185
247	201
248	200
249	211
250	161
251	195
252	208
253	205
254	200
255	197
256	196
257	209
258	221
259	262
260	230
261	229
262	220
263	228
264	215
265	257
266	299
267	285
268	250
269	246
270	214
271	218
272	228
273	223
274	217
275	239
276	219
277	239
278	247
279	269
280	286
281	263
282	255
283	246
284	231
285	240
286	221
287	260
288	271
289	266
290	266
291	250
292	267
293	246
294	268
295	276
296	237
297	250
298	275
299	286
300	248
301	288
302	257
303	265
304	237
305	238
306	262
307	270
308	269
309	259
310	255
311	255
312	211
313	274
314	254
315	264
316	289
317	268
318	224
319	278
320	266
321	272
322	275
323	257
324	256
325	229
326	243
327	244
328	228
329	241
330	217
331	260
332	218
333	244
334	244
335	249
336	259
337	288
338	238
339	275
340	274
341	248
342	232
343	222
344	236
345	256
346	263
347	270
348	209
349	231
350	264
351	211
352	228
353	230
354	238
355	220
356	241
357	214
358	255
359	253
360	230
361	239
362	245
363	267
364	267
365	258
366	260
367	256
368	275
369	250
370	250
371	269
372	265
373	292
374	256
375	271
376	270
377	268
378	294
379	276
380	245
381	293
382	278
383	317
384	300
385	307
386	311
387	264
388	301
389	267
390	301
391	245
392	262
393	262
394	251
395	229
396	240
397	249
398	258
399	274
400	294
401	231
402	255
403	304
404	282
405	260
406	255
407	248
408	276
409	263
410	275
411	221
412	275
413	237
414	241
415	249
416	261
417	242
418	283
419	265
420	267
421	271
422	272
423	258
424	233
425	246
426	219
427	215
428	234
429	283
430	264
431	205
432	231
433	232
434	231
435	216
436	229
437	240
438	238
439	238
440	224
441	232
442	294
443	272
444	249
445	265
446	230
447	234
448	225
449	225
450	202
451	278
452	201
453	212
454	227
455	214
456	221
457	205
458	219
459	195
460	186
461	189
462	208
463	214
464	166
465	160
466	198
467	164
468	193
469	202
470	166
471	173
472	175
473	167
474	204
475	169
476	158
477	173
478	200
479	168
480	161
481	190
482	149
483	195
484	181
485	137
486	172
487	166
488	152
489	174
490	164
491	147
492	150
493	165
494	154
495	182
496	171
497	173
498	157
499	150
500	147
501	187
502	169
503	187
504	163
505	171
506	178
507	215
508	174
509	193
510	146
511	139
512	143
513	147
514	127
515	136
516	130
517	140
518	147
519	162
520	159
521	183
522	156
523	138
524	161
525	128
526	110
527	109
528	135
529	129
530	161
531	121
532	146
533	135
534	141
535	130
536	111
537	122
538	140
539	132
540	158
541	116
542	123
543	102
544	104
545	109
546	142
547	113
548	160
549	122
550	118
551	90
552	116
553	93
554	93
555	104
556	79
557	110
558	78
559	106
560	93
561	80
562	106
563	76
564	107
565	101
566	74
567	72
568	75
569	60
570	74
571	82
572	46
573	79
574	71
575	52
576	72
577	51
578	42
579	55
580	74
581	62
582	67
583	49
584	62
585	48
