16	19
17	18
18	19
19	6
20	15
21	8
22	11
23	36
24	40
25	19
26	13
27	14
28	32
29	37
30	61
31	35
32	48
33	27
34	58
35	73
36	93
37	65
38	90
39	101
40	101
41	116
42	130
43	118
44	147
45	127
46	154
47	192
48	171
49	153
50	167
51	346
52	150
53	145
54	142
55	142
56	139
57	169
58	174
59	162
60	201
61	163
62	175
63	181
64	201
65	243
66	204
67	218
68	232
69	219
70	282
71	240
72	297
73	356
74	349
75	304
76	363
77	337
78	401
79	433
80	417
81	442
82	431
83	492
84	535
85	522
86	563
87	604
88	628
89	721
90	657
91	688
92	745
93	715
94	775
95	796
96	828
97	875
98	900
99	979
100	928
101	1008
102	1025
103	1110
104	1152
105	1067
106	1153
107	1217
108	1270
109	1232
110	1291
111	1304
112	1333
113	1403
114	1460
115	1562
116	1580
117	1627
118	1613
119	1523
120	1588
121	1808
122	1767
123	1958
124	1927
125	2132
126	2127
127	2100
128	2039
129	2095
130	2064
131	2292
132	2458
133	2217
134	2333
135	2319
136	2356
137	2482
138	2635
139	2827
140	3057
141	3246
142	3550
143	3965
144	4785
145	6060
146	9084
147	15811
148	20622
149	41042
150	92887
