16	17
17	18
18	19
19	6
20	15
21	8
22	11
23	29
24	24
25	15
26	11
27	14
28	25
29	34
30	49
31	31
32	39
33	23
34	52
35	65
36	77
37	65
38	85
39	88
40	94
41	111
42	115
43	114
44	133
45	108
46	119
47	131
48	137
49	140
50	121
51	132
52	116
53	127
54	124
55	139
56	130
57	149
58	148
59	149
60	189
61	161
62	163
63	172
64	188
65	226
66	198
67	209
68	210
69	205
70	268
71	229
72	291
73	336
74	326
75	290
76	345
77	314
78	370
79	390
80	384
81	407
82	400
83	447
84	492
85	482
86	513
87	527
88	577
89	641
90	580
91	618
92	665
93	636
94	694
95	704
96	761
97	789
98	837
99	864
100	815
101	891
102	883
103	939
104	974
105	933
106	1022
107	1057
108	1108
109	1038
110	1107
111	1097
112	1120
113	1210
114	1213
115	1273
116	1261
117	1278
118	1257
119	1261
120	1279
121	1433
122	1426
123	1525
124	1433
125	1602
126	1584
127	1578
128	1565
129	1590
130	1567
131	1710
132	1741
133	1676
134	1727
135	1758
136	1829
137	1849
138	1989
139	2086
140	2180
141	2310
142	2521
143	2804
144	3324
145	4120
146	6174
147	10703
148	13586
149	25259
150	42122
