16	53
17	99
18	112
19	112
20	145
21	134
22	155
23	187
24	205
25	198
26	238
27	274
28	244
29	310
30	375
31	481
32	657
33	759
34	934
35	985
36	1248
37	1397
38	1493
39	1613
40	1906
41	1991
42	2235
43	2496
44	2864
45	2946
46	3337
47	3641
48	3750
49	3990
50	4354
51	4730
52	5089
53	5264
54	5647
55	5730
56	6253
57	6176
58	6551
59	6794
60	6798
61	7013
62	7188
63	7132
64	7430
65	7588
66	7705
67	7883
68	8245
69	8369
70	8607
71	9159
72	9355
73	9475
74	9814
75	10191
76	10461
77	10792
78	11112
79	11285
80	11753
81	11960
82	12654
83	12808
84	13405
85	13744
86	14067
87	14660
88	15017
89	15634
90	15716
91	16368
92	16943
93	17125
94	17590
95	18299
96	19167
97	19273
98	20025
99	20506
100	21390
101	21804
102	22292
103	23548
104	24037
105	24717
106	25370
107	25986
108	26668
109	27770
110	28349
111	28953
112	29538
113	30610
114	31411
115	32239
116	32479
117	33307
118	34320
119	34954
120	35468
121	36467
122	37564
123	37845
124	38955
125	40276
126	40437
127	41198
128	42023
129	42174
130	43604
131	44786
132	45094
133	46100
134	47937
135	49112
136	51182
137	54200
138	57273
139	62052
140	67229
141	74856
142	87949
143	108907
144	146524
145	207535
146	328185
147	650687
148	851805
149	1585297
150	2570535
