0	0
1	0
2	0
3	0
4	0
5	0
6	0
7	0
8	0
9	0
10	0
11	0
12	0
13	0
14	0
15	1
16	0
17	0
18	0
19	0
20	0
21	0
22	1
23	1
24	1
25	2
26	1
27	3
28	2
29	4
30	3
31	4
32	5
33	3
34	5
35	3
36	5
37	4
38	7
39	7
40	6
41	9
42	14
43	10
44	7
45	10
46	7
47	13
48	16
49	8
50	10
51	15
52	7
53	9
54	14
55	15
56	11
57	13
58	19
59	24
60	14
61	19
62	29
63	26
64	14
65	23
66	20
67	34
68	24
69	21
70	30
71	34
72	23
73	24
74	32
75	31
76	42
77	39
78	38
79	36
80	60
81	52
82	51
83	67
84	72
85	71
86	75
87	58
88	80
89	75
90	72
91	75
92	82
93	88
94	84
95	115
96	108
97	91
98	124
99	121
100	157
101	139
102	148
103	147
104	147
105	172
106	181
107	170
108	168
109	205
110	196
111	191
112	237
113	227
114	206
115	236
116	232
117	257
118	300
119	265
120	242
121	253
122	269
123	328
124	279
125	269
126	298
127	326
128	313
129	329
130	374
131	362
132	345
133	381
134	340
135	354
136	381
137	413
138	355
139	433
140	452
141	409
142	440
143	497
144	453
145	391
146	424
147	438
148	396
149	433
150	418
151	428
152	463
153	466
154	452
155	444
156	470
157	500
158	517
159	462
160	467
161	476
162	505
163	562
164	568
165	524
166	567
167	529
168	549
169	596
170	502
171	488
172	521
173	488
174	561
175	614
176	570
177	546
178	630
179	533
180	554
181	568
182	572
183	556
184	490
185	530
186	589
187	600
188	582
189	546
190	545
191	564
192	559
193	523
194	598
195	529
196	559
197	540
198	522
199	569
200	569
201	563
202	532
203	567
204	571
205	530
206	543
207	526
208	499
209	559
210	521
211	510
212	498
213	544
214	527
215	541
216	480
217	458
218	515
219	488
220	459
221	509
222	399
223	475
224	499
225	438
226	483
227	456
228	492
229	450
230	465
231	435
232	440
233	487
234	414
235	428
236	480
237	422
238	447
239	434
240	489
241	465
242	466
243	449
244	430
245	449
246	402
247	423
248	482
249	431
250	484
251	500
252	431
253	562
254	492
255	463
256	486
257	478
258	499
259	512
260	469
261	506
262	472
263	475
264	508
265	492
266	450
267	469
268	473
269	461
270	455
271	506
272	445
273	462
274	416
275	423
276	487
277	423
278	485
279	397
280	493
281	468
282	413
283	428
284	436
285	422
286	459
287	481
288	421
289	463
290	424
291	475
292	428
293	420
294	435
295	460
296	482
297	441
298	527
299	491
300	473
301	427
302	414
303	418
304	435
305	395
306	414
307	421
308	415
309	432
310	449
311	421
312	443
313	441
314	374
315	413
316	393
317	436
318	422
319	402
320	395
321	343
322	386
323	386
324	378
325	382
326	392
327	417
328	377
329	389
330	367
331	380
332	340
333	388
334	358
335	358
336	366
337	369
338	358
339	386
340	354
341	321
342	376
343	340
344	334
345	331
346	346
347	307
348	312
349	321
350	326
351	317
352	354
353	320
354	296
355	342
356	322
357	320
358	337
359	313
360	301
361	288
362	272
363	300
364	327
365	297
366	335
367	346
368	323
369	278
370	289
371	310
372	313
373	322
374	301
375	306
376	359
377	318
378	281
379	310
380	287
381	319
382	343
383	298
384	262
385	340
386	304
387	272
388	247
389	283
390	261
391	267
392	289
393	311
394	261
395	291
396	263
397	300
398	308
399	306
400	290
401	323
402	294
403	325
404	266
405	280
406	254
407	288
408	268
409	274
410	279
411	253
412	268
413	241
414	241
415	240
416	282
417	257
418	221
419	253
420	257
421	221
422	196
423	266
424	207
425	213
426	205
427	231
428	216
429	162
430	179
431	214
432	183
433	179
434	180
435	170
436	174
437	191
438	224
439	194
440	201
441	180
442	200
443	179
444	155
445	189
446	180
447	203
448	216
449	188
450	187
451	157
452	161
453	178
454	160
455	150
456	156
457	147
458	164
459	147
460	168
461	156
462	139
463	151
464	143
465	134
466	155
467	143
468	131
469	120
470	140
471	119
472	143
473	125
474	123
475	118
476	123
477	93
478	114
479	105
480	97
481	98
482	94
483	123
484	113
485	104
486	113
487	103
488	131
489	96
490	115
491	87
492	125
493	98
494	107
495	96
496	95
497	98
498	109
499	114
500	93
501	105
502	87
503	91
504	107
505	111
506	107
507	139
508	116
509	104
510	103
511	66
512	82
513	96
514	71
515	88
516	98
517	78
518	81
519	81
520	84
521	109
522	93
523	82
524	84
525	91
526	67
527	80
528	62
529	76
530	99
531	74
532	72
533	69
534	68
535	80
536	68
537	76
538	71
539	72
540	89
541	67
542	75
543	57
544	66
545	53
546	65
547	48
548	55
549	54
550	71
551	58
552	64
553	37
554	53
555	43
556	51
557	50
558	57
559	65
