0	0
1	0
2	0
3	0
4	0
5	0
6	0
7	0
8	0
9	0
10	0
11	0
12	0
13	0
14	0
15	1
16	0
17	0
18	0
19	0
20	0
21	0
22	1
23	1
24	1
25	2
26	1
27	3
28	2
29	4
30	3
31	5
32	5
33	3
34	5
35	3
36	5
37	4
38	7
39	7
40	6
41	10
42	18
43	10
44	7
45	10
46	8
47	14
48	17
49	8
50	13
51	16
52	7
53	9
54	14
55	15
56	11
57	14
58	20
59	26
60	14
61	20
62	29
63	27
64	14
65	27
66	20
67	38
68	25
69	23
70	30
71	35
72	24
73	24
74	32
75	32
76	46
77	42
78	40
79	39
80	65
81	57
82	53
83	75
84	75
85	74
86	85
87	61
88	86
89	78
90	75
91	80
92	95
93	95
94	96
95	132
96	120
97	100
98	144
99	151
100	178
101	150
102	170
103	173
104	166
105	199
106	208
107	198
108	202
109	245
110	233
111	237
112	280
113	272
114	245
115	298
116	282
117	315
118	349
119	319
120	315
121	330
122	322
123	445
124	347
125	357
126	407
127	404
128	396
129	422
130	484
131	506
132	441
133	546
134	487
135	475
136	555
137	572
138	514
139	655
140	630
141	569
142	662
143	729
144	682
145	611
146	642
147	683
148	599
149	662
150	696
151	708
152	782
153	786
154	781
155	813
156	814
157	921
158	912
159	797
160	819
161	856
162	896
163	959
164	1000
165	956
166	1073
167	933
168	998
169	1170
170	915
171	991
172	1049
173	918
174	1180
175	1223
176	1183
177	1072
178	1272
179	1057
180	1130
181	1097
182	1148
183	1082
184	1007
185	1131
186	1124
187	1284
188	1294
189	1116
190	1144
191	1162
192	1113
193	1133
194	1273
195	1155
196	1157
197	1091
198	1102
199	1292
200	1243
201	1296
202	1001
203	1186
204	1228
205	1109
206	1122
207	1097
208	1071
209	1177
210	1109
211	1167
212	1063
213	1088
214	1107
215	1204
216	1101
217	968
218	1226
219	1028
220	914
221	1077
222	797
223	956
224	1011
225	868
226	964
227	972
228	1044
229	968
230	931
231	896
232	844
233	1062
234	829
235	876
236	1104
237	849
238	930
239	991
240	1082
241	987
242	1026
243	944
244	879
245	922
246	924
247	852
248	1006
249	967
250	1026
251	1080
252	867
253	1138
254	1034
255	954
256	1007
257	1028
258	990
259	1146
260	935
261	1087
262	993
263	1016
264	1044
265	953
266	870
267	1000
268	870
269	855
270	907
271	939
272	902
273	908
274	765
275	805
276	1018
277	831
278	950
279	762
280	904
281	962
282	717
283	848
284	825
285	796
286	806
287	906
288	790
289	911
290	795
291	919
292	928
293	784
294	812
295	845
296	878
297	770
298	987
299	875
300	894
301	775
302	745
303	765
304	789
305	710
306	725
307	781
308	738
309	762
310	786
311	724
312	813
313	767
314	649
315	739
316	733
317	770
318	762
319	761
320	695
321	666
322	645
323	678
324	634
325	664
326	652
327	748
328	610
329	689
330	603
331	642
332	560
333	639
334	646
335	621
336	625
337	599
338	616
339	670
340	582
341	529
342	625
343	551
344	606
345	510
346	594
347	483
348	500
349	481
350	545
351	521
352	599
353	499
354	427
355	548
356	541
357	525
358	517
359	473
360	463
361	441
362	459
363	480
364	515
365	472
366	519
367	524
368	487
369	393
370	410
371	473
372	469
373	517
374	430
375	465
376	578
377	478
378	452
379	494
380	456
381	482
382	531
383	455
384	393
385	515
386	473
387	404
388	376
389	418
390	386
391	390
392	406
393	458
394	391
395	469
396	376
397	424
398	442
399	428
400	452
401	467
402	434
403	464
404	390
405	388
406	388
407	463
408	400
409	434
410	410
411	370
412	372
413	366
414	353
415	334
416	428
417	363
418	325
419	349
420	357
421	351
422	285
423	359
424	272
425	290
426	290
427	308
428	298
429	209
430	253
431	275
432	252
433	231
434	260
435	233
436	249
437	279
438	287
439	261
440	278
441	246
442	253
443	239
444	212
445	241
446	241
447	247
448	306
449	265
450	229
451	206
452	237
453	250
454	216
455	194
456	240
457	186
458	229
459	189
460	223
461	213
462	202
463	212
464	188
465	180
466	183
467	187
468	167
469	153
470	180
471	159
472	210
473	147
474	173
475	164
476	175
477	112
478	138
479	127
480	132
481	131
482	125
483	164
484	155
485	145
486	149
487	139
488	218
489	137
490	167
491	109
492	178
493	117
494	140
495	125
496	117
497	124
498	149
499	140
500	114
501	136
502	128
503	121
504	128
505	143
506	141
507	183
508	169
509	146
510	126
511	83
512	102
513	121
514	90
515	120
516	132
517	110
518	106
519	106
520	121
521	141
522	114
523	104
524	109
525	124
526	83
527	104
528	73
529	105
530	154
531	92
532	108
533	91
534	105
535	168
536	94
537	92
538	100
539	90
540	125
541	89
542	102
543	65
544	130
545	62
546	75
547	56
548	76
549	71
550	101
551	73
