0	0
1	0
2	0
3	0
4	0
5	0
6	0
7	0
8	0
9	0
10	0
11	0
12	0
13	1
14	0
15	9
16	12
17	10
18	10
19	8
20	7
21	8
22	10
23	13
24	14
25	14
26	31
27	30
28	43
29	53
30	92
31	126
32	164
33	176
34	226
35	275
36	394
37	411
38	473
39	610
40	675
41	754
42	841
43	941
44	1024
45	1080
46	1153
47	1308
48	1374
49	1408
50	1502
51	1595
52	1691
53	1684
54	1857
55	1797
56	2011
57	1886
58	1936
59	1951
60	2007
61	2081
62	2150
63	2241
64	2231
65	2373
66	2501
67	2497
68	2631
69	2642
70	2686
71	2795
72	2769
73	3021
74	2988
75	3191
76	3257
77	3341
78	3539
79	3468
80	3692
81	3730
82	3846
83	4061
84	4112
85	4445
86	4558
87	4583
88	4711
89	4885
90	6441
91	5802
92	5524
93	5679
94	5613
95	5812
96	5721
97	6103
98	6419
99	6450
100	6911
101	7168
102	7553
103	7639
104	7679
105	7923
106	8222
107	8576
108	8720
109	9084
110	9150
111	9204
112	9682
113	9679
114	10117
115	10473
116	10724
117	10895
118	11112
119	11517
120	11696
121	11914
122	12137
123	12614
124	12948
125	12998
126	13424
127	13291
128	13697
129	14011
130	14448
131	14320
132	14430
133	15065
134	15194
135	15387
136	15502
137	15653
138	15828
139	16004
140	16597
141	16478
142	16570
143	16652
144	16899
145	15401
146	15378
147	18039
148	19091
149	19551
150	19629
151	20080
152	20020
153	20107
154	19954
155	20482
156	20644
157	20693
158	21234
159	20643
160	21360
161	21463
162	20921
163	21518
164	21625
165	21552
166	21403
167	21970
168	21233
169	22009
170	21431
171	21409
172	21548
173	21908
174	21978
175	21710
176	21779
177	22018
178	21915
179	21588
180	21704
181	21550
182	21727
183	21385
184	21638
185	21432
186	21949
187	21463
188	21132
189	21416
190	21386
191	21430
192	21371
193	21207
194	21107
195	20844
196	21061
197	20849
198	20866
199	20631
200	20823
201	20411
202	20488
203	20570
204	19986
205	20121
206	19932
207	20023
208	19632
209	19390
210	19594
211	19747
212	19620
213	19230
214	19085
215	19112
216	18691
217	18807
218	18678
219	18343
220	18135
221	18119
222	18045
223	17751
224	18268
225	17698
226	17782
227	17610
228	17710
229	17519
230	17263
231	17078
232	16879
233	16781
234	16837
235	16362
236	16377
237	16339
238	16073
239	15963
240	16320
241	15952
242	15627
243	15466
244	15437
245	15574
246	15648
247	15512
248	15203
249	15070
250	14915
251	14733
252	14523
253	14816
254	14393
255	14417
256	14322
257	13854
258	13989
259	14280
260	14065
261	13443
262	13530
263	13130
264	13361
265	13106
266	13035
267	12977
268	12945
269	12934
270	12811
271	12471
272	12446
273	12485
274	12192
275	12212
276	12177
277	11892
278	11704
279	11366
280	11430
281	11250
282	11254
283	11210
284	11271
285	11043
286	10902
287	10616
288	10634
289	10655
290	10693
291	10766
292	10278
293	10284
294	10255
295	9971
296	9983
297	10042
298	9823
299	10024
300	9791
301	9341
302	9426
303	9109
304	9186
305	9228
306	9005
307	9131
308	8939
309	9136
310	8983
311	8959
312	8633
313	8805
314	8686
315	8819
316	8319
317	8462
318	8117
319	8042
320	7952
321	8100
322	7593
323	7557
324	7627
325	7532
326	7809
327	7527
328	7573
329	7328
330	7447
331	7188
332	7228
333	7048
334	6985
335	6938
336	6975
337	6871
338	6844
339	6829
340	6802
341	6774
342	6526
343	6624
344	6415
345	6221
346	6322
347	6266
348	6207
349	6032
350	6003
351	6059
352	5993
353	5894
354	5875
355	5758
356	5811
357	5471
358	5682
359	5544
360	5552
361	5601
362	5487
363	5339
364	5265
365	5489
366	5433
367	5183
368	5380
369	5253
370	5050
371	5188
372	5041
373	5081
374	5036
375	4885
376	5087
377	4936
378	4885
379	4894
380	4817
381	4716
382	4614
383	4624
384	4634
385	4482
386	4531
387	4341
388	4409
389	4534
390	4459
391	4261
392	4352
393	4372
394	4252
395	4172
396	4183
397	3988
398	3866
399	4031
400	4067
401	3766
402	3879
403	3984
404	3933
405	3818
406	3702
407	3498
408	3711
409	3620
410	3670
411	3634
412	3659
413	3609
414	3477
415	3388
416	3416
417	3622
418	3454
419	3395
420	3387
421	3291
422	3382
423	3277
424	3261
425	3321
426	3237
427	3256
428	3193
429	3225
430	3251
431	3100
432	2993
433	3212
434	3055
435	2972
436	2928
437	2964
438	2947
439	2863
440	2912
441	2890
442	2878
443	2882
444	2821
445	2968
446	2934
447	2936
448	2834
449	2784
450	2788
451	2663
452	2679
453	2716
454	2581
455	2560
456	2623
457	2646
458	2612
459	2571
460	2507
461	2640
462	2568
463	2308
464	2520
465	2428
466	2305
467	2446
468	2514
469	2374
470	2384
471	2379
472	2451
473	2350
474	2397
475	2395
476	2375
477	2265
478	2339
479	2320
480	2296
481	2177
482	2282
483	2283
484	2176
485	2229
486	2218
487	2133
488	2242
489	2254
490	2273
491	2273
492	2120
493	2151
494	2105
495	2145
496	2083
497	2071
498	2110
499	2050
500	2102
501	2108
502	2075
503	2075
504	2163
505	2120
506	2098
507	1972
508	2074
509	2052
510	2020
511	1902
512	1999
513	1944
514	1929
515	1976
516	2099
517	1971
518	1877
519	1977
520	1882
521	2003
522	1914
523	1793
524	1980
525	1839
526	1908
527	1943
528	1927
529	1902
530	2019
531	1864
532	1840
533	1941
534	1901
535	1824
536	1883
537	1793
538	1864
539	1749
540	1784
541	1727
542	1743
543	1827
544	1831
545	1807
546	1791
547	1733
548	1689
549	1757
550	1656
551	1687
552	1698
553	1758
554	1663
555	1639
556	1639
557	1658
558	1727
559	1640
560	1678
561	1570
562	1630
563	1584
564	1698
565	1723
566	1671
567	1653
568	1582
569	1637
570	1711
571	1623
572	1521
573	1567
574	1574
575	1495
576	1578
577	1602
578	1715
579	1595
580	1586
581	1580
582	1540
583	1575
584	1602
585	1567
586	1491
587	1492
588	1457
589	1588
590	1484
591	1550
592	1512
593	1545
594	1471
595	1484
596	1471
597	1457
598	1479
599	1514
600	1555
601	1406
602	1465
603	1505
604	1353
605	1466
606	1578
607	1554
608	1507
609	1506
610	1481
611	1389
612	1477
613	1405
614	1372
615	1416
616	1387
617	1389
618	1391
619	1438
620	1394
621	1422
622	1424
623	1423
624	1495
625	1485
626	1493
627	1397
628	1395
629	1389
630	1330
631	1401
632	1419
633	1412
634	1366
635	1445
636	1392
637	1426
638	1403
639	1405
640	1420
641	1421
642	1405
643	1352
644	1420
645	1368
646	1400
647	1344
648	1424
649	1271
650	1400
651	1346
652	1408
653	1322
654	1314
655	1278
656	1312
657	1332
658	1364
659	1367
660	1319
661	1382
662	1426
663	1302
664	1329
665	1300
666	1309
667	1307
668	1302
669	1307
670	1261
671	1273
672	1359
673	1353
674	1384
675	1422
676	1278
677	1370
678	1328
679	1328
680	1282
681	1312
682	1253
683	1260
684	1266
685	1339
686	1306
687	1264
688	1367
689	1286
690	1354
691	1213
692	1330
693	1264
694	1225
695	1221
696	1264
697	1235
698	1268
699	1268
700	1311
701	1237
702	1200
703	1333
704	1237
705	1462
706	1394
707	1375
708	1302
709	1346
710	1402
711	1238
712	1292
713	1265
714	1244
715	1181
716	1222
717	1225
718	1298
719	1208
720	1254
721	1247
722	1336
723	1243
724	1193
725	1210
726	1248
727	1209
728	1260
729	1191
730	1224
731	1268
732	1335
733	1280
734	1230
735	1281
736	1262
737	1316
738	1250
739	1209
740	1383
741	1335
742	1340
743	1283
744	1236
745	1285
746	1223
747	1230
748	1265
749	1227
750	1194
751	1239
752	1241
753	1165
754	1163
755	1199
756	1135
757	1160
758	1124
759	1135
760	1136
761	1115
762	1098
763	1135
764	1156
765	1245
766	1115
767	1135
768	1121
769	1205
770	1167
771	1190
772	1163
773	1141
774	1220
775	1138
776	1290
777	1182
778	1128
779	1097
780	1170
781	1143
782	1261
783	1211
784	1220
785	1228
786	1222
787	1205
788	1147
789	1157
790	1120
791	1207
792	1130
793	1205
794	1181
795	1162
796	1037
797	1122
798	1065
799	1187
800	1135
801	1160
802	1049
803	1113
804	1119
805	1149
806	1171
807	1132
808	1117
809	1089
810	1091
811	1141
812	1018
813	1119
814	1135
815	1152
816	1082
817	1072
818	1177
819	1201
820	1145
821	1153
822	1194
823	1108
824	1099
825	1045
826	1094
827	1099
828	1084
829	1053
830	1012
831	1055
832	1029
833	1083
834	1085
835	992
836	1068
837	1033
838	1088
839	1011
840	1063
841	1066
842	1063
843	1072
844	1014
845	1010
846	1029
847	1089
848	997
849	1044
850	1068
851	1056
852	1073
853	1017
854	1036
855	1027
856	1086
857	1014
858	1047
859	1050
860	986
861	1018
862	1044
863	969
864	1035
865	1016
866	1024
867	1073
868	1091
869	1052
870	1031
871	1152
872	1068
873	1076
874	1082
875	1041
876	1200
877	1069
878	1036
879	1142
880	1017
881	1066
882	1047
883	1082
884	996
885	1016
886	998
887	1049
888	1008
889	1015
890	1026
891	1081
892	1080
893	1035
894	1001
895	1068
896	1122
897	1008
898	970
899	1012
900	978
901	975
902	954
903	974
904	980
905	1034
906	1050
907	1018
908	1029
909	911
910	963
911	1024
912	977
913	838
914	971
915	942
916	935
917	983
918	1001
919	951
920	884
921	882
922	866
923	958
924	929
925	939
926	918
927	974
928	951
929	938
930	930
931	930
932	943
933	1017
934	978
935	952
936	898
937	935
938	915
939	983
940	962
941	921
942	878
943	864
944	917
945	932
946	1031
947	894
948	928
949	980
950	890
951	979
952	961
953	968
954	936
955	888
956	928
957	886
958	917
959	888
960	940
961	918
962	911
963	980
964	906
965	860
966	900
967	890
968	885
969	959
970	925
971	914
972	852
973	875
974	895
975	947
976	1005
977	889
978	894
979	957
980	894
981	918
982	861
983	898
984	918
985	900
986	954
987	858
988	905
989	912
990	953
991	848
992	925
993	885
994	825
995	833
996	846
997	923
998	864
999	901
1000	873
1001	870
1002	854
1003	908
1004	872
1005	807
1006	851
1007	923
1008	882
1009	914
1010	841
1011	886
1012	792
1013	856
1014	864
1015	871
1016	880
1017	811
1018	767
1019	839
1020	818
1021	811
1022	864
1023	833
1024	769
1025	857
1026	744
1027	792
1028	856
1029	815
1030	844
1031	776
1032	870
1033	849
1034	802
1035	855
1036	838
1037	857
1038	826
1039	833
1040	797
1041	795
1042	779
1043	759
1044	750
1045	856
1046	836
1047	761
1048	780
1049	805
1050	745
1051	763
1052	750
1053	767
1054	765
1055	766
1056	794
1057	771
1058	791
1059	753
1060	778
1061	780
1062	768
1063	784
1064	866
1065	788
1066	861
1067	820
1068	842
1069	772
1070	780
1071	751
1072	805
1073	794
1074	706
1075	799
1076	748
1077	796
1078	708
1079	784
1080	699
1081	741
1082	801
1083	815
1084	745
1085	765
1086	758
1087	781
1088	783
1089	771
1090	810
1091	757
1092	800
1093	824
1094	866
1095	833
1096	869
1097	788
1098	739
1099	726
1100	749
1101	823
1102	695
1103	754
1104	728
1105	783
1106	799
1107	829
1108	802
1109	800
1110	746
1111	826
1112	757
1113	815
1114	824
1115	798
1116	799
1117	818
1118	778
1119	805
1120	738
1121	771
1122	759
1123	768
1124	802
1125	799
1126	751
1127	728
1128	755
1129	689
1130	801
1131	810
1132	874
1133	811
1134	735
1135	728
1136	701
1137	791
1138	801
1139	779
1140	836
1141	840
1142	750
1143	755
1144	763
1145	765
1146	809
1147	685
1148	758
1149	706
1150	788
1151	782
1152	766
1153	748
1154	744
1155	758
1156	792
1157	806
1158	745
1159	751
1160	801
1161	780
1162	748
1163	785
1164	832
1165	753
1166	819
1167	762
1168	758
1169	733
1170	729
1171	817
1172	808
1173	725
1174	745
1175	718
1176	746
1177	773
1178	831
1179	813
1180	770
1181	757
1182	769
1183	790
1184	759
1185	781
1186	777
1187	798
1188	749
1189	734
1190	748
1191	826
1192	747
1193	813
1194	771
1195	786
1196	755
1197	755
1198	766
1199	750
1200	767
1201	751
1202	799
1203	774
1204	847
1205	809
1206	789
1207	792
1208	705
1209	810
1210	737
1211	772
1212	758
1213	727
1214	715
1215	771
1216	759
1217	801
1218	745
1219	771
1220	788
1221	821
1222	762
1223	851
1224	703
1225	722
1226	697
1227	808
1228	727
1229	721
1230	675
1231	712
1232	701
1233	715
1234	739
1235	775
1236	728
1237	729
1238	745
1239	723
1240	748
1241	742
1242	718
1243	759
1244	699
1245	757
1246	805
1247	764
1248	789
1249	770
1250	740
1251	741
1252	789
1253	725
1254	754
1255	754
1256	708
1257	649
1258	728
1259	711
1260	762
1261	750
1262	750
1263	788
1264	766
1265	730
1266	712
1267	740
1268	798
1269	702
1270	680
1271	776
1272	755
1273	834
1274	752
1275	741
1276	768
1277	777
1278	720
1279	758
1280	791
1281	696
1282	801
1283	690
1284	747
1285	786
1286	717
1287	731
1288	783
1289	723
1290	801
1291	759
1292	759
1293	770
1294	778
1295	727
1296	787
1297	761
1298	769
1299	814
1300	810
1301	770
1302	754
1303	737
1304	730
1305	773
1306	781
1307	748
1308	706
1309	786
1310	764
1311	717
1312	744
1313	700
1314	713
1315	726
1316	635
1317	727
1318	751
1319	760
1320	744
1321	759
1322	763
1323	749
1324	719
1325	705
1326	783
1327	691
1328	747
1329	799
1330	711
1331	731
1332	751
1333	704
1334	733
1335	790
1336	803
1337	748
1338	713
1339	718
1340	758
1341	752
1342	727
1343	662
1344	774
1345	665
1346	726
1347	703
1348	681
1349	696
1350	722
1351	675
1352	659
1353	726
1354	778
1355	741
1356	789
1357	797
1358	685
1359	719
1360	718
1361	690
1362	632
1363	748
1364	678
1365	669
1366	721
1367	629
1368	642
1369	683
1370	658
1371	706
1372	691
1373	651
1374	702
1375	680
1376	670
1377	684
1378	670
1379	641
1380	660
1381	766
1382	713
1383	716
1384	752
1385	740
1386	691
1387	748
1388	764
1389	684
1390	650
1391	697
1392	729
1393	669
1394	707
1395	657
1396	694
1397	707
1398	712
1399	762
1400	728
1401	732
1402	721
1403	730
1404	689
1405	761
1406	784
1407	721
1408	717
1409	655
1410	691
1411	743
1412	729
1413	713
1414	748
1415	723
1416	697
1417	713
1418	677
1419	743
1420	747
1421	721
1422	729
1423	627
1424	726
1425	692
1426	695
1427	726
1428	708
1429	686
1430	626
1431	729
1432	667
1433	749
1434	628
1435	675
1436	646
1437	670
1438	725
1439	667
1440	635
1441	670
1442	599
1443	667
1444	618
1445	652
1446	645
1447	633
1448	687
1449	658
1450	694
1451	606
1452	626
1453	739
1454	702
1455	689
1456	622
1457	680
1458	660
1459	614
1460	673
1461	651
1462	633
1463	657
1464	631
1465	675
1466	685
1467	627
1468	614
1469	616
1470	698
1471	643
1472	642
1473	695
1474	671
1475	606
1476	662
1477	642
1478	724
1479	645
1480	682
1481	697
1482	647
1483	629
1484	628
1485	583
1486	643
1487	638
1488	643
1489	641
1490	654
1491	617
1492	676
1493	614
1494	625
1495	639
1496	653
1497	634
1498	639
1499	643
1500	627
1501	661
1502	647
1503	639
1504	653
1505	697
1506	651
1507	669
1508	660
1509	664
1510	661
1511	654
1512	674
1513	645
1514	662
1515	711
1516	663
1517	635
1518	666
1519	675
1520	613
1521	691
1522	673
1523	634
1524	662
1525	587
1526	597
1527	707
1528	688
1529	673
1530	670
1531	677
1532	661
1533	724
1534	753
1535	654
1536	646
1537	622
1538	673
1539	602
1540	630
1541	689
1542	609
1543	642
1544	707
1545	650
1546	609
1547	619
1548	644
1549	697
1550	755
1551	650
1552	639
1553	675
1554	704
1555	691
1556	661
1557	690
1558	633
1559	708
1560	660
1561	709
1562	658
1563	618
1564	694
1565	667
1566	685
1567	679
1568	646
1569	696
1570	659
1571	638
1572	661
1573	694
1574	668
1575	627
1576	687
1577	615
1578	636
1579	588
1580	684
1581	742
1582	641
1583	663
1584	677
1585	638
1586	609
1587	641
1588	607
1589	670
1590	677
1591	667
1592	684
1593	667
1594	695
1595	730
1596	666
1597	689
1598	646
1599	684
1600	667
1601	687
1602	643
1603	654
1604	616
1605	669
1606	637
1607	654
1608	700
1609	634
1610	661
1611	617
1612	600
1613	589
1614	590
1615	594
1616	658
1617	594
1618	587
1619	600
1620	603
1621	651
1622	583
1623	631
1624	611
1625	613
1626	642
1627	650
1628	622
1629	686
1630	700
1631	627
1632	607
1633	683
1634	664
1635	663
1636	642
1637	643
1638	586
1639	590
1640	616
1641	658
1642	631
1643	582
1644	603
1645	686
1646	664
1647	586
1648	673
1649	642
1650	692
1651	607
1652	664
1653	616
1654	609
1655	638
1656	583
1657	641
1658	685
1659	623
1660	636
1661	641
1662	643
1663	617
1664	593
1665	581
1666	567
1667	552
1668	627
1669	647
1670	602
1671	622
1672	625
1673	651
1674	611
1675	592
1676	604
1677	633
1678	577
1679	611
1680	644
1681	625
1682	628
1683	613
1684	579
1685	566
1686	646
1687	682
1688	615
1689	609
1690	607
1691	619
1692	637
1693	733
1694	654
1695	620
1696	619
1697	645
1698	633
1699	599
1700	579
1701	634
1702	705
1703	653
1704	657
1705	557
1706	637
1707	631
1708	668
1709	695
1710	613
1711	652
1712	680
1713	693
1714	722
1715	663
1716	711
1717	685
1718	654
1719	697
1720	719
1721	713
1722	708
1723	592
1724	641
1725	658
1726	619
1727	657
1728	668
1729	636
1730	715
1731	649
1732	740
1733	685
1734	703
1735	700
1736	698
1737	724
1738	723
1739	631
1740	710
1741	655
1742	652
1743	598
1744	694
1745	640
1746	660
1747	667
1748	632
1749	681
1750	701
1751	654
1752	733
1753	677
1754	646
1755	592
1756	644
1757	706
1758	667
1759	681
1760	622
1761	638
1762	609
1763	651
1764	662
1765	650
1766	607
1767	608
1768	629
1769	564
1770	588
1771	671
1772	631
1773	626
1774	652
1775	570
1776	611
1777	598
1778	614
1779	608
1780	578
1781	604
1782	635
1783	629
1784	642
1785	657
1786	617
1787	586
1788	674
1789	655
1790	594
1791	626
1792	641
1793	589
1794	559
1795	611
1796	617
1797	709
1798	606
1799	623
1800	616
1801	601
1802	617
1803	610
1804	606
1805	612
1806	618
1807	497
1808	602
1809	558
1810	559
1811	554
1812	564
1813	564
1814	584
1815	610
1816	570
1817	598
1818	539
1819	528
1820	600
1821	571
1822	583
1823	658
1824	666
1825	565
1826	560
1827	544
1828	562
1829	599
1830	537
1831	563
1832	627
1833	589
1834	582
1835	551
1836	588
1837	583
1838	595
1839	589
1840	568
1841	640
1842	563
1843	562
1844	507
1845	543
1846	598
1847	589
1848	609
1849	543
1850	514
1851	573
1852	520
1853	569
1854	518
1855	586
1856	519
1857	548
1858	550
1859	543
1860	541
1861	508
1862	522
1863	579
1864	550
1865	529
1866	595
1867	548
1868	581
1869	507
1870	549
1871	580
1872	524
1873	620
1874	626
1875	544
1876	558
1877	556
1878	552
1879	546
1880	584
1881	541
1882	538
1883	593
1884	568
1885	560
1886	576
1887	563
1888	519
1889	588
1890	548
1891	550
1892	540
1893	525
1894	636
1895	624
1896	504
1897	562
1898	528
1899	530
1900	606
1901	589
1902	577
1903	581
1904	589
1905	571
1906	567
1907	579
1908	500
1909	546
1910	544
1911	610
1912	550
1913	549
1914	569
1915	532
1916	519
1917	545
1918	536
1919	568
1920	593
1921	536
1922	547
1923	567
1924	615
1925	530
1926	557
1927	574
1928	529
1929	537
1930	586
1931	541
1932	564
1933	556
1934	529
1935	576
1936	564
1937	541
1938	560
1939	569
1940	491
1941	551
1942	551
1943	600
1944	518
1945	549
1946	551
1947	573
1948	534
1949	522
1950	479
1951	544
1952	552
1953	610
1954	510
1955	549
1956	614
1957	652
1958	522
1959	570
1960	531
1961	600
1962	536
1963	525
1964	480
1965	568
1966	573
1967	566
1968	596
1969	607
1970	620
1971	559
1972	561
1973	613
1974	549
1975	560
1976	553
1977	521
1978	547
1979	597
1980	584
1981	540
1982	580
1983	529
1984	569
1985	577
1986	589
1987	530
1988	572
1989	555
1990	609
1991	585
1992	611
1993	614
1994	579
1995	600
1996	599
1997	544
1998	590
1999	578
2000	608
2001	609
2002	651
2003	588
2004	639
2005	538
2006	613
2007	594
2008	624
2009	563
2010	593
2011	554
2012	547
2013	565
2014	600
2015	598
2016	573
2017	531
2018	541
2019	571
2020	525
2021	616
2022	618
2023	594
2024	605
2025	611
2026	520
2027	569
2028	556
2029	645
2030	606
2031	596
2032	577
2033	598
2034	629
2035	570
2036	592
2037	603
2038	530
2039	601
2040	609
2041	638
2042	638
2043	600
2044	618
2045	608
2046	550
2047	632
2048	613
2049	611
2050	625
2051	643
2052	607
2053	616
2054	589
2055	602
2056	620
2057	618
2058	638
2059	599
2060	560
2061	596
2062	639
2063	627
2064	585
2065	571
2066	633
2067	651
2068	606
2069	644
2070	622
2071	610
2072	617
2073	633
2074	552
2075	559
2076	589
2077	564
2078	603
2079	656
2080	628
2081	563
2082	572
2083	598
2084	560
2085	564
2086	606
2087	584
2088	583
2089	556
2090	601
2091	626
2092	573
2093	616
2094	593
2095	550
2096	593
2097	553
2098	588
2099	617
2100	637
2101	583
2102	652
2103	557
2104	605
2105	560
2106	562
2107	526
2108	523
2109	570
2110	537
2111	505
2112	535
2113	555
2114	564
2115	582
2116	618
2117	582
2118	543
2119	500
2120	602
2121	635
2122	503
2123	593
2124	493
2125	538
2126	560
2127	546
2128	541
2129	543
2130	492
2131	513
2132	531
2133	524
2134	545
2135	527
2136	640
2137	563
2138	546
2139	509
2140	529
2141	520
2142	554
2143	567
2144	555
2145	474
2146	594
2147	565
2148	545
2149	530
2150	585
2151	550
2152	620
2153	572
2154	504
2155	523
2156	599
2157	563
2158	533
2159	511
2160	572
2161	469
2162	543
2163	538
2164	572
2165	545
2166	503
2167	538
2168	469
2169	472
2170	514
2171	530
2172	506
2173	483
2174	565
2175	487
2176	550
2177	480
2178	493
2179	532
2180	525
2181	503
2182	538
2183	549
2184	493
2185	512
2186	516
2187	561
2188	555
2189	502
2190	525
2191	503
2192	537
2193	528
2194	533
2195	499
2196	501
2197	510
2198	525
2199	601
2200	519
2201	533
2202	538
2203	542
2204	526
2205	511
2206	542
2207	518
2208	568
2209	563
2210	537
2211	513
2212	525
2213	590
2214	517
2215	539
2216	532
2217	570
2218	526
2219	553
2220	596
2221	552
2222	507
2223	571
2224	523
2225	495
2226	476
2227	511
2228	525
2229	553
2230	541
2231	476
2232	514
2233	527
2234	561
2235	500
2236	556
2237	564
2238	537
2239	536
2240	552
2241	493
2242	560
2243	551
2244	541
2245	571
2246	548
2247	592
2248	531
2249	571
2250	533
2251	540
2252	575
2253	545
2254	508
2255	542
2256	541
2257	571
2258	546
2259	544
2260	553
2261	543
2262	573
2263	600
2264	562
2265	562
2266	544
2267	586
2268	546
2269	508
2270	511
2271	515
2272	551
2273	574
2274	598
2275	628
2276	543
2277	535
2278	557
2279	550
2280	544
2281	565
2282	558
2283	585
2284	584
2285	546
2286	532
2287	579
2288	497
2289	547
2290	537
2291	484
2292	484
2293	569
2294	472
2295	514
2296	497
2297	546
2298	572
2299	588
2300	484
2301	509
2302	580
2303	538
2304	557
2305	536
2306	580
2307	558
2308	492
2309	561
2310	556
2311	594
2312	494
2313	464
2314	512
2315	531
2316	530
2317	533
2318	521
2319	533
2320	508
2321	539
2322	534
2323	567
2324	534
2325	527
2326	504
2327	543
2328	519
2329	510
2330	511
2331	544
2332	534
2333	549
2334	487
2335	477
2336	477
2337	555
2338	554
2339	532
2340	540
2341	554
2342	505
2343	454
2344	491
2345	489
2346	528
2347	496
2348	487
2349	457
2350	458
2351	473
2352	428
2353	510
2354	470
2355	519
2356	547
2357	502
2358	539
2359	515
2360	487
2361	508
2362	543
2363	497
2364	513
2365	534
2366	481
2367	471
2368	515
2369	526
2370	516
2371	465
2372	474
2373	478
2374	485
2375	518
2376	477
2377	460
2378	489
2379	491
2380	505
2381	450
2382	488
2383	504
2384	520
2385	490
2386	525
2387	515
2388	507
2389	510
2390	520
2391	500
2392	480
2393	493
2394	520
2395	544
2396	535
2397	482
2398	479
2399	484
2400	535
2401	521
2402	470
2403	438
2404	504
2405	505
2406	445
2407	561
2408	528
2409	456
2410	533
2411	572
2412	567
2413	595
2414	485
2415	541
2416	519
2417	501
2418	455
2419	506
2420	531
2421	509
2422	538
2423	520
2424	495
2425	514
2426	480
2427	517
2428	498
2429	520
2430	541
2431	522
2432	480
2433	471
2434	502
2435	527
2436	507
2437	507
2438	530
2439	468
2440	541
2441	502
2442	466
2443	470
2444	470
2445	463
2446	513
2447	524
2448	480
2449	516
2450	513
2451	541
2452	485
2453	525
2454	470
2455	501
2456	524
2457	437
2458	501
2459	466
2460	498
2461	438
2462	539
2463	497
2464	445
2465	531
2466	483
2467	442
2468	453
2469	482
2470	495
2471	481
2472	498
2473	505
2474	539
2475	502
2476	507
2477	489
2478	513
2479	461
2480	511
2481	490
2482	443
2483	493
2484	429
2485	486
2486	440
2487	450
2488	449
2489	506
2490	482
2491	503
2492	473
2493	458
2494	453
2495	470
2496	404
2497	456
2498	495
2499	518
2500	477
2501	494
2502	543
2503	510
2504	474
2505	519
2506	534
2507	470
2508	446
2509	456
2510	499
2511	476
2512	504
2513	440
2514	466
2515	478
2516	489
2517	477
2518	443
2519	429
2520	480
2521	471
2522	439
2523	444
2524	493
2525	487
2526	500
2527	502
2528	484
2529	501
2530	514
2531	488
2532	438
2533	484
2534	481
2535	481
2536	465
2537	492
2538	431
2539	455
2540	482
2541	474
2542	460
2543	427
2544	426
2545	462
2546	476
2547	409
2548	426
2549	445
2550	468
2551	420
2552	460
2553	397
2554	425
2555	450
2556	415
2557	462
2558	483
2559	409
2560	506
2561	435
2562	391
2563	428
2564	432
2565	446
2566	435
2567	400
2568	449
2569	466
2570	366
2571	419
2572	396
2573	455
2574	468
2575	444
2576	448
2577	448
2578	432
2579	414
2580	498
2581	479
2582	481
2583	442
2584	442
2585	397
2586	447
2587	417
2588	452
2589	415
2590	398
2591	466
2592	428
2593	430
2594	420
2595	490
2596	487
2597	376
2598	357
2599	428
2600	397
2601	438
2602	432
2603	410
2604	460
2605	447
2606	464
2607	393
2608	444
2609	390
2610	461
2611	437
2612	450
2613	425
2614	473
2615	454
2616	401
2617	452
2618	411
2619	430
2620	430
2621	465
2622	406
2623	430
2624	432
2625	448
2626	412
2627	399
2628	444
2629	449
2630	450
2631	425
2632	409
2633	425
2634	391
2635	481
2636	471
2637	492
2638	441
2639	462
2640	410
2641	436
2642	405
2643	475
2644	475
2645	394
2646	464
2647	416
2648	438
2649	390
2650	430
2651	403
2652	372
2653	451
2654	468
2655	474
2656	431
2657	398
2658	446
2659	472
2660	435
2661	411
2662	432
2663	491
2664	490
2665	397
2666	413
2667	440
2668	453
2669	453
2670	462
2671	456
2672	469
2673	477
2674	411
2675	393
2676	439
2677	397
2678	462
2679	446
2680	450
2681	472
2682	423
2683	437
2684	424
2685	454
2686	461
2687	485
2688	426
2689	377
2690	498
2691	448
2692	443
2693	434
2694	411
2695	415
2696	405
2697	409
2698	406
2699	435
2700	454
2701	434
2702	491
2703	427
2704	416
2705	390
2706	437
2707	431
2708	396
2709	419
2710	434
2711	448
2712	430
2713	443
2714	414
2715	409
2716	422
2717	464
2718	449
2719	434
2720	401
2721	411
2722	422
2723	437
2724	386
2725	372
2726	384
2727	416
2728	440
2729	430
2730	419
2731	487
2732	440
2733	454
2734	433
2735	471
2736	463
2737	443
2738	434
2739	413
2740	430
2741	407
2742	440
2743	427
2744	355
2745	391
2746	441
2747	405
2748	328
2749	406
2750	397
2751	440
2752	460
2753	446
2754	426
2755	404
2756	436
2757	431
2758	414
2759	411
2760	425
2761	434
2762	398
2763	373
2764	412
2765	370
2766	475
2767	471
2768	443
2769	397
2770	393
2771	427
2772	401
2773	402
2774	412
2775	388
2776	431
2777	450
2778	411
2779	406
2780	405
2781	397
2782	407
2783	378
2784	418
2785	408
2786	395
2787	380
2788	390
2789	415
2790	362
2791	374
2792	400
2793	374
2794	419
2795	426
2796	411
2797	400
2798	433
2799	406
2800	420
2801	419
2802	428
2803	362
2804	400
2805	428
2806	386
2807	364
2808	412
2809	375
2810	369
2811	392
2812	411
2813	369
2814	415
2815	390
2816	426
2817	394
2818	376
2819	375
2820	403
2821	396
2822	383
2823	371
2824	403
2825	451
2826	382
2827	393
2828	378
2829	363
2830	379
2831	406
2832	415
2833	374
2834	351
2835	386
2836	398
2837	430
2838	427
2839	448
2840	392
2841	343
2842	328
2843	400
2844	422
2845	352
2846	371
2847	371
2848	364
2849	356
2850	392
2851	362
2852	381
2853	376
2854	377
2855	446
2856	395
2857	374
2858	358
2859	353
2860	366
2861	363
2862	356
2863	375
2864	427
2865	399
2866	411
2867	443
2868	369
2869	376
2870	402
2871	314
2872	408
2873	359
2874	386
2875	356
2876	369
2877	339
2878	367
2879	338
2880	376
2881	368
2882	376
2883	372
2884	406
2885	380
2886	356
2887	385
2888	380
2889	387
2890	369
2891	348
2892	363
2893	420
2894	382
2895	405
2896	375
2897	324
2898	393
2899	391
2900	367
2901	393
2902	397
2903	377
2904	386
2905	369
2906	381
2907	406
2908	365
2909	361
2910	366
2911	415
2912	310
2913	394
2914	361
2915	405
2916	372
2917	372
2918	369
2919	333
2920	367
2921	362
2922	385
2923	353
2924	380
2925	404
2926	380
2927	385
2928	375
2929	375
2930	378
2931	362
2932	393
2933	423
2934	391
2935	398
2936	433
2937	390
2938	367
2939	349
2940	386
2941	363
2942	339
2943	418
2944	342
2945	360
2946	426
2947	365
2948	340
2949	348
2950	349
2951	364
2952	396
2953	387
2954	281
2955	387
2956	338
2957	308
2958	340
2959	312
2960	350
2961	322
2962	344
2963	371
2964	386
2965	364
2966	308
2967	306
2968	325
2969	374
2970	321
2971	339
2972	324
2973	389
2974	316
2975	338
2976	293
2977	371
2978	291
2979	281
2980	318
2981	347
2982	353
2983	339
2984	325
2985	332
2986	317
2987	326
2988	329
2989	341
2990	354
2991	378
2992	350
2993	385
2994	368
2995	398
2996	359
2997	358
2998	336
2999	350
3000	373
3001	355
3002	398
3003	387
3004	395
3005	369
3006	377
3007	393
3008	371
3009	340
3010	415
3011	311
3012	376
3013	394
3014	372
3015	358
3016	397
3017	356
3018	420
3019	385
3020	423
3021	407
3022	385
3023	433
3024	392
3025	415
3026	414
3027	409
3028	375
3029	402
3030	394
3031	374
3032	440
3033	383
3034	407
3035	439
3036	372
3037	375
3038	375
3039	418
3040	377
3041	395
3042	366
3043	432
3044	403
3045	398
3046	414
3047	368
3048	362
3049	407
3050	361
3051	432
3052	418
3053	402
3054	417
3055	382
3056	368
3057	409
3058	440
3059	347
3060	399
3061	396
3062	365
3063	342
3064	402
3065	382
3066	387
3067	358
3068	353
3069	384
3070	409
3071	432
3072	358
3073	393
3074	404
3075	459
3076	378
3077	369
3078	396
3079	440
3080	352
3081	403
3082	352
3083	344
3084	372
3085	359
3086	379
3087	322
3088	381
3089	358
3090	360
3091	326
3092	345
3093	389
3094	404
3095	347
3096	342
3097	362
3098	396
3099	388
3100	339
3101	433
3102	338
3103	403
3104	414
3105	375
3106	406
3107	389
3108	368
3109	361
3110	374
3111	333
3112	361
3113	368
3114	392
3115	385
3116	357
3117	348
3118	324
3119	369
3120	358
3121	355
3122	336
3123	324
3124	348
3125	352
3126	415
3127	324
3128	369
3129	351
3130	362
3131	350
3132	320
3133	357
3134	322
3135	326
3136	309
3137	381
3138	378
3139	308
3140	334
3141	376
3142	356
3143	358
3144	375
3145	358
3146	349
3147	304
3148	326
3149	324
3150	358
3151	352
3152	340
3153	356
3154	350
3155	397
3156	382
3157	412
3158	344
3159	327
3160	329
3161	314
3162	362
3163	403
3164	371
3165	372
3166	355
3167	362
3168	339
3169	321
3170	354
3171	332
3172	346
3173	316
3174	347
3175	364
3176	345
3177	309
3178	404
3179	429
3180	307
3181	306
3182	382
3183	328
3184	364
3185	373
3186	353
3187	331
3188	371
3189	325
3190	359
3191	382
3192	381
3193	318
3194	333
3195	336
3196	382
3197	359
3198	378
3199	352
3200	384
3201	388
3202	406
3203	368
3204	366
3205	390
3206	357
3207	342
3208	349
3209	381
3210	373
3211	395
3212	404
3213	407
3214	391
3215	352
3216	402
3217	345
3218	405
3219	364
3220	393
3221	426
3222	445
3223	381
3224	370
3225	389
3226	388
3227	427
3228	393
3229	414
3230	374
3231	389
3232	416
3233	446
3234	401
3235	383
3236	412
3237	425
3238	408
3239	324
3240	428
3241	397
3242	383
3243	349
3244	392
3245	364
3246	415
3247	422
3248	425
3249	398
3250	414
3251	387
3252	383
3253	399
3254	419
3255	374
3256	383
3257	404
3258	420
3259	410
3260	407
3261	463
3262	351
3263	360
3264	355
3265	383
3266	350
3267	379
3268	372
3269	405
3270	404
3271	404
3272	360
3273	401
3274	406
3275	384
3276	392
3277	454
3278	393
3279	392
3280	353
3281	410
3282	445
3283	447
3284	375
3285	437
3286	385
3287	399
3288	414
3289	379
3290	424
3291	406
3292	423
3293	442
3294	410
3295	393
3296	360
3297	404
3298	384
3299	378
3300	411
3301	415
3302	400
3303	390
3304	403
3305	417
3306	423
3307	431
3308	414
3309	428
3310	404
3311	377
3312	411
3313	389
3314	416
3315	392
3316	409
3317	441
3318	432
3319	392
3320	428
3321	491
3322	470
3323	404
3324	449
3325	402
3326	389
3327	467
3328	399
3329	427
3330	418
3331	450
3332	463
3333	410
3334	389
3335	413
3336	425
3337	414
3338	398
3339	441
3340	497
3341	479
3342	421
3343	456
3344	407
3345	412
3346	386
3347	444
3348	405
3349	408
3350	433
3351	384
3352	376
3353	404
3354	451
3355	381
3356	394
3357	385
3358	389
3359	364
3360	385
3361	401
3362	388
3363	371
3364	418
3365	409
3366	398
3367	438
3368	335
3369	371
3370	359
3371	457
3372	421
3373	401
3374	325
3375	399
3376	334
3377	372
3378	378
3379	373
3380	393
3381	368
3382	371
3383	357
3384	348
3385	307
3386	351
3387	328
3388	353
3389	385
3390	365
3391	345
3392	329
3393	335
3394	373
3395	410
3396	380
3397	362
3398	373
3399	365
3400	347
3401	379
3402	352
3403	331
3404	383
3405	342
3406	373
3407	384
3408	362
3409	307
3410	322
3411	333
3412	310
3413	360
3414	317
3415	379
3416	325
3417	372
3418	333
3419	353
3420	316
3421	360
3422	362
3423	291
3424	324
3425	368
3426	381
3427	329
3428	424
3429	364
3430	357
3431	360
3432	348
3433	295
3434	318
3435	404
3436	348
3437	323
3438	347
3439	345
3440	361
3441	353
3442	410
3443	359
3444	385
3445	338
3446	342
3447	360
3448	346
3449	316
3450	326
3451	385
3452	367
3453	393
3454	306
3455	401
3456	387
3457	428
3458	354
3459	392
3460	363
3461	393
3462	427
3463	397
3464	361
3465	366
3466	369
3467	332
3468	364
3469	360
3470	334
3471	324
3472	322
3473	376
3474	392
3475	337
3476	295
3477	326
3478	311
3479	318
3480	343
3481	367
3482	347
3483	311
3484	327
3485	336
3486	310
3487	333
3488	350
3489	309
3490	301
3491	325
3492	366
3493	353
3494	320
3495	367
3496	307
3497	349
3498	349
3499	347
3500	370
3501	339
3502	334
3503	366
3504	345
3505	280
3506	293
3507	338
3508	289
3509	338
3510	330
3511	321
3512	340
3513	269
3514	263
3515	308
3516	302
3517	274
3518	281
3519	301
3520	353
3521	317
3522	274
3523	290
3524	288
3525	301
3526	316
3527	267
3528	289
3529	306
3530	331
3531	303
3532	295
3533	331
3534	280
3535	320
3536	271
3537	262
3538	273
3539	256
3540	248
3541	265
3542	353
3543	286
3544	310
3545	328
3546	290
3547	306
3548	255
3549	329
3550	278
3551	254
3552	293
3553	304
3554	298
3555	301
3556	312
3557	315
3558	253
3559	272
3560	297
3561	320
3562	268
3563	279
3564	357
3565	323
3566	353
3567	312
3568	290
3569	295
3570	299
3571	314
3572	302
3573	301
3574	295
3575	292
3576	280
3577	298
3578	300
3579	293
3580	358
3581	290
3582	307
3583	316
3584	308
3585	312
3586	324
3587	323
3588	310
3589	292
3590	268
3591	317
3592	292
3593	306
3594	284
3595	293
3596	306
3597	311
3598	293
3599	306
3600	287
3601	268
3602	315
3603	316
3604	333
3605	335
3606	357
3607	345
3608	303
3609	318
3610	309
3611	292
3612	297
3613	338
3614	358
3615	354
3616	290
3617	364
3618	324
3619	316
3620	304
3621	326
3622	318
3623	353
3624	332
3625	361
3626	356
3627	356
3628	353
3629	351
3630	334
3631	345
3632	356
3633	327
3634	373
3635	335
3636	337
3637	283
3638	316
3639	338
3640	292
3641	301
3642	303
3643	335
3644	328
3645	282
3646	335
3647	264
3648	296
3649	317
3650	331
3651	312
3652	297
3653	316
3654	290
3655	302
3656	291
3657	304
3658	357
3659	258
3660	344
3661	298
3662	274
3663	279
3664	288
3665	311
3666	315
3667	275
3668	355
3669	266
3670	292
3671	261
3672	378
3673	318
3674	280
3675	273
3676	285
3677	272
3678	257
3679	241
3680	286
3681	327
3682	285
3683	289
3684	265
3685	285
3686	314
3687	287
3688	306
3689	331
3690	354
3691	276
3692	294
3693	270
3694	276
3695	328
3696	298
3697	342
3698	327
3699	272
3700	335
3701	265
3702	287
3703	285
3704	342
3705	293
3706	307
3707	308
3708	318
3709	355
3710	330
3711	279
3712	293
3713	309
3714	343
3715	300
3716	374
3717	327
3718	320
3719	332
3720	283
3721	289
3722	307
3723	322
3724	275
3725	274
3726	292
3727	341
3728	279
3729	312
3730	341
3731	302
3732	318
3733	343
3734	374
3735	301
3736	319
3737	296
3738	281
3739	284
3740	311
3741	334
3742	295
3743	323
3744	307
3745	315
3746	319
3747	292
3748	315
3749	315
3750	319
3751	318
3752	339
3753	338
3754	300
3755	342
3756	302
3757	275
3758	277
3759	302
3760	290
3761	298
3762	280
3763	299
3764	316
3765	302
3766	350
3767	306
3768	319
3769	323
3770	314
3771	317
3772	327
3773	302
3774	300
3775	300
3776	330
3777	284
3778	329
3779	306
3780	313
3781	319
3782	307
3783	310
3784	291
3785	291
3786	273
3787	362
3788	292
3789	317
3790	323
3791	352
3792	299
3793	308
3794	275
3795	346
3796	289
3797	285
3798	322
3799	269
3800	322
3801	327
3802	312
3803	260
3804	329
3805	340
3806	310
3807	282
3808	316
3809	293
3810	296
3811	277
3812	297
3813	291
3814	349
3815	334
3816	282
3817	310
3818	294
3819	334
3820	283
3821	313
3822	255
3823	320
3824	303
3825	310
3826	301
3827	284
3828	304
3829	263
3830	245
3831	305
3832	278
3833	314
3834	298
3835	330
3836	306
3837	277
3838	267
3839	269
3840	283
3841	305
3842	315
3843	297
3844	278
3845	290
3846	305
3847	306
3848	262
3849	316
3850	294
3851	320
3852	273
3853	316
3854	307
3855	293
3856	280
3857	299
3858	258
3859	308
3860	294
3861	335
3862	283
3863	273
3864	286
3865	269
3866	226
3867	306
3868	241
3869	292
3870	303
3871	321
3872	298
3873	268
3874	262
3875	271
3876	278
3877	299
3878	306
3879	280
3880	310
3881	307
3882	284
3883	325
3884	311
3885	280
3886	278
3887	267
3888	315
3889	361
3890	286
3891	271
3892	291
3893	319
3894	319
3895	303
3896	300
3897	284
3898	313
3899	278
3900	288
3901	321
3902	285
3903	315
3904	291
3905	316
3906	281
3907	318
3908	296
3909	311
3910	277
3911	298
3912	295
3913	326
3914	309
3915	364
3916	383
3917	296
3918	266
3919	343
3920	328
3921	282
3922	343
3923	303
3924	277
3925	321
3926	302
3927	278
3928	329
3929	305
3930	332
3931	285
3932	306
3933	300
3934	331
3935	323
3936	289
3937	294
3938	276
3939	321
3940	312
3941	312
3942	328
3943	334
3944	335
3945	326
3946	308
3947	348
3948	337
3949	309
3950	373
3951	310
3952	308
3953	340
3954	319
3955	323
3956	319
3957	337
3958	309
3959	317
3960	326
3961	340
3962	323
3963	339
3964	337
3965	320
3966	343
3967	345
3968	328
3969	303
3970	325
3971	316
3972	302
3973	290
3974	292
3975	329
3976	329
3977	320
3978	333
3979	325
3980	300
3981	337
3982	318
3983	311
3984	325
3985	318
3986	311
3987	325
3988	320
3989	273
3990	335
3991	357
3992	340
3993	319
3994	335
3995	304
3996	308
3997	292
3998	340
3999	319
4000	325
4001	299
4002	325
4003	297
4004	326
4005	403
4006	309
4007	303
4008	317
4009	316
4010	291
4011	326
4012	280
4013	318
4014	307
4015	314
4016	316
4017	348
4018	315
4019	342
4020	352
4021	429
4022	362
4023	314
4024	322
4025	365
4026	333
4027	328
4028	329
4029	327
4030	342
4031	317
4032	338
4033	375
4034	332
4035	295
4036	341
4037	368
4038	322
4039	351
4040	370
4041	341
4042	356
4043	352
4044	302
4045	351
4046	375
4047	350
4048	372
4049	370
4050	344
4051	353
4052	358
4053	356
4054	351
4055	379
4056	327
4057	285
4058	354
4059	347
4060	353
4061	310
4062	316
4063	389
4064	310
4065	357
4066	360
4067	378
4068	321
4069	336
4070	361
4071	341
4072	376
4073	304
4074	381
4075	335
4076	406
4077	382
4078	339
4079	352
4080	359
4081	350
4082	353
4083	317
4084	359
4085	373
4086	322
4087	336
4088	383
4089	374
4090	367
4091	374
4092	394
4093	328
4094	352
4095	335
4096	331
4097	354
4098	346
4099	377
4100	374
4101	379
4102	368
4103	348
4104	312
4105	340
4106	352
4107	314
4108	352
4109	345
4110	356
4111	336
4112	395
4113	406
4114	374
4115	350
4116	334
4117	387
4118	336
4119	310
4120	318
4121	320
4122	321
4123	352
4124	306
4125	323
4126	353
4127	359
4128	351
4129	299
4130	287
4131	278
4132	305
4133	305
4134	301
4135	285
4136	277
4137	295
4138	329
4139	360
4140	337
4141	289
4142	297
4143	350
4144	279
4145	312
4146	309
4147	274
4148	267
4149	273
4150	321
4151	271
4152	279
4153	316
4154	288
4155	272
4156	273
4157	335
4158	273
4159	258
4160	259
4161	298
4162	289
4163	269
4164	316
4165	248
4166	291
4167	290
4168	298
4169	261
4170	273
4171	281
4172	251
4173	301
4174	316
4175	334
4176	280
4177	273
4178	290
4179	271
4180	269
4181	310
4182	264
4183	280
4184	282
4185	262
4186	240
4187	271
4188	301
4189	259
4190	306
4191	286
4192	282
4193	286
4194	262
4195	274
4196	212
4197	261
4198	285
4199	264
4200	265
4201	250
4202	238
4203	247
4204	271
4205	213
4206	259
4207	209
4208	241
4209	255
4210	283
4211	270
4212	259
4213	270
4214	268
4215	233
4216	220
4217	226
4218	234
4219	258
4220	276
4221	279
4222	267
4223	250
4224	265
4225	267
4226	221
4227	237
4228	265
4229	289
4230	263
4231	225
4232	268
4233	244
4234	279
4235	249
4236	289
4237	260
4238	253
4239	224
4240	248
4241	215
4242	239
4243	206
4244	240
4245	264
4246	247
4247	255
4248	264
4249	244
4250	265
4251	231
4252	255
4253	231
4254	258
4255	283
4256	212
4257	260
4258	305
4259	229
4260	201
4261	257
4262	222
4263	245
4264	226
4265	266
4266	238
4267	258
4268	283
4269	278
4270	310
4271	221
4272	227
4273	260
4274	267
4275	220
4276	231
4277	263
4278	234
4279	216
4280	195
4281	233
4282	283
4283	261
4284	261
4285	262
4286	237
4287	264
4288	249
4289	255
4290	255
4291	219
4292	238
4293	241
4294	231
4295	232
4296	229
4297	251
4298	228
4299	252
4300	244
4301	242
4302	246
4303	232
4304	225
4305	242
4306	238
4307	268
4308	261
4309	244
4310	226
4311	264
4312	230
4313	270
4314	260
4315	230
4316	267
4317	257
4318	249
4319	262
4320	229
4321	240
4322	237
4323	258
4324	244
4325	252
4326	211
4327	227
4328	221
4329	273
4330	248
4331	247
4332	220
4333	248
4334	248
4335	217
4336	239
4337	236
4338	258
4339	275
4340	253
4341	228
4342	242
4343	266
4344	212
4345	244
4346	241
4347	218
4348	228
4349	199
4350	212
4351	223
4352	237
4353	232
4354	257
4355	243
4356	218
4357	253
4358	278
4359	232
4360	195
4361	236
4362	198
4363	221
4364	236
4365	203
4366	185
4367	255
4368	206
4369	265
4370	209
4371	205
4372	214
4373	246
4374	190
4375	189
4376	217
4377	196
4378	197
4379	203
4380	244
4381	209
4382	220
4383	241
4384	211
4385	206
4386	206
4387	200
4388	235
4389	226
4390	199
4391	234
4392	197
4393	242
4394	208
4395	224
4396	221
4397	233
4398	247
4399	260
4400	249
4401	246
4402	209
4403	178
4404	218
4405	227
4406	204
4407	242
4408	204
4409	211
4410	237
4411	197
4412	200
4413	202
4414	228
4415	199
4416	206
4417	227
4418	228
4419	195
4420	209
4421	225
4422	204
4423	209
4424	233
4425	200
4426	209
4427	200
4428	199
4429	219
4430	204
4431	178
4432	212
4433	175
4434	201
4435	202
4436	219
4437	191
4438	191
4439	213
4440	178
4441	218
4442	253
4443	221
4444	234
4445	213
4446	218
4447	209
4448	217
4449	238
4450	186
4451	232
4452	204
4453	203
4454	218
4455	259
4456	227
4457	227
4458	212
4459	222
4460	179
4461	239
4462	201
4463	206
4464	197
4465	218
4466	233
4467	190
4468	190
4469	227
4470	250
4471	170
4472	237
4473	206
4474	237
4475	234
4476	221
4477	228
4478	214
4479	195
4480	236
4481	229
4482	188
4483	233
4484	205
4485	232
4486	258
4487	244
4488	213
4489	259
4490	231
4491	197
4492	236
4493	246
4494	231
4495	213
4496	194
4497	216
4498	246
4499	237
4500	254
4501	227
4502	200
4503	232
4504	246
4505	290
4506	237
4507	248
4508	218
4509	217
4510	221
4511	264
4512	266
4513	246
4514	212
4515	218
4516	246
4517	273
4518	223
4519	255
4520	255
4521	229
4522	238
4523	260
4524	231
4525	239
4526	202
4527	253
4528	260
4529	239
4530	267
4531	217
4532	298
4533	271
4534	223
4535	225
4536	256
4537	221
4538	262
4539	243
4540	275
4541	259
4542	222
4543	262
4544	265
4545	254
4546	222
4547	243
4548	238
4549	255
4550	270
4551	244
4552	278
4553	281
4554	276
4555	278
4556	288
4557	254
4558	290
4559	259
4560	260
4561	262
4562	288
4563	255
4564	271
4565	273
4566	267
4567	241
4568	257
4569	253
4570	230
4571	290
4572	243
4573	235
4574	247
4575	281
4576	260
4577	257
4578	258
4579	248
4580	223
4581	283
4582	293
4583	252
4584	267
4585	228
4586	250
4587	206
4588	241
4589	225
4590	248
4591	251
4592	227
4593	303
4594	287
4595	253
4596	263
4597	235
4598	287
4599	244
4600	255
4601	255
4602	250
4603	261
4604	231
4605	209
4606	228
4607	224
4608	214
4609	217
4610	256
4611	275
4612	268
4613	225
4614	214
4615	227
4616	244
4617	223
4618	246
4619	232
4620	251
4621	229
4622	242
4623	198
4624	234
4625	274
4626	254
4627	266
4628	258
4629	258
4630	222
4631	241
4632	223
4633	223
4634	236
4635	223
4636	240
4637	238
4638	247
4639	183
4640	234
4641	220
4642	215
4643	236
4644	217
4645	246
4646	232
4647	245
4648	220
4649	233
4650	201
4651	241
4652	214
4653	258
4654	241
4655	211
4656	225
4657	225
4658	186
4659	250
4660	215
4661	240
4662	219
4663	223
4664	232
4665	207
4666	234
4667	194
4668	219
4669	209
4670	249
4671	242
4672	237
4673	221
4674	225
4675	211
4676	215
4677	194
4678	248
4679	232
4680	217
4681	231
4682	196
4683	209
4684	239
4685	237
4686	231
4687	192
4688	247
4689	271
4690	251
4691	221
4692	190
4693	227
4694	217
4695	219
4696	223
4697	207
4698	243
4699	251
4700	182
4701	178
4702	199
4703	219
4704	216
4705	169
4706	165
4707	189
4708	194
4709	200
4710	192
4711	206
4712	212
4713	207
4714	187
4715	213
4716	262
4717	196
4718	190
4719	217
4720	198
4721	193
4722	210
4723	220
4724	207
4725	187
4726	212
4727	214
4728	161
4729	204
4730	226
4731	226
4732	210
4733	175
4734	214
4735	205
4736	208
4737	269
4738	235
4739	234
4740	230
4741	211
4742	247
4743	244
4744	197
4745	236
4746	211
4747	264
4748	219
4749	200
4750	224
4751	222
4752	198
4753	149
4754	183
4755	184
4756	188
4757	211
4758	213
4759	239
4760	260
4761	196
4762	182
4763	182
4764	213
4765	213
4766	192
4767	191
4768	187
4769	202
4770	228
4771	228
4772	239
4773	215
4774	240
4775	221
4776	221
4777	216
4778	211
4779	183
4780	228
4781	201
4782	215
4783	226
4784	231
4785	229
4786	246
4787	205
4788	205
4789	211
4790	213
4791	224
4792	242
4793	201
4794	230
4795	198
4796	203
4797	189
4798	182
4799	232
4800	230
4801	237
4802	228
4803	194
4804	179
4805	205
4806	210
4807	180
4808	221
4809	222
4810	184
4811	209
4812	232
4813	214
4814	244
4815	226
4816	234
4817	219
4818	220
4819	232
4820	180
4821	221
4822	233
4823	216
4824	215
4825	211
4826	232
4827	214
4828	186
4829	194
4830	205
4831	184
4832	189
4833	191
4834	210
4835	201
4836	220
4837	234
4838	244
4839	217
4840	216
4841	236
4842	248
4843	172
4844	199
4845	187
4846	203
4847	190
4848	205
4849	199
4850	166
4851	176
4852	168
4853	177
4854	176
4855	197
4856	167
4857	179
4858	169
4859	187
4860	172
4861	163
4862	181
4863	171
4864	189
4865	209
4866	180
4867	222
4868	216
4869	216
4870	163
4871	181
4872	165
4873	210
4874	181
4875	194
4876	201
4877	176
4878	145
4879	194
4880	147
4881	191
4882	133
4883	188
4884	218
4885	167
4886	218
4887	145
4888	174
4889	189
4890	165
4891	151
4892	183
4893	184
4894	178
4895	184
4896	166
4897	167
4898	180
4899	171
4900	191
4901	185
4902	202
4903	200
4904	214
4905	196
4906	186
4907	177
4908	184
4909	211
4910	213
4911	205
4912	178
4913	169
4914	192
4915	182
4916	191
4917	182
4918	159
4919	213
4920	216
4921	197
4922	196
4923	222
4924	230
4925	251
4926	197
4927	196
4928	201
4929	227
4930	204
4931	173
4932	213
4933	187
4934	167
4935	151
4936	176
4937	213
4938	211
4939	235
4940	207
4941	213
4942	188
4943	165
4944	236
4945	228
4946	176
4947	199
4948	219
4949	177
4950	191
4951	185
4952	188
4953	218
4954	221
4955	206
4956	242
4957	170
4958	200
4959	213
4960	246
4961	214
4962	192
4963	198
4964	240
4965	203
4966	223
4967	203
4968	182
4969	169
4970	210
4971	195
4972	217
4973	214
4974	209
4975	243
4976	255
4977	263
4978	186
4979	180
4980	223
4981	226
4982	191
4983	251
4984	216
4985	190
4986	219
4987	182
4988	158
4989	182
4990	202
4991	168
4992	217
4993	177
4994	206
4995	176
4996	227
4997	178
4998	200
4999	183
5000	186
5001	172
5002	197
5003	172
5004	181
5005	195
5006	211
5007	187
5008	198
5009	182
5010	185
5011	194
5012	203
5013	220
5014	205
5015	219
5016	215
5017	200
5018	247
5019	230
5020	191
5021	211
5022	209
5023	215
5024	198
5025	206
5026	206
5027	235
5028	246
5029	225
5030	208
5031	232
5032	193
5033	192
5034	221
5035	193
5036	204
5037	219
5038	223
5039	216
5040	233
5041	185
5042	269
5043	192
5044	212
5045	207
5046	208
5047	240
5048	202
5049	201
5050	220
5051	243
5052	246
5053	203
5054	239
5055	246
5056	255
5057	243
5058	233
5059	209
5060	231
5061	252
5062	205
5063	227
5064	237
5065	228
5066	222
5067	224
5068	203
5069	209
5070	238
5071	227
5072	204
5073	210
5074	202
5075	222
5076	209
5077	239
5078	207
5079	231
5080	234
5081	235
5082	211
5083	213
5084	189
5085	224
5086	199
5087	225
5088	186
5089	242
5090	227
5091	196
5092	224
5093	221
5094	233
5095	206
5096	231
5097	218
5098	195
5099	185
5100	219
5101	220
5102	233
5103	227
5104	240
5105	217
5106	217
5107	239
5108	214
5109	258
5110	197
5111	200
5112	233
5113	217
5114	198
5115	186
5116	234
5117	209
5118	227
5119	201
5120	220
5121	231
5122	224
5123	218
5124	183
5125	175
5126	208
5127	217
5128	189
5129	194
5130	197
5131	199
5132	203
5133	235
5134	200
5135	243
5136	243
5137	241
5138	192
5139	208
5140	242
5141	261
5142	220
5143	215
5144	225
5145	215
5146	175
5147	199
5148	218
5149	211
5150	237
5151	201
5152	204
5153	234
5154	230
5155	205
5156	227
5157	173
5158	204
5159	201
5160	206
5161	189
5162	227
5163	199
5164	225
5165	189
5166	246
5167	217
5168	169
5169	210
5170	201
5171	172
5172	212
5173	209
5174	211
5175	195
5176	223
5177	226
5178	221
5179	230
5180	212
5181	206
5182	224
5183	209
5184	231
5185	199
5186	216
5187	202
5188	202
5189	206
5190	193
5191	197
5192	212
5193	189
5194	198
5195	183
5196	223
5197	212
5198	203
5199	197
5200	239
5201	178
5202	215
5203	196
5204	209
5205	212
5206	144
5207	182
5208	196
5209	170
5210	192
5211	149
5212	196
5213	200
5214	223
5215	209
5216	191
5217	200
5218	169
5219	184
5220	168
5221	198
5222	177
5223	212
5224	176
5225	176
5226	215
5227	189
5228	212
5229	167
5230	173
5231	244
5232	214
5233	175
5234	180
5235	186
5236	200
5237	193
5238	180
5239	189
5240	171
5241	193
5242	182
5243	197
5244	174
5245	202
5246	187
5247	144
5248	179
5249	212
5250	185
5251	190
5252	182
5253	191
5254	161
5255	171
5256	179
5257	191
5258	180
5259	198
5260	156
5261	173
5262	180
5263	193
5264	179
5265	170
5266	176
5267	221
5268	167
5269	162
5270	139
5271	140
5272	158
5273	172
5274	172
5275	170
5276	167
5277	172
5278	174
5279	183
5280	180
5281	152
5282	189
5283	162
5284	199
5285	205
5286	181
5287	191
5288	198
5289	173
5290	160
5291	165
5292	165
5293	156
5294	166
5295	195
5296	164
5297	144
5298	167
5299	180
5300	160
5301	152
5302	161
5303	184
5304	168
5305	169
5306	181
5307	153
5308	158
5309	139
5310	141
5311	158
5312	161
5313	180
5314	184
5315	198
5316	165
5317	190
5318	175
5319	156
5320	154
5321	144
5322	150
5323	156
5324	161
5325	155
5326	169
5327	193
5328	136
5329	177
5330	165
5331	161
5332	154
5333	173
5334	167
5335	160
5336	145
5337	171
5338	149
5339	125
5340	148
5341	148
5342	144
5343	147
5344	150
5345	166
5346	168
5347	192
5348	141
5349	160
5350	186
5351	167
5352	171
5353	154
5354	163
5355	181
5356	175
5357	167
5358	173
5359	174
5360	190
5361	160
5362	174
5363	187
5364	168
5365	180
5366	188
5367	187
5368	211
5369	173
5370	155
5371	149
5372	204
5373	200
5374	189
5375	201
5376	192
5377	182
5378	185
5379	182
5380	167
5381	157
5382	167
5383	198
5384	183
5385	166
5386	190
5387	181
5388	186
5389	209
5390	171
5391	165
5392	183
5393	179
5394	206
5395	190
5396	179
5397	169
5398	192
5399	163
5400	221
5401	167
5402	186
5403	178
5404	149
5405	160
5406	204
5407	200
5408	203
5409	218
5410	165
5411	189
5412	219
5413	183
5414	209
5415	206
5416	201
5417	187
5418	174
5419	155
5420	164
5421	158
5422	177
5423	164
5424	214
5425	165
5426	162
5427	207
5428	198
5429	177
5430	169
5431	186
5432	184
5433	211
5434	192
5435	200
5436	173
5437	163
5438	142
5439	195
5440	150
5441	191
5442	167
5443	180
5444	166
5445	171
5446	163
5447	177
5448	163
5449	179
5450	170
5451	182
5452	186
5453	159
5454	171
5455	180
5456	155
5457	213
5458	179
5459	172
5460	165
5461	202
5462	185
5463	159
5464	184
5465	194
5466	221
5467	178
5468	184
5469	191
5470	187
5471	190
5472	188
5473	188
5474	179
5475	178
5476	187
5477	162
5478	183
5479	216
5480	206
5481	198
5482	170
5483	157
5484	166
5485	204
5486	189
5487	202
5488	218
5489	204
5490	195
5491	209
5492	224
5493	212
5494	192
5495	222
5496	216
5497	170
5498	224
5499	189
5500	225
5501	228
5502	213
5503	195
5504	201
5505	203
5506	217
5507	177
5508	246
5509	228
5510	206
5511	183
5512	208
5513	199
5514	202
5515	222
5516	244
5517	182
5518	222
5519	212
5520	198
5521	252
5522	221
5523	210
5524	241
5525	227
5526	234
5527	224
5528	209
5529	176
5530	199
5531	187
5532	204
5533	209
5534	209
5535	202
5536	196
5537	190
5538	219
5539	190
5540	199
5541	211
5542	234
5543	198
5544	206
5545	221
5546	218
5547	217
5548	239
5549	227
5550	211
5551	196
5552	188
5553	203
5554	184
5555	201
5556	244
5557	190
5558	200
5559	217
5560	200
5561	219
5562	216
5563	204
5564	209
5565	190
5566	219
5567	188
5568	193
5569	195
5570	202
5571	180
5572	180
5573	188
5574	164
5575	203
5576	205
5577	193
5578	186
5579	191
5580	178
5581	176
5582	198
5583	163
5584	189
5585	159
5586	167
5587	141
5588	158
5589	181
5590	180
5591	171
5592	181
5593	190
5594	162
5595	185
5596	198
5597	171
5598	176
5599	174
5600	174
5601	168
5602	189
5603	176
5604	177
5605	183
5606	202
5607	181
5608	169
5609	168
5610	169
5611	174
5612	170
5613	193
5614	165
5615	160
5616	155
5617	185
5618	154
5619	177
5620	186
5621	174
5622	179
5623	140
5624	173
5625	180
5626	153
5627	176
5628	166
5629	184
5630	190
5631	160
5632	209
5633	197
5634	180
5635	185
5636	178
5637	176
5638	182
5639	176
5640	209
5641	167
5642	186
5643	188
5644	212
5645	173
5646	170
5647	227
5648	220
5649	217
5650	213
5651	193
5652	216
5653	184
5654	211
5655	225
5656	224
5657	204
5658	200
5659	189
5660	184
5661	186
5662	228
5663	221
5664	190
5665	183
5666	207
5667	194
5668	208
5669	199
5670	195
5671	222
5672	227
5673	208
5674	199
5675	227
5676	166
5677	188
5678	186
5679	208
5680	205
5681	213
5682	194
5683	216
5684	211
5685	199
5686	240
5687	224
5688	182
5689	174
5690	216
5691	180
5692	206
5693	213
5694	199
5695	199
5696	222
5697	188
5698	242
5699	218
5700	191
5701	214
5702	200
5703	180
5704	209
5705	203
5706	216
5707	209
5708	207
5709	175
5710	194
5711	207
5712	204
5713	179
5714	203
5715	195
5716	213
5717	194
5718	220
5719	229
5720	196
5721	197
5722	245
5723	198
5724	204
5725	227
5726	217
5727	225
5728	202
5729	212
5730	190
5731	202
5732	196
5733	169
5734	192
5735	151
5736	198
5737	203
5738	214
5739	208
5740	206
5741	199
5742	186
5743	174
5744	168
5745	201
5746	162
5747	231
5748	198
5749	218
5750	189
5751	179
5752	190
5753	211
5754	198
5755	171
5756	180
5757	203
5758	152
5759	175
5760	189
5761	203
5762	193
5763	171
5764	193
5765	155
5766	167
5767	170
5768	174
5769	186
5770	193
5771	195
5772	189
5773	187
5774	205
5775	157
5776	175
5777	183
5778	183
5779	175
5780	174
5781	167
5782	203
5783	168
5784	151
5785	168
5786	196
5787	220
5788	189
5789	154
5790	183
5791	215
5792	188
5793	194
5794	187
5795	205
5796	175
5797	178
5798	191
5799	165
5800	190
5801	193
5802	170
5803	189
5804	171
5805	178
5806	160
5807	175
5808	164
5809	198
5810	178
5811	151
5812	185
5813	164
5814	154
5815	188
5816	172
5817	200
5818	188
5819	192
5820	163
5821	156
5822	171
5823	136
5824	214
5825	160
5826	172
5827	164
5828	160
5829	153
5830	196
5831	169
5832	169
5833	201
5834	183
5835	197
5836	202
5837	192
5838	203
5839	178
5840	172
5841	196
5842	162
5843	167
5844	195
5845	175
5846	202
5847	197
5848	196
5849	194
5850	207
5851	173
5852	213
5853	207
5854	234
5855	198
5856	216
5857	217
5858	207
5859	165
5860	211
5861	182
5862	243
5863	157
5864	169
5865	180
5866	166
5867	146
5868	174
5869	176
5870	162
5871	189
5872	181
5873	168
5874	177
5875	159
5876	182
5877	147
5878	156
5879	149
5880	174
5881	185
5882	142
5883	183
5884	137
5885	181
5886	182
5887	170
5888	178
5889	170
5890	160
5891	170
5892	204
5893	156
5894	158
5895	176
5896	214
5897	180
5898	181
5899	179
5900	184
5901	208
5902	185
5903	189
5904	187
5905	207
5906	210
5907	216
5908	160
5909	148
5910	196
5911	191
5912	199
5913	196
5914	152
5915	163
5916	196
5917	196
5918	196
5919	182
5920	181
5921	185
5922	157
5923	186
5924	134
5925	164
5926	175
5927	202
5928	200
5929	182
5930	169
5931	167
5932	214
5933	185
5934	171
5935	186
5936	188
5937	196
5938	199
5939	209
5940	188
5941	161
5942	204
5943	219
5944	183
5945	198
5946	212
5947	183
5948	171
5949	183
5950	160
5951	193
5952	196
5953	188
5954	168
5955	200
5956	164
5957	181
5958	207
5959	170
5960	196
5961	193
5962	172
5963	185
5964	188
5965	178
5966	172
5967	204
5968	188
5969	176
5970	177
5971	183
5972	183
5973	204
5974	220
5975	193
5976	183
5977	171
5978	169
5979	178
5980	191
5981	180
5982	206
5983	164
5984	220
5985	189
5986	223
5987	182
5988	217
5989	187
5990	170
5991	197
5992	167
5993	177
5994	188
5995	186
5996	201
5997	209
5998	189
5999	183
6000	153
6001	143
6002	177
6003	152
6004	180
6005	137
6006	175
6007	189
6008	142
6009	151
6010	186
6011	198
6012	201
6013	188
6014	207
6015	214
6016	167
6017	181
6018	205
6019	183
6020	199
6021	183
6022	180
6023	151
6024	214
6025	171
6026	197
6027	158
6028	208
6029	156
6030	197
6031	250
6032	175
6033	164
6034	177
6035	159
6036	193
6037	193
6038	188
6039	176
6040	179
6041	187
6042	170
6043	166
6044	197
6045	185
6046	181
6047	180
6048	167
6049	162
6050	154
6051	183
6052	172
6053	157
6054	177
6055	181
6056	187
6057	210
6058	160
6059	167
6060	178
6061	166
6062	170
6063	176
6064	168
6065	145
6066	160
6067	138
6068	172
6069	160
6070	161
6071	181
6072	172
6073	172
6074	176
6075	149
6076	176
6077	193
6078	156
6079	163
6080	209
6081	142
6082	175
6083	156
6084	190
6085	138
6086	155
6087	131
6088	163
6089	170
6090	158
6091	157
6092	188
6093	155
6094	169
6095	182
6096	142
6097	163
6098	199
6099	164
6100	150
6101	187
6102	192
6103	158
6104	135
6105	178
6106	202
6107	189
6108	158
6109	146
6110	162
6111	175
6112	178
6113	171
6114	159
6115	192
6116	170
6117	156
6118	179
6119	163
6120	160
6121	182
6122	217
6123	169
6124	181
6125	185
6126	181
6127	177
6128	165
6129	177
6130	198
6131	145
6132	161
6133	195
6134	200
6135	171
6136	181
6137	158
6138	161
6139	171
6140	166
6141	170
6142	176
6143	184
6144	170
6145	177
6146	173
6147	195
6148	168
6149	147
6150	147
6151	181
6152	161
6153	180
6154	160
6155	145
6156	150
6157	172
6158	168
6159	192
6160	178
6161	147
6162	144
6163	172
6164	197
6165	170
6166	181
6167	184
6168	182
6169	171
6170	185
6171	167
6172	168
6173	168
6174	182
6175	168
6176	162
6177	154
6178	159
6179	157
6180	173
6181	184
6182	140
6183	163
6184	177
6185	176
6186	155
6187	156
6188	153
6189	170
6190	138
6191	140
6192	192
6193	201
6194	188
6195	211
6196	176
6197	185
6198	151
6199	167
6200	156
6201	180
6202	188
6203	184
6204	138
6205	151
6206	177
6207	161
6208	165
6209	174
6210	167
6211	159
6212	148
6213	146
6214	165
6215	173
6216	160
6217	134
6218	165
6219	128
6220	151
6221	161
6222	159
6223	147
6224	178
6225	154
6226	174
6227	150
6228	173
6229	141
6230	140
6231	154
6232	150
6233	149
6234	122
6235	128
6236	139
6237	133
6238	129
6239	153
6240	149
6241	185
6242	158
6243	148
6244	172
6245	193
6246	192
6247	185
6248	165
6249	186
6250	176
6251	202
6252	175
6253	175
6254	197
6255	198
6256	179
6257	171
6258	157
6259	199
6260	164
6261	166
6262	185
6263	177
6264	215
6265	172
6266	194
6267	164
6268	201
6269	200
6270	212
6271	188
6272	212
6273	194
6274	185
6275	171
6276	192
6277	198
6278	196
6279	180
6280	165
6281	153
6282	185
6283	183
6284	194
6285	174
6286	172
6287	168
6288	162
6289	163
6290	160
6291	174
6292	168
6293	167
6294	202
6295	176
6296	189
6297	192
6298	172
6299	174
6300	164
6301	157
6302	167
6303	176
6304	125
6305	165
6306	160
6307	154
6308	160
6309	172
6310	177
6311	164
6312	169
6313	167
6314	157
6315	189
6316	178
6317	200
6318	189
6319	183
6320	171
6321	171
6322	138
6323	165
6324	187
6325	141
6326	162
6327	194
6328	178
6329	165
6330	171
6331	161
6332	184
6333	206
6334	146
6335	163
6336	161
6337	174
6338	203
6339	181
6340	153
6341	166
6342	189
6343	185
6344	164
6345	163
6346	192
6347	163
6348	188
6349	184
6350	155
6351	164
6352	178
6353	219
6354	218
6355	199
6356	191
6357	186
6358	173
6359	171
6360	194
6361	134
6362	127
6363	177
6364	137
6365	169
6366	156
6367	152
6368	157
6369	158
6370	172
6371	159
6372	156
6373	199
6374	143
6375	154
6376	154
6377	176
6378	155
6379	174
6380	140
6381	172
6382	177
6383	187
6384	179
6385	156
6386	195
6387	134
6388	153
6389	144
6390	153
6391	151
6392	145
6393	135
6394	177
6395	167
6396	148
6397	129
6398	144
6399	125
6400	142
6401	154
6402	140
6403	172
6404	180
6405	170
6406	124
6407	155
6408	147
6409	128
6410	139
6411	172
6412	138
6413	147
6414	161
6415	150
6416	147
6417	142
6418	161
6419	131
6420	155
6421	134
6422	142
6423	137
6424	138
6425	125
6426	134
6427	147
6428	150
6429	149
6430	151
6431	112
6432	140
6433	154
6434	149
6435	168
6436	144
6437	149
6438	130
6439	155
6440	133
6441	157
6442	134
6443	164
6444	137
6445	162
6446	134
6447	153
6448	155
6449	130
6450	118
6451	161
6452	133
6453	164
6454	133
6455	162
6456	141
6457	144
6458	130
6459	165
6460	161
6461	154
6462	140
6463	176
6464	158
6465	174
6466	132
6467	151
6468	163
6469	165
6470	150
6471	160
6472	169
6473	138
6474	139
6475	132
6476	139
6477	136
6478	190
6479	133
6480	136
6481	162
6482	136
6483	134
6484	148
6485	170
6486	138
6487	149
6488	169
6489	176
6490	150
6491	151
6492	141
6493	126
6494	136
6495	148
6496	179
6497	140
6498	133
6499	139
6500	158
6501	157
6502	143
6503	127
6504	139
6505	169
6506	173
6507	142
6508	158
6509	157
6510	160
6511	172
6512	174
6513	177
6514	148
6515	166
6516	167
6517	161
6518	178
6519	164
6520	153
6521	154
6522	185
6523	158
6524	159
6525	193
6526	156
6527	141
6528	175
6529	171
6530	169
6531	141
6532	153
6533	151
6534	157
6535	138
6536	127
6537	136
6538	150
6539	166
6540	120
6541	152
6542	154
6543	137
6544	162
6545	144
6546	188
6547	146
6548	140
6549	178
6550	136
6551	163
6552	172
6553	157
6554	159
6555	167
6556	132
6557	159
6558	176
6559	187
6560	155
6561	137
6562	181
6563	163
6564	180
6565	170
6566	157
6567	133
6568	140
6569	170
6570	153
6571	129
6572	138
6573	151
6574	133
6575	130
6576	132
6577	138
6578	156
6579	146
6580	158
6581	171
6582	149
6583	120
6584	156
6585	150
6586	130
6587	112
6588	110
6589	150
6590	143
6591	137
6592	134
6593	125
6594	154
6595	143
6596	107
6597	124
6598	175
6599	116
6600	176
6601	143
6602	124
6603	142
6604	138
6605	127
6606	135
6607	173
6608	129
6609	136
6610	127
6611	154
6612	151
6613	141
6614	131
6615	120
6616	157
6617	144
6618	152
6619	128
6620	144
6621	137
6622	115
6623	142
6624	152
6625	124
6626	153
6627	119
6628	147
6629	123
6630	124
6631	156
6632	130
6633	111
6634	142
6635	117
6636	130
6637	126
6638	116
6639	114
6640	105
6641	118
6642	146
6643	114
6644	130
6645	103
6646	160
6647	101
6648	139
6649	110
6650	143
6651	99
6652	140
6653	127
6654	116
6655	113
6656	152
6657	104
6658	137
6659	120
6660	108
6661	126
6662	114
6663	127
6664	121
6665	99
6666	97
6667	135
6668	105
6669	97
6670	110
6671	100
6672	122
6673	113
6674	97
6675	129
6676	123
6677	129
6678	132
6679	125
6680	159
6681	159
6682	133
6683	114
6684	122
6685	134
6686	129
6687	149
6688	118
6689	105
6690	115
6691	160
6692	134
6693	144
6694	148
6695	125
6696	119
6697	155
6698	104
6699	125
6700	128
6701	98
6702	106
6703	128
6704	137
6705	150
6706	133
6707	128
6708	133
6709	141
6710	115
6711	123
6712	162
6713	135
6714	157
6715	143
6716	148
6717	133
6718	115
6719	149
6720	117
6721	115
6722	137
6723	138
6724	127
6725	158
6726	120
6727	125
6728	142
6729	119
6730	121
6731	144
6732	115
6733	131
6734	121
6735	133
6736	103
6737	130
6738	102
6739	116
6740	123
6741	169
6742	122
6743	142
6744	125
6745	185
6746	149
6747	148
6748	133
6749	111
6750	124
6751	141
6752	121
6753	137
6754	164
6755	115
6756	127
6757	104
6758	120
6759	159
6760	120
6761	139
6762	138
6763	173
6764	113
6765	142
6766	140
6767	134
6768	138
6769	129
6770	135
6771	160
6772	153
6773	139
6774	160
6775	167
6776	179
6777	114
6778	162
6779	136
6780	154
6781	147
6782	129
6783	165
6784	175
6785	152
6786	142
6787	153
6788	158
6789	193
6790	135
6791	157
6792	121
6793	147
6794	153
6795	137
6796	173
6797	142
6798	168
6799	159
6800	136
6801	143
6802	154
6803	146
6804	149
6805	164
6806	164
6807	124
6808	170
6809	147
6810	126
6811	152
6812	149
6813	153
6814	124
6815	135
6816	141
6817	138
6818	172
6819	156
6820	135
6821	146
6822	166
6823	163
6824	162
6825	151
6826	151
6827	150
6828	146
6829	158
6830	134
6831	140
6832	108
6833	124
6834	134
6835	161
6836	147
6837	151
6838	131
6839	134
6840	136
6841	139
6842	119
6843	135
6844	148
6845	114
6846	120
6847	154
6848	137
6849	160
6850	139
6851	182
6852	166
6853	157
6854	158
6855	131
6856	153
6857	126
6858	124
6859	149
6860	143
6861	146
6862	146
6863	153
6864	144
6865	122
6866	135
6867	137
6868	155
6869	149
6870	123
6871	166
6872	135
6873	150
6874	148
6875	181
6876	162
6877	172
6878	158
6879	107
6880	139
6881	137
6882	155
6883	163
6884	134
6885	159
6886	155
6887	172
6888	177
6889	170
6890	159
6891	172
6892	176
6893	188
6894	168
6895	160
6896	140
6897	140
6898	171
6899	157
6900	155
6901	177
6902	236
6903	189
6904	158
6905	171
6906	173
6907	150
6908	161
6909	152
6910	161
6911	131
6912	161
6913	223
6914	155
6915	144
6916	211
6917	159
6918	156
6919	186
6920	174
6921	143
6922	164
6923	192
6924	159
6925	153
6926	148
6927	174
6928	182
6929	162
6930	197
6931	166
6932	162
6933	179
6934	164
6935	181
6936	178
6937	164
6938	179
6939	192
6940	153
6941	186
6942	166
6943	202
6944	167
6945	181
6946	178
6947	172
6948	166
6949	168
6950	153
6951	169
6952	196
6953	179
6954	143
6955	161
6956	165
6957	160
6958	168
6959	163
6960	204
6961	158
6962	161
6963	154
6964	139
6965	156
6966	156
6967	183
6968	185
6969	134
6970	159
6971	177
6972	204
6973	190
6974	209
6975	204
6976	170
6977	168
6978	201
6979	172
6980	136
6981	176
6982	165
6983	159
6984	176
6985	185
6986	170
6987	153
6988	171
6989	158
6990	205
6991	177
6992	166
6993	143
6994	131
6995	154
6996	167
6997	145
6998	177
6999	175
7000	144
7001	159
7002	176
7003	143
7004	131
7005	158
7006	156
7007	151
7008	143
7009	150
7010	148
7011	136
7012	119
7013	131
7014	139
7015	165
7016	129
7017	146
7018	147
7019	175
7020	125
7021	154
7022	174
7023	173
7024	150
7025	154
7026	138
7027	146
7028	149
7029	132
7030	145
7031	132
7032	147
7033	140
7034	184
7035	146
7036	137
7037	142
7038	149
7039	183
7040	172
7041	145
7042	126
7043	142
7044	138
7045	152
7046	164
7047	163
7048	182
7049	161
7050	163
7051	106
7052	133
7053	112
7054	162
7055	140
7056	154
7057	138
7058	188
7059	202
7060	166
7061	144
7062	132
7063	162
7064	137
7065	171
7066	127
7067	110
7068	173
7069	136
7070	165
7071	148
7072	131
7073	130
7074	148
7075	170
7076	116
7077	133
7078	126
7079	143
7080	145
7081	147
7082	157
7083	159
7084	152
7085	168
7086	158
7087	163
7088	150
7089	169
7090	165
7091	155
7092	159
7093	155
7094	183
7095	140
7096	200
7097	155
7098	185
7099	150
7100	157
7101	159
7102	167
7103	173
7104	158
7105	163
7106	153
7107	145
7108	126
7109	149
7110	165
7111	131
7112	145
7113	143
7114	141
7115	129
7116	146
7117	135
7118	141
7119	172
7120	160
7121	152
7122	152
7123	130
7124	120
7125	124
7126	137
7127	163
7128	162
7129	159
7130	168
7131	147
7132	140
7133	166
7134	162
7135	138
7136	141
7137	139
7138	138
7139	155
7140	150
7141	194
7142	180
7143	146
7144	133
7145	161
7146	125
7147	138
7148	156
7149	192
7150	153
7151	150
7152	142
7153	167
7154	142
7155	180
7156	130
7157	159
7158	150
7159	155
7160	147
7161	160
7162	161
7163	161
7164	142
7165	148
7166	163
7167	133
7168	157
7169	154
7170	137
7171	155
7172	171
7173	158
7174	157
7175	146
7176	136
7177	203
7178	197
7179	161
7180	135
7181	141
7182	148
7183	148
7184	162
7185	170
7186	130
7187	175
7188	163
7189	150
7190	134
7191	158
7192	180
7193	130
7194	153
7195	152
7196	136
7197	152
7198	161
7199	151
7200	180
7201	168
7202	131
7203	161
7204	208
7205	155
7206	135
7207	150
7208	149
7209	161
7210	200
7211	164
7212	149
7213	161
7214	188
7215	141
7216	162
7217	158
7218	167
7219	211
7220	132
7221	174
7222	167
7223	190
7224	145
7225	139
7226	143
7227	149
7228	162
7229	156
7230	172
7231	167
7232	158
7233	168
7234	152
7235	154
7236	189
7237	162
7238	129
7239	140
7240	157
7241	143
7242	146
7243	143
7244	129
7245	147
7246	137
7247	180
7248	152
7249	166
7250	175
7251	165
7252	143
7253	170
7254	163
7255	188
7256	149
7257	145
7258	137
7259	144
7260	144
7261	125
7262	137
7263	137
7264	163
7265	171
7266	146
7267	165
7268	131
7269	160
7270	178
7271	169
7272	142
7273	149
7274	151
7275	145
7276	193
7277	159
7278	177
7279	198
7280	196
7281	134
7282	177
7283	146
7284	141
7285	146
7286	142
7287	144
7288	154
7289	164
7290	157
7291	157
7292	138
7293	160
7294	138
7295	148
7296	159
7297	123
7298	163
7299	136
7300	137
7301	158
7302	185
7303	184
7304	169
7305	161
7306	168
7307	179
7308	168
7309	151
7310	178
7311	152
7312	122
7313	148
7314	178
7315	167
7316	160
7317	149
7318	178
7319	205
7320	138
7321	150
7322	165
7323	158
7324	161
7325	169
7326	138
7327	155
7328	129
7329	157
7330	126
7331	144
7332	163
7333	153
7334	129
7335	174
7336	176
7337	171
7338	154
7339	165
7340	148
7341	181
7342	150
7343	135
7344	137
7345	112
7346	142
7347	132
7348	154
7349	129
7350	154
7351	138
7352	130
7353	125
7354	115
7355	141
7356	150
7357	139
7358	125
7359	137
7360	147
7361	134
7362	169
7363	147
7364	146
7365	151
7366	145
7367	108
7368	140
7369	135
7370	118
7371	192
7372	129
7373	120
7374	140
7375	158
7376	154
7377	129
7378	152
7379	104
7380	109
7381	109
7382	97
7383	126
7384	96
7385	128
7386	124
7387	123
7388	139
7389	128
7390	137
7391	113
7392	129
7393	143
7394	131
7395	92
7396	119
7397	112
7398	112
7399	113
7400	128
7401	134
7402	141
7403	143
7404	120
7405	151
7406	145
7407	169
7408	116
7409	137
7410	142
7411	144
7412	134
7413	90
7414	114
7415	109
7416	109
7417	146
7418	127
7419	125
7420	133
7421	147
7422	132
7423	136
7424	138
7425	123
7426	128
7427	132
7428	141
7429	113
7430	118
7431	122
7432	115
7433	149
7434	109
7435	135
7436	130
7437	129
7438	116
7439	130
7440	126
7441	117
7442	133
7443	126
7444	138
7445	135
7446	104
7447	114
7448	138
7449	112
7450	121
7451	117
7452	112
7453	152
7454	130
7455	126
7456	142
7457	116
7458	122
7459	150
7460	110
7461	111
7462	149
7463	129
7464	104
7465	103
7466	114
7467	118
7468	125
7469	105
7470	119
7471	120
7472	126
7473	106
7474	105
7475	86
7476	105
7477	98
7478	118
7479	126
7480	100
7481	111
7482	106
7483	111
7484	133
7485	103
7486	105
7487	131
7488	101
7489	126
7490	101
7491	130
7492	104
7493	130
7494	100
7495	140
7496	109
7497	92
7498	117
7499	99
7500	78
7501	113
7502	103
7503	128
7504	116
7505	94
7506	105
7507	87
7508	107
7509	109
7510	128
7511	126
7512	112
7513	87
7514	120
7515	128
7516	112
7517	90
7518	89
7519	92
7520	118
7521	101
7522	88
7523	110
7524	100
7525	142
7526	98
7527	89
7528	129
7529	145
7530	112
7531	109
7532	116
7533	118
7534	142
7535	93
7536	127
7537	104
7538	90
7539	116
7540	106
7541	111
7542	123
7543	105
7544	127
7545	90
7546	105
7547	124
7548	137
7549	136
7550	117
7551	99
7552	95
7553	144
7554	106
7555	139
7556	109
7557	122
7558	106
7559	137
7560	96
7561	113
7562	144
7563	122
7564	121
7565	159
7566	101
7567	108
7568	114
7569	131
7570	123
7571	119
7572	116
7573	148
7574	128
7575	127
7576	137
7577	142
7578	144
7579	142
7580	110
7581	106
7582	145
7583	169
7584	141
7585	122
7586	138
7587	127
7588	128
7589	141
7590	134
7591	155
7592	142
7593	131
7594	130
7595	114
7596	144
7597	146
7598	112
7599	127
7600	119
7601	146
7602	135
7603	146
7604	138
7605	130
7606	102
7607	127
7608	110
7609	130
7610	135
7611	120
7612	120
7613	131
7614	135
7615	115
7616	133
7617	121
7618	125
7619	100
7620	149
7621	113
7622	110
7623	99
7624	120
7625	106
7626	136
7627	98
7628	115
7629	108
7630	124
7631	110
7632	94
7633	123
7634	125
7635	103
7636	90
7637	108
7638	107
7639	107
7640	110
7641	111
7642	118
7643	104
7644	113
7645	110
7646	120
7647	110
7648	117
7649	139
7650	117
7651	114
7652	107
7653	114
7654	90
7655	118
7656	109
7657	101
7658	106
7659	98
7660	105
7661	104
7662	95
7663	104
7664	102
7665	109
7666	77
7667	99
7668	103
7669	108
7670	111
7671	121
7672	85
7673	87
7674	103
7675	74
7676	118
7677	127
7678	89
7679	97
7680	85
7681	109
7682	101
7683	106
7684	98
7685	103
7686	87
7687	108
7688	94
7689	116
7690	140
7691	95
7692	108
7693	120
7694	104
7695	112
7696	105
7697	120
7698	115
7699	103
7700	86
7701	148
7702	98
7703	125
7704	91
7705	111
7706	83
7707	105
7708	112
7709	98
7710	104
7711	97
7712	103
7713	100
7714	150
7715	126
7716	118
7717	107
7718	106
7719	119
7720	118
7721	113
7722	117
7723	99
7724	94
7725	120
7726	96
7727	112
7728	152
7729	147
7730	118
7731	125
7732	135
7733	118
7734	147
7735	104
7736	119
7737	115
7738	102
7739	114
7740	100
7741	130
7742	119
7743	126
7744	121
7745	118
7746	108
7747	113
7748	126
7749	130
7750	109
7751	96
7752	104
7753	107
7754	103
7755	120
7756	105
7757	95
7758	111
7759	113
7760	121
7761	104
7762	107
7763	101
7764	106
7765	120
7766	104
7767	131
7768	109
7769	132
7770	106
7771	116
7772	108
7773	120
7774	83
7775	97
7776	99
7777	101
7778	120
7779	116
7780	97
7781	120
7782	116
7783	111
7784	101
7785	111
7786	106
7787	106
7788	95
7789	118
7790	125
7791	115
7792	117
7793	105
7794	111
7795	122
7796	112
7797	150
7798	121
7799	138
7800	111
7801	132
7802	131
7803	136
7804	134
7805	103
7806	118
7807	139
7808	140
7809	133
7810	134
7811	145
7812	130
7813	151
7814	121
7815	122
7816	121
7817	117
7818	120
7819	127
7820	131
7821	129
7822	116
7823	109
7824	132
7825	126
7826	114
7827	138
7828	128
7829	128
7830	116
7831	136
7832	138
7833	143
7834	140
7835	117
7836	146
7837	121
7838	128
7839	136
7840	148
7841	163
7842	137
7843	131
7844	115
7845	145
7846	122
7847	122
7848	136
7849	136
7850	137
7851	120
7852	145
7853	125
7854	128
7855	133
7856	123
7857	140
7858	125
7859	122
7860	132
7861	133
7862	178
7863	145
7864	142
7865	139
7866	182
7867	169
7868	142
7869	165
7870	150
7871	141
7872	147
7873	108
7874	139
7875	126
7876	167
7877	139
7878	128
7879	197
7880	169
7881	166
7882	160
7883	147
7884	215
7885	208
7886	222
7887	155
7888	197
7889	175
7890	180
7891	168
7892	192
7893	166
7894	145
7895	167
7896	157
7897	170
7898	179
7899	150
7900	170
7901	162
7902	181
7903	163
7904	207
7905	171
7906	192
7907	200
7908	164
7909	182
7910	214
7911	209
7912	200
7913	172
7914	188
7915	190
7916	182
7917	169
7918	212
7919	187
7920	209
7921	174
7922	183
7923	193
7924	157
7925	175
7926	171
7927	199
7928	185
7929	175
7930	173
7931	183
7932	219
7933	178
7934	206
7935	196
7936	213
7937	183
7938	197
7939	187
7940	208
7941	145
7942	190
7943	182
7944	172
7945	207
7946	188
7947	186
7948	199
7949	202
7950	192
7951	192
7952	179
7953	164
7954	208
7955	174
7956	166
7957	197
7958	203
7959	183
7960	160
7961	160
7962	214
7963	201
7964	170
7965	192
7966	184
7967	169
7968	181
7969	158
7970	216
7971	169
7972	163
7973	182
7974	169
7975	152
7976	174
7977	140
7978	169
7979	153
7980	157
7981	123
7982	159
7983	152
7984	149
7985	142
7986	153
7987	167
7988	171
7989	154
7990	145
7991	139
7992	141
7993	170
7994	173
7995	133
7996	152
7997	171
7998	169
7999	162
8000	1202536
