0	0
1	0
2	0
3	0
4	0
5	0
6	0
7	0
8	0
9	0
10	0
11	0
12	0
13	3
14	0
15	1
16	0
17	1
18	1
19	0
20	0
21	0
22	0
23	0
24	2
25	1
26	1
27	5
28	0
29	2
30	1
31	0
32	2
33	5
34	2
35	2
36	3
37	2
38	4
39	5
40	5
41	7
42	4
43	5
44	3
45	4
46	6
47	12
48	10
49	4
50	11
51	10
52	9
53	6
54	3
55	4
56	12
57	2
58	6
59	2
60	8
61	1
62	4
63	12
64	11
65	13
66	19
67	7
68	11
69	15
70	11
71	20
72	15
73	32
74	24
75	21
76	24
77	21
78	24
79	22
80	20
81	30
82	23
83	32
84	23
85	36
86	35
87	55
88	25
89	41
90	51
91	35
92	32
93	50
94	52
95	69
96	59
97	56
98	56
99	55
100	82
101	39
102	82
103	77
104	69
105	40
106	120
107	61
108	80
109	65
110	49
111	92
112	80
113	80
114	96
115	127
116	78
117	105
118	102
119	112
120	101
121	99
122	115
123	150
124	106
125	140
126	166
127	173
128	209
129	139
130	167
131	120
132	201
133	140
134	161
135	156
136	153
137	142
138	207
139	180
140	216
141	144
142	149
143	181
144	138
145	165
146	178
147	202
148	192
149	135
150	207
151	170
152	182
153	194
154	167
155	176
156	151
157	160
158	231
159	224
160	181
161	241
162	338
163	232
164	244
165	278
166	249
167	198
168	292
169	251
170	194
171	221
172	211
173	249
174	318
175	272
176	243
177	191
178	254
179	280
180	383
181	253
182	259
183	338
184	285
185	362
186	382
187	297
188	313
189	281
190	253
191	300
192	260
193	375
194	247
195	260
196	352
197	279
198	353
199	370
200	292
201	367
202	375
203	282
204	362
205	259
206	360
207	352
208	314
209	344
210	269
211	332
212	292
213	267
214	313
215	410
216	274
217	280
218	449
219	348
220	285
221	236
222	316
223	275
224	360
225	227
226	295
227	433
228	352
229	329
230	308
231	344
232	299
233	288
234	310
235	328
236	356
237	322
238	356
239	219
240	298
241	327
242	260
243	241
244	247
245	211
246	307
247	297
248	308
249	331
250	273
251	378
252	332
253	474
254	339
255	307
256	373
257	166
258	295
259	285
260	344
261	402
262	346
263	384
264	264
265	339
266	418
267	410
268	316
269	236
270	292
271	259
272	342
273	368
274	290
275	290
276	284
277	339
278	442
279	337
280	310
281	350
282	320
283	363
284	315
285	296
286	270
287	298
288	258
289	380
290	361
291	298
292	289
293	281
294	216
295	182
296	256
297	308
298	279
299	264
300	210
301	289
302	298
303	194
304	323
305	296
306	289
307	314
308	268
309	401
310	312
311	245
312	218
313	213
314	300
315	246
316	245
317	324
318	171
319	183
320	298
321	269
322	323
323	282
324	280
325	238
326	226
327	269
328	311
329	260
330	210
331	259
332	276
333	261
334	172
335	188
336	253
337	231
338	198
339	182
340	232
341	252
342	234
343	218
344	228
345	291
346	317
347	212
348	219
349	211
350	162
351	273
352	216
353	104
354	149
355	184
356	180
357	209
358	170
359	131
360	203
361	245
362	248
363	173
364	210
365	181
366	168
367	156
368	219
369	214
370	181
371	185
372	128
373	221
374	164
375	182
376	144
377	161
378	86
379	141
380	212
381	165
382	193
383	199
384	148
385	221
386	152
387	139
388	178
389	146
390	186
391	203
392	198
393	221
394	146
395	208
396	150
397	175
398	285
399	174
400	169
401	138
402	203
403	251
404	165
405	174
406	207
407	197
408	232
409	189
410	219
411	143
412	184
413	176
414	148
415	168
416	171
417	201
418	122
419	112
420	108
421	145
422	151
423	182
424	169
425	156
426	200
427	114
428	95
429	146
430	107
431	99
432	139
433	153
434	135
435	180
436	113
437	173
438	144
439	129
440	117
441	102
442	146
443	115
444	128
445	137
446	118
447	108
448	115
449	118
450	138
451	143
452	160
453	112
454	93
455	100
456	192
457	101
458	93
459	105
460	112
461	67
462	77
463	91
464	80
465	109
466	93
467	119
468	95
469	89
470	94
471	95
472	81
473	91
474	87
475	86
476	45
477	94
478	75
479	124
480	86
481	99
482	80
483	65
484	51
485	81
486	97
487	93
488	86
489	79
490	63
491	49
492	48
493	62
494	56
495	49
496	35
497	62
498	80
499	86
500	73
501	57
502	66
503	82
504	61
505	51
506	72
507	112
508	144
509	96
510	76
511	79
512	39
513	56
514	60
515	56
516	56
517	61
518	44
519	45
520	68
521	77
522	100
523	86
524	83
525	85
526	57
527	42
528	39
529	78
530	48
531	70
532	37
533	51
534	74
535	43
536	48
537	23
538	46
539	60
540	78
541	64
542	76
543	59
544	34
545	30
546	55
547	39
548	60
549	49
550	31
551	33
552	39
553	26
554	31
555	32
556	21
557	30
558	53
559	68
560	35
561	30
562	48
563	41
564	28
565	26
566	50
