0	0
1	0
2	0
3	0
4	0
5	0
6	0
7	0
8	0
9	0
10	0
11	0
12	0
13	3
14	0
15	1
16	0
17	1
18	1
19	0
20	0
21	0
22	0
23	0
24	2
25	1
26	1
27	4
28	0
29	2
30	1
31	0
32	2
33	5
34	2
35	2
36	3
37	2
38	4
39	4
40	5
41	6
42	4
43	5
44	3
45	4
46	5
47	4
48	8
49	4
50	9
51	9
52	9
53	6
54	3
55	4
56	12
57	2
58	6
59	2
60	8
61	1
62	4
63	11
64	10
65	13
66	16
67	7
68	10
69	15
70	11
71	20
72	11
73	28
74	22
75	20
76	24
77	20
78	20
79	22
80	19
81	28
82	19
83	30
84	21
85	31
86	33
87	46
88	23
89	34
90	44
91	35
92	29
93	41
94	35
95	65
96	51
97	45
98	46
99	41
100	64
101	30
102	66
103	62
104	53
105	35
106	72
107	49
108	65
109	53
110	38
111	67
112	59
113	68
114	69
115	90
116	65
117	81
118	69
119	75
120	76
121	75
122	87
123	93
124	84
125	100
126	96
127	100
128	83
129	92
130	97
131	82
132	128
133	99
134	98
135	97
136	95
137	91
138	119
139	108
140	138
141	97
142	100
143	107
144	90
145	89
146	98
147	106
148	99
149	82
150	104
151	98
152	83
153	83
154	82
155	87
156	87
157	90
158	109
159	106
160	103
161	123
162	140
163	107
164	115
165	119
166	112
167	117
168	131
169	122
170	99
171	106
172	89
173	99
174	127
175	116
176	103
177	90
178	103
179	121
180	134
181	122
182	129
183	139
184	118
185	142
186	141
187	113
188	135
189	113
190	98
191	116
192	105
193	130
194	87
195	113
196	125
197	110
198	133
199	121
200	121
201	126
202	132
203	114
204	119
205	88
206	132
207	123
208	120
209	134
210	83
211	108
212	105
213	103
214	103
215	134
216	113
217	103
218	136
219	116
220	115
221	96
222	109
223	114
224	151
225	96
226	113
227	142
228	150
229	114
230	141
231	110
232	118
233	111
234	113
235	117
236	121
237	124
238	121
239	100
240	99
241	101
242	99
243	95
244	115
245	96
246	115
247	103
248	119
249	104
250	115
251	148
252	136
253	161
254	127
255	124
256	144
257	68
258	137
259	128
260	141
261	158
262	128
263	139
264	125
265	132
266	155
267	147
268	131
269	111
270	124
271	112
272	143
273	132
274	122
275	128
276	119
277	122
278	155
279	128
280	112
281	155
282	139
283	149
284	109
285	114
286	120
287	124
288	112
289	158
290	143
291	112
292	119
293	126
294	88
295	88
296	120
297	137
298	116
299	105
300	106
301	136
302	134
303	104
304	133
305	138
306	147
307	127
308	110
309	134
310	147
311	110
312	105
313	109
314	143
315	111
316	125
317	130
318	95
319	95
320	140
321	122
322	141
323	114
324	137
325	108
326	111
327	122
328	150
329	138
330	98
331	143
332	113
333	112
334	85
335	104
336	109
337	110
338	124
339	92
340	109
341	102
342	112
343	112
344	122
345	130
346	131
347	106
348	106
349	96
350	98
351	117
352	92
353	70
354	90
355	96
356	104
357	97
358	100
359	80
360	85
361	120
362	116
363	98
364	113
365	93
366	92
367	95
368	105
369	117
370	108
371	104
372	87
373	123
374	97
375	101
376	99
377	88
378	56
379	76
380	105
381	91
382	119
383	100
384	91
385	125
386	104
387	85
388	100
389	86
390	93
391	107
392	110
393	97
394	91
395	110
396	97
397	94
398	152
399	108
400	93
401	78
402	101
403	121
404	80
405	113
406	116
407	130
408	119
409	103
410	114
411	83
412	123
413	110
414	94
415	95
416	91
417	98
418	82
419	78
420	76
421	101
422	95
423	101
424	88
425	109
426	113
427	68
428	76
429	86
430	82
431	69
432	89
433	88
434	95
435	102
436	73
437	102
438	93
439	81
440	76
441	66
442	97
443	81
444	82
445	77
446	75
447	77
448	71
449	80
450	77
451	92
452	86
453	82
454	71
455	62
456	111
457	71
458	51
459	65
460	71
461	53
462	48
463	61
464	59
465	54
466	65
467	59
468	63
469	55
470	59
471	62
472	58
473	50
474	59
475	49
476	33
477	52
478	47
479	73
480	62
481	66
482	43
483	50
484	45
485	49
486	58
487	59
488	41
489	33
490	48
491	36
492	43
493	49
494	46
495	38
496	30
497	48
498	45
499	57
500	45
501	41
502	47
503	57
504	42
505	42
506	46
507	79
508	91
509	60
510	48
511	43
512	32
513	48
514	48
515	40
516	40
517	39
518	30
519	40
520	53
521	58
522	56
523	54
524	58
525	60
526	36
527	32
528	31
529	47
530	33
531	43
532	29
533	36
534	49
535	34
536	33
537	19
538	32
539	38
540	52
541	34
542	43
543	45
544	31
545	25
546	36
547	32
548	48
549	32
550	27
551	25
552	32
553	19
554	27
555	26
556	21
557	24
558	30
559	48
560	29
561	24
562	37
563	31
564	22
565	22
566	33
567	37
568	28
569	13
570	18
571	25
572	8
573	12
574	22
575	23
