0	0
1	0
2	0
3	0
4	0
5	0
6	0
7	0
8	0
9	0
10	0
11	0
12	0
13	2
14	4
15	17
16	21
17	14
18	13
19	11
20	12
21	17
22	7
23	11
24	16
25	16
26	18
27	31
28	31
29	41
30	51
31	85
32	82
33	103
34	107
35	125
36	152
37	172
38	213
39	238
40	248
41	275
42	328
43	335
44	379
45	381
46	395
47	451
48	513
49	552
50	565
51	637
52	647
53	673
54	713
55	673
56	795
57	818
58	798
59	827
60	832
61	936
62	891
63	851
64	1031
65	983
66	993
67	1037
68	1140
69	1171
70	1273
71	1291
72	1197
73	1283
74	1327
75	1381
76	1384
77	1379
78	1470
79	1580
80	1568
81	1557
82	1700
83	1978
84	1782
85	2304
86	1933
87	1945
88	2018
89	2185
90	3960
91	2780
92	2386
93	2299
94	2363
95	2441
96	2428
97	2509
98	2659
99	2497
100	2756
101	2948
102	2971
103	3032
104	3173
105	3129
106	3246
107	3389
108	3455
109	3569
110	3656
111	3444
112	3807
113	3809
114	3910
115	4205
116	4258
117	4377
118	4435
119	4703
120	4622
121	4660
122	4974
123	4932
124	5147
125	5346
126	4976
127	5259
128	5294
129	5534
130	5731
131	5486
132	5687
133	5955
134	5743
135	5842
136	5792
137	6089
138	6071
139	5926
140	6285
141	6248
142	6293
143	6371
144	6506
145	6078
146	5969
147	7327
148	7664
149	7983
150	8253
151	8280
152	8180
153	8477
154	8467
155	8548
156	8506
157	8717
158	8610
159	8451
160	8542
161	8878
162	8800
163	8751
164	8859
165	8965
166	8966
167	8934
168	8549
169	8900
170	8858
171	8682
172	8912
173	9230
174	9107
175	8924
176	8858
177	8833
178	8827
179	9085
180	8886
181	8881
182	8759
183	8778
184	8734
185	8594
186	8693
187	8839
188	8686
189	8514
190	8789
191	8634
192	8764
193	8616
194	8507
195	8616
196	8584
197	8543
198	8489
199	8426
200	8634
201	8388
202	8285
203	8253
204	8233
205	8208
206	8362
207	8080
208	7947
209	7845
210	7860
211	7868
212	7658
213	7885
214	7975
215	7947
216	7593
217	7907
218	7566
219	7504
220	7563
221	7420
222	7376
223	7321
224	7198
225	7339
226	7240
227	7114
228	7337
229	7163
230	7226
231	6837
232	6768
233	6720
234	6888
235	6823
236	6748
237	6717
238	6788
239	6762
240	6537
241	6524
242	6475
243	6430
244	6555
245	6266
246	6286
247	6427
248	6335
249	6077
250	6176
251	6134
252	5920
253	6129
254	5960
255	6112
256	6169
257	6072
258	6028
259	5770
260	5854
261	5766
262	5813
263	5555
264	5389
265	5558
266	5637
267	5538
268	5480
269	5349
270	5284
271	5512
272	5317
273	5546
274	5151
275	5122
276	5173
277	4966
278	4977
279	4756
280	4648
281	4981
282	4666
283	4835
284	4942
285	4841
286	4712
287	4828
288	4636
289	4496
290	4692
291	4524
292	4549
293	4559
294	4592
295	4496
296	4432
297	4224
298	4337
299	4371
300	4311
301	4114
302	4041
303	4138
304	3995
305	3997
306	4090
307	3828
308	3999
309	3979
310	3881
311	3872
312	3971
313	3789
314	3834
315	3609
316	3624
317	3652
318	3535
319	3408
320	3552
321	3447
322	3254
323	3484
324	3292
325	3382
326	3362
327	3314
328	3291
329	3223
330	3266
331	3089
332	2998
333	3220
334	2978
335	2989
336	3122
337	3150
338	3170
339	3152
340	3095
341	3094
342	2993
343	2895
344	2815
345	2872
346	2739
347	2825
348	2774
349	2962
350	2876
351	2856
352	2615
353	2524
354	2680
355	2631
356	2534
357	2538
358	2705
359	2712
360	2618
361	2562
362	2537
363	2491
364	2450
365	2543
366	2425
367	2501
368	2363
369	2492
370	2362
371	2327
372	2223
373	2242
374	2310
375	2329
376	2367
377	2357
378	2479
379	2287
380	2264
381	2255
382	2287
383	2280
384	2171
385	2160
386	2121
387	2007
388	1946
389	1854
390	1953
391	1864
392	1938
393	2038
394	1923
395	1954
396	1908
397	1874
398	1951
399	1928
400	1951
401	1958
402	1777
403	1858
404	1906
405	1749
406	1823
407	1662
408	1728
409	1640
410	1585
411	1639
412	1619
413	1703
414	1722
415	1664
416	1527
417	1555
418	1647
419	1671
420	1542
421	1597
422	1646
423	1616
424	1491
425	1580
426	1528
427	1466
428	1507
429	1556
430	1572
431	1590
432	1419
433	1456
434	1513
435	1456
436	1481
437	1444
438	1436
439	1368
440	1385
441	1381
442	1354
443	1403
444	1342
445	1276
446	1341
447	1298
448	1288
449	1333
450	1295
451	1406
452	1250
453	1221
454	1214
455	1286
456	1222
457	1279
458	1217
459	1266
460	1185
461	1216
462	1181
463	1167
464	1169
465	1216
466	1167
467	1212
468	1164
469	1126
470	1178
471	1085
472	1046
473	1087
474	1165
475	1091
476	1111
477	1082
478	1101
479	1034
480	1069
481	1105
482	1071
483	1099
484	1078
485	1085
486	1121
487	1081
488	1101
489	960
490	1033
491	1168
492	1049
493	977
494	1024
495	1061
496	1103
497	1023
498	1046
499	986
500	1027
501	1025
502	1011
503	1015
504	987
505	1003
506	1010
507	991
508	975
509	977
510	992
511	1018
512	1018
513	978
514	928
515	1005
516	904
517	920
518	862
519	909
520	929
521	979
522	923
523	907
524	939
525	955
526	965
527	884
528	952
529	958
530	918
531	942
532	950
533	898
534	942
535	866
536	900
537	802
538	878
539	841
540	803
541	842
542	850
543	883
544	853
545	780
546	841
547	868
548	885
549	819
550	834
551	893
552	858
553	963
554	801
555	829
556	875
557	835
558	880
559	809
560	836
561	884
562	802
563	822
564	736
565	804
566	792
567	786
568	819
569	799
570	753
571	783
572	782
573	790
574	773
575	739
576	738
577	761
578	710
579	737
580	752
581	724
582	762
583	714
584	793
585	735
586	715
587	772
588	810
589	813
590	772
591	765
592	793
593	719
594	761
595	702
596	731
597	694
598	724
599	741
600	738
601	788
602	701
603	765
604	654
605	666
606	720
607	756
608	799
609	774
610	765
611	723
612	700
613	725
614	734
615	762
616	762
617	714
618	737
619	692
620	677
621	654
622	660
623	707
624	704
625	664
626	666
627	574
628	633
629	601
630	701
631	724
632	590
633	671
634	650
635	659
636	686
637	665
638	694
639	656
640	716
641	673
642	610
643	671
644	655
645	676
646	667
647	694
648	717
649	679
650	674
651	743
652	630
653	595
654	591
655	577
656	609
657	577
658	599
659	547
660	604
661	646
662	602
663	646
664	605
665	606
666	552
667	663
668	603
669	647
670	615
671	584
672	624
673	643
674	617
675	597
676	614
677	659
678	601
679	657
680	617
681	627
682	623
683	636
684	671
685	625
686	624
687	656
688	575
689	617
690	586
691	611
692	582
693	554
694	576
695	586
696	590
697	631
698	648
699	626
700	637
701	559
702	652
703	664
704	572
705	593
706	636
707	562
708	619
709	633
710	579
711	571
712	561
713	587
714	628
715	567
716	596
717	524
718	558
719	594
720	609
721	575
722	595
723	610
724	595
725	663
726	591
727	618
728	608
729	582
730	613
731	622
732	598
733	615
734	589
735	596
736	612
737	608
738	611
739	598
740	622
741	602
742	534
743	539
744	516
745	553
746	511
747	543
748	520
749	527
750	513
751	481
752	555
753	474
754	513
755	496
756	526
757	505
758	462
759	477
760	486
761	551
762	519
763	523
764	485
765	559
766	523
767	497
768	515
769	502
770	524
771	450
772	497
773	525
774	533
775	521
776	475
777	527
778	471
779	425
780	492
781	455
782	470
783	544
784	540
785	524
786	595
787	491
788	527
789	474
790	473
791	521
792	505
793	518
794	508
795	489
796	530
797	498
798	530
799	498
800	497
801	486
802	501
803	455
804	502
805	517
806	510
807	451
808	439
809	481
810	482
811	489
812	388
813	456
814	460
815	494
816	512
817	484
818	542
819	535
820	487
821	465
822	443
823	482
824	478
825	431
826	507
827	464
828	427
829	520
830	437
831	459
832	387
833	396
834	433
835	463
836	515
837	414
838	510
839	506
840	549
841	465
842	481
843	531
844	522
845	481
846	448
847	494
848	545
849	443
850	434
851	482
852	513
853	467
854	447
855	498
856	471
857	502
858	462
859	428
860	436
861	448
862	505
863	519
864	496
865	478
866	482
867	506
868	487
869	498
870	437
871	506
872	499
873	529
874	486
875	475
876	511
877	486
878	411
879	499
880	485
881	471
882	446
883	485
884	429
885	479
886	494
887	444
888	476
889	439
890	472
891	400
892	443
893	465
894	458
895	499
896	547
897	461
898	499
899	467
900	428
901	397
902	401
903	424
904	454
905	454
906	465
907	415
908	413
909	403
910	360
911	473
912	400
913	441
914	427
915	436
916	439
917	368
918	479
919	448
920	429
921	407
922	459
923	386
924	458
925	429
926	433
927	452
928	450
929	478
930	440
931	486
932	489
933	498
934	447
935	444
936	460
937	389
938	471
939	466
940	439
941	453
942	464
943	423
944	475
945	413
946	429
947	460
948	439
949	392
950	460
951	470
952	388
953	465
954	467
955	460
956	477
957	456
958	412
959	471
960	470
961	484
962	466
963	435
964	422
965	446
966	442
967	395
968	415
969	433
970	406
971	416
972	449
973	481
974	374
975	405
976	432
977	394
978	491
979	463
980	422
981	407
982	402
983	457
984	404
985	391
986	479
987	453
988	455
989	415
990	405
991	372
992	431
993	439
994	438
995	426
996	426
997	416
998	398
999	412
1000	440
1001	418
1002	442
1003	500
1004	437
1005	440
1006	413
1007	355
1008	399
1009	437
1010	403
1011	390
1012	392
1013	394
1014	394
1015	392
1016	412
1017	363
1018	393
1019	394
1020	441
1021	383
1022	445
1023	387
1024	396
1025	419
1026	375
1027	406
1028	408
1029	394
1030	382
1031	377
1032	355
1033	387
1034	360
1035	410
1036	401
1037	402
1038	394
1039	363
1040	426
1041	442
1042	417
1043	414
1044	339
1045	369
1046	354
1047	398
1048	368
1049	323
1050	364
1051	365
1052	388
1053	379
1054	408
1055	395
1056	373
1057	395
1058	363
1059	398
1060	385
1061	318
1062	383
1063	377
1064	401
1065	429
1066	404
1067	391
1068	403
1069	362
1070	404
1071	407
1072	431
1073	372
1074	330
1075	405
1076	376
1077	354
1078	384
1079	347
1080	341
1081	346
1082	360
1083	367
1084	344
1085	328
1086	362
1087	389
1088	364
1089	336
1090	397
1091	413
1092	357
1093	411
1094	355
1095	356
1096	376
1097	380
1098	327
1099	374
1100	323
1101	373
1102	342
1103	312
1104	318
1105	304
1106	384
1107	343
1108	366
1109	379
1110	324
1111	379
1112	391
1113	364
1114	413
1115	366
1116	330
1117	372
1118	356
1119	381
1120	397
1121	365
1122	299
1123	330
1124	368
1125	346
1126	375
1127	312
1128	364
1129	329
1130	356
1131	356
1132	375
1133	367
1134	361
1135	394
1136	362
1137	353
1138	341
1139	359
1140	332
1141	325
1142	333
1143	310
1144	341
1145	347
1146	374
1147	355
1148	425
1149	403
1150	396
1151	420
1152	367
1153	426
1154	379
1155	292
1156	326
1157	348
1158	359
1159	368
1160	361
1161	392
1162	407
1163	389
1164	353
1165	346
1166	347
1167	393
1168	392
1169	352
1170	364
1171	404
1172	410
1173	389
1174	329
1175	451
1176	419
1177	350
1178	405
1179	342
1180	382
1181	420
1182	284
1183	361
1184	334
1185	369
1186	388
1187	381
1188	337
1189	327
1190	324
1191	406
1192	349
1193	379
1194	363
1195	333
1196	360
1197	338
1198	316
1199	355
1200	320
1201	356
1202	354
1203	398
1204	383
1205	380
1206	339
1207	345
1208	391
1209	346
1210	370
1211	377
1212	367
1213	337
1214	305
1215	351
1216	324
1217	360
1218	345
1219	344
1220	339
1221	304
1222	334
1223	366
1224	388
1225	382
1226	363
1227	381
1228	321
1229	352
1230	345
1231	338
1232	336
1233	321
1234	359
1235	356
1236	374
1237	331
1238	334
1239	333
1240	363
1241	338
1242	328
1243	362
1244	369
1245	385
1246	340
1247	343
1248	368
1249	329
1250	347
1251	355
1252	385
1253	335
1254	331
1255	395
1256	317
1257	381
1258	323
1259	335
1260	332
1261	368
1262	362
1263	403
1264	358
1265	378
1266	370
1267	374
1268	347
1269	391
1270	420
1271	390
1272	347
1273	400
1274	353
1275	421
1276	366
1277	347
1278	326
1279	350
1280	325
1281	313
1282	336
1283	346
1284	396
1285	404
1286	353
1287	341
1288	372
1289	365
1290	302
1291	355
1292	355
1293	370
1294	349
1295	376
1296	360
1297	389
1298	375
1299	386
1300	329
1301	350
1302	342
1303	346
1304	324
1305	320
1306	328
1307	327
1308	364
1309	375
1310	333
1311	347
1312	319
1313	307
1314	344
1315	311
1316	339
1317	306
1318	321
1319	346
1320	330
1321	338
1322	349
1323	307
1324	327
1325	329
1326	377
1327	345
1328	333
1329	354
1330	321
1331	388
1332	339
1333	325
1334	338
1335	341
1336	331
1337	297
1338	327
1339	334
1340	279
1341	301
1342	320
1343	306
1344	315
1345	322
1346	297
1347	326
1348	336
1349	302
1350	309
1351	336
1352	319
1353	295
1354	300
1355	342
1356	287
1357	352
1358	305
1359	274
1360	353
1361	348
1362	358
1363	317
1364	251
1365	313
1366	327
1367	314
1368	305
1369	330
1370	350
1371	355
1372	313
1373	316
1374	327
1375	306
1376	324
1377	325
1378	290
1379	348
1380	280
1381	318
1382	291
1383	320
1384	303
1385	308
1386	292
1387	359
1388	379
1389	353
1390	316
1391	368
1392	286
1393	420
1394	293
1395	234
1396	273
1397	269
1398	293
1399	318
1400	350
1401	353
1402	328
1403	336
1404	346
1405	361
1406	338
1407	316
1408	318
1409	325
1410	308
1411	332
1412	319
1413	362
1414	339
1415	338
1416	318
1417	315
1418	302
1419	280
1420	301
1421	311
1422	311
1423	350
1424	289
1425	280
1426	283
1427	309
1428	263
1429	259
1430	271
1431	264
1432	303
1433	312
1434	330
1435	310
1436	302
1437	295
1438	330
1439	322
1440	317
1441	318
1442	263
1443	300
1444	288
1445	296
1446	305
1447	338
1448	320
1449	307
1450	312
1451	341
1452	327
1453	332
1454	346
1455	294
1456	311
1457	285
1458	327
1459	267
1460	297
1461	339
1462	321
1463	306
1464	321
1465	374
1466	296
1467	281
1468	286
1469	273
1470	308
1471	317
1472	286
1473	305
1474	293
1475	303
1476	312
1477	254
1478	315
1479	324
1480	292
1481	278
1482	304
1483	319
1484	297
1485	266
1486	333
1487	332
1488	284
1489	312
1490	314
1491	315
1492	325
1493	301
1494	338
1495	289
1496	315
1497	352
1498	324
1499	320
1500	322
1501	249
1502	285
1503	292
1504	321
1505	288
1506	342
1507	342
1508	345
1509	289
1510	299
1511	347
1512	308
1513	334
1514	337
1515	374
1516	363
1517	298
1518	306
1519	276
1520	299
1521	313
1522	272
1523	286
1524	302
1525	311
1526	317
1527	283
1528	332
1529	386
1530	380
1531	331
1532	328
1533	332
1534	334
1535	330
1536	316
1537	317
1538	333
1539	294
1540	295
1541	330
1542	313
1543	384
1544	308
1545	342
1546	338
1547	317
1548	307
1549	350
1550	338
1551	342
1552	307
1553	337
1554	344
1555	314
1556	312
1557	287
1558	317
1559	278
1560	331
1561	327
1562	332
1563	319
1564	369
1565	327
1566	359
1567	352
1568	357
1569	365
1570	327
1571	361
1572	304
1573	331
1574	345
1575	362
1576	367
1577	375
1578	345
1579	291
1580	335
1581	383
1582	329
1583	389
1584	358
1585	302
1586	299
1587	311
1588	339
1589	335
1590	332
1591	306
1592	340
1593	367
1594	349
1595	419
1596	388
1597	321
1598	344
1599	334
1600	291
1601	326
1602	327
1603	319
1604	346
1605	332
1606	346
1607	325
1608	330
1609	309
1610	344
1611	325
1612	328
1613	321
1614	262
1615	260
1616	316
1617	272
1618	270
1619	277
1620	337
1621	315
1622	273
1623	322
1624	306
1625	268
1626	281
1627	252
1628	273
1629	369
1630	308
1631	326
1632	287
1633	331
1634	358
1635	316
1636	323
1637	336
1638	322
1639	302
1640	294
1641	255
1642	295
1643	255
1644	313
1645	311
1646	313
1647	245
1648	292
1649	291
1650	303
1651	270
1652	268
1653	316
1654	365
1655	310
1656	324
1657	335
1658	324
1659	301
1660	294
1661	295
1662	292
1663	269
1664	236
1665	278
1666	302
1667	259
1668	268
1669	277
1670	277
1671	295
1672	293
1673	291
1674	249
1675	284
1676	271
1677	314
1678	258
1679	311
1680	296
1681	344
1682	282
1683	318
1684	303
1685	312
1686	258
1687	273
1688	284
1689	293
1690	284
1691	316
1692	265
1693	313
1694	293
1695	265
1696	374
1697	342
1698	300
1699	336
1700	278
1701	245
1702	294
1703	305
1704	270
1705	318
1706	299
1707	309
1708	308
1709	301
1710	283
1711	359
1712	325
1713	271
1714	290
1715	356
1716	324
1717	295
1718	294
1719	363
1720	333
1721	330
1722	300
1723	324
1724	308
1725	309
1726	307
1727	275
1728	320
1729	271
1730	302
1731	319
1732	313
1733	331
1734	349
1735	338
1736	297
1737	302
1738	288
1739	326
1740	319
1741	286
1742	310
1743	280
1744	316
1745	277
1746	285
1747	281
1748	303
1749	321
1750	253
1751	297
1752	296
1753	293
1754	293
1755	287
1756	294
1757	229
1758	283
1759	251
1760	259
1761	242
1762	244
1763	234
1764	250
1765	236
1766	245
1767	233
1768	248
1769	254
1770	265
1771	273
1772	329
1773	273
1774	307
1775	322
1776	278
1777	263
1778	272
1779	239
1780	241
1781	306
1782	228
1783	244
1784	295
1785	260
1786	318
1787	288
1788	355
1789	305
1790	346
1791	303
1792	284
1793	294
1794	262
1795	272
1796	248
1797	287
1798	297
1799	290
1800	279
1801	234
1802	256
1803	241
1804	239
1805	270
1806	283
1807	207
1808	311
1809	244
1810	262
1811	286
1812	236
1813	279
1814	232
1815	222
1816	181
1817	271
1818	286
1819	248
1820	248
1821	228
1822	235
1823	244
1824	241
1825	243
1826	279
1827	238
1828	244
1829	254
1830	217
1831	224
1832	273
1833	270
1834	250
1835	269
1836	217
1837	232
1838	226
1839	262
1840	264
1841	243
1842	274
1843	267
1844	278
1845	315
1846	249
1847	254
1848	280
1849	256
1850	278
1851	269
1852	229
1853	245
1854	245
1855	262
1856	239
1857	273
1858	228
1859	246
1860	225
1861	274
1862	251
1863	218
1864	242
1865	250
1866	245
1867	236
1868	269
1869	290
1870	260
1871	253
1872	274
1873	235
1874	272
1875	237
1876	208
1877	226
1878	232
1879	269
1880	224
1881	221
1882	261
1883	266
1884	218
1885	253
1886	273
1887	261
1888	234
1889	241
1890	246
1891	264
1892	282
1893	229
1894	231
1895	239
1896	254
1897	292
1898	239
1899	270
1900	263
1901	238
1902	249
1903	236
1904	228
1905	227
1906	248
1907	219
1908	266
1909	217
1910	285
1911	237
1912	262
1913	238
1914	212
1915	271
1916	228
1917	225
1918	248
1919	256
1920	246
1921	242
1922	217
1923	258
1924	232
1925	285
1926	250
1927	231
1928	226
1929	318
1930	230
1931	275
1932	242
1933	212
1934	257
1935	256
1936	262
1937	242
1938	242
1939	299
1940	218
1941	224
1942	202
1943	191
1944	225
1945	237
1946	236
1947	252
1948	273
1949	222
1950	226
1951	241
1952	206
1953	222
1954	230
1955	209
1956	241
1957	274
1958	256
1959	234
1960	277
1961	276
1962	254
1963	256
1964	246
1965	214
1966	223
1967	227
1968	229
1969	251
1970	282
1971	283
1972	280
1973	313
1974	228
1975	203
1976	215
1977	209
1978	209
1979	240
1980	248
1981	224
1982	212
1983	261
1984	294
1985	241
1986	226
1987	248
1988	284
1989	253
1990	308
1991	323
1992	276
1993	261
1994	299
1995	248
1996	240
1997	226
1998	242
1999	224
2000	278
2001	246
2002	286
2003	270
2004	283
2005	273
2006	261
2007	315
2008	265
2009	229
2010	206
2011	177
2012	223
2013	250
2014	246
2015	213
2016	269
2017	273
2018	231
2019	277
2020	251
2021	247
2022	290
2023	255
2024	214
2025	213
2026	271
2027	247
2028	272
2029	263
2030	235
2031	232
2032	264
2033	229
2034	276
2035	227
2036	282
2037	269
2038	256
2039	236
2040	274
2041	286
2042	279
2043	256
2044	237
2045	264
2046	214
2047	251
2048	309
2049	274
2050	231
2051	270
2052	261
2053	231
2054	270
2055	259
2056	287
2057	238
2058	246
2059	256
2060	278
2061	253
2062	270
2063	322
2064	283
2065	274
2066	331
2067	241
2068	254
2069	241
2070	282
2071	246
2072	248
2073	229
2074	224
2075	260
2076	284
2077	275
2078	249
2079	282
2080	264
2081	223
2082	268
2083	261
2084	219
2085	286
2086	237
2087	255
2088	256
2089	240
2090	258
2091	269
2092	262
2093	246
2094	257
2095	251
2096	232
2097	209
2098	223
2099	270
2100	328
2101	288
2102	256
2103	242
2104	227
2105	239
2106	216
2107	221
2108	192
2109	201
2110	253
2111	219
2112	239
2113	230
2114	233
2115	216
2116	236
2117	246
2118	189
2119	238
2120	209
2121	230
2122	262
2123	268
2124	231
2125	227
2126	237
2127	269
2128	248
2129	230
2130	212
2131	222
2132	249
2133	213
2134	215
2135	210
2136	233
2137	235
2138	217
2139	178
2140	230
2141	248
2142	227
2143	227
2144	260
2145	279
2146	203
2147	192
2148	223
2149	263
2150	239
2151	219
2152	185
2153	210
2154	251
2155	222
2156	210
2157	227
2158	230
2159	252
2160	238
2161	253
2162	221
2163	194
2164	234
2165	212
2166	209
2167	201
2168	244
2169	212
2170	257
2171	212
2172	211
2173	206
2174	255
2175	250
2176	200
2177	202
2178	229
2179	248
2180	230
2181	177
2182	233
2183	217
2184	194
2185	219
2186	203
2187	201
2188	224
2189	212
2190	200
2191	211
2192	220
2193	222
2194	251
2195	228
2196	238
2197	193
2198	218
2199	227
2200	222
2201	252
2202	210
2203	242
2204	234
2205	210
2206	249
2207	267
2208	226
2209	263
2210	206
2211	259
2212	225
2213	221
2214	211
2215	227
2216	206
2217	198
2218	229
2219	193
2220	239
2221	243
2222	209
2223	251
2224	205
2225	253
2226	204
2227	259
2228	237
2229	233
2230	205
2231	242
2232	280
2233	207
2234	243
2235	234
2236	234
2237	256
2238	272
2239	230
2240	236
2241	251
2242	291
2243	272
2244	260
2245	257
2246	274
2247	231
2248	250
2249	272
2250	257
2251	245
2252	254
2253	269
2254	204
2255	248
2256	271
2257	222
2258	285
2259	268
2260	290
2261	220
2262	213
2263	251
2264	243
2265	295
2266	238
2267	231
2268	238
2269	255
2270	244
2271	255
2272	256
2273	223
2274	234
2275	228
2276	252
2277	261
2278	291
2279	252
2280	256
2281	274
2282	285
2283	257
2284	249
2285	253
2286	261
2287	278
2288	262
2289	250
2290	242
2291	250
2292	238
2293	207
2294	222
2295	224
2296	220
2297	205
2298	245
2299	228
2300	254
2301	234
2302	225
2303	260
2304	268
2305	231
2306	216
2307	199
2308	231
2309	199
2310	241
2311	237
2312	227
2313	229
2314	248
2315	230
2316	222
2317	248
2318	233
2319	246
2320	254
2321	242
2322	213
2323	276
2324	258
2325	267
2326	244
2327	273
2328	224
2329	286
2330	261
2331	228
2332	242
2333	222
2334	213
2335	202
2336	191
2337	216
2338	214
2339	195
2340	265
2341	217
2342	233
2343	201
2344	213
2345	215
2346	203
2347	177
2348	220
2349	217
2350	205
2351	225
2352	218
2353	232
2354	174
2355	170
2356	202
2357	214
2358	193
2359	263
2360	286
2361	232
2362	214
2363	205
2364	231
2365	255
2366	243
2367	236
2368	239
2369	249
2370	190
2371	195
2372	221
2373	203
2374	201
2375	227
2376	238
2377	223
2378	246
2379	213
2380	219
2381	205
2382	252
2383	198
2384	204
2385	217
2386	212
2387	200
2388	190
2389	207
2390	221
2391	223
2392	309
2393	217
2394	244
2395	207
2396	242
2397	221
2398	222
2399	194
2400	198
2401	239
2402	230
2403	225
2404	262
2405	205
2406	225
2407	201
2408	203
2409	215
2410	196
2411	212
2412	203
2413	215
2414	232
2415	224
2416	240
2417	191
2418	203
2419	227
2420	206
2421	209
2422	257
2423	204
2424	197
2425	213
2426	217
2427	271
2428	215
2429	242
2430	226
2431	227
2432	195
2433	251
2434	242
2435	201
2436	192
2437	249
2438	243
2439	253
2440	223
2441	211
2442	265
2443	258
2444	223
2445	239
2446	243
2447	237
2448	273
2449	235
2450	239
2451	251
2452	235
2453	230
2454	189
2455	200
2456	230
2457	269
2458	249
2459	229
2460	241
2461	263
2462	213
2463	210
2464	201
2465	220
2466	222
2467	216
2468	211
2469	218
2470	267
2471	228
2472	256
2473	250
2474	225
2475	209
2476	241
2477	231
2478	229
2479	215
2480	186
2481	219
2482	166
2483	198
2484	187
2485	188
2486	211
2487	200
2488	209
2489	224
2490	200
2491	195
2492	199
2493	186
2494	201
2495	226
2496	186
2497	258
2498	185
2499	215
2500	216
2501	179
2502	205
2503	223
2504	222
2505	212
2506	251
2507	184
2508	256
2509	212
2510	211
2511	220
2512	190
2513	187
2514	202
2515	179
2516	211
2517	244
2518	216
2519	202
2520	226
2521	199
2522	204
2523	216
2524	174
2525	194
2526	244
2527	250
2528	207
2529	204
2530	201
2531	246
2532	223
2533	229
2534	218
2535	182
2536	173
2537	201
2538	226
2539	208
2540	200
2541	196
2542	199
2543	206
2544	193
2545	198
2546	147
2547	199
2548	193
2549	165
2550	161
2551	186
2552	201
2553	140
2554	161
2555	188
2556	172
2557	181
2558	181
2559	189
2560	200
2561	186
2562	200
2563	172
2564	160
2565	152
2566	168
2567	185
2568	153
2569	169
2570	180
2571	171
2572	156
2573	159
2574	183
2575	223
2576	184
2577	218
2578	193
2579	157
2580	239
2581	187
2582	180
2583	230
2584	212
2585	160
2586	148
2587	183
2588	199
2589	177
2590	187
2591	196
2592	208
2593	171
2594	209
2595	194
2596	171
2597	172
2598	208
2599	179
2600	182
2601	178
2602	164
2603	202
2604	190
2605	169
2606	150
2607	177
2608	185
2609	159
2610	152
2611	181
2612	177
2613	155
2614	186
2615	201
2616	219
2617	198
2618	194
2619	181
2620	198
2621	177
2622	166
2623	160
2624	186
2625	161
2626	163
2627	134
2628	159
2629	186
2630	186
2631	167
2632	152
2633	210
2634	147
2635	145
2636	154
2637	185
2638	201
2639	215
2640	194
2641	230
2642	224
2643	185
2644	180
2645	171
2646	218
2647	200
2648	199
2649	208
2650	154
2651	168
2652	139
2653	164
2654	170
2655	182
2656	212
2657	177
2658	193
2659	221
2660	208
2661	185
2662	181
2663	189
2664	163
2665	215
2666	183
2667	167
2668	176
2669	182
2670	173
2671	177
2672	165
2673	171
2674	206
2675	179
2676	247
2677	166
2678	195
2679	228
2680	224
2681	192
2682	196
2683	215
2684	174
2685	201
2686	204
2687	186
2688	209
2689	208
2690	193
2691	185
2692	192
2693	175
2694	199
2695	186
2696	168
2697	169
2698	180
2699	194
2700	171
2701	186
2702	186
2703	179
2704	156
2705	163
2706	157
2707	228
2708	179
2709	181
2710	201
2711	217
2712	219
2713	189
2714	190
2715	182
2716	169
2717	207
2718	193
2719	172
2720	183
2721	181
2722	151
2723	155
2724	160
2725	176
2726	162
2727	215
2728	193
2729	163
2730	176
2731	189
2732	161
2733	169
2734	207
2735	189
2736	173
2737	171
2738	198
2739	177
2740	178
2741	142
2742	171
2743	164
2744	205
2745	209
2746	179
2747	205
2748	181
2749	202
2750	159
2751	193
2752	195
2753	180
2754	216
2755	166
2756	200
2757	198
2758	190
2759	197
2760	200
2761	168
2762	187
2763	198
2764	170
2765	171
2766	207
2767	150
2768	199
2769	192
2770	166
2771	151
2772	178
2773	192
2774	193
2775	180
2776	189
2777	189
2778	185
2779	172
2780	206
2781	174
2782	186
2783	180
2784	198
2785	178
2786	172
2787	204
2788	232
2789	132
2790	164
2791	176
2792	159
2793	150
2794	150
2795	170
2796	160
2797	174
2798	191
2799	206
2800	225
2801	169
2802	165
2803	196
2804	170
2805	206
2806	172
2807	166
2808	193
2809	187
2810	165
2811	198
2812	202
2813	172
2814	171
2815	213
2816	204
2817	201
2818	143
2819	144
2820	209
2821	193
2822	175
2823	180
2824	134
2825	131
2826	135
2827	140
2828	173
2829	149
2830	143
2831	172
2832	159
2833	196
2834	136
2835	142
2836	151
2837	190
2838	202
2839	177
2840	172
2841	160
2842	159
2843	155
2844	153
2845	163
2846	174
2847	176
2848	121
2849	118
2850	165
2851	156
2852	178
2853	135
2854	125
2855	138
2856	145
2857	151
2858	188
2859	186
2860	190
2861	140
2862	132
2863	203
2864	174
2865	133
2866	157
2867	157
2868	161
2869	157
2870	153
2871	145
2872	180
2873	145
2874	160
2875	148
2876	148
2877	124
2878	147
2879	160
2880	133
2881	193
2882	154
2883	173
2884	154
2885	169
2886	163
2887	154
2888	180
2889	141
2890	162
2891	152
2892	170
2893	125
2894	157
2895	115
2896	116
2897	148
2898	142
2899	138
2900	159
2901	160
2902	138
2903	182
2904	170
2905	184
2906	161
2907	157
2908	153
2909	174
2910	183
2911	161
2912	156
2913	155
2914	134
2915	156
2916	175
2917	146
2918	131
2919	142
2920	128
2921	130
2922	148
2923	138
2924	166
2925	116
2926	146
2927	122
2928	152
2929	148
2930	133
2931	119
2932	125
2933	172
2934	145
2935	152
2936	150
2937	164
2938	193
2939	155
2940	125
2941	126
2942	135
2943	155
2944	167
2945	184
2946	117
2947	160
2948	140
2949	144
2950	124
2951	165
2952	134
2953	138
2954	142
2955	170
2956	151
2957	153
2958	110
2959	118
2960	119
2961	148
2962	141
2963	135
2964	100
2965	107
2966	117
2967	131
2968	131
2969	145
2970	117
2971	134
2972	140
2973	131
2974	182
2975	131
2976	145
2977	133
2978	116
2979	133
2980	126
2981	139
2982	117
2983	105
2984	124
2985	121
2986	155
2987	152
2988	169
2989	156
2990	152
2991	122
2992	139
2993	150
2994	135
2995	150
2996	129
2997	148
2998	132
2999	113
3000	121
3001	143
3002	136
3003	154
3004	147
3005	131
3006	152
3007	145
3008	143
3009	120
3010	103
3011	156
3012	157
3013	143
3014	150
3015	177
3016	156
3017	147
3018	156
3019	173
3020	136
3021	143
3022	139
3023	172
3024	156
3025	175
3026	155
3027	144
3028	142
3029	154
3030	156
3031	155
3032	144
3033	188
3034	128
3035	156
3036	176
3037	186
3038	140
3039	189
3040	195
3041	177
3042	157
3043	186
3044	155
3045	133
3046	137
3047	167
3048	180
3049	167
3050	159
3051	153
3052	182
3053	152
3054	145
3055	171
3056	183
3057	155
3058	158
3059	151
3060	152
3061	173
3062	153
3063	183
3064	176
3065	176
3066	146
3067	149
3068	200
3069	164
3070	161
3071	168
3072	190
3073	173
3074	193
3075	148
3076	168
3077	137
3078	159
3079	150
3080	158
3081	160
3082	177
3083	134
3084	166
3085	136
3086	132
3087	150
3088	136
3089	160
3090	158
3091	176
3092	172
3093	141
3094	153
3095	156
3096	153
3097	159
3098	178
3099	139
3100	176
3101	162
3102	174
3103	202
3104	155
3105	163
3106	173
3107	177
3108	166
3109	139
3110	162
3111	160
3112	165
3113	188
3114	147
3115	129
3116	166
3117	135
3118	111
3119	152
3120	102
3121	160
3122	118
3123	138
3124	162
3125	165
3126	132
3127	139
3128	141
3129	146
3130	139
3131	120
3132	145
3133	122
3134	166
3135	151
3136	114
3137	137
3138	143
3139	156
3140	120
3141	134
3142	143
3143	125
3144	177
3145	125
3146	140
3147	137
3148	138
3149	163
3150	144
3151	198
3152	172
3153	158
3154	138
3155	152
3156	134
3157	170
3158	107
3159	131
3160	121
3161	89
3162	120
3163	119
3164	106
3165	126
3166	106
3167	99
3168	139
3169	114
3170	121
3171	151
3172	160
3173	131
3174	145
3175	171
3176	149
3177	169
3178	125
3179	130
3180	178
3181	158
3182	130
3183	152
3184	157
3185	158
3186	135
3187	131
3188	143
3189	152
3190	130
3191	170
3192	193
3193	119
3194	126
3195	111
3196	126
3197	115
3198	133
3199	147
3200	145
3201	152
3202	142
3203	137
3204	126
3205	134
3206	148
3207	131
3208	169
3209	165
3210	149
3211	167
3212	168
3213	196
3214	186
3215	173
3216	172
3217	147
3218	137
3219	142
3220	128
3221	130
3222	160
3223	140
3224	145
3225	142
3226	143
3227	181
3228	198
3229	180
3230	171
3231	148
3232	170
3233	166
3234	178
3235	157
3236	205
3237	141
3238	169
3239	158
3240	192
3241	163
3242	168
3243	177
3244	185
3245	188
3246	227
3247	198
3248	197
3249	175
3250	179
3251	157
3252	162
3253	170
3254	179
3255	178
3256	171
3257	194
3258	171
3259	175
3260	144
3261	148
3262	117
3263	167
3264	136
3265	162
3266	151
3267	188
3268	173
3269	176
3270	172
3271	164
3272	137
3273	147
3274	152
3275	165
3276	171
3277	207
3278	174
3279	168
3280	196
3281	149
3282	211
3283	191
3284	155
3285	179
3286	235
3287	169
3288	174
3289	159
3290	169
3291	199
3292	174
3293	162
3294	170
3295	173
3296	167
3297	175
3298	204
3299	173
3300	175
3301	195
3302	152
3303	148
3304	192
3305	159
3306	175
3307	130
3308	163
3309	178
3310	159
3311	132
3312	158
3313	174
3314	149
3315	141
3316	148
3317	137
3318	155
3319	186
3320	188
3321	205
3322	201
3323	191
3324	163
3325	197
3326	199
3327	154
3328	163
3329	159
3330	181
3331	190
3332	219
3333	198
3334	165
3335	150
3336	182
3337	215
3338	215
3339	194
3340	140
3341	193
3342	157
3343	202
3344	186
3345	185
3346	144
3347	175
3348	179
3349	161
3350	146
3351	188
3352	219
3353	183
3354	172
3355	176
3356	146
3357	139
3358	151
3359	175
3360	174
3361	154
3362	182
3363	154
3364	150
3365	142
3366	175
3367	129
3368	126
3369	173
3370	146
3371	157
3372	177
3373	162
3374	141
3375	160
3376	182
3377	147
3378	145
3379	172
3380	159
3381	138
3382	152
3383	144
3384	126
3385	132
3386	158
3387	115
3388	146
3389	129
3390	135
3391	129
3392	158
3393	129
3394	183
3395	183
3396	174
3397	155
3398	161
3399	161
3400	155
3401	132
3402	137
3403	124
3404	95
3405	94
3406	127
3407	131
3408	106
3409	119
3410	113
3411	136
3412	156
3413	106
3414	126
3415	137
3416	161
3417	139
3418	127
3419	167
3420	190
3421	161
3422	158
3423	139
3424	134
3425	170
3426	138
3427	152
3428	146
3429	127
3430	127
3431	134
3432	142
3433	159
3434	161
3435	146
3436	137
3437	121
3438	161
3439	134
3440	137
3441	134
3442	165
3443	127
3444	159
3445	115
3446	154
3447	152
3448	154
3449	125
3450	103
3451	117
3452	121
3453	133
3454	145
3455	157
3456	163
3457	144
3458	143
3459	144
3460	130
3461	133
3462	132
3463	151
3464	134
3465	154
3466	152
3467	151
3468	143
3469	154
3470	121
3471	132
3472	147
3473	170
3474	122
3475	126
3476	126
3477	114
3478	136
3479	129
3480	129
3481	165
3482	160
3483	170
3484	154
3485	147
3486	146
3487	134
3488	133
3489	121
3490	124
3491	117
3492	144
3493	153
3494	128
3495	154
3496	154
3497	108
3498	132
3499	146
3500	117
3501	157
3502	142
3503	115
3504	120
3505	154
3506	156
3507	118
3508	165
3509	135
3510	157
3511	161
3512	124
3513	112
3514	120
3515	126
3516	120
3517	110
3518	90
3519	120
3520	105
3521	99
3522	131
3523	145
3524	165
3525	132
3526	145
3527	162
3528	112
3529	141
3530	98
3531	155
3532	130
3533	134
3534	146
3535	113
3536	124
3537	97
3538	110
3539	114
3540	118
3541	112
3542	108
3543	131
3544	164
3545	156
3546	119
3547	162
3548	142
3549	107
3550	160
3551	135
3552	144
3553	134
3554	111
3555	123
3556	139
3557	119
3558	111
3559	106
3560	105
3561	103
3562	116
3563	146
3564	133
3565	164
3566	148
3567	109
3568	136
3569	124
3570	128
3571	127
3572	149
3573	121
3574	124
3575	121
3576	107
3577	121
3578	94
3579	98
3580	91
3581	121
3582	139
3583	129
3584	136
3585	114
3586	114
3587	162
3588	133
3589	110
3590	136
3591	92
3592	111
3593	136
3594	145
3595	133
3596	122
3597	126
3598	133
3599	131
3600	122
3601	127
3602	141
3603	144
3604	114
3605	119
3606	141
3607	117
3608	126
3609	128
3610	107
3611	125
3612	162
3613	159
3614	152
3615	135
3616	154
3617	162
3618	165
3619	143
3620	162
3621	162
3622	173
3623	143
3624	134
3625	149
3626	161
3627	127
3628	132
3629	122
3630	121
3631	136
3632	139
3633	108
3634	130
3635	132
3636	131
3637	123
3638	113
3639	115
3640	119
3641	134
3642	144
3643	134
3644	109
3645	97
3646	130
3647	139
3648	118
3649	140
3650	130
3651	106
3652	146
3653	141
3654	100
3655	134
3656	94
3657	101
3658	80
3659	107
3660	136
3661	129
3662	136
3663	123
3664	109
3665	137
3666	125
3667	91
3668	128
3669	121
3670	139
3671	143
3672	134
3673	119
3674	145
3675	121
3676	124
3677	103
3678	119
3679	121
3680	90
3681	114
3682	128
3683	135
3684	126
3685	113
3686	133
3687	135
3688	118
3689	115
3690	116
3691	129
3692	141
3693	134
3694	91
3695	135
3696	113
3697	126
3698	103
3699	115
3700	118
3701	135
3702	123
3703	150
3704	123
3705	131
3706	122
3707	139
3708	125
3709	121
3710	130
3711	137
3712	163
3713	170
3714	124
3715	90
3716	117
3717	126
3718	111
3719	114
3720	125
3721	120
3722	107
3723	115
3724	113
3725	106
3726	126
3727	130
3728	143
3729	118
3730	157
3731	143
3732	169
3733	153
3734	149
3735	142
3736	151
3737	136
3738	181
3739	147
3740	122
3741	101
3742	138
3743	117
3744	106
3745	116
3746	141
3747	119
3748	118
3749	128
3750	166
3751	124
3752	134
3753	98
3754	115
3755	120
3756	141
3757	120
3758	149
3759	124
3760	108
3761	121
3762	105
3763	110
3764	127
3765	128
3766	110
3767	96
3768	136
3769	102
3770	137
3771	117
3772	132
3773	139
3774	115
3775	162
3776	125
3777	157
3778	121
3779	134
3780	140
3781	117
3782	114
3783	147
3784	129
3785	137
3786	119
3787	108
3788	95
3789	94
3790	124
3791	127
3792	129
3793	109
3794	105
3795	104
3796	94
3797	98
3798	120
3799	132
3800	137
3801	126
3802	108
3803	110
3804	94
3805	134
3806	155
3807	126
3808	121
3809	132
3810	112
3811	123
3812	102
3813	118
3814	118
3815	118
3816	99
3817	101
3818	116
3819	158
3820	115
3821	120
3822	109
3823	90
3824	125
3825	118
3826	122
3827	120
3828	149
3829	129
3830	112
3831	117
3832	131
3833	130
3834	145
3835	123
3836	92
3837	122
3838	125
3839	103
3840	123
3841	114
3842	116
3843	106
3844	120
3845	129
3846	134
3847	111
3848	106
3849	94
3850	102
3851	120
3852	128
3853	140
3854	152
3855	130
3856	101
3857	122
3858	113
3859	119
3860	126
3861	103
3862	109
3863	118
3864	136
3865	102
3866	104
3867	93
3868	109
3869	106
3870	92
3871	142
3872	129
3873	115
3874	90
3875	106
3876	113
3877	128
3878	125
3879	146
3880	119
3881	126
3882	131
3883	138
3884	117
3885	107
3886	136
3887	112
3888	92
3889	141
3890	134
3891	126
3892	117
3893	124
3894	120
3895	114
3896	103
3897	132
3898	121
3899	125
3900	147
3901	118
3902	122
3903	147
3904	125
3905	122
3906	143
3907	156
3908	139
3909	112
3910	121
3911	130
3912	133
3913	128
3914	153
3915	134
3916	117
3917	160
3918	152
3919	118
3920	154
3921	123
3922	139
3923	118
3924	158
3925	154
3926	184
3927	152
3928	133
3929	149
3930	119
3931	118
3932	91
3933	154
3934	138
3935	191
3936	121
3937	150
3938	125
3939	122
3940	154
3941	117
3942	116
3943	137
3944	129
3945	113
3946	124
3947	127
3948	134
3949	162
3950	105
3951	136
3952	154
3953	139
3954	140
3955	158
3956	135
3957	144
3958	125
3959	126
3960	131
3961	141
3962	124
3963	145
3964	115
3965	107
3966	152
3967	107
3968	147
3969	153
3970	146
3971	140
3972	155
3973	125
3974	152
3975	139
3976	124
3977	133
3978	166
3979	179
3980	109
3981	127
3982	107
3983	137
3984	128
3985	156
3986	113
3987	108
3988	140
3989	113
3990	133
3991	125
3992	136
3993	130
3994	136
3995	142
3996	142
3997	140
3998	151
3999	145
4000	127
4001	144
4002	131
4003	121
4004	132
4005	157
4006	130
4007	145
4008	135
4009	115
4010	121
4011	122
4012	129
4013	126
4014	118
4015	115
4016	133
4017	134
4018	121
4019	117
4020	151
4021	151
4022	131
4023	148
4024	159
4025	160
4026	155
4027	143
4028	134
4029	142
4030	176
4031	125
4032	129
4033	121
4034	151
4035	153
4036	126
4037	147
4038	136
4039	138
4040	138
4041	127
4042	148
4043	162
4044	143
4045	173
4046	156
4047	182
4048	141
4049	165
4050	190
4051	174
4052	159
4053	138
4054	155
4055	146
4056	159
4057	176
4058	166
4059	152
4060	181
4061	158
4062	153
4063	165
4064	200
4065	215
4066	159
4067	168
4068	168
4069	131
4070	173
4071	146
4072	155
4073	157
4074	134
4075	133
4076	148
4077	179
4078	161
4079	149
4080	144
4081	143
4082	190
4083	151
4084	131
4085	135
4086	153
4087	149
4088	163
4089	153
4090	154
4091	172
4092	129
4093	155
4094	184
4095	179
4096	127
4097	158
4098	177
4099	155
4100	150
4101	211
4102	122
4103	140
4104	103
4105	136
4106	161
4107	141
4108	126
4109	143
4110	153
4111	145
4112	133
4113	165
4114	153
4115	141
4116	112
4117	187
4118	137
4119	156
4120	141
4121	131
4122	121
4123	122
4124	167
4125	122
4126	129
4127	133
4128	146
4129	142
4130	134
4131	155
4132	151
4133	128
4134	133
4135	137
4136	136
4137	127
4138	137
4139	159
4140	156
4141	149
4142	130
4143	117
4144	120
4145	106
4146	108
4147	116
4148	132
4149	124
4150	116
4151	118
4152	125
4153	150
4154	136
4155	129
4156	129
4157	108
4158	90
4159	112
4160	134
4161	106
4162	111
4163	108
4164	111
4165	76
4166	124
4167	121
4168	135
4169	137
4170	109
4171	114
4172	117
4173	101
4174	122
4175	119
4176	98
4177	115
4178	122
4179	124
4180	131
4181	92
4182	115
4183	116
4184	111
4185	117
4186	137
4187	132
4188	131
4189	91
4190	111
4191	98
4192	108
4193	102
4194	94
4195	72
4196	89
4197	100
4198	94
4199	138
4200	138
4201	106
4202	78
4203	99
4204	101
4205	118
4206	100
4207	97
4208	104
4209	97
4210	87
4211	76
4212	108
4213	102
4214	102
4215	81
4216	108
4217	97
4218	87
4219	100
4220	79
4221	89
4222	125
4223	94
4224	106
4225	115
4226	84
4227	89
4228	100
4229	94
4230	100
4231	123
4232	94
4233	114
4234	96
4235	117
4236	116
4237	104
4238	81
4239	92
4240	99
4241	98
4242	106
4243	128
4244	103
4245	114
4246	98
4247	100
4248	95
4249	130
4250	90
4251	95
4252	103
4253	97
4254	96
4255	98
4256	120
4257	111
4258	114
4259	121
4260	90
4261	89
4262	105
4263	83
4264	96
4265	101
4266	97
4267	102
4268	90
4269	97
4270	103
4271	117
4272	85
4273	81
4274	80
4275	94
4276	97
4277	117
4278	76
4279	74
4280	92
4281	114
4282	87
4283	101
4284	77
4285	113
4286	87
4287	106
4288	93
4289	84
4290	116
4291	119
4292	100
4293	88
4294	98
4295	105
4296	85
4297	73
4298	90
4299	133
4300	108
4301	120
4302	132
4303	100
4304	99
4305	117
4306	118
4307	133
4308	115
4309	112
4310	154
4311	94
4312	80
4313	126
4314	105
4315	77
4316	86
4317	87
4318	94
4319	84
4320	116
4321	106
4322	76
4323	72
4324	106
4325	107
4326	82
4327	80
4328	87
4329	79
4330	111
4331	85
4332	96
4333	106
4334	83
4335	91
4336	82
4337	70
4338	80
4339	72
4340	81
4341	103
4342	103
4343	97
4344	111
4345	90
4346	96
4347	113
4348	109
4349	97
4350	86
4351	89
4352	86
4353	107
4354	87
4355	120
4356	101
4357	82
4358	85
4359	72
4360	65
4361	75
4362	98
4363	92
4364	80
4365	104
4366	101
4367	90
4368	76
4369	84
4370	85
4371	96
4372	94
4373	88
4374	80
4375	92
4376	59
4377	85
4378	107
4379	84
4380	95
4381	68
4382	104
4383	83
4384	67
4385	95
4386	100
4387	101
4388	86
4389	96
4390	78
4391	80
4392	87
4393	100
4394	81
4395	131
4396	77
4397	89
4398	119
4399	88
4400	96
4401	111
4402	95
4403	100
4404	117
4405	110
4406	89
4407	102
4408	99
4409	65
4410	88
4411	84
4412	103
4413	99
4414	116
4415	104
4416	100
4417	86
4418	90
4419	91
4420	80
4421	64
4422	70
4423	87
4424	85
4425	110
4426	94
4427	82
4428	89
4429	91
4430	105
4431	111
4432	83
4433	80
4434	94
4435	101
4436	108
4437	89
4438	87
4439	77
4440	94
4441	115
4442	85
4443	106
4444	112
4445	100
4446	72
4447	100
4448	76
4449	71
4450	111
4451	95
4452	91
4453	80
4454	66
4455	86
4456	95
4457	93
4458	87
4459	73
4460	107
4461	108
4462	84
4463	113
4464	105
4465	96
4466	93
4467	68
4468	95
4469	90
4470	96
4471	69
4472	77
4473	78
4474	60
4475	80
4476	59
4477	112
4478	71
4479	95
4480	96
4481	83
4482	91
4483	70
4484	82
4485	73
4486	61
4487	57
4488	73
4489	100
4490	96
4491	121
4492	106
4493	87
4494	97
4495	107
4496	107
4497	113
4498	91
4499	91
4500	88
4501	112
4502	80
4503	81
4504	80
4505	75
4506	87
4507	109
4508	103
4509	115
4510	120
4511	103
4512	95
4513	97
4514	73
4515	98
4516	93
4517	118
4518	104
4519	105
4520	100
4521	69
4522	103
4523	88
4524	85
4525	124
4526	98
4527	86
4528	83
4529	94
4530	105
4531	100
4532	94
4533	83
4534	91
4535	136
4536	152
4537	116
4538	121
4539	111
4540	98
4541	76
4542	83
4543	122
4544	121
4545	84
4546	87
4547	102
4548	85
4549	112
4550	79
4551	68
4552	70
4553	78
4554	109
4555	84
4556	110
4557	103
4558	106
4559	93
4560	109
4561	107
4562	117
4563	106
4564	111
4565	103
4566	75
4567	84
4568	112
4569	81
4570	84
4571	91
4572	101
4573	105
4574	95
4575	77
4576	100
4577	116
4578	92
4579	106
4580	140
4581	109
4582	126
4583	78
4584	105
4585	104
4586	105
4587	126
4588	113
4589	112
4590	104
4591	116
4592	127
4593	130
4594	112
4595	110
4596	118
4597	99
4598	99
4599	92
4600	88
4601	92
4602	79
4603	106
4604	112
4605	113
4606	102
4607	81
4608	93
4609	81
4610	118
4611	122
4612	80
4613	107
4614	98
4615	125
4616	105
4617	86
4618	96
4619	115
4620	116
4621	108
4622	103
4623	92
4624	103
4625	82
4626	99
4627	84
4628	112
4629	114
4630	118
4631	103
4632	85
4633	96
4634	87
4635	88
4636	110
4637	93
4638	90
4639	73
4640	79
4641	66
4642	74
4643	65
4644	68
4645	103
4646	70
4647	80
4648	95
4649	88
4650	93
4651	106
4652	96
4653	78
4654	79
4655	91
4656	68
4657	63
4658	89
4659	65
4660	80
4661	88
4662	106
4663	102
4664	99
4665	76
4666	103
4667	94
4668	93
4669	101
4670	141
4671	116
4672	79
4673	86
4674	78
4675	98
4676	98
4677	67
4678	77
4679	109
4680	74
4681	54
4682	126
4683	112
4684	97
4685	110
4686	103
4687	91
4688	76
4689	91
4690	99
4691	69
4692	76
4693	76
4694	74
4695	64
4696	52
4697	71
4698	91
4699	86
4700	76
4701	80
4702	97
4703	87
4704	88
4705	81
4706	82
4707	87
4708	97
4709	86
4710	101
4711	79
4712	73
4713	70
4714	113
4715	102
4716	100
4717	116
4718	97
4719	80
4720	75
4721	97
4722	69
4723	78
4724	79
4725	78
4726	74
4727	93
4728	79
4729	72
4730	56
4731	91
4732	92
4733	65
4734	88
4735	73
4736	72
4737	67
4738	60
4739	70
4740	69
4741	72
4742	93
4743	93
4744	88
4745	103
4746	89
4747	113
4748	101
4749	114
4750	95
4751	84
4752	100
4753	75
4754	85
4755	98
4756	93
4757	84
4758	82
4759	78
4760	100
4761	102
4762	90
4763	101
4764	68
4765	63
4766	91
4767	71
4768	79
4769	108
4770	80
4771	87
4772	76
4773	68
4774	93
4775	91
4776	86
4777	74
4778	104
4779	77
4780	88
4781	65
4782	93
4783	105
4784	104
4785	120
4786	112
4787	69
4788	91
4789	78
4790	68
4791	100
4792	86
4793	81
4794	74
4795	77
4796	106
4797	109
4798	76
4799	83
4800	91
4801	83
4802	80
4803	66
4804	84
4805	76
4806	92
4807	74
4808	116
4809	88
4810	132
4811	105
4812	99
4813	93
4814	136
4815	91
4816	102
4817	123
4818	85
4819	85
4820	94
4821	91
4822	77
4823	114
4824	118
4825	91
4826	90
4827	109
4828	91
4829	98
4830	94
4831	87
4832	89
4833	96
4834	73
4835	99
4836	95
4837	76
4838	79
4839	81
4840	61
4841	88
4842	77
4843	86
4844	92
4845	86
4846	77
4847	75
4848	106
4849	60
4850	80
4851	68
4852	77
4853	60
4854	54
4855	58
4856	98
4857	72
4858	92
4859	69
4860	75
4861	81
4862	88
4863	82
4864	67
4865	56
4866	84
4867	71
4868	75
4869	97
4870	66
4871	73
4872	71
4873	71
4874	93
4875	80
4876	92
4877	62
4878	96
4879	89
4880	97
4881	76
4882	72
4883	80
4884	76
4885	68
4886	71
4887	68
4888	79
4889	103
4890	97
4891	80
4892	73
4893	90
4894	82
4895	84
4896	74
4897	99
4898	74
4899	90
4900	65
4901	72
4902	78
4903	49
4904	65
4905	105
4906	82
4907	91
4908	70
4909	67
4910	73
4911	92
4912	54
4913	76
4914	69
4915	77
4916	68
4917	98
4918	90
4919	66
4920	83
4921	78
4922	88
4923	101
4924	86
4925	98
4926	86
4927	73
4928	70
4929	76
4930	62
4931	72
4932	69
4933	69
4934	53
4935	88
4936	58
4937	73
4938	57
4939	73
4940	91
4941	71
4942	100
4943	46
4944	70
4945	79
4946	84
4947	63
4948	45
4949	86
4950	66
4951	67
4952	63
4953	91
4954	91
4955	82
4956	74
4957	97
4958	81
4959	88
4960	93
4961	62
4962	102
4963	77
4964	83
4965	64
4966	106
4967	84
4968	92
4969	104
4970	66
4971	92
4972	72
4973	97
4974	77
4975	108
4976	74
4977	82
4978	90
4979	111
4980	114
4981	96
4982	102
4983	149
4984	77
4985	77
4986	85
4987	85
4988	80
4989	77
4990	75
4991	65
4992	91
4993	88
4994	87
4995	73
4996	70
4997	81
4998	78
4999	78
5000	89
5001	86
5002	78
5003	97
5004	99
5005	67
5006	80
5007	74
5008	64
5009	71
5010	107
5011	101
5012	92
5013	108
5014	99
5015	102
5016	91
5017	108
5018	81
5019	78
5020	87
5021	81
5022	76
5023	83
5024	109
5025	102
5026	97
5027	90
5028	82
5029	76
5030	79
5031	75
5032	103
5033	81
5034	88
5035	75
5036	63
5037	85
5038	60
5039	79
5040	104
5041	103
5042	89
5043	86
5044	114
5045	93
5046	86
5047	81
5048	81
5049	94
5050	97
5051	90
5052	108
5053	97
5054	68
5055	84
5056	54
5057	88
5058	85
5059	84
5060	119
5061	85
5062	94
5063	91
5064	80
5065	106
5066	78
5067	88
5068	94
5069	93
5070	89
5071	67
5072	88
5073	73
5074	95
5075	89
5076	95
5077	99
5078	98
5079	108
5080	103
5081	107
5082	88
5083	78
5084	88
5085	95
5086	71
5087	85
5088	84
5089	80
5090	83
5091	72
5092	81
5093	94
5094	103
5095	89
5096	104
5097	72
5098	80
5099	88
5100	83
5101	73
5102	76
5103	78
5104	89
5105	115
5106	130
5107	108
5108	89
5109	81
5110	69
5111	69
5112	77
5113	87
5114	85
5115	79
5116	76
5117	60
5118	84
5119	88
5120	79
5121	72
5122	94
5123	83
5124	80
5125	98
5126	53
5127	86
5128	86
5129	75
5130	90
5131	83
5132	72
5133	78
5134	82
5135	86
5136	84
5137	67
5138	57
5139	75
5140	71
5141	97
5142	99
5143	77
5144	77
5145	86
5146	72
5147	77
5148	81
5149	63
5150	66
5151	76
5152	73
5153	78
5154	66
5155	64
5156	90
5157	72
5158	112
5159	77
5160	68
5161	65
5162	74
5163	81
5164	71
5165	76
5166	59
5167	75
5168	78
5169	91
5170	94
5171	81
5172	77
5173	63
5174	60
5175	73
5176	84
5177	78
5178	68
5179	70
5180	105
5181	87
5182	70
5183	76
5184	69
5185	74
5186	62
5187	59
5188	62
5189	75
5190	68
5191	88
5192	90
5193	89
5194	63
5195	83
5196	66
5197	76
5198	67
5199	76
5200	83
5201	79
5202	66
5203	81
5204	68
5205	69
5206	105
5207	76
5208	99
5209	66
5210	72
5211	74
5212	91
5213	59
5214	53
5215	55
5216	68
5217	82
5218	71
5219	67
5220	75
5221	67
5222	72
5223	78
5224	73
5225	74
5226	95
5227	111
5228	73
5229	68
5230	85
5231	71
5232	70
5233	66
5234	62
5235	64
5236	83
5237	80
5238	83
5239	70
5240	74
5241	66
5242	64
5243	46
5244	75
5245	66
5246	58
5247	65
5248	60
5249	92
5250	64
5251	48
5252	43
5253	64
5254	71
5255	50
5256	66
5257	73
5258	92
5259	98
5260	99
5261	72
5262	76
5263	59
5264	74
5265	78
5266	97
5267	83
5268	83
5269	83
5270	84
5271	84
5272	95
5273	93
5274	104
5275	71
5276	60
5277	53
5278	70
5279	87
5280	72
5281	85
5282	54
5283	62
5284	49
5285	96
5286	96
5287	80
5288	71
5289	63
5290	58
5291	69
5292	75
5293	70
5294	72
5295	64
5296	70
5297	66
5298	58
5299	57
5300	75
5301	82
5302	62
5303	80
5304	66
5305	73
5306	58
5307	86
5308	97
5309	64
5310	55
5311	67
5312	55
5313	95
5314	89
5315	62
5316	74
5317	78
5318	71
5319	83
5320	92
5321	56
5322	76
5323	73
5324	70
5325	67
5326	54
5327	67
5328	47
5329	85
5330	68
5331	54
5332	75
5333	71
5334	97
5335	87
5336	84
5337	68
5338	59
5339	58
5340	69
5341	50
5342	68
5343	68
5344	47
5345	46
5346	57
5347	55
5348	60
5349	68
5350	65
5351	58
5352	53
5353	60
5354	71
5355	68
5356	66
5357	53
5358	51
5359	36
5360	43
5361	58
5362	67
5363	51
5364	86
5365	85
5366	77
5367	90
5368	89
5369	60
5370	63
5371	57
5372	64
5373	55
5374	73
5375	82
5376	72
5377	69
5378	41
5379	60
5380	74
5381	74
5382	65
5383	46
5384	51
5385	78
5386	65
5387	62
5388	63
5389	51
5390	84
5391	55
5392	96
5393	115
5394	77
5395	74
5396	85
5397	62
5398	84
5399	67
5400	64
5401	84
5402	104
5403	73
5404	97
5405	79
5406	76
5407	61
5408	95
5409	86
5410	86
5411	81
5412	95
5413	89
5414	82
5415	87
5416	54
5417	63
5418	65
5419	68
5420	62
5421	52
5422	57
5423	75
5424	71
5425	71
5426	54
5427	60
5428	62
5429	77
5430	81
5431	61
5432	65
5433	73
5434	76
5435	73
5436	69
5437	50
5438	81
5439	87
5440	70
5441	83
5442	55
5443	81
5444	70
5445	101
5446	68
5447	44
5448	53
5449	46
5450	39
5451	77
5452	78
5453	85
5454	59
5455	55
5456	75
5457	62
5458	51
5459	68
5460	42
5461	43
5462	70
5463	84
5464	88
5465	66
5466	82
5467	100
5468	80
5469	73
5470	121
5471	48
5472	65
5473	44
5474	93
5475	83
5476	68
5477	80
5478	80
5479	70
5480	64
5481	70
5482	81
5483	66
5484	78
5485	80
5486	64
5487	81
5488	75
5489	98
5490	78
5491	99
5492	76
5493	90
5494	87
5495	95
5496	71
5497	76
5498	82
5499	69
5500	82
5501	76
5502	75
5503	69
5504	67
5505	56
5506	50
5507	74
5508	74
5509	80
5510	78
5511	75
5512	87
5513	97
5514	85
5515	106
5516	98
5517	100
5518	103
5519	117
5520	97
5521	92
5522	135
5523	80
5524	75
5525	125
5526	110
5527	101
5528	81
5529	84
5530	96
5531	69
5532	93
5533	90
5534	117
5535	99
5536	95
5537	105
5538	67
5539	58
5540	94
5541	100
5542	78
5543	92
5544	77
5545	122
5546	119
5547	132
5548	108
5549	103
5550	119
5551	78
5552	87
5553	85
5554	88
5555	73
5556	83
5557	98
5558	80
5559	71
5560	84
5561	86
5562	114
5563	87
5564	76
5565	96
5566	116
5567	101
5568	86
5569	80
5570	45
5571	59
5572	102
5573	83
5574	81
5575	80
5576	96
5577	66
5578	74
5579	88
5580	81
5581	82
5582	66
5583	69
5584	69
5585	75
5586	105
5587	64
5588	86
5589	98
5590	78
5591	68
5592	72
5593	93
5594	81
5595	58
5596	78
5597	64
5598	70
5599	91
5600	48
5601	93
5602	93
5603	54
5604	88
5605	86
5606	60
5607	64
5608	60
5609	77
5610	77
5611	65
5612	67
5613	61
5614	52
5615	70
5616	59
5617	60
5618	91
5619	79
5620	60
5621	64
5622	53
5623	61
5624	59
5625	69
5626	62
5627	86
5628	89
5629	90
5630	94
5631	67
5632	105
5633	88
5634	80
5635	80
5636	72
5637	70
5638	80
5639	56
5640	66
5641	70
5642	65
5643	61
5644	73
5645	63
5646	86
5647	86
5648	57
5649	84
5650	89
5651	71
5652	67
5653	67
5654	66
5655	55
5656	50
5657	62
5658	72
5659	90
5660	56
5661	59
5662	84
5663	55
5664	72
5665	72
5666	66
5667	82
5668	76
5669	79
5670	86
5671	66
5672	58
5673	76
5674	81
5675	93
5676	73
5677	94
5678	68
5679	68
5680	85
5681	75
5682	76
5683	71
5684	72
5685	71
5686	64
5687	75
5688	80
5689	56
5690	92
5691	80
5692	78
5693	70
5694	97
5695	71
5696	62
5697	76
5698	85
5699	68
5700	71
5701	60
5702	79
5703	60
5704	62
5705	82
5706	78
5707	60
5708	58
5709	66
5710	66
5711	101
5712	70
5713	83
5714	96
5715	72
5716	59
5717	85
5718	61
5719	74
5720	99
5721	67
5722	53
5723	62
5724	58
5725	65
5726	68
5727	78
5728	66
5729	84
5730	86
5731	67
5732	91
5733	70
5734	73
5735	70
5736	61
5737	52
5738	85
5739	79
5740	92
5741	80
5742	72
5743	97
5744	73
5745	63
5746	64
5747	61
5748	91
5749	94
5750	67
5751	60
5752	74
5753	99
5754	95
5755	79
5756	74
5757	82
5758	71
5759	60
5760	69
5761	52
5762	83
5763	77
5764	56
5765	53
5766	36
5767	56
5768	75
5769	80
5770	55
5771	63
5772	68
5773	90
5774	94
5775	68
5776	76
5777	75
5778	65
5779	58
5780	69
5781	65
5782	71
5783	49
5784	38
5785	64
5786	78
5787	49
5788	44
5789	62
5790	65
5791	61
5792	61
5793	82
5794	51
5795	89
5796	68
5797	73
5798	103
5799	63
5800	52
5801	68
5802	79
5803	68
5804	77
5805	70
5806	77
5807	63
5808	71
5809	45
5810	43
5811	64
5812	56
5813	91
5814	73
5815	93
5816	72
5817	59
5818	68
5819	74
5820	77
5821	59
5822	77
5823	84
5824	66
5825	67
5826	55
5827	61
5828	67
5829	75
5830	59
5831	85
5832	70
5833	40
5834	81
5835	49
5836	69
5837	70
5838	60
5839	82
5840	54
5841	61
5842	60
5843	80
5844	70
5845	55
5846	80
5847	69
5848	74
5849	78
5850	58
5851	81
5852	70
5853	87
5854	84
5855	96
5856	94
5857	83
5858	68
5859	51
5860	85
5861	72
5862	66
5863	70
5864	62
5865	67
5866	61
5867	67
5868	78
5869	51
5870	57
5871	62
5872	78
5873	89
5874	68
5875	82
5876	76
5877	51
5878	79
5879	74
5880	85
5881	58
5882	81
5883	74
5884	90
5885	99
5886	58
5887	71
5888	81
5889	72
5890	69
5891	66
5892	78
5893	58
5894	64
5895	73
5896	74
5897	41
5898	63
5899	84
5900	80
5901	72
5902	92
5903	88
5904	86
5905	91
5906	62
5907	62
5908	92
5909	73
5910	68
5911	59
5912	52
5913	61
5914	59
5915	56
5916	42
5917	50
5918	52
5919	76
5920	56
5921	89
5922	77
5923	66
5924	53
5925	70
5926	70
5927	61
5928	79
5929	61
5930	64
5931	68
5932	70
5933	81
5934	64
5935	93
5936	64
5937	65
5938	81
5939	76
5940	77
5941	79
5942	49
5943	70
5944	84
5945	64
5946	71
5947	53
5948	80
5949	59
5950	77
5951	91
5952	80
5953	56
5954	90
5955	84
5956	55
5957	58
5958	81
5959	74
5960	81
5961	75
5962	50
5963	51
5964	51
5965	49
5966	60
5967	71
5968	80
5969	73
5970	70
5971	85
5972	81
5973	63
5974	71
5975	97
5976	93
5977	62
5978	87
5979	60
5980	75
5981	83
5982	82
5983	104
5984	77
5985	73
5986	84
5987	57
5988	82
5989	104
5990	80
5991	66
5992	82
5993	103
5994	61
5995	96
5996	81
5997	79
5998	84
5999	83
6000	74
6001	83
6002	75
6003	64
6004	78
6005	69
6006	70
6007	50
6008	84
6009	60
6010	63
6011	62
6012	72
6013	72
6014	66
6015	68
6016	64
6017	85
6018	75
6019	80
6020	86
6021	64
6022	112
6023	76
6024	71
6025	59
6026	66
6027	71
6028	66
6029	79
6030	56
6031	63
6032	86
6033	78
6034	80
6035	66
6036	77
6037	60
6038	82
6039	75
6040	74
6041	92
6042	58
6043	70
6044	67
6045	53
6046	83
6047	69
6048	58
6049	56
6050	64
6051	69
6052	37
6053	70
6054	48
6055	58
6056	61
6057	66
6058	63
6059	64
6060	58
6061	58
6062	68
6063	65
6064	42
6065	52
6066	53
6067	70
6068	45
6069	63
6070	80
6071	77
6072	70
6073	70
6074	38
6075	69
6076	61
6077	77
6078	70
6079	63
6080	58
6081	50
6082	55
6083	63
6084	57
6085	55
6086	39
6087	64
6088	64
6089	53
6090	45
6091	61
6092	50
6093	74
6094	71
6095	82
6096	87
6097	87
6098	65
6099	82
6100	86
6101	82
6102	50
6103	77
6104	84
6105	67
6106	60
6107	57
6108	60
6109	79
6110	78
6111	75
6112	63
6113	57
6114	63
6115	60
6116	60
6117	63
6118	68
6119	85
6120	71
6121	79
6122	75
6123	52
6124	60
6125	67
6126	68
6127	83
6128	49
6129	80
6130	79
6131	70
6132	76
6133	80
6134	94
6135	91
6136	79
6137	80
6138	85
6139	102
6140	62
6141	88
6142	76
6143	54
6144	58
6145	81
6146	58
6147	68
6148	63
6149	67
6150	67
6151	74
6152	69
6153	62
6154	73
6155	55
6156	80
6157	53
6158	70
6159	75
6160	62
6161	66
6162	72
6163	60
6164	69
6165	77
6166	70
6167	52
6168	48
6169	60
6170	63
6171	67
6172	66
6173	71
6174	59
6175	70
6176	64
6177	52
6178	39
6179	48
6180	53
6181	69
6182	42
6183	48
6184	52
6185	81
6186	69
6187	58
6188	41
6189	56
6190	63
6191	47
6192	60
6193	64
6194	56
6195	70
6196	52
6197	50
6198	65
6199	48
6200	50
6201	70
6202	65
6203	52
6204	41
6205	35
6206	49
6207	50
6208	60
6209	65
6210	55
6211	44
6212	48
6213	52
6214	76
6215	62
6216	82
6217	62
6218	76
6219	77
6220	68
6221	64
6222	55
6223	49
6224	53
6225	72
6226	67
6227	48
6228	51
6229	63
6230	78
6231	44
6232	73
6233	51
6234	50
6235	53
6236	49
6237	81
6238	70
6239	61
6240	49
6241	70
6242	63
6243	74
6244	67
6245	71
6246	66
6247	84
6248	61
6249	60
6250	53
6251	83
6252	89
6253	71
6254	74
6255	66
6256	37
6257	65
6258	59
6259	80
6260	71
6261	76
6262	70
6263	91
6264	65
6265	74
6266	101
6267	74
6268	56
6269	61
6270	76
6271	71
6272	85
6273	89
6274	75
6275	57
6276	88
6277	76
6278	57
6279	44
6280	55
6281	76
6282	61
6283	71
6284	56
6285	80
6286	77
6287	72
6288	81
6289	118
6290	91
6291	70
6292	64
6293	59
6294	86
6295	61
6296	73
6297	49
6298	78
6299	62
6300	67
6301	67
6302	58
6303	68
6304	72
6305	52
6306	70
6307	64
6308	56
6309	95
6310	55
6311	59
6312	75
6313	49
6314	44
6315	91
6316	61
6317	66
6318	75
6319	78
6320	75
6321	89
6322	70
6323	89
6324	59
6325	41
6326	68
6327	74
6328	57
6329	87
6330	55
6331	78
6332	85
6333	78
6334	58
6335	65
6336	65
6337	60
6338	58
6339	53
6340	61
6341	82
6342	99
6343	72
6344	90
6345	58
6346	64
6347	52
6348	44
6349	65
6350	62
6351	64
6352	68
6353	57
6354	73
6355	75
6356	46
6357	79
6358	70
6359	55
6360	58
6361	69
6362	65
6363	76
6364	73
6365	95
6366	89
6367	59
6368	45
6369	41
6370	60
6371	48
6372	57
6373	51
6374	40
6375	57
6376	42
6377	35
6378	63
6379	47
6380	59
6381	59
6382	50
6383	55
6384	53
6385	40
6386	53
6387	72
6388	52
6389	65
6390	70
6391	46
6392	45
6393	52
6394	77
6395	56
6396	54
6397	54
6398	67
6399	62
6400	61
6401	67
6402	61
6403	58
6404	51
6405	67
6406	54
6407	31
6408	49
6409	43
6410	44
6411	48
6412	45
6413	66
6414	67
6415	67
6416	34
6417	68
6418	63
6419	65
6420	64
6421	71
6422	64
6423	69
6424	61
6425	71
6426	72
6427	72
6428	62
6429	61
6430	54
6431	82
6432	61
6433	64
6434	59
6435	60
6436	76
6437	67
6438	55
6439	47
6440	46
6441	68
6442	64
6443	47
6444	49
6445	55
6446	75
6447	83
6448	45
6449	91
6450	46
6451	50
6452	43
6453	54
6454	54
6455	57
6456	63
6457	44
6458	38
6459	63
6460	60
6461	81
6462	73
6463	80
6464	68
6465	57
6466	73
6467	69
6468	62
6469	73
6470	43
6471	53
6472	35
6473	40
6474	48
6475	64
6476	65
6477	54
6478	41
6479	44
6480	54
6481	79
6482	83
6483	63
6484	41
6485	60
6486	47
6487	47
6488	63
6489	56
6490	67
6491	51
6492	62
6493	80
6494	55
6495	58
6496	36
6497	60
6498	47
6499	66
6500	61
6501	60
6502	76
6503	65
6504	68
6505	83
6506	70
6507	61
6508	50
6509	49
6510	59
6511	45
6512	45
6513	42
6514	53
6515	73
6516	56
6517	47
6518	85
6519	64
6520	62
6521	81
6522	66
6523	66
6524	64
6525	69
6526	73
6527	68
6528	60
6529	65
6530	72
6531	77
6532	53
6533	79
6534	47
6535	53
6536	49
6537	43
6538	38
6539	56
6540	50
6541	44
6542	54
6543	47
6544	64
6545	56
6546	70
6547	59
6548	65
6549	40
6550	42
6551	52
6552	63
6553	66
6554	71
6555	58
6556	67
6557	63
6558	55
6559	72
6560	40
6561	41
6562	53
6563	44
6564	48
6565	54
6566	55
6567	82
6568	79
6569	49
6570	68
6571	87
6572	50
6573	56
6574	63
6575	67
6576	50
6577	55
6578	53
6579	57
6580	74
6581	54
6582	41
6583	36
6584	46
6585	51
6586	38
6587	58
6588	38
6589	44
6590	60
6591	56
6592	37
6593	41
6594	55
6595	34
6596	49
6597	38
6598	50
6599	39
6600	60
6601	51
6602	59
6603	78
6604	60
6605	69
6606	65
6607	57
6608	43
6609	46
6610	48
6611	41
6612	54
6613	82
6614	67
6615	59
6616	61
6617	63
6618	64
6619	59
6620	63
6621	45
6622	61
6623	76
6624	47
6625	47
6626	46
6627	44
6628	46
6629	58
6630	58
6631	47
6632	73
6633	53
6634	47
6635	50
6636	39
6637	47
6638	60
6639	38
6640	59
6641	44
6642	29
6643	34
6644	29
6645	28
6646	49
6647	41
6648	52
6649	57
6650	57
6651	46
6652	46
6653	36
6654	41
6655	35
6656	43
6657	54
6658	41
6659	45
6660	39
6661	54
6662	47
6663	47
6664	81
6665	48
6666	31
6667	47
6668	43
6669	54
6670	42
6671	40
6672	49
6673	52
6674	60
6675	51
6676	66
6677	56
6678	39
6679	45
6680	42
6681	38
6682	44
6683	59
6684	46
6685	48
6686	52
6687	56
6688	57
6689	35
6690	44
6691	49
6692	43
6693	40
6694	46
6695	36
6696	41
6697	40
6698	46
6699	43
6700	41
6701	53
6702	59
6703	71
6704	68
6705	66
6706	103
6707	73
6708	44
6709	68
6710	52
6711	59
6712	55
6713	55
6714	48
6715	48
6716	32
6717	40
6718	50
6719	64
6720	70
6721	58
6722	69
6723	42
6724	58
6725	64
6726	64
6727	60
6728	36
6729	73
6730	52
6731	52
6732	79
6733	73
6734	55
6735	40
6736	58
6737	59
6738	51
6739	55
6740	50
6741	56
6742	63
6743	54
6744	55
6745	76
6746	53
6747	46
6748	59
6749	48
6750	53
6751	60
6752	59
6753	71
6754	58
6755	52
6756	73
6757	53
6758	57
6759	66
6760	64
6761	61
6762	74
6763	58
6764	43
6765	69
6766	38
6767	47
6768	35
6769	57
6770	30
6771	55
6772	48
6773	58
6774	46
6775	69
6776	51
6777	57
6778	37
6779	42
6780	55
6781	50
6782	49
6783	42
6784	47
6785	53
6786	54
6787	70
6788	62
6789	66
6790	57
6791	60
6792	53
6793	72
6794	56
6795	57
6796	61
6797	72
6798	50
6799	53
6800	44
6801	55
6802	60
6803	41
6804	64
6805	52
6806	65
6807	55
6808	45
6809	48
6810	45
6811	45
6812	47
6813	42
6814	54
6815	54
6816	59
6817	52
6818	51
6819	85
6820	55
6821	66
6822	58
6823	44
6824	53
6825	51
6826	35
6827	40
6828	52
6829	52
6830	55
6831	45
6832	25
6833	56
6834	59
6835	55
6836	54
6837	50
6838	60
6839	74
6840	52
6841	67
6842	46
6843	38
6844	54
6845	65
6846	56
6847	48
6848	56
6849	46
6850	53
6851	72
6852	64
6853	53
6854	64
6855	41
6856	57
6857	66
6858	60
6859	61
6860	46
6861	41
6862	60
6863	70
6864	43
6865	54
6866	40
6867	43
6868	53
6869	51
6870	42
6871	47
6872	64
6873	41
6874	54
6875	48
6876	79
6877	60
6878	36
6879	59
6880	90
6881	58
6882	44
6883	62
6884	40
6885	48
6886	46
6887	51
6888	53
6889	42
6890	53
6891	81
6892	51
6893	49
6894	58
6895	85
6896	51
6897	52
6898	83
6899	62
6900	74
6901	44
6902	38
6903	51
6904	73
6905	62
6906	61
6907	58
6908	78
6909	41
6910	49
6911	54
6912	74
6913	46
6914	43
6915	51
6916	56
6917	50
6918	50
6919	68
6920	52
6921	62
6922	56
6923	56
6924	56
6925	66
6926	69
6927	56
6928	51
6929	41
6930	62
6931	46
6932	48
6933	52
6934	75
6935	37
6936	44
6937	66
6938	43
6939	55
6940	60
6941	55
6942	68
6943	59
6944	65
6945	58
6946	56
6947	61
6948	70
6949	77
6950	68
6951	76
6952	71
6953	73
6954	60
6955	59
6956	68
6957	55
6958	67
6959	61
6960	72
6961	42
6962	44
6963	65
6964	73
6965	68
6966	72
6967	76
6968	79
6969	71
6970	54
6971	63
6972	75
6973	76
6974	44
6975	70
6976	73
6977	84
6978	93
6979	82
6980	77
6981	83
6982	60
6983	68
6984	60
6985	66
6986	81
6987	66
6988	61
6989	63
6990	49
6991	70
6992	58
6993	50
6994	63
6995	51
6996	70
6997	69
6998	54
6999	41
7000	58
7001	44
7002	51
7003	65
7004	61
7005	41
7006	57
7007	76
7008	59
7009	79
7010	56
7011	53
7012	70
7013	89
7014	66
7015	54
7016	45
7017	56
7018	66
7019	64
7020	69
7021	58
7022	63
7023	69
7024	56
7025	56
7026	75
7027	37
7028	69
7029	65
7030	52
7031	70
7032	65
7033	40
7034	58
7035	52
7036	58
7037	62
7038	40
7039	53
7040	68
7041	69
7042	55
7043	59
7044	61
7045	55
7046	61
7047	76
7048	58
7049	43
7050	52
7051	52
7052	78
7053	51
7054	75
7055	61
7056	56
7057	76
7058	72
7059	55
7060	68
7061	73
7062	54
7063	53
7064	69
7065	50
7066	60
7067	85
7068	65
7069	52
7070	39
7071	47
7072	59
7073	63
7074	73
7075	52
7076	51
7077	46
7078	53
7079	49
7080	55
7081	46
7082	61
7083	63
7084	53
7085	55
7086	59
7087	63
7088	83
7089	53
7090	67
7091	63
7092	57
7093	78
7094	64
7095	55
7096	65
7097	76
7098	72
7099	69
7100	51
7101	61
7102	58
7103	55
7104	49
7105	73
7106	67
7107	53
7108	46
7109	43
7110	47
7111	52
7112	61
7113	58
7114	52
7115	53
7116	46
7117	88
7118	53
7119	69
7120	61
7121	60
7122	87
7123	79
7124	72
7125	53
7126	78
7127	61
7128	67
7129	46
7130	53
7131	35
7132	31
7133	66
7134	46
7135	39
7136	54
7137	59
7138	58
7139	68
7140	57
7141	65
7142	75
7143	62
7144	68
7145	64
7146	55
7147	41
7148	49
7149	61
7150	64
7151	58
7152	58
7153	50
7154	53
7155	73
7156	73
7157	57
7158	44
7159	50
7160	44
7161	38
7162	54
7163	45
7164	30
7165	39
7166	33
7167	54
7168	65
7169	49
7170	58
7171	43
7172	39
7173	40
7174	56
7175	56
7176	90
7177	44
7178	90
7179	58
7180	59
7181	50
7182	22
7183	54
7184	52
7185	45
7186	37
7187	38
7188	63
7189	40
7190	57
7191	79
7192	79
7193	38
7194	60
7195	64
7196	57
7197	51
7198	49
7199	47
7200	66
7201	39
7202	46
7203	59
7204	44
7205	56
7206	43
7207	53
7208	54
7209	53
7210	40
7211	58
7212	58
7213	73
7214	54
7215	36
7216	48
7217	70
7218	61
7219	86
7220	57
7221	53
7222	64
7223	52
7224	36
7225	76
7226	81
7227	78
7228	63
7229	80
7230	79
7231	86
7232	65
7233	39
7234	68
7235	62
7236	54
7237	52
7238	53
7239	68
7240	62
7241	44
7242	65
7243	58
7244	65
7245	38
7246	58
7247	51
7248	41
7249	58
7250	58
7251	72
7252	71
7253	64
7254	86
7255	78
7256	43
7257	72
7258	61
7259	64
7260	62
7261	64
7262	60
7263	56
7264	44
7265	50
7266	80
7267	65
7268	60
7269	54
7270	54
7271	57
7272	57
7273	81
7274	64
7275	63
7276	47
7277	67
7278	65
7279	61
7280	45
7281	54
7282	63
7283	52
7284	40
7285	47
7286	60
7287	57
7288	54
7289	53
7290	44
7291	42
7292	47
7293	56
7294	56
7295	69
7296	58
7297	98
7298	43
7299	56
7300	66
7301	51
7302	46
7303	56
7304	62
7305	61
7306	69
7307	59
7308	58
7309	87
7310	76
7311	55
7312	38
7313	44
7314	62
7315	41
7316	51
7317	51
7318	58
7319	46
7320	65
7321	60
7322	42
7323	50
7324	52
7325	69
7326	52
7327	53
7328	37
7329	48
7330	59
7331	59
7332	52
7333	52
7334	47
7335	70
7336	48
7337	38
7338	46
7339	55
7340	32
7341	34
7342	60
7343	44
7344	42
7345	62
7346	64
7347	61
7348	60
7349	59
7350	50
7351	70
7352	80
7353	56
7354	44
7355	51
7356	60
7357	58
7358	50
7359	57
7360	58
7361	58
7362	70
7363	51
7364	60
7365	50
7366	56
7367	68
7368	58
7369	59
7370	64
7371	51
7372	40
7373	35
7374	39
7375	40
7376	37
7377	52
7378	45
7379	39
7380	57
7381	54
7382	41
7383	59
7384	49
7385	40
7386	55
7387	44
7388	42
7389	58
7390	45
7391	42
7392	32
7393	48
7394	58
7395	58
7396	60
7397	49
7398	55
7399	51
7400	52
7401	55
7402	54
7403	63
7404	37
7405	53
7406	64
7407	38
7408	41
7409	74
7410	45
7411	36
7412	45
7413	44
7414	43
7415	48
7416	52
7417	49
7418	42
7419	34
7420	61
7421	56
7422	39
7423	60
7424	72
7425	48
7426	53
7427	53
7428	66
7429	44
7430	45
7431	47
7432	65
7433	48
7434	56
7435	48
7436	47
7437	49
7438	38
7439	38
7440	57
7441	31
7442	36
7443	59
7444	54
7445	61
7446	41
7447	62
7448	59
7449	61
7450	42
7451	68
7452	48
7453	33
7454	41
7455	56
7456	40
7457	41
7458	47
7459	45
7460	48
7461	37
7462	33
7463	36
7464	37
7465	52
7466	52
7467	53
7468	58
7469	29
7470	42
7471	38
7472	32
7473	33
7474	33
7475	41
7476	44
7477	40
7478	33
7479	45
7480	41
7481	55
7482	44
7483	65
7484	41
7485	47
7486	53
7487	48
7488	66
7489	54
7490	42
7491	46
7492	31
7493	38
7494	42
7495	43
7496	47
7497	35
7498	37
7499	40
7500	45
7501	45
7502	43
7503	18
7504	38
7505	30
7506	49
7507	58
7508	32
7509	52
7510	45
7511	33
7512	32
7513	37
7514	31
7515	24
7516	30
7517	48
7518	28
7519	47
7520	29
7521	43
7522	38
7523	46
7524	43
7525	41
7526	33
7527	40
7528	44
7529	47
7530	47
7531	33
7532	26
7533	17
7534	23
7535	48
7536	42
7537	62
7538	50
7539	30
7540	36
7541	50
7542	33
7543	38
7544	72
7545	42
7546	78
7547	53
7548	70
7549	57
7550	54
7551	57
7552	51
7553	77
7554	66
7555	39
7556	41
7557	27
7558	60
7559	38
7560	61
7561	43
7562	36
7563	51
7564	57
7565	38
7566	64
7567	39
7568	54
7569	52
7570	47
7571	54
7572	38
7573	56
7574	60
7575	64
7576	53
7577	37
7578	40
7579	37
7580	65
7581	67
7582	46
7583	38
7584	63
7585	65
7586	58
7587	48
7588	51
7589	57
7590	37
7591	49
7592	49
7593	41
7594	43
7595	64
7596	48
7597	52
7598	40
7599	52
7600	45
7601	42
7602	39
7603	47
7604	47
7605	52
7606	39
7607	50
7608	47
7609	49
7610	51
7611	41
7612	33
7613	31
7614	55
7615	32
7616	39
7617	49
7618	49
7619	32
7620	38
7621	46
7622	43
7623	52
7624	32
7625	33
7626	45
7627	41
7628	56
7629	42
7630	41
7631	42
7632	48
7633	35
7634	32
7635	48
7636	44
7637	54
7638	29
7639	18
7640	44
7641	36
7642	33
7643	43
7644	49
7645	45
7646	51
7647	43
7648	49
7649	44
7650	42
7651	43
7652	43
7653	32
7654	37
7655	27
7656	37
7657	36
7658	25
7659	69
7660	27
7661	46
7662	37
7663	40
7664	38
7665	27
7666	50
7667	26
7668	28
7669	31
7670	35
7671	69
7672	30
7673	43
7674	42
7675	24
7676	21
7677	51
7678	24
7679	44
7680	46
7681	30
7682	41
7683	34
7684	39
7685	32
7686	44
7687	41
7688	35
7689	38
7690	37
7691	33
7692	46
7693	50
7694	37
7695	35
7696	33
7697	40
7698	32
7699	45
7700	45
7701	42
7702	40
7703	50
7704	49
7705	39
7706	39
7707	49
7708	33
7709	29
7710	29
7711	31
7712	25
7713	34
7714	46
7715	41
7716	38
7717	36
7718	49
7719	44
7720	44
7721	35
7722	38
7723	38
7724	36
7725	61
7726	41
7727	37
7728	58
7729	49
7730	26
7731	50
7732	39
7733	38
7734	43
7735	60
7736	46
7737	38
7738	21
7739	36
7740	47
7741	28
7742	38
7743	53
7744	32
7745	33
7746	30
7747	29
7748	53
7749	59
7750	56
7751	47
7752	30
7753	32
7754	32
7755	51
7756	48
7757	48
7758	35
7759	37
7760	47
7761	44
7762	32
7763	33
7764	27
7765	35
7766	32
7767	25
7768	31
7769	43
7770	33
7771	45
7772	43
7773	40
7774	44
7775	49
7776	29
7777	59
7778	47
7779	48
7780	29
7781	34
7782	41
7783	52
7784	38
7785	44
7786	37
7787	47
7788	27
7789	48
7790	34
7791	42
7792	40
7793	50
7794	53
7795	46
7796	39
7797	35
7798	34
7799	36
7800	42
7801	38
7802	53
7803	43
7804	57
7805	59
7806	30
7807	45
7808	46
7809	36
7810	44
7811	50
7812	32
7813	35
7814	50
7815	38
7816	34
7817	57
7818	62
7819	29
7820	44
7821	60
7822	58
7823	47
7824	44
7825	59
7826	52
7827	50
7828	30
7829	52
7830	36
7831	27
7832	31
7833	42
7834	38
7835	51
7836	57
7837	40
7838	33
7839	41
7840	59
7841	37
7842	55
7843	60
7844	43
7845	51
7846	53
7847	47
7848	51
7849	35
7850	62
7851	30
7852	50
7853	61
7854	54
7855	61
7856	66
7857	70
7858	48
7859	57
7860	59
7861	38
7862	51
7863	42
7864	48
7865	85
7866	56
7867	54
7868	55
7869	55
7870	46
7871	71
7872	47
7873	50
7874	53
7875	53
7876	56
7877	37
7878	50
7879	38
7880	54
7881	58
7882	63
7883	90
7884	119
7885	120
7886	82
7887	72
7888	70
7889	50
7890	35
7891	70
7892	76
7893	62
7894	60
7895	88
7896	58
7897	49
7898	54
7899	60
7900	57
7901	75
7902	59
7903	52
7904	51
7905	66
7906	81
7907	105
7908	88
7909	58
7910	37
7911	67
7912	59
7913	57
7914	58
7915	43
7916	49
7917	44
7918	67
7919	51
7920	60
7921	40
7922	45
7923	58
7924	54
7925	56
7926	51
7927	52
7928	72
7929	45
7930	67
7931	63
7932	55
7933	73
7934	52
7935	61
7936	61
7937	67
7938	51
7939	63
7940	62
7941	71
7942	42
7943	44
7944	40
7945	43
7946	44
7947	46
7948	37
7949	48
7950	46
7951	63
7952	68
7953	57
7954	56
7955	65
7956	67
7957	75
7958	56
7959	53
7960	43
7961	58
7962	44
7963	65
7964	75
7965	46
7966	79
7967	81
7968	80
7969	60
7970	78
7971	40
7972	51
7973	35
7974	51
7975	49
7976	56
7977	56
7978	60
7979	54
7980	52
7981	45
7982	54
7983	65
7984	63
7985	40
7986	31
7987	42
7988	43
7989	61
7990	57
7991	44
7992	61
7993	48
7994	65
7995	44
7996	41
7997	62
7998	45
7999	43
8000	452925
