0	0
1	0
2	0
3	0
4	0
5	0
6	0
7	0
8	0
9	0
10	0
11	0
12	0
13	1
14	0
15	0
16	2
17	0
18	0
19	0
20	0
21	0
22	0
23	0
24	0
25	0
26	2
27	5
28	7
29	1
30	0
31	0
32	3
33	1
34	6
35	3
36	4
37	4
38	6
39	3
40	8
41	14
42	12
43	10
44	4
45	8
46	4
47	9
48	4
49	6
50	3
51	8
52	11
53	7
54	16
55	21
56	14
57	17
58	9
59	17
60	9
61	10
62	20
63	17
64	14
65	12
66	11
67	14
68	24
69	21
70	16
71	31
72	33
73	33
74	25
75	26
76	31
77	19
78	33
79	29
80	38
81	36
82	40
83	58
84	64
85	42
86	45
87	55
88	63
89	56
90	70
91	61
92	68
93	61
94	64
95	90
96	71
97	69
98	95
99	89
100	111
101	105
102	87
103	90
104	117
105	119
106	112
107	132
108	111
109	137
110	155
111	137
112	143
113	148
114	142
115	154
116	163
117	121
118	147
119	148
120	152
121	169
122	157
123	158
124	164
125	190
126	171
127	188
128	190
129	152
130	179
131	177
132	209
133	243
134	214
135	225
136	200
137	230
138	264
139	200
140	233
141	226
142	232
143	275
144	206
145	205
146	217
147	210
148	171
149	187
150	152
151	184
152	187
153	230
154	184
155	183
156	197
157	234
158	184
159	199
160	207
161	190
162	197
163	215
164	219
165	251
166	169
167	276
168	215
169	208
170	220
171	226
172	257
173	265
174	205
175	221
176	200
177	268
178	247
179	213
180	228
181	203
182	211
183	278
184	207
185	210
186	173
187	220
188	239
189	190
190	230
191	231
192	234
193	261
194	205
195	194
196	220
197	212
198	203
199	209
200	201
201	188
202	200
203	217
204	182
205	185
206	205
207	146
208	172
209	145
210	174
211	173
212	181
213	184
214	206
215	187
216	172
217	185
218	178
219	181
220	152
221	135
222	147
223	171
224	159
225	168
226	158
227	156
228	155
229	177
230	167
231	171
232	172
233	167
234	143
235	152
236	141
237	146
238	141
239	173
240	154
241	158
242	174
243	168
244	148
245	162
246	160
247	165
248	187
249	167
250	169
251	184
252	147
253	187
254	154
255	159
256	173
257	132
258	171
259	150
260	156
261	206
262	164
263	171
264	162
265	157
266	141
267	195
268	140
269	149
270	144
271	140
272	149
273	175
274	207
275	160
276	163
277	166
278	177
279	172
280	153
281	172
282	175
283	124
284	130
285	121
286	140
287	133
288	186
289	136
290	164
291	152
292	151
293	164
294	157
295	126
296	149
297	170
298	172
299	160
300	137
301	164
302	161
303	165
304	161
305	159
306	171
307	168
308	145
309	160
310	143
311	144
312	130
313	143
314	125
315	109
316	145
317	137
318	160
319	136
320	146
321	169
322	144
323	146
324	166
325	142
326	129
327	106
328	134
329	149
330	164
331	125
332	154
333	129
334	132
335	95
336	120
337	129
338	133
339	113
340	126
341	138
342	167
343	140
344	144
345	134
346	170
347	105
348	115
349	109
350	115
351	103
352	102
353	86
354	95
355	115
356	115
357	130
358	106
359	102
360	136
361	120
362	137
363	105
364	132
365	115
366	104
367	126
368	138
369	104
370	134
371	145
372	93
373	135
374	101
375	101
376	108
377	111
378	130
379	113
380	99
381	105
382	110
383	134
384	119
385	128
386	126
387	111
388	105
389	124
390	100
391	117
392	98
393	106
394	104
395	79
396	109
397	120
398	113
399	108
400	100
401	125
402	122
403	101
404	113
405	83
406	114
407	107
408	96
409	125
410	91
411	131
412	105
413	113
414	97
415	111
416	120
417	116
418	108
419	108
420	110
421	105
422	104
423	105
424	135
425	100
426	113
427	92
428	98
429	83
430	95
431	84
432	106
433	82
434	94
435	81
436	86
437	91
438	83
439	83
440	70
441	85
442	93
443	72
444	78
445	94
446	66
447	95
448	93
449	92
450	77
451	107
452	81
453	82
454	54
455	78
456	59
457	74
458	77
459	73
460	87
461	95
462	63
463	79
464	74
465	71
466	77
467	66
468	84
469	76
470	65
471	57
472	64
473	51
474	60
475	79
476	64
477	57
478	59
479	48
480	49
481	73
482	44
483	57
484	43
485	48
486	57
487	66
488	74
489	74
490	55
491	64
492	58
493	44
494	57
495	58
496	69
497	58
498	56
499	47
500	64
501	77
502	63
503	38
504	50
505	53
506	59
507	94
508	80
509	64
510	54
511	36
512	44
513	53
514	47
515	47
516	47
517	49
518	38
519	44
520	50
521	67
522	61
523	52
524	54
525	55
526	50
527	35
528	36
529	41
530	39
531	46
532	42
533	45
534	47
535	49
536	51
537	46
538	42
539	31
540	41
541	46
542	40
543	34
544	48
545	33
546	28
547	36
548	43
549	36
550	32
551	38
552	21
553	29
554	35
555	45
556	42
557	29
558	40
559	20
560	45
561	25
562	53
563	34
564	16
565	22
566	24
567	30
568	25
569	28
570	44
571	24
572	23
