0	0
1	0
2	0
3	0
4	0
5	0
6	0
7	0
8	0
9	0
10	0
11	0
12	0
13	1
14	0
15	0
16	2
17	0
18	0
19	0
20	0
21	0
22	0
23	0
24	0
25	0
26	2
27	5
28	7
29	1
30	0
31	0
32	3
33	1
34	6
35	3
36	4
37	4
38	6
39	3
40	9
41	15
42	19
43	10
44	4
45	11
46	6
47	10
48	4
49	6
50	3
51	9
52	11
53	7
54	18
55	23
56	15
57	18
58	10
59	18
60	9
61	10
62	20
63	17
64	14
65	13
66	12
67	14
68	25
69	23
70	17
71	34
72	37
73	33
74	28
75	27
76	34
77	21
78	35
79	30
80	43
81	38
82	41
83	64
84	70
85	47
86	48
87	59
88	72
89	60
90	77
91	68
92	75
93	66
94	74
95	97
96	79
97	80
98	109
99	95
100	132
101	131
102	101
103	106
104	136
105	142
106	126
107	148
108	128
109	176
110	181
111	177
112	181
113	198
114	170
115	204
116	211
117	152
118	173
119	176
120	206
121	208
122	183
123	218
124	225
125	246
126	229
127	259
128	263
129	211
130	240
131	234
132	281
133	365
134	313
135	292
136	275
137	322
138	396
139	329
140	376
141	342
142	374
143	481
144	297
145	332
146	340
147	363
148	295
149	329
150	294
151	328
152	374
153	407
154	357
155	352
156	377
157	489
158	362
159	406
160	404
161	363
162	396
163	433
164	407
165	517
166	332
167	600
168	450
169	480
170	532
171	444
172	609
173	633
174	529
175	524
176	493
177	600
178	529
179	524
180	474
181	470
182	519
183	663
184	526
185	496
186	370
187	546
188	598
189	510
190	575
191	566
192	575
193	670
194	453
195	539
196	621
197	562
198	519
199	485
200	495
201	478
202	524
203	628
204	520
205	497
206	511
207	363
208	467
209	346
210	440
211	507
212	442
213	525
214	522
215	428
216	519
217	488
218	538
219	425
220	391
221	340
222	398
223	383
224	437
225	489
226	425
227	361
228	322
229	405
230	408
231	400
232	457
233	489
234	323
235	323
236	317
237	352
238	338
239	403
240	419
241	400
242	445
243	485
244	333
245	396
246	334
247	375
248	502
249	447
250	534
251	488
252	345
253	466
254	330
255	366
256	383
257	304
258	441
259	370
260	349
261	564
262	428
263	433
264	393
265	397
266	341
267	510
268	334
269	391
270	344
271	311
272	318
273	400
274	551
275	364
276	392
277	368
278	387
279	441
280	367
281	356
282	437
283	232
284	279
285	230
286	272
287	246
288	434
289	294
290	352
291	326
292	382
293	371
294	377
295	228
296	295
297	394
298	293
299	291
300	305
301	348
302	341
303	352
304	373
305	345
306	341
307	395
308	309
309	325
310	278
311	268
312	251
313	298
314	225
315	191
316	302
317	271
318	299
319	276
320	304
321	391
322	335
323	291
324	311
325	267
326	262
327	174
328	254
329	297
330	283
331	261
332	288
333	234
334	221
335	207
336	221
337	265
338	276
339	225
340	186
341	232
342	370
343	298
344	280
345	213
346	354
347	199
348	196
349	188
350	216
351	178
352	214
353	137
354	171
355	192
356	206
357	227
358	193
359	164
360	236
361	184
362	253
363	180
364	228
365	190
366	175
367	230
368	246
369	169
370	232
371	235
372	132
373	233
374	211
375	175
376	179
377	191
378	207
379	168
380	165
381	174
382	196
383	199
384	199
385	226
386	194
387	188
388	154
389	202
390	163
391	178
392	159
393	174
394	142
395	157
396	220
397	180
398	179
399	169
400	166
401	235
402	202
403	150
404	164
405	109
406	169
407	173
408	137
409	184
410	131
411	203
412	178
413	172
414	164
415	153
416	181
417	162
418	188
419	156
420	184
421	155
422	195
423	167
424	199
425	153
426	165
427	123
428	114
429	120
430	129
431	103
432	161
433	112
434	138
435	126
436	116
437	122
438	122
439	103
440	87
441	121
442	128
443	89
444	111
445	129
446	88
447	145
448	119
449	140
450	111
451	180
452	127
453	110
454	80
455	125
456	81
457	92
458	124
459	101
460	129
461	146
462	84
463	99
464	119
465	104
466	121
467	81
468	107
469	100
470	89
471	70
472	85
473	71
474	80
475	104
476	82
477	86
478	73
479	58
480	69
481	91
482	61
483	75
484	60
485	65
486	90
487	101
488	151
489	115
490	109
491	82
492	82
493	55
494	68
495	73
496	104
497	85
498	77
499	73
500	83
501	117
502	91
503	49
504	65
505	62
506	74
507	145
508	115
509	103
510	65
511	39
512	56
513	70
514	57
515	86
516	58
517	77
518	48
519	70
520	86
521	80
522	78
523	64
524	64
525	67
526	67
527	42
528	55
529	65
530	53
531	67
532	69
533	75
534	73
535	83
536	58
537	66
538	47
539	40
540	48
541	61
542	42
543	60
544	74
545	46
546	33
547	58
548	61
549	43
550	42
551	44
552	33
553	33
554	40
555	56
556	59
557	37
558	57
559	23
560	61
561	33
562	79
563	50
564	22
565	33
566	44
