0	0
1	0
2	0
3	0
4	0
5	0
6	0
7	0
8	0
9	0
10	0
11	0
12	0
13	0
14	0
15	0
16	1
17	1
18	0
19	0
20	0
21	1
22	1
23	2
24	1
25	4
26	6
27	3
28	3
29	3
30	2
31	8
32	6
33	2
34	8
35	2
36	12
37	10
38	8
39	6
40	7
41	11
42	12
43	13
44	13
45	14
46	13
47	17
48	11
49	13
50	14
51	12
52	24
53	21
54	16
55	10
56	11
57	20
58	17
59	23
60	24
61	29
62	28
63	24
64	24
65	29
66	23
67	19
68	29
69	34
70	33
71	32
72	48
73	34
74	24
75	32
76	39
77	50
78	44
79	39
80	57
81	51
82	76
83	76
84	77
85	61
86	83
87	60
88	71
89	86
90	74
91	86
92	114
93	76
94	100
95	97
96	128
97	112
98	159
99	144
100	152
101	180
102	122
103	154
104	153
105	142
106	142
107	177
108	169
109	183
110	178
111	209
112	228
113	242
114	190
115	230
116	239
117	220
118	235
119	224
120	256
121	260
122	227
123	266
124	236
125	239
126	267
127	283
128	272
129	251
130	268
131	277
132	328
133	332
134	335
135	296
136	286
137	325
138	390
139	369
140	407
141	373
142	388
143	350
144	377
145	320
146	292
147	266
148	278
149	287
150	298
151	323
152	272
153	272
154	311
155	317
156	314
157	305
158	333
159	385
160	331
161	375
162	331
163	370
164	419
165	400
166	359
167	369
168	385
169	385
170	365
171	447
172	424
173	375
174	399
175	437
176	417
177	439
178	464
179	428
180	484
181	444
182	429
183	455
184	422
185	461
186	438
187	468
188	461
189	443
190	420
191	403
192	540
193	493
194	449
195	484
196	492
197	475
198	442
199	484
200	552
201	473
202	472
203	420
204	467
205	495
206	494
207	462
208	501
209	501
210	445
211	535
212	476
213	515
214	500
215	469
216	470
217	442
218	381
219	399
220	456
221	463
222	425
223	396
224	423
225	445
226	378
227	441
228	455
229	475
230	393
231	409
232	449
233	384
234	401
235	448
236	465
237	410
238	402
239	489
240	392
241	454
242	438
243	419
244	470
245	458
246	437
247	414
248	494
249	423
250	477
251	453
252	465
253	555
254	445
255	482
256	470
257	499
258	444
259	459
260	456
261	448
262	427
263	469
264	488
265	452
266	470
267	444
268	419
269	376
270	442
271	449
272	450
273	470
274	435
275	477
276	522
277	492
278	494
279	484
280	471
281	459
282	487
283	452
284	446
285	481
286	514
287	489
288	439
289	481
290	479
291	482
292	474
293	471
294	479
295	485
296	481
297	467
298	391
299	427
300	500
301	493
302	452
303	528
304	421
305	383
306	429
307	465
308	422
309	465
310	480
311	456
312	365
313	395
314	427
315	445
316	422
317	400
318	400
319	406
320	425
321	419
322	407
323	432
324	382
325	429
326	431
327	389
328	446
329	396
330	388
331	326
332	373
333	381
334	386
335	391
336	369
337	309
338	343
339	362
340	364
341	333
342	329
343	339
344	341
345	348
346	362
347	333
348	338
349	324
350	366
351	361
352	392
353	320
354	336
355	346
356	325
357	362
358	358
359	392
360	339
361	333
362	279
363	288
364	326
365	372
366	305
367	307
368	337
369	328
370	307
371	401
372	300
373	265
374	295
375	275
376	300
377	287
378	335
379	332
380	296
381	305
382	306
383	332
384	303
385	340
386	295
387	274
388	280
389	317
390	354
391	341
392	326
393	304
394	277
395	295
396	264
397	288
398	335
399	291
400	287
401	314
402	326
403	302
404	319
405	287
406	255
407	282
408	298
409	271
410	245
411	313
412	301
413	271
414	249
415	305
416	282
417	282
418	256
419	264
420	275
421	274
422	235
423	290
424	259
425	218
426	250
427	188
428	188
429	241
430	186
431	181
432	216
433	205
434	208
435	199
436	190
437	176
438	224
439	185
440	213
441	175
442	170
443	243
444	202
445	192
446	235
447	203
448	218
449	198
450	183
451	187
452	193
453	189
454	204
455	193
456	183
457	187
458	173
459	173
460	159
461	163
462	142
463	144
464	165
465	137
466	151
467	134
468	142
469	134
470	151
471	137
472	127
473	139
474	121
475	114
476	139
477	130
478	133
479	128
480	133
481	137
482	154
483	145
484	108
485	121
486	102
487	141
488	131
489	137
490	122
491	109
492	118
493	104
494	118
495	109
496	98
497	117
498	91
499	109
500	101
501	128
502	113
503	131
504	113
505	116
506	117
507	151
508	148
509	142
510	108
511	106
512	101
513	93
514	102
515	80
516	97
517	98
518	97
519	103
520	107
521	114
522	114
523	102
524	99
525	89
526	74
527	86
528	80
529	78
530	83
531	83
532	84
533	83
534	80
535	87
536	78
537	66
538	75
539	75
540	73
541	72
542	86
543	81
544	67
545	69
546	75
547	82
548	81
549	61
550	56
551	66
552	60
553	53
554	65
555	55
556	50
557	38
558	50
559	60
560	54
561	64
562	44
563	52
564	43
565	49
