0	0
1	0
2	0
3	0
4	0
5	0
6	0
7	0
8	0
9	0
10	0
11	0
12	0
13	0
14	0
15	0
16	1
17	1
18	0
19	0
20	0
21	1
22	1
23	3
24	1
25	4
26	6
27	3
28	3
29	3
30	2
31	8
32	6
33	2
34	8
35	2
36	15
37	10
38	9
39	8
40	7
41	11
42	12
43	15
44	38
45	15
46	14
47	23
48	11
49	15
50	15
51	12
52	30
53	22
54	16
55	10
56	14
57	22
58	20
59	25
60	26
61	33
62	29
63	25
64	26
65	29
66	23
67	22
68	31
69	36
70	36
71	33
72	55
73	34
74	24
75	33
76	46
77	56
78	45
79	46
80	59
81	56
82	86
83	86
84	98
85	65
86	91
87	66
88	75
89	97
90	78
91	93
92	137
93	92
94	109
95	113
96	144
97	127
98	185
99	163
100	170
101	201
102	135
103	166
104	178
105	164
106	162
107	193
108	201
109	201
110	206
111	265
112	286
113	280
114	229
115	261
116	296
117	257
118	281
119	261
120	339
121	313
122	274
123	339
124	285
125	292
126	330
127	346
128	341
129	306
130	343
131	335
132	418
133	430
134	431
135	373
136	392
137	454
138	571
139	523
140	541
141	512
142	541
143	499
144	525
145	493
146	425
147	392
148	414
149	454
150	470
151	531
152	462
153	446
154	494
155	518
156	532
157	484
158	534
159	622
160	551
161	642
162	535
163	635
164	684
165	723
166	610
167	587
168	627
169	654
170	681
171	811
172	745
173	660
174	768
175	857
176	827
177	875
178	838
179	744
180	932
181	822
182	789
183	812
184	753
185	845
186	842
187	997
188	912
189	853
190	840
191	826
192	1074
193	988
194	946
195	1002
196	1000
197	918
198	887
199	914
200	1048
201	928
202	900
203	782
204	864
205	993
206	996
207	929
208	940
209	1003
210	885
211	1041
212	952
213	1057
214	993
215	1015
216	972
217	966
218	777
219	770
220	895
221	950
222	801
223	799
224	857
225	883
226	794
227	891
228	967
229	966
230	857
231	868
232	968
233	699
234	782
235	941
236	950
237	878
238	888
239	1086
240	820
241	1018
242	954
243	920
244	1045
245	988
246	918
247	779
248	1011
249	878
250	958
251	940
252	949
253	1227
254	991
255	1000
256	913
257	1033
258	895
259	986
260	983
261	974
262	999
263	926
264	1052
265	941
266	991
267	893
268	934
269	721
270	962
271	880
272	891
273	983
274	889
275	1030
276	1067
277	983
278	897
279	887
280	943
281	1015
282	891
283	917
284	868
285	935
286	1010
287	958
288	823
289	1060
290	983
291	961
292	870
293	943
294	1033
295	933
296	1040
297	931
298	674
299	810
300	992
301	943
302	906
303	1071
304	778
305	699
306	836
307	837
308	765
309	905
310	914
311	892
312	661
313	707
314	821
315	866
316	757
317	745
318	776
319	789
320	818
321	784
322	777
323	789
324	688
325	848
326	816
327	702
328	862
329	717
330	710
331	553
332	670
333	705
334	674
335	683
336	669
337	556
338	626
339	628
340	598
341	606
342	566
343	607
344	603
345	602
346	632
347	565
348	611
349	588
350	662
351	625
352	665
353	527
354	536
355	631
356	559
357	594
358	599
359	635
360	560
361	565
362	499
363	504
364	522
365	582
366	483
367	516
368	574
369	611
370	481
371	643
372	507
373	421
374	456
375	449
376	475
377	412
378	526
379	542
380	515
381	518
382	458
383	486
384	480
385	537
386	457
387	467
388	402
389	505
390	586
391	569
392	500
393	496
394	408
395	514
396	387
397	442
398	502
399	429
400	435
401	482
402	480
403	478
404	500
405	417
406	384
407	465
408	469
409	461
410	372
411	438
412	494
413	429
414	372
415	488
416	434
417	431
418	360
419	404
420	427
421	391
422	402
423	435
424	392
425	343
426	373
427	267
428	281
429	384
430	282
431	266
432	305
433	273
434	283
435	286
436	257
437	229
438	325
439	267
440	333
441	231
442	229
443	346
444	285
445	267
446	333
447	268
448	293
449	295
450	251
451	260
452	263
453	272
454	313
455	266
456	253
457	262
458	227
459	241
460	232
461	234
462	213
463	213
464	236
465	190
466	190
467	165
468	194
469	203
470	196
471	202
472	184
473	180
474	163
475	161
476	179
477	171
478	195
479	178
480	171
481	172
482	186
483	183
484	132
485	151
486	131
487	204
488	207
489	208
490	184
491	152
492	146
493	125
494	148
495	132
496	120
497	157
498	116
499	147
500	126
501	190
502	154
503	163
504	140
505	159
506	151
507	216
508	261
509	210
510	147
511	135
512	146
513	126
514	131
515	111
516	127
517	133
518	132
519	144
520	149
521	166
522	159
523	143
524	156
525	108
526	101
527	108
528	103
529	99
530	123
531	107
532	119
533	100
534	106
535	129
536	93
537	78
538	94
539	105
540	93
541	104
542	109
543	108
544	102
545	91
546	93
547	132
548	105
549	73
550	68
551	90
552	86
553	80
554	106
555	65
556	59
557	48
558	61
559	77
560	71
