0	0
1	0
2	0
3	0
4	0
5	0
6	0
7	0
8	0
9	0
10	0
11	0
12	0
13	1
14	3
15	6
16	6
17	7
18	8
19	6
20	9
21	14
22	22
23	17
24	18
25	27
26	23
27	51
28	73
29	67
30	101
31	128
32	143
33	215
34	235
35	255
36	350
37	376
38	460
39	537
40	544
41	625
42	737
43	741
44	856
45	887
46	975
47	993
48	1132
49	1112
50	1197
51	1380
52	1337
53	1383
54	1416
55	1476
56	1531
57	1533
58	1500
59	1600
60	1540
61	1652
62	1749
63	1715
64	1606
65	1848
66	1823
67	1864
68	1969
69	2003
70	2113
71	2063
72	2151
73	2164
74	2121
75	2251
76	2318
77	2385
78	2564
79	2528
80	2539
81	2627
82	2656
83	2923
84	2991
85	3277
86	3091
87	3064
88	3208
89	3510
90	5058
91	4259
92	3774
93	3758
94	3765
95	4001
96	3955
97	4241
98	4301
99	4486
100	4532
101	4807
102	4901
103	5163
104	5256
105	5297
106	5532
107	5740
108	5970
109	6080
110	6138
111	6329
112	6541
113	6803
114	6834
115	7180
116	7606
117	7490
118	7785
119	8191
120	8265
121	8425
122	8537
123	8828
124	9029
125	9383
126	9626
127	9941
128	10201
129	10337
130	10507
131	10775
132	10665
133	11150
134	11565
135	11375
136	11768
137	11968
138	12234
139	12426
140	12583
141	13049
142	13093
143	13375
144	13684
145	12425
146	12603
147	15168
148	16299
149	16782
150	17548
151	17417
152	17514
153	17996
154	18218
155	18886
156	18755
157	19092
158	19231
159	19293
160	20058
161	20113
162	20194
163	20715
164	20781
165	20549
166	20835
167	21212
168	21221
169	21225
170	21335
171	21814
172	21583
173	22204
174	22708
175	22454
176	22899
177	23155
178	23003
179	23307
180	23350
181	23329
182	23029
183	23196
184	23443
185	23819
186	23547
187	23709
188	23651
189	23940
190	23934
191	24318
192	24138
193	24306
194	24416
195	24104
196	24314
197	24419
198	24433
199	24284
200	24649
201	24302
202	24519
203	23943
204	24198
205	23859
206	24090
207	24231
208	24280
209	24352
210	23777
211	24599
212	23654
213	23782
214	23292
215	23307
216	23290
217	23385
218	23115
219	23030
220	22829
221	22699
222	22845
223	23034
224	22590
225	22482
226	22513
227	22711
228	22824
229	22341
230	22177
231	22076
232	21748
233	21864
234	21428
235	21509
236	21601
237	21399
238	21259
239	20742
240	21046
241	20567
242	20269
243	20738
244	20535
245	20515
246	20210
247	20518
248	20427
249	20086
250	19641
251	19847
252	19657
253	19256
254	19221
255	18636
256	19188
257	18758
258	18503
259	18397
260	18493
261	18241
262	18034
263	18479
264	18018
265	17637
266	17749
267	17547
268	17460
269	17622
270	17045
271	17249
272	16830
273	16505
274	16291
275	16262
276	16399
277	16241
278	15874
279	15805
280	15417
281	15647
282	15553
283	15376
284	15332
285	15203
286	14702
287	15043
288	14452
289	14318
290	14321
291	14374
292	14057
293	13867
294	14112
295	13723
296	13379
297	13693
298	13219
299	13176
300	13325
301	13351
302	13013
303	12711
304	12593
305	12450
306	12531
307	12558
308	12252
309	12245
310	12192
311	11902
312	11928
313	11864
314	11746
315	11901
316	11628
317	11350
318	11338
319	10915
320	11113
321	10900
322	10739
323	11005
324	10326
325	10297
326	10427
327	10303
328	10157
329	9985
330	10028
331	9935
332	9860
333	9689
334	9441
335	9214
336	9270
337	9383
338	9321
339	9078
340	8963
341	9016
342	8823
343	8759
344	8928
345	8886
346	8903
347	8557
348	8467
349	8485
350	8142
351	8346
352	8287
353	8173
354	7978
355	7977
356	8083
357	7915
358	7739
359	7440
360	7643
361	7810
362	7737
363	7386
364	7390
365	7445
366	7228
367	7012
368	7246
369	7147
370	6831
371	7008
372	6843
373	6748
374	6669
375	6645
376	6791
377	6507
378	6655
379	6520
380	6639
381	6296
382	6224
383	6484
384	6141
385	6269
386	6095
387	6009
388	6122
389	5938
390	6032
391	5743
392	5916
393	6058
394	5783
395	5588
396	5699
397	5613
398	5433
399	5430
400	5470
401	5535
402	5170
403	5221
404	5123
405	5374
406	5288
407	5024
408	4907
409	5000
410	5126
411	4883
412	4693
413	4826
414	4984
415	4806
416	4909
417	4611
418	4752
419	4666
420	4744
421	4514
422	4555
423	4543
424	4484
425	4592
426	4438
427	4440
428	4317
429	4383
430	4305
431	4277
432	4427
433	4300
434	4161
435	4247
436	3912
437	3832
438	4061
439	3971
440	3937
441	3869
442	3832
443	4007
444	3895
445	3884
446	3805
447	3691
448	3818
449	3918
450	3737
451	3714
452	3810
453	3505
454	3689
455	3555
456	3456
457	3633
458	3548
459	3453
460	3404
461	3471
462	3431
463	3386
464	3436
465	3401
466	3199
467	3313
468	3265
469	3161
470	3381
471	3234
472	3324
473	3273
474	3163
475	3240
476	3154
477	3122
478	3125
479	3180
480	3159
481	3128
482	3170
483	3253
484	2952
485	3090
486	3014
487	2969
488	3091
489	2759
490	2953
491	2995
492	2983
493	2854
494	2917
495	2903
496	2855
497	2796
498	2728
499	2890
500	2879
501	2752
502	2713
503	2851
504	2837
505	2769
506	2709
507	2708
508	2753
509	2704
510	2758
511	2619
512	2674
513	2695
514	2771
515	2597
516	2585
517	2687
518	2536
519	2488
520	2547
521	2557
522	2623
523	2546
524	2514
525	2601
526	2647
527	2562
528	2623
529	2526
530	2433
531	2499
532	2491
533	2592
534	2435
535	2644
536	2423
537	2451
538	2307
539	2524
540	2382
541	2378
542	2306
543	2351
544	2324
545	2418
546	2307
547	2397
548	2362
549	2296
550	2295
551	2261
552	2349
553	2276
554	2308
555	2326
556	2392
557	2382
558	2101
559	2365
560	2250
561	2271
562	2209
563	2257
564	2105
565	2195
566	2257
567	2164
568	2136
569	2172
570	2215
571	2189
572	2170
573	2054
574	2187
575	2224
576	2156
577	2163
578	2254
579	2265
580	2203
581	2102
582	2030
583	1998
584	2055
585	2133
586	2112
587	2051
588	2127
589	2092
590	1959
591	2029
592	2045
593	2056
594	2123
595	2038
596	2039
597	2071
598	1990
599	2003
600	2028
601	2055
602	2111
603	1962
604	1981
605	2000
606	1999
607	1906
608	1918
609	1967
610	1926
611	1921
612	1960
613	1900
614	1858
615	2047
616	2015
617	1824
618	1927
619	2003
620	1863
621	1747
622	1874
623	1872
624	1897
625	1949
626	1947
627	1857
628	1837
629	1922
630	2005
631	1965
632	1846
633	1920
634	1982
635	1896
636	1864
637	1876
638	1912
639	1888
640	1971
641	1812
642	1948
643	1830
644	1727
645	1833
646	1888
647	1830
648	1953
649	1788
650	1807
651	1863
652	1817
653	1718
654	1780
655	1802
656	1757
657	1769
658	1811
659	1829
660	1793
661	1873
662	1770
663	1711
664	1716
665	1761
666	1676
667	1688
668	1714
669	1714
670	1737
671	1766
672	1857
673	1748
674	1849
675	1660
676	1855
677	1791
678	1681
679	1730
680	1564
681	1623
682	1686
683	1681
684	1669
685	1714
686	1681
687	1721
688	1765
689	1750
690	1720
691	1724
692	1778
693	1736
694	1708
695	1714
696	1660
697	1726
698	1724
699	1658
700	1831
701	1688
702	1730
703	1741
704	1660
705	1717
706	1754
707	1712
708	1595
709	1706
710	1791
711	1681
712	1681
713	1621
714	1713
715	1641
716	1631
717	1673
718	1664
719	1575
720	1697
721	1643
722	1662
723	1602
724	1693
725	1621
726	1624
727	1726
728	1671
729	1592
730	1614
731	1698
732	1675
733	1670
734	1704
735	1705
736	1725
737	1697
738	1633
739	1672
740	1745
741	1615
742	1689
743	1696
744	1641
745	1682
746	1642
747	1651
748	1551
749	1536
750	1663
751	1578
752	1674
753	1664
754	1594
755	1588
756	1611
757	1637
758	1488
759	1552
760	1557
761	1524
762	1490
763	1637
764	1532
765	1593
766	1634
767	1461
768	1637
769	1464
770	1565
771	1474
772	1596
773	1567
774	1611
775	1590
776	1559
777	1611
778	1593
779	1512
780	1514
781	1517
782	1466
783	1641
784	1554
785	1578
786	1628
787	1620
788	1600
789	1425
790	1481
791	1591
792	1562
793	1493
794	1606
795	1480
796	1575
797	1549
798	1531
799	1547
800	1561
801	1502
802	1581
803	1516
804	1477
805	1510
806	1524
807	1638
808	1614
809	1561
810	1476
811	1497
812	1450
813	1536
814	1527
815	1421
816	1553
817	1571
818	1419
819	1449
820	1459
821	1492
822	1480
823	1578
824	1522
825	1407
826	1449
827	1405
828	1411
829	1472
830	1444
831	1418
832	1548
833	1445
834	1386
835	1461
836	1533
837	1387
838	1426
839	1472
840	1404
841	1440
842	1459
843	1430
844	1398
845	1274
846	1491
847	1436
848	1444
849	1502
850	1422
851	1486
852	1421
853	1406
854	1491
855	1505
856	1471
857	1499
858	1396
859	1440
860	1396
861	1407
862	1424
863	1482
864	1566
865	1455
866	1447
867	1433
868	1570
869	1499
870	1442
871	1466
872	1499
873	1540
874	1466
875	1415
876	1486
877	1528
878	1522
879	1483
880	1431
881	1437
882	1380
883	1435
884	1447
885	1506
886	1378
887	1408
888	1407
889	1469
890	1438
891	1405
892	1406
893	1465
894	1409
895	1419
896	1422
897	1369
898	1360
899	1400
900	1349
901	1366
902	1464
903	1454
904	1363
905	1313
906	1433
907	1408
908	1396
909	1325
910	1437
911	1354
912	1348
913	1362
914	1297
915	1372
916	1395
917	1305
918	1252
919	1308
920	1294
921	1271
922	1340
923	1287
924	1283
925	1289
926	1312
927	1333
928	1298
929	1400
930	1355
931	1324
932	1283
933	1294
934	1211
935	1361
936	1394
937	1377
938	1366
939	1318
940	1345
941	1171
942	1320
943	1303
944	1250
945	1327
946	1249
947	1318
948	1338
949	1263
950	1263
951	1352
952	1232
953	1336
954	1311
955	1319
956	1304
957	1243
958	1312
959	1358
960	1258
961	1158
962	1200
963	1289
964	1243
965	1214
966	1242
967	1306
968	1208
969	1224
970	1244
971	1199
972	1221
973	1184
974	1214
975	1159
976	1278
977	1183
978	1260
979	1333
980	1184
981	1236
982	1153
983	1209
984	1241
985	1197
986	1240
987	1172
988	1165
989	1211
990	1263
991	1150
992	1253
993	1176
994	1162
995	1176
996	1153
997	1251
998	1203
999	1163
1000	1235
1001	1128
1002	1181
1003	1142
1004	1198
1005	1147
1006	1131
1007	1147
1008	1085
1009	1200
1010	1158
1011	1179
1012	1185
1013	1225
1014	1176
1015	1160
1016	1164
1017	1115
1018	1108
1019	1109
1020	1066
1021	1218
1022	1153
1023	1153
1024	1148
1025	1062
1026	1130
1027	1131
1028	1132
1029	1098
1030	1183
1031	1073
1032	1030
1033	1090
1034	1044
1035	1077
1036	1166
1037	1011
1038	1150
1039	1091
1040	1154
1041	1050
1042	1061
1043	1249
1044	1084
1045	1144
1046	1094
1047	1047
1048	1034
1049	989
1050	1105
1051	965
1052	1031
1053	1040
1054	1060
1055	1053
1056	1029
1057	1099
1058	1008
1059	1037
1060	1040
1061	1081
1062	1056
1063	1084
1064	1063
1065	1113
1066	1008
1067	1041
1068	1057
1069	1001
1070	1020
1071	1017
1072	947
1073	1084
1074	1002
1075	978
1076	1059
1077	1037
1078	1045
1079	1082
1080	1064
1081	1117
1082	1020
1083	956
1084	996
1085	1048
1086	1083
1087	989
1088	980
1089	978
1090	1011
1091	993
1092	1073
1093	1011
1094	1068
1095	1068
1096	1084
1097	985
1098	1176
1099	1082
1100	1008
1101	1037
1102	962
1103	922
1104	1065
1105	1095
1106	1058
1107	1015
1108	1197
1109	1056
1110	1008
1111	1070
1112	1055
1113	1063
1114	1080
1115	1030
1116	1010
1117	1015
1118	986
1119	1004
1120	1026
1121	1008
1122	1040
1123	990
1124	1015
1125	1039
1126	1085
1127	1012
1128	972
1129	1015
1130	1031
1131	1036
1132	1007
1133	1093
1134	1141
1135	1018
1136	1038
1137	978
1138	952
1139	995
1140	1012
1141	994
1142	1070
1143	1040
1144	1010
1145	1085
1146	943
1147	1044
1148	1010
1149	1028
1150	1070
1151	1056
1152	1042
1153	981
1154	943
1155	1006
1156	1060
1157	965
1158	1037
1159	940
1160	1003
1161	979
1162	981
1163	1025
1164	1048
1165	1074
1166	1026
1167	1015
1168	992
1169	1042
1170	1008
1171	949
1172	929
1173	959
1174	986
1175	994
1176	1020
1177	1032
1178	1032
1179	1083
1180	1053
1181	1071
1182	1043
1183	948
1184	1045
1185	1059
1186	1065
1187	1046
1188	1019
1189	1063
1190	1048
1191	1017
1192	1052
1193	919
1194	990
1195	933
1196	980
1197	1051
1198	948
1199	974
1200	1125
1201	1098
1202	1013
1203	1007
1204	1034
1205	1049
1206	1018
1207	1026
1208	988
1209	955
1210	971
1211	1005
1212	988
1213	1056
1214	980
1215	932
1216	1000
1217	1013
1218	973
1219	1044
1220	1013
1221	1029
1222	989
1223	958
1224	971
1225	996
1226	1067
1227	1069
1228	1006
1229	1024
1230	1050
1231	974
1232	942
1233	1007
1234	1066
1235	1006
1236	1016
1237	999
1238	1003
1239	1064
1240	973
1241	958
1242	1005
1243	1002
1244	1019
1245	959
1246	987
1247	1032
1248	979
1249	928
1250	1096
1251	1015
1252	989
1253	980
1254	938
1255	989
1256	944
1257	969
1258	1068
1259	1010
1260	1188
1261	1063
1262	976
1263	1000
1264	1023
1265	988
1266	969
1267	1016
1268	1073
1269	1046
1270	1034
1271	1008
1272	1029
1273	1011
1274	979
1275	947
1276	1004
1277	1041
1278	1033
1279	970
1280	1035
1281	1014
1282	1040
1283	1050
1284	994
1285	1053
1286	1018
1287	998
1288	1080
1289	1000
1290	1013
1291	998
1292	1044
1293	975
1294	1032
1295	1064
1296	988
1297	949
1298	931
1299	988
1300	929
1301	954
1302	1010
1303	1041
1304	1079
1305	990
1306	1032
1307	1004
1308	948
1309	1025
1310	1016
1311	1064
1312	1020
1313	907
1314	979
1315	938
1316	990
1317	976
1318	1005
1319	1006
1320	1048
1321	1108
1322	958
1323	1026
1324	1029
1325	1075
1326	1004
1327	975
1328	999
1329	1027
1330	1035
1331	1043
1332	994
1333	1044
1334	1006
1335	1081
1336	960
1337	882
1338	1033
1339	1007
1340	980
1341	1043
1342	981
1343	922
1344	1031
1345	909
1346	944
1347	1010
1348	946
1349	905
1350	963
1351	1014
1352	953
1353	946
1354	975
1355	1003
1356	926
1357	1014
1358	1070
1359	966
1360	994
1361	862
1362	891
1363	961
1364	902
1365	984
1366	918
1367	958
1368	887
1369	942
1370	917
1371	876
1372	965
1373	992
1374	979
1375	900
1376	906
1377	961
1378	869
1379	872
1380	852
1381	941
1382	932
1383	950
1384	907
1385	956
1386	953
1387	964
1388	968
1389	912
1390	960
1391	933
1392	875
1393	973
1394	889
1395	952
1396	875
1397	985
1398	984
1399	998
1400	902
1401	957
1402	909
1403	903
1404	882
1405	1044
1406	1043
1407	919
1408	965
1409	1040
1410	905
1411	862
1412	944
1413	936
1414	1034
1415	905
1416	924
1417	971
1418	966
1419	984
1420	1024
1421	898
1422	912
1423	934
1424	885
1425	881
1426	945
1427	1027
1428	856
1429	874
1430	995
1431	942
1432	882
1433	871
1434	910
1435	869
1436	929
1437	787
1438	840
1439	972
1440	911
1441	854
1442	827
1443	837
1444	843
1445	914
1446	927
1447	858
1448	922
1449	861
1450	939
1451	822
1452	865
1453	923
1454	840
1455	817
1456	883
1457	880
1458	932
1459	915
1460	861
1461	921
1462	918
1463	868
1464	929
1465	890
1466	866
1467	903
1468	859
1469	860
1470	829
1471	860
1472	837
1473	769
1474	847
1475	846
1476	883
1477	869
1478	853
1479	906
1480	940
1481	831
1482	846
1483	871
1484	857
1485	829
1486	855
1487	832
1488	859
1489	874
1490	820
1491	911
1492	855
1493	911
1494	926
1495	919
1496	819
1497	864
1498	868
1499	794
1500	868
1501	870
1502	922
1503	788
1504	858
1505	861
1506	889
1507	884
1508	918
1509	867
1510	850
1511	822
1512	876
1513	863
1514	842
1515	785
1516	863
1517	810
1518	810
1519	916
1520	901
1521	843
1522	891
1523	940
1524	879
1525	868
1526	862
1527	827
1528	891
1529	857
1530	896
1531	808
1532	852
1533	959
1534	880
1535	904
1536	975
1537	869
1538	767
1539	820
1540	824
1541	932
1542	846
1543	935
1544	882
1545	879
1546	855
1547	884
1548	877
1549	850
1550	893
1551	869
1552	862
1553	844
1554	883
1555	888
1556	880
1557	907
1558	889
1559	921
1560	861
1561	871
1562	856
1563	874
1564	916
1565	852
1566	879
1567	857
1568	864
1569	949
1570	923
1571	844
1572	890
1573	814
1574	909
1575	894
1576	862
1577	886
1578	931
1579	962
1580	997
1581	879
1582	921
1583	966
1584	884
1585	893
1586	876
1587	861
1588	827
1589	964
1590	949
1591	867
1592	863
1593	912
1594	902
1595	867
1596	959
1597	901
1598	930
1599	891
1600	924
1601	883
1602	844
1603	878
1604	872
1605	923
1606	900
1607	821
1608	842
1609	858
1610	836
1611	884
1612	858
1613	845
1614	924
1615	874
1616	803
1617	824
1618	801
1619	832
1620	834
1621	840
1622	749
1623	790
1624	769
1625	854
1626	923
1627	868
1628	815
1629	847
1630	929
1631	867
1632	828
1633	836
1634	836
1635	804
1636	811
1637	833
1638	819
1639	841
1640	854
1641	900
1642	848
1643	915
1644	819
1645	910
1646	937
1647	868
1648	868
1649	907
1650	829
1651	875
1652	768
1653	794
1654	880
1655	850
1656	832
1657	841
1658	783
1659	798
1660	858
1661	870
1662	851
1663	784
1664	807
1665	828
1666	846
1667	789
1668	794
1669	788
1670	811
1671	864
1672	801
1673	878
1674	804
1675	879
1676	795
1677	830
1678	857
1679	809
1680	813
1681	825
1682	904
1683	841
1684	785
1685	817
1686	873
1687	879
1688	862
1689	839
1690	779
1691	839
1692	850
1693	840
1694	823
1695	742
1696	734
1697	794
1698	773
1699	780
1700	838
1701	912
1702	837
1703	816
1704	830
1705	830
1706	814
1707	833
1708	911
1709	872
1710	872
1711	846
1712	910
1713	878
1714	910
1715	925
1716	923
1717	869
1718	781
1719	847
1720	839
1721	835
1722	883
1723	891
1724	783
1725	849
1726	899
1727	820
1728	865
1729	871
1730	824
1731	879
1732	927
1733	945
1734	931
1735	902
1736	944
1737	846
1738	889
1739	840
1740	797
1741	769
1742	806
1743	857
1744	882
1745	880
1746	867
1747	895
1748	910
1749	860
1750	851
1751	797
1752	791
1753	808
1754	751
1755	845
1756	871
1757	815
1758	865
1759	805
1760	887
1761	742
1762	776
1763	778
1764	819
1765	819
1766	847
1767	805
1768	792
1769	811
1770	786
1771	870
1772	851
1773	802
1774	751
1775	766
1776	715
1777	809
1778	728
1779	814
1780	793
1781	791
1782	721
1783	827
1784	773
1785	755
1786	835
1787	867
1788	841
1789	807
1790	814
1791	751
1792	891
1793	680
1794	675
1795	812
1796	837
1797	743
1798	712
1799	787
1800	776
1801	856
1802	825
1803	805
1804	845
1805	789
1806	808
1807	778
1808	766
1809	762
1810	690
1811	706
1812	780
1813	745
1814	699
1815	725
1816	788
1817	740
1818	682
1819	687
1820	801
1821	722
1822	748
1823	746
1824	709
1825	805
1826	775
1827	764
1828	700
1829	795
1830	644
1831	730
1832	757
1833	760
1834	721
1835	749
1836	765
1837	778
1838	785
1839	796
1840	698
1841	727
1842	680
1843	830
1844	772
1845	779
1846	771
1847	699
1848	726
1849	717
1850	675
1851	755
1852	718
1853	787
1854	731
1855	735
1856	708
1857	728
1858	701
1859	727
1860	670
1861	682
1862	677
1863	715
1864	682
1865	655
1866	767
1867	754
1868	691
1869	730
1870	732
1871	713
1872	722
1873	757
1874	806
1875	785
1876	814
1877	771
1878	699
1879	752
1880	696
1881	724
1882	757
1883	734
1884	729
1885	724
1886	751
1887	717
1888	671
1889	712
1890	735
1891	728
1892	765
1893	737
1894	768
1895	784
1896	731
1897	739
1898	794
1899	778
1900	679
1901	732
1902	670
1903	696
1904	716
1905	748
1906	730
1907	763
1908	758
1909	719
1910	674
1911	701
1912	686
1913	694
1914	669
1915	662
1916	758
1917	692
1918	678
1919	741
1920	725
1921	729
1922	690
1923	753
1924	706
1925	784
1926	740
1927	724
1928	800
1929	787
1930	762
1931	736
1932	649
1933	757
1934	765
1935	693
1936	698
1937	692
1938	729
1939	752
1940	781
1941	761
1942	695
1943	675
1944	740
1945	681
1946	721
1947	741
1948	751
1949	689
1950	731
1951	664
1952	707
1953	772
1954	789
1955	734
1956	719
1957	708
1958	804
1959	699
1960	739
1961	647
1962	796
1963	678
1964	704
1965	708
1966	746
1967	806
1968	774
1969	777
1970	693
1971	729
1972	744
1973	725
1974	734
1975	747
1976	686
1977	740
1978	707
1979	667
1980	785
1981	690
1982	736
1983	770
1984	726
1985	774
1986	768
1987	728
1988	746
1989	758
1990	809
1991	824
1992	721
1993	762
1994	760
1995	795
1996	763
1997	743
1998	703
1999	702
2000	739
2001	761
2002	734
2003	824
2004	740
2005	701
2006	687
2007	734
2008	780
2009	737
2010	760
2011	848
2012	743
2013	838
2014	790
2015	778
2016	830
2017	734
2018	797
2019	836
2020	695
2021	771
2022	803
2023	764
2024	791
2025	726
2026	742
2027	681
2028	739
2029	764
2030	765
2031	763
2032	771
2033	786
2034	781
2035	839
2036	751
2037	775
2038	711
2039	752
2040	814
2041	831
2042	810
2043	776
2044	781
2045	917
2046	874
2047	869
2048	806
2049	812
2050	853
2051	768
2052	827
2053	834
2054	839
2055	808
2056	814
2057	829
2058	708
2059	801
2060	765
2061	794
2062	870
2063	835
2064	836
2065	739
2066	765
2067	765
2068	773
2069	748
2070	761
2071	744
2072	805
2073	789
2074	766
2075	748
2076	810
2077	747
2078	691
2079	789
2080	736
2081	695
2082	748
2083	768
2084	767
2085	768
2086	684
2087	767
2088	791
2089	781
2090	752
2091	903
2092	781
2093	813
2094	746
2095	815
2096	762
2097	749
2098	752
2099	744
2100	761
2101	802
2102	791
2103	705
2104	802
2105	785
2106	758
2107	814
2108	689
2109	771
2110	811
2111	780
2112	740
2113	732
2114	725
2115	748
2116	769
2117	751
2118	756
2119	704
2120	844
2121	656
2122	708
2123	722
2124	774
2125	689
2126	736
2127	706
2128	801
2129	739
2130	692
2131	701
2132	619
2133	648
2134	637
2135	685
2136	733
2137	715
2138	774
2139	676
2140	726
2141	717
2142	705
2143	684
2144	657
2145	617
2146	654
2147	677
2148	709
2149	763
2150	676
2151	712
2152	627
2153	720
2154	688
2155	694
2156	772
2157	735
2158	716
2159	724
2160	640
2161	754
2162	666
2163	755
2164	728
2165	739
2166	680
2167	696
2168	714
2169	731
2170	673
2171	717
2172	686
2173	645
2174	711
2175	697
2176	747
2177	693
2178	685
2179	728
2180	717
2181	732
2182	671
2183	654
2184	700
2185	647
2186	610
2187	641
2188	676
2189	649
2190	669
2191	717
2192	665
2193	662
2194	711
2195	745
2196	613
2197	687
2198	667
2199	641
2200	708
2201	610
2202	653
2203	663
2204	718
2205	708
2206	764
2207	712
2208	697
2209	754
2210	647
2211	693
2212	670
2213	700
2214	758
2215	649
2216	647
2217	617
2218	681
2219	641
2220	669
2221	673
2222	754
2223	723
2224	671
2225	739
2226	698
2227	633
2228	671
2229	687
2230	700
2231	665
2232	690
2233	675
2234	636
2235	689
2236	741
2237	678
2238	675
2239	687
2240	666
2241	675
2242	674
2243	680
2244	657
2245	728
2246	690
2247	728
2248	693
2249	705
2250	725
2251	635
2252	753
2253	640
2254	700
2255	796
2256	742
2257	742
2258	771
2259	701
2260	697
2261	694
2262	661
2263	809
2264	783
2265	748
2266	726
2267	723
2268	729
2269	697
2270	664
2271	743
2272	710
2273	675
2274	650
2275	752
2276	709
2277	657
2278	698
2279	698
2280	713
2281	750
2282	755
2283	778
2284	743
2285	737
2286	723
2287	710
2288	698
2289	695
2290	754
2291	730
2292	700
2293	646
2294	677
2295	661
2296	762
2297	686
2298	658
2299	677
2300	704
2301	686
2302	703
2303	693
2304	680
2305	691
2306	752
2307	717
2308	694
2309	732
2310	699
2311	712
2312	794
2313	745
2314	715
2315	644
2316	724
2317	695
2318	680
2319	700
2320	687
2321	746
2322	701
2323	723
2324	727
2325	682
2326	685
2327	682
2328	679
2329	643
2330	707
2331	671
2332	685
2333	666
2334	732
2335	657
2336	751
2337	727
2338	728
2339	703
2340	678
2341	670
2342	675
2343	589
2344	705
2345	682
2346	679
2347	663
2348	639
2349	662
2350	705
2351	651
2352	613
2353	751
2354	622
2355	713
2356	723
2357	709
2358	695
2359	683
2360	683
2361	668
2362	704
2363	696
2364	712
2365	684
2366	645
2367	697
2368	650
2369	634
2370	678
2371	644
2372	656
2373	716
2374	667
2375	658
2376	686
2377	660
2378	600
2379	597
2380	640
2381	670
2382	695
2383	730
2384	676
2385	677
2386	762
2387	718
2388	642
2389	648
2390	702
2391	685
2392	671
2393	686
2394	673
2395	652
2396	669
2397	719
2398	688
2399	639
2400	668
2401	645
2402	716
2403	704
2404	687
2405	664
2406	703
2407	729
2408	738
2409	686
2410	690
2411	732
2412	691
2413	658
2414	767
2415	694
2416	682
2417	689
2418	601
2419	677
2420	640
2421	632
2422	686
2423	676
2424	712
2425	673
2426	670
2427	649
2428	694
2429	732
2430	761
2431	707
2432	719
2433	746
2434	688
2435	657
2436	650
2437	699
2438	692
2439	629
2440	657
2441	672
2442	733
2443	706
2444	733
2445	591
2446	715
2447	623
2448	680
2449	618
2450	670
2451	692
2452	716
2453	794
2454	685
2455	650
2456	632
2457	651
2458	623
2459	652
2460	691
2461	761
2462	651
2463	631
2464	689
2465	717
2466	681
2467	698
2468	682
2469	621
2470	655
2471	650
2472	634
2473	718
2474	655
2475	666
2476	617
2477	660
2478	603
2479	696
2480	668
2481	660
2482	607
2483	617
2484	609
2485	682
2486	644
2487	676
2488	623
2489	694
2490	639
2491	707
2492	633
2493	672
2494	657
2495	634
2496	714
2497	667
2498	639
2499	707
2500	669
2501	613
2502	631
2503	667
2504	654
2505	623
2506	585
2507	611
2508	657
2509	639
2510	673
2511	668
2512	655
2513	677
2514	642
2515	642
2516	658
2517	689
2518	662
2519	691
2520	666
2521	686
2522	593
2523	608
2524	680
2525	661
2526	641
2527	668
2528	621
2529	696
2530	642
2531	687
2532	629
2533	606
2534	629
2535	591
2536	604
2537	680
2538	662
2539	615
2540	599
2541	632
2542	640
2543	569
2544	578
2545	644
2546	688
2547	647
2548	601
2549	568
2550	597
2551	577
2552	554
2553	560
2554	568
2555	657
2556	587
2557	607
2558	603
2559	605
2560	539
2561	562
2562	543
2563	572
2564	642
2565	637
2566	565
2567	574
2568	584
2569	585
2570	611
2571	603
2572	611
2573	585
2574	608
2575	628
2576	538
2577	641
2578	641
2579	593
2580	631
2581	608
2582	615
2583	617
2584	630
2585	568
2586	593
2587	647
2588	614
2589	578
2590	565
2591	534
2592	552
2593	595
2594	564
2595	589
2596	650
2597	556
2598	596
2599	537
2600	635
2601	611
2602	543
2603	652
2604	589
2605	567
2606	539
2607	522
2608	567
2609	542
2610	603
2611	621
2612	553
2613	570
2614	627
2615	522
2616	571
2617	545
2618	556
2619	608
2620	556
2621	510
2622	564
2623	549
2624	557
2625	638
2626	538
2627	527
2628	547
2629	531
2630	561
2631	594
2632	547
2633	581
2634	501
2635	572
2636	521
2637	534
2638	557
2639	590
2640	534
2641	572
2642	633
2643	644
2644	555
2645	576
2646	571
2647	583
2648	531
2649	557
2650	547
2651	555
2652	561
2653	577
2654	558
2655	630
2656	569
2657	600
2658	612
2659	594
2660	581
2661	596
2662	595
2663	613
2664	587
2665	609
2666	619
2667	626
2668	612
2669	570
2670	576
2671	583
2672	587
2673	550
2674	601
2675	569
2676	606
2677	531
2678	534
2679	577
2680	600
2681	602
2682	572
2683	560
2684	583
2685	601
2686	579
2687	542
2688	510
2689	641
2690	572
2691	533
2692	582
2693	637
2694	574
2695	648
2696	541
2697	569
2698	568
2699	557
2700	537
2701	592
2702	532
2703	600
2704	625
2705	601
2706	575
2707	650
2708	556
2709	630
2710	599
2711	639
2712	601
2713	576
2714	532
2715	533
2716	594
2717	521
2718	542
2719	556
2720	526
2721	552
2722	565
2723	636
2724	572
2725	566
2726	608
2727	545
2728	576
2729	487
2730	609
2731	575
2732	533
2733	529
2734	592
2735	574
2736	500
2737	555
2738	540
2739	533
2740	554
2741	552
2742	530
2743	603
2744	547
2745	567
2746	523
2747	576
2748	526
2749	570
2750	577
2751	563
2752	565
2753	553
2754	550
2755	510
2756	558
2757	575
2758	546
2759	549
2760	499
2761	514
2762	546
2763	518
2764	553
2765	531
2766	615
2767	540
2768	596
2769	595
2770	511
2771	589
2772	525
2773	528
2774	568
2775	492
2776	537
2777	543
2778	566
2779	579
2780	561
2781	482
2782	507
2783	543
2784	600
2785	529
2786	455
2787	497
2788	542
2789	480
2790	410
2791	551
2792	472
2793	506
2794	551
2795	573
2796	533
2797	512
2798	520
2799	545
2800	521
2801	607
2802	538
2803	517
2804	531
2805	514
2806	528
2807	538
2808	512
2809	517
2810	472
2811	489
2812	591
2813	484
2814	489
2815	524
2816	511
2817	552
2818	577
2819	509
2820	500
2821	488
2822	550
2823	488
2824	568
2825	499
2826	483
2827	483
2828	540
2829	467
2830	513
2831	498
2832	517
2833	495
2834	542
2835	521
2836	549
2837	524
2838	528
2839	562
2840	547
2841	532
2842	536
2843	555
2844	528
2845	486
2846	517
2847	545
2848	451
2849	470
2850	538
2851	506
2852	426
2853	494
2854	528
2855	552
2856	488
2857	481
2858	566
2859	509
2860	493
2861	519
2862	557
2863	483
2864	505
2865	561
2866	555
2867	564
2868	527
2869	464
2870	530
2871	486
2872	481
2873	554
2874	514
2875	510
2876	483
2877	453
2878	494
2879	532
2880	506
2881	467
2882	511
2883	505
2884	569
2885	538
2886	496
2887	514
2888	553
2889	554
2890	494
2891	506
2892	514
2893	455
2894	481
2895	517
2896	518
2897	461
2898	526
2899	490
2900	549
2901	513
2902	570
2903	536
2904	534
2905	547
2906	580
2907	531
2908	530
2909	517
2910	519
2911	511
2912	555
2913	508
2914	582
2915	506
2916	433
2917	504
2918	520
2919	502
2920	509
2921	494
2922	500
2923	465
2924	483
2925	520
2926	550
2927	482
2928	494
2929	511
2930	488
2931	444
2932	518
2933	524
2934	553
2935	480
2936	515
2937	518
2938	441
2939	471
2940	510
2941	528
2942	567
2943	521
2944	492
2945	421
2946	472
2947	462
2948	552
2949	507
2950	460
2951	468
2952	431
2953	435
2954	469
2955	473
2956	456
2957	460
2958	453
2959	455
2960	408
2961	453
2962	497
2963	455
2964	441
2965	464
2966	475
2967	476
2968	418
2969	411
2970	432
2971	412
2972	483
2973	517
2974	481
2975	503
2976	490
2977	447
2978	438
2979	496
2980	419
2981	429
2982	436
2983	445
2984	488
2985	459
2986	433
2987	498
2988	457
2989	475
2990	495
2991	462
2992	456
2993	475
2994	461
2995	509
2996	463
2997	503
2998	464
2999	476
3000	509
3001	429
3002	467
3003	468
3004	461
3005	439
3006	499
3007	497
3008	538
3009	490
3010	454
3011	504
3012	491
3013	503
3014	478
3015	587
3016	478
3017	464
3018	475
3019	448
3020	457
3021	503
3022	503
3023	524
3024	497
3025	502
3026	514
3027	472
3028	472
3029	511
3030	533
3031	519
3032	481
3033	522
3034	511
3035	471
3036	481
3037	486
3038	533
3039	517
3040	509
3041	520
3042	530
3043	507
3044	502
3045	511
3046	502
3047	518
3048	470
3049	464
3050	484
3051	484
3052	467
3053	505
3054	528
3055	465
3056	498
3057	567
3058	545
3059	541
3060	491
3061	553
3062	467
3063	504
3064	506
3065	505
3066	485
3067	520
3068	539
3069	518
3070	500
3071	518
3072	555
3073	554
3074	513
3075	522
3076	524
3077	528
3078	509
3079	496
3080	527
3081	491
3082	526
3083	517
3084	478
3085	471
3086	544
3087	469
3088	557
3089	491
3090	513
3091	514
3092	452
3093	463
3094	472
3095	518
3096	435
3097	454
3098	458
3099	457
3100	474
3101	527
3102	524
3103	500
3104	482
3105	480
3106	412
3107	485
3108	539
3109	488
3110	477
3111	542
3112	495
3113	465
3114	469
3115	482
3116	489
3117	500
3118	466
3119	414
3120	451
3121	506
3122	458
3123	456
3124	440
3125	450
3126	450
3127	423
3128	423
3129	413
3130	388
3131	483
3132	453
3133	423
3134	462
3135	418
3136	399
3137	543
3138	431
3139	437
3140	477
3141	474
3142	489
3143	415
3144	449
3145	430
3146	420
3147	464
3148	429
3149	443
3150	461
3151	479
3152	477
3153	500
3154	401
3155	496
3156	451
3157	468
3158	473
3159	515
3160	498
3161	477
3162	446
3163	503
3164	462
3165	478
3166	438
3167	473
3168	478
3169	510
3170	513
3171	475
3172	481
3173	428
3174	467
3175	462
3176	473
3177	470
3178	457
3179	466
3180	502
3181	486
3182	469
3183	490
3184	446
3185	519
3186	456
3187	466
3188	431
3189	440
3190	465
3191	478
3192	468
3193	477
3194	442
3195	450
3196	426
3197	464
3198	474
3199	516
3200	478
3201	514
3202	464
3203	416
3204	468
3205	475
3206	442
3207	507
3208	513
3209	484
3210	481
3211	540
3212	499
3213	530
3214	548
3215	495
3216	485
3217	514
3218	530
3219	528
3220	543
3221	560
3222	514
3223	479
3224	522
3225	526
3226	496
3227	536
3228	498
3229	468
3230	480
3231	514
3232	495
3233	478
3234	501
3235	473
3236	422
3237	522
3238	485
3239	528
3240	556
3241	538
3242	481
3243	472
3244	500
3245	503
3246	525
3247	519
3248	564
3249	581
3250	543
3251	526
3252	488
3253	530
3254	522
3255	510
3256	514
3257	456
3258	489
3259	510
3260	462
3261	467
3262	462
3263	515
3264	526
3265	552
3266	516
3267	485
3268	503
3269	496
3270	513
3271	517
3272	548
3273	489
3274	525
3275	551
3276	559
3277	503
3278	563
3279	538
3280	523
3281	591
3282	545
3283	557
3284	546
3285	583
3286	523
3287	539
3288	495
3289	521
3290	530
3291	543
3292	570
3293	527
3294	527
3295	569
3296	536
3297	516
3298	543
3299	460
3300	566
3301	564
3302	521
3303	516
3304	514
3305	533
3306	513
3307	502
3308	581
3309	491
3310	497
3311	524
3312	497
3313	577
3314	517
3315	477
3316	561
3317	586
3318	552
3319	599
3320	600
3321	554
3322	506
3323	529
3324	540
3325	571
3326	565
3327	571
3328	565
3329	528
3330	543
3331	566
3332	538
3333	562
3334	604
3335	557
3336	610
3337	490
3338	580
3339	602
3340	588
3341	538
3342	600
3343	572
3344	553
3345	541
3346	604
3347	553
3348	500
3349	535
3350	494
3351	554
3352	521
3353	569
3354	513
3355	552
3356	518
3357	504
3358	528
3359	477
3360	481
3361	513
3362	504
3363	484
3364	461
3365	517
3366	506
3367	543
3368	484
3369	470
3370	549
3371	471
3372	468
3373	525
3374	545
3375	492
3376	529
3377	543
3378	566
3379	502
3380	458
3381	466
3382	465
3383	435
3384	460
3385	485
3386	434
3387	470
3388	544
3389	463
3390	478
3391	505
3392	478
3393	404
3394	513
3395	516
3396	509
3397	477
3398	504
3399	459
3400	428
3401	463
3402	489
3403	462
3404	465
3405	479
3406	420
3407	444
3408	501
3409	452
3410	475
3411	449
3412	487
3413	473
3414	453
3415	437
3416	443
3417	468
3418	468
3419	515
3420	420
3421	421
3422	478
3423	500
3424	460
3425	455
3426	471
3427	451
3428	489
3429	432
3430	457
3431	447
3432	480
3433	483
3434	475
3435	400
3436	426
3437	480
3438	521
3439	453
3440	444
3441	454
3442	496
3443	475
3444	419
3445	490
3446	477
3447	522
3448	469
3449	457
3450	474
3451	449
3452	503
3453	477
3454	522
3455	482
3456	445
3457	470
3458	435
3459	481
3460	469
3461	445
3462	493
3463	505
3464	472
3465	460
3466	483
3467	462
3468	517
3469	452
3470	419
3471	436
3472	438
3473	423
3474	401
3475	446
3476	403
3477	479
3478	453
3479	398
3480	385
3481	483
3482	432
3483	457
3484	434
3485	476
3486	466
3487	417
3488	484
3489	404
3490	462
3491	451
3492	422
3493	433
3494	432
3495	456
3496	490
3497	408
3498	436
3499	428
3500	436
3501	491
3502	505
3503	471
3504	476
3505	438
3506	427
3507	450
3508	506
3509	414
3510	428
3511	360
3512	378
3513	405
3514	387
3515	367
3516	390
3517	438
3518	413
3519	398
3520	455
3521	435
3522	388
3523	411
3524	412
3525	383
3526	439
3527	394
3528	352
3529	401
3530	386
3531	411
3532	436
3533	446
3534	471
3535	421
3536	413
3537	385
3538	386
3539	382
3540	400
3541	422
3542	412
3543	407
3544	397
3545	360
3546	344
3547	390
3548	394
3549	390
3550	404
3551	381
3552	411
3553	379
3554	405
3555	460
3556	423
3557	412
3558	370
3559	421
3560	457
3561	441
3562	422
3563	405
3564	401
3565	405
3566	483
3567	430
3568	374
3569	379
3570	355
3571	361
3572	407
3573	455
3574	427
3575	437
3576	427
3577	363
3578	397
3579	383
3580	370
3581	402
3582	378
3583	376
3584	409
3585	356
3586	395
3587	424
3588	394
3589	387
3590	427
3591	347
3592	325
3593	413
3594	399
3595	364
3596	423
3597	397
3598	389
3599	415
3600	406
3601	391
3602	441
3603	415
3604	423
3605	476
3606	460
3607	400
3608	413
3609	390
3610	390
3611	385
3612	432
3613	417
3614	447
3615	392
3616	389
3617	410
3618	428
3619	434
3620	466
3621	457
3622	411
3623	386
3624	471
3625	431
3626	412
3627	443
3628	452
3629	466
3630	435
3631	465
3632	398
3633	401
3634	388
3635	433
3636	439
3637	402
3638	372
3639	447
3640	384
3641	394
3642	416
3643	376
3644	414
3645	374
3646	425
3647	382
3648	437
3649	454
3650	408
3651	431
3652	418
3653	451
3654	416
3655	412
3656	410
3657	367
3658	423
3659	448
3660	442
3661	391
3662	407
3663	437
3664	433
3665	412
3666	358
3667	418
3668	356
3669	417
3670	400
3671	337
3672	372
3673	356
3674	409
3675	417
3676	384
3677	351
3678	409
3679	404
3680	379
3681	458
3682	388
3683	372
3684	395
3685	386
3686	387
3687	386
3688	400
3689	379
3690	385
3691	379
3692	412
3693	430
3694	436
3695	407
3696	395
3697	471
3698	443
3699	451
3700	414
3701	374
3702	405
3703	357
3704	355
3705	381
3706	418
3707	394
3708	365
3709	411
3710	366
3711	376
3712	414
3713	421
3714	393
3715	422
3716	400
3717	379
3718	425
3719	406
3720	354
3721	416
3722	393
3723	452
3724	426
3725	432
3726	396
3727	393
3728	415
3729	373
3730	457
3731	440
3732	413
3733	398
3734	415
3735	452
3736	384
3737	416
3738	391
3739	409
3740	410
3741	424
3742	360
3743	366
3744	374
3745	397
3746	344
3747	382
3748	418
3749	390
3750	385
3751	425
3752	393
3753	377
3754	371
3755	403
3756	395
3757	364
3758	421
3759	359
3760	380
3761	331
3762	369
3763	352
3764	354
3765	407
3766	376
3767	380
3768	381
3769	361
3770	379
3771	382
3772	369
3773	347
3774	396
3775	398
3776	424
3777	376
3778	387
3779	413
3780	437
3781	379
3782	383
3783	388
3784	369
3785	375
3786	360
3787	365
3788	381
3789	382
3790	401
3791	360
3792	370
3793	384
3794	364
3795	336
3796	376
3797	353
3798	392
3799	349
3800	358
3801	395
3802	408
3803	365
3804	359
3805	380
3806	399
3807	380
3808	391
3809	414
3810	391
3811	406
3812	375
3813	370
3814	378
3815	363
3816	334
3817	377
3818	355
3819	353
3820	414
3821	370
3822	389
3823	415
3824	475
3825	351
3826	412
3827	373
3828	337
3829	343
3830	420
3831	393
3832	374
3833	382
3834	359
3835	336
3836	374
3837	366
3838	357
3839	387
3840	372
3841	347
3842	346
3843	395
3844	403
3845	386
3846	376
3847	354
3848	362
3849	362
3850	313
3851	341
3852	376
3853	337
3854	415
3855	354
3856	395
3857	412
3858	349
3859	401
3860	393
3861	354
3862	400
3863	333
3864	302
3865	378
3866	374
3867	372
3868	360
3869	382
3870	345
3871	310
3872	318
3873	339
3874	397
3875	387
3876	349
3877	378
3878	395
3879	378
3880	366
3881	349
3882	344
3883	358
3884	413
3885	395
3886	362
3887	393
3888	407
3889	394
3890	372
3891	348
3892	335
3893	385
3894	353
3895	332
3896	393
3897	361
3898	338
3899	436
3900	383
3901	350
3902	317
3903	380
3904	353
3905	317
3906	369
3907	365
3908	358
3909	336
3910	352
3911	371
3912	370
3913	351
3914	402
3915	432
3916	391
3917	366
3918	405
3919	427
3920	407
3921	377
3922	428
3923	397
3924	384
3925	391
3926	388
3927	311
3928	429
3929	399
3930	347
3931	396
3932	379
3933	382
3934	346
3935	367
3936	355
3937	394
3938	402
3939	379
3940	384
3941	380
3942	351
3943	382
3944	333
3945	400
3946	387
3947	413
3948	418
3949	387
3950	386
3951	374
3952	395
3953	387
3954	393
3955	379
3956	404
3957	378
3958	352
3959	374
3960	355
3961	397
3962	368
3963	367
3964	360
3965	307
3966	386
3967	430
3968	370
3969	418
3970	427
3971	428
3972	381
3973	362
3974	421
3975	404
3976	401
3977	431
3978	456
3979	406
3980	355
3981	403
3982	412
3983	405
3984	369
3985	453
3986	397
3987	411
3988	430
3989	391
3990	393
3991	453
3992	383
3993	417
3994	419
3995	398
3996	355
3997	385
3998	384
3999	392
4000	409
4001	425
4002	461
4003	468
4004	414
4005	458
4006	422
4007	415
4008	449
4009	413
4010	340
4011	400
4012	405
4013	438
4014	407
4015	428
4016	494
4017	479
4018	408
4019	473
4020	446
4021	493
4022	466
4023	456
4024	439
4025	403
4026	456
4027	441
4028	393
4029	456
4030	367
4031	416
4032	450
4033	471
4034	449
4035	497
4036	437
4037	439
4038	465
4039	457
4040	473
4041	474
4042	489
4043	463
4044	422
4045	452
4046	455
4047	486
4048	491
4049	459
4050	427
4051	498
4052	464
4053	453
4054	470
4055	528
4056	516
4057	500
4058	441
4059	405
4060	506
4061	447
4062	423
4063	479
4064	430
4065	478
4066	510
4067	454
4068	489
4069	472
4070	551
4071	516
4072	476
4073	454
4074	435
4075	509
4076	455
4077	491
4078	435
4079	495
4080	460
4081	506
4082	499
4083	486
4084	505
4085	484
4086	477
4087	449
4088	443
4089	470
4090	490
4091	502
4092	525
4093	468
4094	481
4095	517
4096	508
4097	503
4098	513
4099	525
4100	463
4101	429
4102	576
4103	506
4104	495
4105	475
4106	537
4107	516
4108	438
4109	485
4110	484
4111	438
4112	433
4113	497
4114	442
4115	503
4116	494
4117	526
4118	456
4119	408
4120	437
4121	495
4122	426
4123	460
4124	443
4125	463
4126	474
4127	467
4128	469
4129	439
4130	401
4131	436
4132	432
4133	453
4134	418
4135	412
4136	422
4137	408
4138	468
4139	474
4140	445
4141	448
4142	434
4143	418
4144	410
4145	433
4146	455
4147	435
4148	422
4149	441
4150	442
4151	393
4152	441
4153	374
4154	429
4155	426
4156	366
4157	436
4158	446
4159	394
4160	415
4161	444
4162	369
4163	408
4164	378
4165	310
4166	374
4167	330
4168	420
4169	421
4170	403
4171	374
4172	381
4173	384
4174	453
4175	392
4176	378
4177	369
4178	345
4179	347
4180	330
4181	368
4182	353
4183	348
4184	445
4185	392
4186	359
4187	377
4188	334
4189	356
4190	351
4191	325
4192	298
4193	354
4194	315
4195	341
4196	342
4197	331
4198	359
4199	343
4200	395
4201	336
4202	351
4203	388
4204	347
4205	364
4206	396
4207	320
4208	360
4209	345
4210	383
4211	294
4212	342
4213	363
4214	339
4215	349
4216	298
4217	337
4218	362
4219	288
4220	348
4221	346
4222	325
4223	310
4224	322
4225	309
4226	302
4227	316
4228	357
4229	314
4230	329
4231	316
4232	314
4233	313
4234	313
4235	350
4236	367
4237	356
4238	340
4239	325
4240	295
4241	282
4242	330
4243	264
4244	301
4245	314
4246	366
4247	332
4248	340
4249	298
4250	301
4251	350
4252	328
4253	298
4254	349
4255	285
4256	317
4257	335
4258	325
4259	362
4260	301
4261	297
4262	271
4263	333
4264	265
4265	372
4266	300
4267	331
4268	365
4269	296
4270	326
4271	333
4272	309
4273	284
4274	316
4275	358
4276	328
4277	324
4278	311
4279	329
4280	302
4281	331
4282	330
4283	264
4284	281
4285	297
4286	308
4287	332
4288	289
4289	290
4290	337
4291	324
4292	348
4293	323
4294	285
4295	325
4296	393
4297	324
4298	348
4299	336
4300	339
4301	336
4302	286
4303	319
4304	306
4305	333
4306	313
4307	328
4308	347
4309	379
4310	333
4311	297
4312	322
4313	344
4314	314
4315	342
4316	309
4317	350
4318	348
4319	298
4320	272
4321	278
4322	309
4323	295
4324	335
4325	275
4326	302
4327	304
4328	346
4329	310
4330	346
4331	350
4332	358
4333	333
4334	330
4335	378
4336	356
4337	326
4338	313
4339	316
4340	318
4341	270
4342	352
4343	314
4344	325
4345	269
4346	292
4347	361
4348	327
4349	301
4350	314
4351	326
4352	292
4353	317
4354	285
4355	353
4356	291
4357	299
4358	323
4359	303
4360	310
4361	298
4362	276
4363	308
4364	308
4365	282
4366	274
4367	260
4368	296
4369	284
4370	303
4371	339
4372	346
4373	327
4374	354
4375	335
4376	294
4377	262
4378	276
4379	265
4380	299
4381	310
4382	313
4383	241
4384	311
4385	303
4386	277
4387	294
4388	280
4389	280
4390	255
4391	318
4392	275
4393	307
4394	305
4395	300
4396	351
4397	325
4398	326
4399	312
4400	285
4401	315
4402	315
4403	257
4404	305
4405	258
4406	282
4407	250
4408	293
4409	264
4410	317
4411	288
4412	261
4413	262
4414	258
4415	236
4416	291
4417	316
4418	313
4419	289
4420	249
4421	258
4422	285
4423	284
4424	299
4425	301
4426	317
4427	331
4428	308
4429	302
4430	267
4431	267
4432	249
4433	276
4434	345
4435	279
4436	261
4437	339
4438	251
4439	286
4440	249
4441	272
4442	286
4443	277
4444	278
4445	263
4446	251
4447	302
4448	352
4449	292
4450	278
4451	237
4452	288
4453	323
4454	336
4455	337
4456	321
4457	279
4458	283
4459	288
4460	272
4461	269
4462	321
4463	302
4464	307
4465	280
4466	285
4467	307
4468	263
4469	278
4470	325
4471	324
4472	286
4473	238
4474	235
4475	290
4476	329
4477	257
4478	278
4479	261
4480	301
4481	303
4482	317
4483	298
4484	321
4485	276
4486	296
4487	272
4488	312
4489	294
4490	234
4491	304
4492	292
4493	306
4494	317
4495	294
4496	312
4497	311
4498	317
4499	295
4500	277
4501	260
4502	295
4503	345
4504	382
4505	304
4506	344
4507	309
4508	318
4509	294
4510	305
4511	330
4512	288
4513	343
4514	304
4515	277
4516	285
4517	310
4518	300
4519	321
4520	338
4521	348
4522	319
4523	337
4524	287
4525	287
4526	316
4527	308
4528	281
4529	359
4530	297
4531	290
4532	283
4533	332
4534	342
4535	312
4536	310
4537	358
4538	344
4539	326
4540	347
4541	345
4542	347
4543	340
4544	340
4545	357
4546	311
4547	326
4548	332
4549	357
4550	360
4551	309
4552	332
4553	340
4554	357
4555	286
4556	324
4557	322
4558	371
4559	325
4560	351
4561	340
4562	372
4563	366
4564	353
4565	404
4566	334
4567	382
4568	358
4569	333
4570	335
4571	361
4572	359
4573	327
4574	325
4575	277
4576	325
4577	344
4578	345
4579	370
4580	310
4581	355
4582	382
4583	335
4584	325
4585	295
4586	258
4587	306
4588	297
4589	346
4590	311
4591	317
4592	350
4593	331
4594	320
4595	303
4596	343
4597	340
4598	310
4599	297
4600	348
4601	354
4602	290
4603	318
4604	322
4605	356
4606	351
4607	327
4608	309
4609	294
4610	327
4611	294
4612	295
4613	294
4614	342
4615	360
4616	346
4617	317
4618	314
4619	286
4620	343
4621	289
4622	274
4623	265
4624	312
4625	327
4626	296
4627	339
4628	337
4629	310
4630	277
4631	334
4632	310
4633	299
4634	261
4635	254
4636	306
4637	269
4638	261
4639	251
4640	317
4641	255
4642	261
4643	254
4644	287
4645	340
4646	299
4647	320
4648	281
4649	313
4650	260
4651	289
4652	252
4653	253
4654	265
4655	326
4656	300
4657	304
4658	312
4659	263
4660	291
4661	270
4662	290
4663	293
4664	347
4665	315
4666	333
4667	257
4668	294
4669	344
4670	261
4671	298
4672	248
4673	289
4674	268
4675	309
4676	298
4677	294
4678	295
4679	300
4680	310
4681	316
4682	278
4683	279
4684	315
4685	267
4686	302
4687	288
4688	276
4689	318
4690	313
4691	284
4692	271
4693	307
4694	281
4695	298
4696	259
4697	287
4698	281
4699	289
4700	266
4701	246
4702	262
4703	240
4704	245
4705	276
4706	250
4707	255
4708	272
4709	265
4710	260
4711	254
4712	223
4713	231
4714	286
4715	291
4716	257
4717	302
4718	302
4719	245
4720	293
4721	236
4722	257
4723	307
4724	278
4725	249
4726	289
4727	265
4728	255
4729	228
4730	260
4731	292
4732	282
4733	251
4734	266
4735	281
4736	252
4737	250
4738	293
4739	310
4740	303
4741	266
4742	257
4743	300
4744	285
4745	326
4746	304
4747	357
4748	287
4749	317
4750	317
4751	299
4752	292
4753	305
4754	317
4755	315
4756	238
4757	282
4758	317
4759	314
4760	292
4761	273
4762	294
4763	282
4764	344
4765	271
4766	272
4767	248
4768	225
4769	304
4770	305
4771	291
4772	302
4773	260
4774	339
4775	349
4776	305
4777	305
4778	282
4779	286
4780	282
4781	287
4782	308
4783	278
4784	287
4785	248
4786	355
4787	302
4788	312
4789	275
4790	240
4791	285
4792	255
4793	256
4794	337
4795	312
4796	280
4797	277
4798	330
4799	310
4800	294
4801	294
4802	288
4803	284
4804	295
4805	271
4806	289
4807	276
4808	305
4809	238
4810	297
4811	295
4812	326
4813	319
4814	314
4815	293
4816	258
4817	265
4818	247
4819	292
4820	287
4821	245
4822	271
4823	272
4824	330
4825	309
4826	273
4827	285
4828	304
4829	298
4830	231
4831	284
4832	227
4833	213
4834	248
4835	309
4836	278
4837	262
4838	282
4839	262
4840	261
4841	268
4842	245
4843	242
4844	273
4845	269
4846	313
4847	217
4848	261
4849	273
4850	270
4851	242
4852	253
4853	286
4854	236
4855	273
4856	236
4857	243
4858	249
4859	281
4860	264
4861	226
4862	237
4863	211
4864	276
4865	244
4866	243
4867	252
4868	252
4869	224
4870	243
4871	295
4872	246
4873	266
4874	260
4875	284
4876	234
4877	268
4878	243
4879	231
4880	246
4881	260
4882	253
4883	293
4884	274
4885	330
4886	274
4887	287
4888	227
4889	286
4890	279
4891	249
4892	290
4893	242
4894	231
4895	262
4896	285
4897	268
4898	294
4899	269
4900	259
4901	264
4902	258
4903	251
4904	238
4905	273
4906	253
4907	273
4908	253
4909	242
4910	268
4911	278
4912	254
4913	234
4914	297
4915	230
4916	254
4917	259
4918	254
4919	250
4920	322
4921	240
4922	287
4923	287
4924	226
4925	260
4926	257
4927	276
4928	326
4929	255
4930	262
4931	284
4932	267
4933	243
4934	256
4935	272
4936	285
4937	227
4938	245
4939	278
4940	301
4941	286
4942	294
4943	269
4944	290
4945	249
4946	274
4947	275
4948	280
4949	267
4950	282
4951	279
4952	315
4953	288
4954	307
4955	299
4956	295
4957	251
4958	256
4959	258
4960	293
4961	266
4962	285
4963	264
4964	336
4965	292
4966	274
4967	280
4968	277
4969	271
4970	280
4971	255
4972	243
4973	227
4974	217
4975	286
4976	292
4977	250
4978	244
4979	272
4980	249
4981	269
4982	250
4983	260
4984	248
4985	263
4986	229
4987	248
4988	263
4989	203
4990	232
4991	233
4992	245
4993	271
4994	254
4995	183
4996	213
4997	227
4998	254
4999	253
5000	238
5001	216
5002	262
5003	227
5004	255
5005	268
5006	289
5007	274
5008	293
5009	292
5010	290
5011	250
5012	295
5013	301
5014	248
5015	281
5016	264
5017	236
5018	280
5019	323
5020	279
5021	317
5022	274
5023	277
5024	288
5025	248
5026	254
5027	301
5028	272
5029	279
5030	292
5031	288
5032	254
5033	243
5034	269
5035	287
5036	292
5037	310
5038	278
5039	304
5040	285
5041	266
5042	320
5043	275
5044	270
5045	266
5046	258
5047	303
5048	310
5049	264
5050	249
5051	279
5052	225
5053	276
5054	257
5055	287
5056	351
5057	308
5058	264
5059	307
5060	269
5061	312
5062	244
5063	280
5064	265
5065	261
5066	302
5067	274
5068	294
5069	280
5070	281
5071	273
5072	245
5073	263
5074	261
5075	280
5076	260
5077	297
5078	254
5079	263
5080	278
5081	299
5082	267
5083	281
5084	251
5085	257
5086	297
5087	278
5088	317
5089	286
5090	281
5091	263
5092	271
5093	283
5094	306
5095	271
5096	290
5097	278
5098	267
5099	274
5100	236
5101	287
5102	264
5103	285
5104	251
5105	263
5106	318
5107	311
5108	300
5109	302
5110	303
5111	320
5112	258
5113	306
5114	258
5115	302
5116	305
5117	253
5118	308
5119	262
5120	320
5121	323
5122	272
5123	280
5124	282
5125	287
5126	245
5127	268
5128	256
5129	271
5130	249
5131	268
5132	259
5133	267
5134	291
5135	284
5136	288
5137	257
5138	275
5139	290
5140	270
5141	271
5142	249
5143	253
5144	281
5145	290
5146	282
5147	272
5148	269
5149	244
5150	253
5151	233
5152	235
5153	243
5154	218
5155	244
5156	258
5157	297
5158	257
5159	276
5160	301
5161	294
5162	315
5163	334
5164	271
5165	280
5166	288
5167	307
5168	272
5169	284
5170	291
5171	256
5172	286
5173	327
5174	306
5175	290
5176	256
5177	258
5178	291
5179	264
5180	253
5181	231
5182	265
5183	281
5184	248
5185	257
5186	261
5187	273
5188	232
5189	194
5190	264
5191	256
5192	296
5193	259
5194	251
5195	282
5196	288
5197	258
5198	273
5199	219
5200	252
5201	224
5202	276
5203	291
5204	262
5205	261
5206	279
5207	222
5208	274
5209	271
5210	243
5211	200
5212	292
5213	227
5214	226
5215	257
5216	219
5217	241
5218	270
5219	246
5220	251
5221	265
5222	285
5223	262
5224	252
5225	229
5226	247
5227	222
5228	241
5229	205
5230	228
5231	259
5232	223
5233	244
5234	245
5235	235
5236	239
5237	249
5238	278
5239	188
5240	249
5241	278
5242	238
5243	232
5244	216
5245	211
5246	224
5247	220
5248	263
5249	249
5250	254
5251	261
5252	268
5253	218
5254	246
5255	220
5256	201
5257	226
5258	280
5259	259
5260	228
5261	247
5262	256
5263	226
5264	220
5265	258
5266	240
5267	223
5268	207
5269	239
5270	246
5271	237
5272	192
5273	232
5274	192
5275	200
5276	254
5277	220
5278	234
5279	217
5280	223
5281	197
5282	250
5283	224
5284	196
5285	249
5286	250
5287	235
5288	225
5289	279
5290	222
5291	224
5292	205
5293	232
5294	240
5295	220
5296	227
5297	216
5298	215
5299	212
5300	208
5301	226
5302	195
5303	215
5304	262
5305	231
5306	220
5307	197
5308	252
5309	212
5310	186
5311	202
5312	225
5313	249
5314	207
5315	210
5316	210
5317	208
5318	218
5319	230
5320	240
5321	233
5322	256
5323	196
5324	185
5325	202
5326	233
5327	210
5328	236
5329	214
5330	204
5331	200
5332	198
5333	199
5334	189
5335	158
5336	209
5337	191
5338	193
5339	197
5340	209
5341	241
5342	224
5343	203
5344	223
5345	246
5346	207
5347	182
5348	217
5349	267
5350	219
5351	203
5352	238
5353	238
5354	236
5355	262
5356	247
5357	190
5358	220
5359	261
5360	250
5361	249
5362	238
5363	202
5364	252
5365	237
5366	223
5367	222
5368	284
5369	225
5370	242
5371	225
5372	237
5373	232
5374	210
5375	228
5376	230
5377	252
5378	249
5379	265
5380	256
5381	207
5382	233
5383	222
5384	215
5385	213
5386	226
5387	231
5388	238
5389	222
5390	267
5391	219
5392	256
5393	239
5394	230
5395	217
5396	224
5397	267
5398	229
5399	270
5400	192
5401	278
5402	228
5403	245
5404	243
5405	243
5406	240
5407	244
5408	239
5409	216
5410	261
5411	263
5412	224
5413	236
5414	236
5415	218
5416	260
5417	274
5418	214
5419	276
5420	247
5421	260
5422	220
5423	217
5424	212
5425	240
5426	264
5427	256
5428	259
5429	241
5430	231
5431	224
5432	246
5433	268
5434	263
5435	223
5436	230
5437	236
5438	256
5439	275
5440	267
5441	200
5442	272
5443	234
5444	193
5445	243
5446	240
5447	262
5448	221
5449	243
5450	235
5451	287
5452	244
5453	200
5454	226
5455	258
5456	234
5457	236
5458	263
5459	228
5460	242
5461	260
5462	278
5463	237
5464	248
5465	260
5466	197
5467	237
5468	248
5469	245
5470	226
5471	259
5472	258
5473	277
5474	229
5475	257
5476	239
5477	231
5478	241
5479	250
5480	268
5481	277
5482	215
5483	232
5484	253
5485	235
5486	253
5487	237
5488	248
5489	268
5490	272
5491	239
5492	244
5493	272
5494	239
5495	262
5496	246
5497	238
5498	250
5499	264
5500	253
5501	311
5502	296
5503	278
5504	232
5505	261
5506	256
5507	286
5508	281
5509	244
5510	268
5511	316
5512	266
5513	288
5514	274
5515	263
5516	227
5517	297
5518	281
5519	254
5520	257
5521	262
5522	296
5523	288
5524	305
5525	236
5526	263
5527	275
5528	284
5529	240
5530	241
5531	282
5532	253
5533	246
5534	250
5535	267
5536	255
5537	300
5538	320
5539	283
5540	270
5541	296
5542	327
5543	275
5544	276
5545	297
5546	326
5547	280
5548	360
5549	264
5550	256
5551	316
5552	263
5553	256
5554	243
5555	279
5556	275
5557	282
5558	244
5559	244
5560	284
5561	253
5562	244
5563	206
5564	257
5565	275
5566	260
5567	283
5568	290
5569	239
5570	246
5571	257
5572	233
5573	233
5574	215
5575	231
5576	254
5577	235
5578	237
5579	246
5580	228
5581	231
5582	259
5583	253
5584	243
5585	271
5586	255
5587	279
5588	244
5589	270
5590	293
5591	257
5592	282
5593	218
5594	222
5595	280
5596	243
5597	286
5598	220
5599	269
5600	273
5601	262
5602	248
5603	247
5604	264
5605	270
5606	237
5607	257
5608	243
5609	222
5610	199
5611	265
5612	262
5613	222
5614	224
5615	250
5616	231
5617	219
5618	244
5619	199
5620	239
5621	243
5622	256
5623	229
5624	213
5625	254
5626	276
5627	210
5628	272
5629	263
5630	278
5631	289
5632	302
5633	255
5634	308
5635	258
5636	181
5637	239
5638	215
5639	231
5640	260
5641	217
5642	228
5643	215
5644	246
5645	265
5646	245
5647	276
5648	280
5649	235
5650	318
5651	293
5652	292
5653	249
5654	248
5655	293
5656	266
5657	247
5658	290
5659	261
5660	283
5661	294
5662	286
5663	296
5664	257
5665	314
5666	265
5667	224
5668	262
5669	260
5670	263
5671	300
5672	235
5673	321
5674	274
5675	262
5676	264
5677	275
5678	256
5679	260
5680	271
5681	260
5682	278
5683	277
5684	279
5685	263
5686	307
5687	296
5688	243
5689	274
5690	270
5691	255
5692	275
5693	248
5694	237
5695	314
5696	268
5697	212
5698	287
5699	271
5700	298
5701	254
5702	267
5703	286
5704	267
5705	272
5706	232
5707	260
5708	233
5709	279
5710	251
5711	251
5712	254
5713	263
5714	236
5715	255
5716	289
5717	279
5718	271
5719	192
5720	306
5721	272
5722	237
5723	276
5724	249
5725	278
5726	305
5727	242
5728	268
5729	251
5730	250
5731	269
5732	257
5733	273
5734	261
5735	252
5736	221
5737	293
5738	233
5739	284
5740	250
5741	277
5742	246
5743	240
5744	283
5745	251
5746	251
5747	293
5748	279
5749	272
5750	230
5751	243
5752	209
5753	236
5754	269
5755	240
5756	205
5757	235
5758	264
5759	233
5760	228
5761	244
5762	271
5763	245
5764	240
5765	263
5766	267
5767	220
5768	241
5769	248
5770	195
5771	210
5772	263
5773	211
5774	218
5775	232
5776	287
5777	226
5778	247
5779	258
5780	222
5781	240
5782	190
5783	225
5784	230
5785	254
5786	217
5787	216
5788	198
5789	240
5790	227
5791	194
5792	201
5793	215
5794	199
5795	228
5796	204
5797	208
5798	226
5799	210
5800	233
5801	226
5802	219
5803	218
5804	169
5805	223
5806	206
5807	239
5808	227
5809	220
5810	214
5811	198
5812	186
5813	213
5814	218
5815	229
5816	226
5817	239
5818	200
5819	226
5820	217
5821	207
5822	225
5823	225
5824	244
5825	224
5826	206
5827	291
5828	227
5829	238
5830	211
5831	258
5832	278
5833	207
5834	254
5835	230
5836	247
5837	269
5838	249
5839	257
5840	246
5841	222
5842	266
5843	281
5844	228
5845	253
5846	227
5847	213
5848	264
5849	270
5850	271
5851	202
5852	192
5853	215
5854	225
5855	264
5856	254
5857	238
5858	201
5859	203
5860	205
5861	217
5862	225
5863	261
5864	246
5865	234
5866	229
5867	201
5868	220
5869	191
5870	210
5871	231
5872	215
5873	211
5874	187
5875	191
5876	271
5877	210
5878	227
5879	250
5880	246
5881	271
5882	213
5883	283
5884	222
5885	208
5886	232
5887	220
5888	243
5889	235
5890	261
5891	254
5892	217
5893	306
5894	266
5895	229
5896	253
5897	239
5898	239
5899	205
5900	224
5901	252
5902	230
5903	227
5904	237
5905	244
5906	234
5907	226
5908	249
5909	223
5910	235
5911	202
5912	225
5913	225
5914	224
5915	210
5916	203
5917	229
5918	244
5919	264
5920	251
5921	246
5922	239
5923	206
5924	218
5925	227
5926	224
5927	223
5928	219
5929	228
5930	256
5931	226
5932	250
5933	289
5934	218
5935	255
5936	295
5937	240
5938	227
5939	210
5940	248
5941	248
5942	221
5943	244
5944	285
5945	224
5946	256
5947	272
5948	248
5949	244
5950	213
5951	238
5952	207
5953	231
5954	225
5955	275
5956	246
5957	276
5958	241
5959	256
5960	279
5961	232
5962	254
5963	294
5964	268
5965	270
5966	239
5967	239
5968	250
5969	278
5970	243
5971	225
5972	233
5973	253
5974	247
5975	310
5976	260
5977	227
5978	194
5979	285
5980	246
5981	236
5982	264
5983	215
5984	246
5985	280
5986	250
5987	257
5988	259
5989	302
5990	251
5991	206
5992	217
5993	223
5994	256
5995	261
5996	244
5997	215
5998	224
5999	255
6000	234
6001	257
6002	245
6003	261
6004	250
6005	246
6006	234
6007	223
6008	194
6009	232
6010	243
6011	231
6012	221
6013	245
6014	232
6015	194
6016	180
6017	250
6018	229
6019	273
6020	260
6021	211
6022	242
6023	251
6024	296
6025	270
6026	256
6027	235
6028	255
6029	218
6030	230
6031	239
6032	260
6033	193
6034	240
6035	229
6036	201
6037	194
6038	268
6039	205
6040	283
6041	239
6042	230
6043	245
6044	250
6045	221
6046	218
6047	252
6048	249
6049	239
6050	255
6051	246
6052	229
6053	248
6054	187
6055	210
6056	206
6057	218
6058	239
6059	263
6060	236
6061	267
6062	233
6063	230
6064	195
6065	224
6066	182
6067	241
6068	258
6069	262
6070	276
6071	204
6072	188
6073	219
6074	254
6075	251
6076	252
6077	230
6078	236
6079	198
6080	228
6081	190
6082	215
6083	196
6084	235
6085	231
6086	256
6087	231
6088	224
6089	235
6090	212
6091	214
6092	265
6093	228
6094	224
6095	233
6096	289
6097	201
6098	223
6099	257
6100	251
6101	217
6102	228
6103	247
6104	236
6105	219
6106	256
6107	250
6108	255
6109	254
6110	217
6111	233
6112	263
6113	234
6114	221
6115	261
6116	257
6117	169
6118	249
6119	198
6120	239
6121	233
6122	245
6123	239
6124	244
6125	241
6126	237
6127	226
6128	239
6129	218
6130	245
6131	255
6132	227
6133	207
6134	241
6135	246
6136	215
6137	223
6138	222
6139	221
6140	230
6141	239
6142	250
6143	203
6144	209
6145	206
6146	181
6147	231
6148	228
6149	256
6150	232
6151	195
6152	199
6153	215
6154	242
6155	210
6156	217
6157	207
6158	222
6159	228
6160	215
6161	187
6162	213
6163	234
6164	248
6165	231
6166	215
6167	198
6168	200
6169	194
6170	169
6171	208
6172	195
6173	233
6174	248
6175	184
6176	263
6177	217
6178	257
6179	186
6180	219
6181	191
6182	228
6183	220
6184	245
6185	205
6186	213
6187	240
6188	221
6189	210
6190	210
6191	189
6192	203
6193	227
6194	212
6195	252
6196	247
6197	206
6198	221
6199	177
6200	190
6201	182
6202	274
6203	254
6204	206
6205	211
6206	232
6207	263
6208	231
6209	209
6210	219
6211	225
6212	219
6213	253
6214	206
6215	207
6216	233
6217	220
6218	177
6219	242
6220	221
6221	222
6222	183
6223	239
6224	211
6225	215
6226	179
6227	210
6228	214
6229	195
6230	197
6231	184
6232	165
6233	160
6234	176
6235	193
6236	182
6237	189
6238	190
6239	202
6240	212
6241	209
6242	241
6243	250
6244	223
6245	216
6246	234
6247	227
6248	182
6249	214
6250	227
6251	233
6252	206
6253	215
6254	220
6255	193
6256	210
6257	197
6258	252
6259	230
6260	257
6261	254
6262	221
6263	217
6264	228
6265	202
6266	196
6267	216
6268	264
6269	208
6270	216
6271	190
6272	229
6273	262
6274	199
6275	203
6276	200
6277	266
6278	198
6279	225
6280	239
6281	239
6282	249
6283	245
6284	231
6285	231
6286	237
6287	241
6288	255
6289	249
6290	255
6291	198
6292	261
6293	221
6294	216
6295	215
6296	215
6297	235
6298	266
6299	231
6300	226
6301	238
6302	230
6303	241
6304	211
6305	184
6306	215
6307	199
6308	204
6309	221
6310	205
6311	221
6312	254
6313	204
6314	225
6315	250
6316	217
6317	272
6318	191
6319	199
6320	233
6321	203
6322	218
6323	240
6324	248
6325	243
6326	215
6327	236
6328	233
6329	221
6330	196
6331	231
6332	203
6333	247
6334	254
6335	223
6336	249
6337	245
6338	242
6339	228
6340	233
6341	210
6342	235
6343	215
6344	217
6345	223
6346	207
6347	242
6348	222
6349	228
6350	235
6351	250
6352	245
6353	205
6354	214
6355	256
6356	217
6357	200
6358	230
6359	207
6360	208
6361	220
6362	195
6363	209
6364	224
6365	200
6366	221
6367	228
6368	237
6369	204
6370	226
6371	232
6372	218
6373	211
6374	222
6375	227
6376	223
6377	209
6378	213
6379	200
6380	226
6381	214
6382	179
6383	170
6384	199
6385	208
6386	183
6387	182
6388	178
6389	207
6390	188
6391	200
6392	191
6393	189
6394	199
6395	185
6396	211
6397	161
6398	235
6399	196
6400	154
6401	230
6402	210
6403	197
6404	200
6405	164
6406	178
6407	190
6408	153
6409	195
6410	194
6411	222
6412	194
6413	184
6414	198
6415	164
6416	182
6417	195
6418	188
6419	183
6420	191
6421	203
6422	213
6423	192
6424	208
6425	200
6426	199
6427	207
6428	192
6429	169
6430	194
6431	196
6432	208
6433	223
6434	235
6435	212
6436	233
6437	210
6438	194
6439	200
6440	215
6441	222
6442	182
6443	188
6444	212
6445	227
6446	217
6447	191
6448	207
6449	206
6450	191
6451	216
6452	175
6453	182
6454	204
6455	200
6456	190
6457	195
6458	192
6459	179
6460	192
6461	182
6462	206
6463	188
6464	201
6465	196
6466	181
6467	183
6468	190
6469	242
6470	213
6471	202
6472	243
6473	176
6474	175
6475	227
6476	158
6477	204
6478	193
6479	186
6480	176
6481	176
6482	184
6483	184
6484	225
6485	182
6486	214
6487	216
6488	215
6489	203
6490	174
6491	194
6492	181
6493	216
6494	233
6495	177
6496	197
6497	180
6498	191
6499	200
6500	229
6501	181
6502	179
6503	223
6504	204
6505	225
6506	227
6507	172
6508	197
6509	199
6510	233
6511	223
6512	245
6513	256
6514	235
6515	215
6516	247
6517	183
6518	241
6519	198
6520	234
6521	231
6522	245
6523	232
6524	204
6525	209
6526	202
6527	204
6528	198
6529	212
6530	176
6531	208
6532	191
6533	198
6534	223
6535	205
6536	217
6537	191
6538	241
6539	252
6540	245
6541	230
6542	234
6543	193
6544	275
6545	211
6546	196
6547	220
6548	188
6549	200
6550	186
6551	176
6552	223
6553	188
6554	184
6555	217
6556	195
6557	207
6558	192
6559	216
6560	243
6561	223
6562	219
6563	248
6564	211
6565	228
6566	238
6567	217
6568	232
6569	247
6570	223
6571	228
6572	232
6573	230
6574	165
6575	210
6576	224
6577	229
6578	202
6579	208
6580	207
6581	212
6582	185
6583	199
6584	181
6585	207
6586	205
6587	186
6588	196
6589	187
6590	208
6591	203
6592	195
6593	187
6594	207
6595	195
6596	169
6597	211
6598	194
6599	183
6600	159
6601	185
6602	210
6603	184
6604	210
6605	216
6606	193
6607	194
6608	181
6609	213
6610	208
6611	202
6612	175
6613	185
6614	175
6615	200
6616	207
6617	234
6618	212
6619	234
6620	182
6621	211
6622	258
6623	224
6624	210
6625	191
6626	185
6627	230
6628	195
6629	166
6630	210
6631	168
6632	163
6633	151
6634	172
6635	193
6636	205
6637	172
6638	160
6639	158
6640	182
6641	192
6642	170
6643	164
6644	182
6645	189
6646	173
6647	168
6648	145
6649	130
6650	162
6651	146
6652	167
6653	168
6654	172
6655	174
6656	167
6657	185
6658	174
6659	179
6660	168
6661	168
6662	134
6663	151
6664	148
6665	179
6666	183
6667	138
6668	162
6669	150
6670	157
6671	159
6672	185
6673	186
6674	187
6675	205
6676	180
6677	183
6678	194
6679	150
6680	145
6681	176
6682	171
6683	196
6684	208
6685	174
6686	190
6687	149
6688	159
6689	179
6690	186
6691	140
6692	196
6693	228
6694	197
6695	191
6696	218
6697	203
6698	179
6699	167
6700	186
6701	165
6702	159
6703	161
6704	161
6705	161
6706	199
6707	174
6708	221
6709	183
6710	163
6711	171
6712	183
6713	172
6714	205
6715	185
6716	214
6717	167
6718	228
6719	183
6720	172
6721	178
6722	220
6723	177
6724	182
6725	188
6726	139
6727	160
6728	181
6729	176
6730	160
6731	170
6732	185
6733	199
6734	170
6735	180
6736	193
6737	222
6738	182
6739	177
6740	185
6741	177
6742	153
6743	184
6744	180
6745	194
6746	166
6747	178
6748	180
6749	193
6750	158
6751	188
6752	204
6753	171
6754	194
6755	179
6756	188
6757	245
6758	214
6759	217
6760	194
6761	186
6762	166
6763	199
6764	190
6765	188
6766	150
6767	204
6768	203
6769	192
6770	181
6771	192
6772	189
6773	188
6774	174
6775	227
6776	250
6777	224
6778	187
6779	204
6780	190
6781	207
6782	236
6783	196
6784	247
6785	202
6786	236
6787	176
6788	175
6789	189
6790	198
6791	216
6792	183
6793	192
6794	238
6795	205
6796	209
6797	208
6798	187
6799	226
6800	176
6801	210
6802	226
6803	205
6804	201
6805	224
6806	203
6807	227
6808	201
6809	194
6810	158
6811	192
6812	190
6813	214
6814	231
6815	208
6816	196
6817	263
6818	199
6819	199
6820	171
6821	219
6822	228
6823	196
6824	233
6825	213
6826	225
6827	228
6828	202
6829	219
6830	180
6831	182
6832	179
6833	192
6834	176
6835	180
6836	181
6837	222
6838	160
6839	196
6840	190
6841	186
6842	186
6843	176
6844	191
6845	159
6846	211
6847	193
6848	191
6849	207
6850	190
6851	206
6852	200
6853	220
6854	169
6855	195
6856	204
6857	228
6858	189
6859	231
6860	204
6861	217
6862	222
6863	211
6864	182
6865	183
6866	193
6867	182
6868	203
6869	169
6870	151
6871	208
6872	176
6873	189
6874	195
6875	191
6876	188
6877	209
6878	223
6879	216
6880	191
6881	185
6882	209
6883	194
6884	183
6885	173
6886	208
6887	203
6888	233
6889	240
6890	208
6891	217
6892	173
6893	247
6894	195
6895	208
6896	190
6897	189
6898	195
6899	184
6900	238
6901	209
6902	211
6903	204
6904	210
6905	189
6906	204
6907	193
6908	231
6909	182
6910	178
6911	234
6912	277
6913	199
6914	204
6915	179
6916	205
6917	202
6918	265
6919	265
6920	214
6921	221
6922	210
6923	228
6924	245
6925	240
6926	174
6927	248
6928	203
6929	224
6930	226
6931	181
6932	189
6933	169
6934	224
6935	191
6936	260
6937	241
6938	253
6939	242
6940	207
6941	249
6942	267
6943	247
6944	205
6945	200
6946	166
6947	183
6948	233
6949	252
6950	232
6951	196
6952	224
6953	224
6954	230
6955	218
6956	194
6957	190
6958	213
6959	267
6960	256
6961	220
6962	196
6963	232
6964	208
6965	243
6966	240
6967	195
6968	247
6969	213
6970	274
6971	251
6972	245
6973	222
6974	208
6975	206
6976	232
6977	237
6978	266
6979	224
6980	238
6981	202
6982	255
6983	227
6984	188
6985	236
6986	229
6987	227
6988	221
6989	172
6990	221
6991	221
6992	226
6993	234
6994	195
6995	214
6996	205
6997	193
6998	233
6999	223
7000	221
7001	188
7002	211
7003	221
7004	211
7005	189
7006	191
7007	191
7008	225
7009	197
7010	194
7011	206
7012	182
7013	157
7014	195
7015	210
7016	226
7017	214
7018	250
7019	203
7020	202
7021	207
7022	239
7023	234
7024	204
7025	220
7026	230
7027	201
7028	214
7029	180
7030	183
7031	165
7032	219
7033	173
7034	272
7035	200
7036	190
7037	151
7038	193
7039	214
7040	174
7041	208
7042	190
7043	196
7044	241
7045	198
7046	249
7047	204
7048	198
7049	221
7050	235
7051	185
7052	169
7053	185
7054	220
7055	215
7056	198
7057	206
7058	204
7059	199
7060	197
7061	195
7062	175
7063	162
7064	191
7065	209
7066	233
7067	171
7068	210
7069	228
7070	204
7071	246
7072	241
7073	207
7074	217
7075	238
7076	226
7077	210
7078	166
7079	175
7080	193
7081	222
7082	211
7083	192
7084	184
7085	209
7086	172
7087	190
7088	211
7089	240
7090	216
7091	198
7092	221
7093	219
7094	248
7095	188
7096	199
7097	174
7098	187
7099	203
7100	174
7101	240
7102	188
7103	202
7104	213
7105	263
7106	216
7107	194
7108	182
7109	145
7110	204
7111	186
7112	176
7113	160
7114	203
7115	198
7116	147
7117	205
7118	213
7119	183
7120	144
7121	199
7122	204
7123	190
7124	199
7125	228
7126	167
7127	166
7128	155
7129	209
7130	170
7131	192
7132	220
7133	170
7134	194
7135	197
7136	182
7137	177
7138	209
7139	224
7140	234
7141	176
7142	207
7143	220
7144	173
7145	194
7146	163
7147	151
7148	161
7149	162
7150	178
7151	182
7152	207
7153	196
7154	204
7155	180
7156	194
7157	178
7158	203
7159	244
7160	216
7161	230
7162	200
7163	171
7164	224
7165	181
7166	189
7167	206
7168	203
7169	168
7170	178
7171	202
7172	201
7173	206
7174	212
7175	197
7176	180
7177	261
7178	198
7179	232
7180	197
7181	201
7182	189
7183	218
7184	198
7185	220
7186	237
7187	204
7188	234
7189	219
7190	171
7191	209
7192	210
7193	201
7194	238
7195	224
7196	234
7197	243
7198	219
7199	227
7200	244
7201	173
7202	216
7203	202
7204	196
7205	198
7206	225
7207	206
7208	272
7209	209
7210	228
7211	229
7212	248
7213	199
7214	243
7215	213
7216	224
7217	235
7218	215
7219	235
7220	193
7221	241
7222	231
7223	247
7224	228
7225	204
7226	221
7227	242
7228	246
7229	229
7230	249
7231	214
7232	216
7233	235
7234	227
7235	194
7236	191
7237	226
7238	195
7239	209
7240	230
7241	186
7242	221
7243	244
7244	225
7245	188
7246	239
7247	215
7248	228
7249	259
7250	222
7251	256
7252	240
7253	259
7254	217
7255	234
7256	260
7257	229
7258	225
7259	189
7260	243
7261	184
7262	236
7263	238
7264	281
7265	246
7266	230
7267	262
7268	225
7269	183
7270	200
7271	222
7272	214
7273	255
7274	204
7275	237
7276	223
7277	221
7278	265
7279	203
7280	213
7281	214
7282	242
7283	161
7284	183
7285	217
7286	191
7287	208
7288	200
7289	176
7290	189
7291	194
7292	230
7293	201
7294	212
7295	247
7296	217
7297	247
7298	219
7299	198
7300	218
7301	226
7302	200
7303	174
7304	212
7305	182
7306	182
7307	187
7308	150
7309	179
7310	193
7311	205
7312	211
7313	167
7314	170
7315	227
7316	201
7317	179
7318	178
7319	183
7320	223
7321	225
7322	197
7323	167
7324	244
7325	187
7326	231
7327	212
7328	217
7329	200
7330	199
7331	194
7332	247
7333	165
7334	193
7335	194
7336	229
7337	159
7338	176
7339	197
7340	209
7341	213
7342	227
7343	229
7344	175
7345	216
7346	208
7347	218
7348	208
7349	223
7350	220
7351	224
7352	183
7353	143
7354	153
7355	183
7356	169
7357	220
7358	218
7359	216
7360	177
7361	207
7362	209
7363	197
7364	186
7365	205
7366	186
7367	187
7368	154
7369	174
7370	178
7371	165
7372	207
7373	203
7374	201
7375	175
7376	180
7377	184
7378	193
7379	208
7380	216
7381	175
7382	161
7383	219
7384	178
7385	179
7386	220
7387	194
7388	183
7389	191
7390	207
7391	183
7392	194
7393	205
7394	173
7395	181
7396	164
7397	161
7398	183
7399	167
7400	193
7401	214
7402	189
7403	202
7404	212
7405	201
7406	182
7407	212
7408	214
7409	178
7410	183
7411	166
7412	177
7413	188
7414	183
7415	161
7416	194
7417	205
7418	195
7419	132
7420	149
7421	197
7422	169
7423	161
7424	201
7425	186
7426	167
7427	172
7428	173
7429	244
7430	232
7431	200
7432	213
7433	190
7434	219
7435	218
7436	233
7437	196
7438	232
7439	204
7440	185
7441	236
7442	169
7443	204
7444	181
7445	164
7446	187
7447	166
7448	176
7449	148
7450	160
7451	143
7452	145
7453	149
7454	159
7455	182
7456	164
7457	174
7458	232
7459	172
7460	165
7461	154
7462	159
7463	200
7464	179
7465	185
7466	201
7467	173
7468	172
7469	163
7470	177
7471	157
7472	119
7473	131
7474	146
7475	134
7476	139
7477	173
7478	145
7479	157
7480	178
7481	154
7482	169
7483	165
7484	154
7485	143
7486	159
7487	148
7488	141
7489	127
7490	138
7491	144
7492	148
7493	145
7494	169
7495	154
7496	166
7497	162
7498	144
7499	186
7500	140
7501	145
7502	117
7503	135
7504	149
7505	130
7506	159
7507	152
7508	175
7509	125
7510	171
7511	182
7512	136
7513	169
7514	170
7515	193
7516	154
7517	159
7518	141
7519	180
7520	131
7521	156
7522	134
7523	153
7524	121
7525	150
7526	123
7527	153
7528	137
7529	142
7530	142
7531	150
7532	153
7533	145
7534	173
7535	152
7536	132
7537	151
7538	141
7539	147
7540	179
7541	196
7542	159
7543	149
7544	135
7545	144
7546	178
7547	161
7548	179
7549	158
7550	178
7551	137
7552	139
7553	166
7554	177
7555	179
7556	201
7557	175
7558	184
7559	182
7560	183
7561	151
7562	190
7563	181
7564	166
7565	178
7566	151
7567	174
7568	189
7569	213
7570	181
7571	136
7572	151
7573	222
7574	196
7575	191
7576	163
7577	182
7578	202
7579	207
7580	193
7581	182
7582	205
7583	167
7584	165
7585	132
7586	189
7587	195
7588	171
7589	228
7590	164
7591	194
7592	187
7593	170
7594	191
7595	201
7596	211
7597	185
7598	177
7599	198
7600	166
7601	192
7602	174
7603	164
7604	151
7605	150
7606	172
7607	208
7608	140
7609	197
7610	176
7611	170
7612	189
7613	179
7614	185
7615	151
7616	178
7617	157
7618	146
7619	182
7620	169
7621	153
7622	157
7623	129
7624	174
7625	178
7626	151
7627	174
7628	205
7629	135
7630	153
7631	170
7632	139
7633	180
7634	183
7635	181
7636	155
7637	166
7638	159
7639	136
7640	130
7641	131
7642	130
7643	158
7644	173
7645	158
7646	108
7647	147
7648	156
7649	162
7650	153
7651	159
7652	146
7653	119
7654	156
7655	153
7656	159
7657	139
7658	139
7659	128
7660	162
7661	162
7662	144
7663	126
7664	114
7665	126
7666	156
7667	139
7668	124
7669	128
7670	145
7671	150
7672	188
7673	142
7674	124
7675	131
7676	128
7677	155
7678	133
7679	148
7680	152
7681	131
7682	150
7683	107
7684	143
7685	133
7686	119
7687	140
7688	143
7689	153
7690	150
7691	156
7692	150
7693	153
7694	150
7695	145
7696	149
7697	116
7698	133
7699	184
7700	178
7701	141
7702	163
7703	148
7704	164
7705	140
7706	158
7707	138
7708	124
7709	130
7710	153
7711	143
7712	163
7713	153
7714	155
7715	137
7716	142
7717	129
7718	126
7719	163
7720	141
7721	180
7722	164
7723	158
7724	153
7725	149
7726	140
7727	177
7728	181
7729	144
7730	146
7731	166
7732	160
7733	174
7734	140
7735	152
7736	154
7737	140
7738	136
7739	163
7740	166
7741	138
7742	152
7743	150
7744	137
7745	153
7746	159
7747	143
7748	134
7749	173
7750	133
7751	160
7752	151
7753	171
7754	135
7755	149
7756	166
7757	168
7758	135
7759	140
7760	142
7761	202
7762	165
7763	145
7764	162
7765	181
7766	134
7767	125
7768	180
7769	134
7770	133
7771	160
7772	157
7773	124
7774	130
7775	149
7776	114
7777	133
7778	133
7779	177
7780	178
7781	145
7782	154
7783	125
7784	144
7785	149
7786	198
7787	143
7788	181
7789	135
7790	163
7791	151
7792	147
7793	153
7794	163
7795	140
7796	118
7797	186
7798	144
7799	187
7800	169
7801	168
7802	202
7803	161
7804	194
7805	129
7806	155
7807	142
7808	162
7809	183
7810	185
7811	182
7812	166
7813	178
7814	172
7815	144
7816	156
7817	152
7818	184
7819	164
7820	176
7821	165
7822	167
7823	146
7824	145
7825	141
7826	151
7827	169
7828	165
7829	112
7830	148
7831	155
7832	189
7833	191
7834	159
7835	149
7836	172
7837	191
7838	156
7839	200
7840	174
7841	197
7842	150
7843	153
7844	169
7845	173
7846	187
7847	171
7848	147
7849	170
7850	164
7851	192
7852	163
7853	178
7854	131
7855	187
7856	194
7857	171
7858	181
7859	196
7860	129
7861	174
7862	199
7863	197
7864	181
7865	221
7866	171
7867	159
7868	187
7869	162
7870	151
7871	164
7872	189
7873	150
7874	177
7875	187
7876	216
7877	188
7878	199
7879	190
7880	153
7881	168
7882	193
7883	242
7884	245
7885	270
7886	210
7887	203
7888	199
7889	184
7890	220
7891	224
7892	196
7893	225
7894	192
7895	198
7896	222
7897	185
7898	200
7899	207
7900	207
7901	222
7902	247
7903	198
7904	213
7905	207
7906	263
7907	257
7908	256
7909	220
7910	217
7911	228
7912	188
7913	216
7914	227
7915	228
7916	239
7917	220
7918	233
7919	231
7920	237
7921	234
7922	190
7923	221
7924	212
7925	261
7926	242
7927	229
7928	241
7929	224
7930	233
7931	239
7932	219
7933	238
7934	259
7935	239
7936	237
7937	255
7938	244
7939	235
7940	246
7941	244
7942	194
7943	235
7944	229
7945	216
7946	215
7947	227
7948	249
7949	233
7950	230
7951	219
7952	245
7953	290
7954	238
7955	231
7956	195
7957	235
7958	231
7959	227
7960	227
7961	179
7962	200
7963	236
7964	229
7965	239
7966	265
7967	264
7968	247
7969	227
7970	267
7971	215
7972	253
7973	198
7974	214
7975	205
7976	260
7977	212
7978	210
7979	208
7980	214
7981	232
7982	251
7983	238
7984	185
7985	240
7986	213
7987	211
7988	233
7989	201
7990	234
7991	231
7992	192
7993	221
7994	259
7995	177
7996	206
7997	209
7998	222
7999	225
8000	1555952
