16	9
17	10
18	7
19	2
20	1
21	3
22	7
23	4
24	6
25	4
26	2
27	3
28	8
29	10
30	16
31	14
32	25
33	22
34	25
35	22
36	25
37	21
38	31
39	33
40	36
41	43
42	43
43	51
44	60
45	61
46	83
47	72
48	65
49	72
50	86
51	102
52	98
53	102
54	100
55	115
56	134
57	166
58	161
59	139
60	116
61	132
62	164
63	170
64	179
65	152
66	173
67	178
68	211
69	206
70	226
71	229
72	294
73	310
74	330
75	338
76	351
77	369
78	359
79	431
80	399
81	476
82	575
83	482
84	546
85	523
86	589
87	638
88	660
89	641
90	726
91	719
92	839
93	837
94	843
95	888
96	938
97	991
98	1026
99	1069
100	1128
101	1132
102	1131
103	1262
104	1275
105	1257
106	1382
107	1449
108	1428
109	1517
110	1522
111	1601
112	1583
113	1699
114	1775
115	1788
116	1813
117	1906
118	2040
119	2037
120	2041
121	2054
122	2097
123	2171
124	2219
125	2322
126	2270
127	2246
128	2337
129	2408
130	2646
131	2659
132	2714
133	2917
134	2787
135	2766
136	2726
137	2782
138	2935
139	3241
140	3167
141	3462
142	3972
143	3964
144	4798
145	6220
146	9020
147	13122
148	21368
149	61915
150	41793
