16	9
17	10
18	7
19	2
20	1
21	3
22	7
23	4
24	6
25	4
26	2
27	3
28	8
29	10
30	16
31	14
32	25
33	21
34	24
35	20
36	25
37	21
38	29
39	31
40	36
41	42
42	42
43	50
44	56
45	59
46	79
47	68
48	63
49	69
50	68
51	77
52	93
53	91
54	93
55	107
56	118
57	123
58	122
59	127
60	113
61	129
62	161
63	163
64	169
65	144
66	168
67	167
68	202
69	199
70	218
71	220
72	270
73	279
74	299
75	318
76	324
77	347
78	335
79	393
80	360
81	431
82	509
83	430
84	502
85	464
86	523
87	570
88	598
89	576
90	640
91	642
92	727
93	754
94	744
95	803
96	831
97	869
98	903
99	928
100	998
101	980
102	977
103	1044
104	1068
105	1065
106	1169
107	1231
108	1183
109	1219
110	1220
111	1298
112	1316
113	1406
114	1406
115	1403
116	1433
117	1517
118	1607
119	1620
120	1566
121	1555
122	1565
123	1638
124	1672
125	1716
126	1700
127	1646
128	1711
129	1770
130	1892
131	1922
132	1906
133	2040
134	1886
135	1961
136	1936
137	2021
138	2096
139	2256
140	2141
141	2353
142	2637
143	2651
144	3197
145	3983
146	5508
147	8998
148	13887
149	27450
150	19382
