0	0
1	0
2	0
3	0
4	0
5	0
6	0
7	0
8	0
9	0
10	0
11	0
12	2
13	5
14	3
15	4
16	4
17	6
18	8
19	4
20	3
21	10
22	8
23	6
24	13
25	11
26	25
27	18
28	27
29	26
30	36
31	25
32	35
33	57
34	57
35	34
36	46
37	49
38	58
39	50
40	49
41	77
42	67
43	95
44	117
45	60
46	95
47	209
48	94
49	95
50	112
51	111
52	90
53	97
54	98
55	96
56	129
57	123
58	140
59	138
60	130
61	158
62	151
63	146
64	114
65	140
66	162
67	192
68	145
69	179
70	156
71	169
72	164
73	174
74	215
75	192
76	249
77	243
78	223
79	229
80	266
81	275
82	252
83	360
84	305
85	368
86	299
87	316
88	341
89	332
90	334
91	363
92	335
93	377
94	356
95	413
96	402
97	437
98	484
99	420
100	456
101	378
102	468
103	443
104	478
105	438
106	504
107	458
108	585
109	565
110	508
111	528
112	524
113	533
114	467
115	514
116	595
117	541
118	549
119	502
120	498
121	488
122	536
123	576
124	554
125	547
126	605
127	609
128	576
129	539
130	556
131	565
132	574
133	503
134	541
135	607
136	526
137	567
138	571
139	596
140	595
141	598
142	564
143	599
144	534
145	515
146	466
147	377
148	364
149	377
150	347
151	381
152	379
153	384
154	417
155	414
156	407
157	387
158	367
159	394
160	405
161	421
162	375
163	406
164	416
165	384
166	404
167	437
168	414
169	393
170	434
171	425
172	406
173	464
174	500
175	481
176	435
177	409
178	425
179	412
180	414
181	429
182	398
183	404
184	372
185	369
186	326
187	467
188	394
189	375
190	362
191	390
192	402
193	407
194	403
195	375
196	342
197	319
198	345
199	379
200	380
201	328
202	290
203	328
204	349
205	307
206	330
207	346
208	294
209	297
210	341
211	343
212	323
213	344
214	320
215	341
216	322
217	344
218	337
219	290
220	326
221	305
222	295
223	360
224	329
225	253
226	307
227	289
228	312
229	281
230	260
231	319
232	332
233	285
234	287
235	297
236	301
237	316
238	339
239	341
240	275
241	308
242	361
243	396
244	339
245	290
246	271
247	282
248	352
249	330
250	314
251	346
252	369
253	384
254	346
255	391
256	347
257	334
258	361
259	399
260	434
261	408
262	394
263	362
264	392
265	395
266	384
267	392
268	378
269	365
270	352
271	380
272	383
273	423
274	358
275	392
276	391
277	371
278	434
279	395
280	402
281	423
282	470
283	365
284	412
285	380
286	367
287	379
288	376
289	432
290	416
291	397
292	428
293	411
294	382
295	457
296	393
297	430
298	371
299	398
300	410
301	332
302	373
303	372
304	387
305	387
306	360
307	401
308	407
309	378
310	400
311	354
312	335
313	390
314	342
315	358
316	357
317	340
318	339
319	347
320	378
321	395
322	355
323	334
324	363
325	378
326	416
327	379
328	342
329	326
330	324
331	335
332	364
333	371
334	334
335	354
336	373
337	339
338	339
339	317
340	374
341	365
342	354
343	344
344	337
345	357
346	355
347	355
348	382
349	323
350	330
351	349
352	341
353	319
354	346
355	372
356	346
357	313
358	347
359	375
360	352
361	366
362	384
363	351
364	365
365	334
366	353
367	364
368	366
369	340
370	377
371	376
372	341
373	390
374	361
375	353
376	383
377	348
378	364
379	383
380	381
381	389
382	392
383	393
384	372
385	437
386	388
387	389
388	393
389	365
390	395
391	436
392	367
393	371
394	373
395	331
396	360
397	349
398	337
399	347
400	347
401	364
402	364
403	368
404	306
405	347
406	372
407	374
408	368
409	355
410	366
411	384
412	362
413	320
414	328
415	333
416	366
417	357
418	348
419	330
420	373
421	422
422	435
423	346
424	371
425	360
426	348
427	298
428	325
429	355
430	334
431	333
432	290
433	328
434	317
435	340
436	313
437	281
438	303
439	322
440	302
441	285
442	330
443	343
444	306
445	286
446	299
447	326
448	298
449	262
450	253
451	295
452	247
453	260
454	284
455	230
456	275
457	264
458	259
459	248
460	270
461	282
462	254
463	265
464	244
465	234
466	289
467	258
468	247
469	237
470	216
471	188
472	229
473	227
474	189
475	237
476	209
477	187
478	200
479	211
480	191
481	239
482	239
483	285
484	234
485	264
486	255
487	253
488	328
489	268
490	267
491	238
492	234
493	217
494	235
495	264
496	211
497	263
498	231
499	240
500	228
501	256
502	219
503	280
504	276
505	248
506	206
507	501
508	306
509	231
510	205
511	197
512	218
513	213
514	223
515	226
516	217
517	249
518	267
519	291
520	287
521	307
522	306
523	292
524	324
525	286
526	252
527	252
528	213
529	243
530	247
531	213
532	228
533	205
534	221
535	225
536	239
537	239
538	255
539	228
540	275
541	269
542	280
543	232
544	318
545	269
546	152
547	153
548	171
549	167
550	114
551	146
552	147
553	126
554	126
555	134
556	130
557	107
558	112
559	124
560	133
561	114
562	149
563	117
564	103
565	81
566	96
567	159
568	133
569	88
570	112
571	92
572	77
573	90
574	103
575	92
576	81
577	79
578	64
579	68
580	77
