0	0
1	0
2	0
3	0
4	0
5	0
6	0
7	0
8	0
9	0
10	0
11	0
12	2
13	5
14	3
15	4
16	4
17	6
18	8
19	4
20	3
21	10
22	8
23	6
24	13
25	11
26	25
27	18
28	26
29	26
30	32
31	24
32	35
33	54
34	54
35	33
36	40
37	47
38	56
39	47
40	46
41	68
42	49
43	80
44	76
45	54
46	83
47	86
48	89
49	77
50	73
51	89
52	62
53	83
54	91
55	87
56	116
57	108
58	132
59	126
60	127
61	153
62	147
63	142
64	111
65	135
66	158
67	184
68	141
69	162
70	148
71	157
72	155
73	169
74	202
75	188
76	232
77	236
78	204
79	218
80	253
81	256
82	242
83	334
84	279
85	340
86	280
87	304
88	317
89	312
90	302
91	344
92	315
93	357
94	334
95	402
96	379
97	403
98	444
99	383
100	402
101	354
102	444
103	412
104	441
105	404
106	460
107	422
108	526
109	483
110	466
111	458
112	485
113	493
114	421
115	475
116	540
117	496
118	516
119	466
120	460
121	463
122	482
123	512
124	505
125	487
126	526
127	506
128	475
129	476
130	494
131	489
132	503
133	438
134	465
135	496
136	431
137	472
138	444
139	431
140	483
141	490
142	466
143	475
144	442
145	404
146	365
147	324
148	316
149	329
150	298
151	328
152	323
153	325
154	339
155	348
156	346
157	320
158	298
159	333
160	338
161	363
162	313
163	347
164	362
165	334
166	335
167	359
168	342
169	315
170	356
171	350
172	318
173	371
174	406
175	367
176	352
177	352
178	335
179	331
180	350
181	344
182	325
183	327
184	311
185	292
186	268
187	364
188	322
189	300
190	289
191	304
192	327
193	322
194	317
195	299
196	284
197	269
198	296
199	319
200	325
201	283
202	258
203	282
204	301
205	263
206	283
207	308
208	256
209	246
210	288
211	294
212	281
213	291
214	283
215	294
216	285
217	294
218	282
219	251
220	272
221	256
222	266
223	306
224	276
225	229
226	268
227	252
228	259
229	244
230	217
231	279
232	297
233	245
234	253
235	257
236	260
237	271
238	283
239	291
240	244
241	267
242	324
243	337
244	293
245	246
246	229
247	251
248	309
249	288
250	269
251	296
252	316
253	322
254	288
255	307
256	289
257	288
258	304
259	309
260	332
261	318
262	334
263	305
264	336
265	332
266	331
267	324
268	311
269	308
270	299
271	328
272	331
273	345
274	303
275	331
276	328
277	311
278	359
279	337
280	349
281	364
282	371
283	313
284	356
285	336
286	313
287	319
288	292
289	334
290	327
291	331
292	344
293	355
294	336
295	381
296	343
297	339
298	321
299	343
300	347
301	291
302	329
303	334
304	340
305	342
306	307
307	354
308	343
309	325
310	364
311	317
312	308
313	351
314	305
315	329
316	318
317	304
318	295
319	314
320	329
321	345
322	313
323	301
324	326
325	322
326	353
327	322
328	295
329	300
330	296
331	305
332	340
333	340
334	309
335	329
336	345
337	314
338	317
339	296
340	339
341	332
342	319
343	315
344	308
345	313
346	316
347	326
348	340
349	302
350	311
351	318
352	321
353	295
354	324
355	334
356	316
357	295
358	317
359	339
360	330
361	328
362	348
363	310
364	332
365	314
366	337
367	333
368	339
369	317
370	345
371	351
372	302
373	358
374	330
375	330
376	345
377	321
378	343
379	356
380	348
381	349
382	350
383	358
384	332
385	379
386	361
387	339
388	350
389	345
390	364
391	392
392	337
393	343
394	340
395	310
396	341
397	322
398	317
399	330
400	330
401	337
402	336
403	345
404	285
405	318
406	339
407	349
408	343
409	333
410	318
411	354
412	338
413	306
414	307
415	306
416	347
417	329
418	323
419	308
420	329
421	319
422	334
423	312
424	327
425	333
426	325
427	280
428	301
429	322
430	312
431	316
432	274
433	308
434	295
435	322
436	293
437	264
438	281
439	303
440	280
441	267
442	319
443	319
444	282
445	267
446	286
447	301
448	286
449	247
450	235
451	278
452	227
453	249
454	264
455	220
456	266
457	254
458	245
459	236
460	255
461	260
462	239
463	251
464	233
465	217
466	271
467	237
468	228
469	225
470	200
471	183
472	219
473	211
474	175
475	216
476	200
477	179
478	187
479	198
480	175
481	216
482	211
483	235
484	213
485	233
486	215
487	203
488	222
489	214
490	202
491	205
492	192
493	203
494	197
495	224
496	189
497	208
498	199
499	205
500	194
501	207
502	190
503	230
504	234
505	201
506	172
507	282
508	229
509	187
510	178
511	170
512	187
513	178
514	194
515	182
516	180
517	188
518	201
519	218
520	218
521	185
522	196
523	187
524	200
525	190
526	170
527	168
528	157
529	185
530	171
531	153
532	153
533	155
534	153
535	149
536	164
537	170
538	147
539	149
540	155
541	151
542	173
543	148
544	136
545	138
546	129
547	132
548	152
549	147
550	97
551	122
552	134
553	111
554	113
555	118
556	125
557	96
558	98
559	104
560	120
561	100
562	127
563	99
564	94
565	74
566	89
567	109
568	100
569	81
570	89
571	84
572	69
573	84
574	77
575	78
576	75
577	72
578	57
579	68
580	73
581	68
