16	10
17	11
18	10
19	13
20	7
21	5
22	7
23	8
24	6
25	21
26	11
27	5
28	9
29	5
30	6
31	9
32	6
33	9
34	24
35	43
36	19
37	12
38	11
39	17
40	16
41	28
42	39
43	21
44	31
45	49
46	38
47	48
48	35
49	46
50	53
51	42
52	45
53	57
54	69
55	60
56	73
57	72
58	74
59	89
60	75
61	86
62	83
63	82
64	97
65	107
66	114
67	130
68	151
69	148
70	166
71	148
72	178
73	185
74	162
75	228
76	174
77	187
78	182
79	221
80	219
81	221
82	281
83	290
84	266
85	306
86	323
87	310
88	307
89	290
90	344
91	386
92	406
93	473
94	468
95	500
96	541
97	532
98	595
99	637
100	641
101	635
102	694
103	709
104	688
105	601
106	722
107	806
108	712
109	831
110	830
111	882
112	926
113	971
114	925
115	1059
116	1094
117	1035
118	1064
119	1023
120	1169
121	1159
122	1198
123	1179
124	1361
125	1472
126	1393
127	1505
128	1437
129	1486
130	1456
131	1507
132	1584
133	1732
134	1598
135	1783
136	1744
137	1793
138	1787
139	1825
140	2048
141	2170
142	2407
143	2868
144	3761
145	4799
146	8031
147	16316
148	19363
149	37963
150	143996
