16	10
17	11
18	9
19	13
20	6
21	5
22	7
23	8
24	5
25	15
26	10
27	5
28	8
29	5
30	5
31	9
32	6
33	9
34	23
35	26
36	15
37	12
38	10
39	15
40	14
41	26
42	36
43	18
44	29
45	48
46	35
47	42
48	33
49	42
50	49
51	36
52	43
53	53
54	63
55	56
56	66
57	66
58	61
59	74
60	70
61	83
62	75
63	74
64	92
65	96
66	103
67	110
68	137
69	132
70	152
71	133
72	157
73	156
74	148
75	190
76	152
77	168
78	162
79	196
80	197
81	204
82	234
83	227
84	227
85	250
86	275
87	268
88	263
89	245
90	291
91	302
92	329
93	385
94	369
95	416
96	432
97	415
98	478
99	504
100	505
101	492
102	499
103	546
104	503
105	455
106	564
107	577
108	540
109	572
110	588
111	617
112	665
113	675
114	647
115	731
116	763
117	720
118	745
119	719
120	820
121	803
122	825
123	817
124	874
125	920
126	905
127	974
128	971
129	967
130	981
131	972
132	944
133	1059
134	1018
135	1064
136	1096
137	1114
138	1130
139	1190
140	1196
141	1274
142	1400
143	1630
144	2056
145	2457
146	3554
147	6895
148	8204
149	12594
150	24027
