0	0
1	0
2	0
3	0
4	0
5	0
6	0
7	0
8	0
9	0
10	0
11	0
12	0
13	2
14	4
15	3
16	1
17	3
18	0
19	0
20	1
21	2
22	0
23	2
24	5
25	5
26	4
27	6
28	7
29	10
30	3
31	2
32	7
33	6
34	9
35	5
36	12
37	7
38	11
39	12
40	9
41	14
42	13
43	13
44	19
45	8
46	11
47	20
48	16
49	13
50	8
51	14
52	19
53	14
54	14
55	17
56	21
57	23
58	21
59	27
60	23
61	36
62	27
63	21
64	25
65	33
66	27
67	30
68	21
69	31
70	35
71	42
72	32
73	38
74	38
75	31
76	32
77	35
78	43
79	32
80	44
81	61
82	48
83	49
84	63
85	70
86	54
87	46
88	80
89	70
90	70
91	64
92	68
93	73
94	84
95	64
96	69
97	83
98	77
99	81
100	84
101	89
102	66
103	80
104	79
105	84
106	79
107	82
108	92
109	71
110	94
111	95
112	91
113	91
114	106
115	91
116	104
117	95
118	79
119	103
120	79
121	94
122	85
123	95
124	101
125	81
126	104
127	118
128	107
129	113
130	124
131	95
132	91
133	103
134	83
135	87
136	118
137	105
138	139
139	120
140	116
141	121
142	121
143	121
144	120
145	86
146	111
147	85
148	81
149	90
150	72
151	109
152	79
153	91
154	91
155	82
156	89
157	95
158	88
159	108
160	106
161	100
162	116
163	97
164	94
165	108
166	87
167	104
168	103
169	92
170	98
171	104
172	68
173	94
174	105
175	84
176	100
177	122
178	96
179	93
180	101
181	102
182	93
183	85
184	89
185	77
186	94
187	106
188	96
189	85
190	90
191	123
192	108
193	94
194	87
195	86
196	110
197	81
198	83
199	94
200	96
201	85
202	93
203	90
204	74
205	78
206	96
207	68
208	96
209	76
210	68
211	93
212	78
213	74
214	96
215	83
216	83
217	69
218	89
219	86
220	66
221	83
222	75
223	71
224	48
225	63
226	77
227	74
228	83
229	80
230	75
231	82
232	91
233	79
234	88
235	73
236	70
237	84
238	62
239	66
240	64
241	79
242	54
243	63
244	84
245	79
246	101
247	94
248	83
249	95
250	81
251	73
252	72
253	87
254	80
255	70
256	102
257	86
258	86
259	106
260	88
261	95
262	113
263	111
264	79
265	94
266	85
267	108
268	93
269	110
270	94
271	89
272	97
273	114
274	77
275	82
276	115
277	86
278	99
279	87
280	78
281	94
282	82
283	78
284	80
285	68
286	80
287	100
288	90
289	117
290	96
291	98
292	87
293	98
294	95
295	92
296	93
297	98
298	87
299	100
300	83
301	100
302	101
303	94
304	94
305	68
306	71
307	87
308	79
309	100
310	111
311	85
312	90
313	107
314	88
315	99
316	78
317	91
318	90
319	75
320	92
321	126
322	88
323	85
324	97
325	94
326	92
327	95
328	105
329	106
330	102
331	98
332	91
333	94
334	96
335	99
336	84
337	114
338	84
339	109
340	77
341	86
342	87
343	87
344	63
345	75
346	72
347	75
348	75
349	101
350	93
351	83
352	85
353	69
354	81
355	92
356	100
357	98
358	106
359	91
360	102
361	75
362	95
363	98
364	99
365	116
366	84
367	102
368	94
369	96
370	66
371	96
372	86
373	90
374	50
375	67
376	85
377	70
378	82
379	102
380	88
381	79
382	98
383	97
384	60
385	81
386	78
387	56
388	68
389	88
390	69
391	69
392	81
393	90
394	100
395	62
396	58
397	75
398	99
399	70
400	86
401	53
402	68
403	68
404	93
405	69
406	80
407	87
408	78
409	74
410	88
411	101
412	79
413	102
414	72
415	89
416	67
417	86
418	95
419	86
420	76
421	65
422	67
423	76
424	87
425	67
426	85
427	91
428	86
429	98
430	59
431	86
432	71
433	55
434	68
435	83
436	58
437	65
438	63
439	72
440	70
441	85
442	54
443	51
444	75
445	77
446	70
447	82
448	61
449	78
450	59
451	54
452	64
453	45
454	67
455	45
456	47
457	60
458	53
459	70
460	63
461	71
462	60
463	73
464	47
465	48
466	48
467	36
468	63
469	46
470	63
471	60
472	57
473	50
474	50
475	51
476	49
477	35
478	56
479	37
480	53
481	50
482	39
483	50
484	47
485	51
486	38
487	44
488	46
489	39
490	42
491	49
492	38
493	37
494	48
495	43
496	32
497	40
498	47
499	29
500	40
501	39
502	26
503	32
504	57
505	39
506	53
507	62
508	55
509	43
510	51
511	30
512	45
513	32
514	46
515	37
516	37
517	46
518	28
519	40
520	38
521	44
522	51
523	55
524	47
525	42
526	36
527	25
528	30
529	36
530	23
531	43
532	40
533	22
534	31
535	30
536	23
537	24
538	23
539	22
540	21
541	19
542	25
543	26
544	22
545	26
546	28
547	18
548	36
549	34
550	31
551	9
552	25
553	27
554	21
555	26
556	21
557	30
558	24
559	25
560	25
561	31
562	26
563	20
564	27
565	12
566	15
567	28
568	24
569	12
570	15
571	16
572	14
573	16
574	18
575	9
576	13
577	17
