0	0
1	0
2	0
3	0
4	0
5	0
6	0
7	0
8	0
9	0
10	0
11	0
12	0
13	2
14	4
15	3
16	1
17	3
18	0
19	0
20	1
21	2
22	0
23	2
24	5
25	5
26	4
27	6
28	8
29	10
30	3
31	2
32	8
33	6
34	11
35	7
36	13
37	7
38	12
39	16
40	9
41	16
42	20
43	21
44	44
45	12
46	19
47	231
48	18
49	16
50	21
51	16
52	21
53	16
54	16
55	20
56	24
57	25
58	23
59	31
60	24
61	39
62	29
63	22
64	27
65	37
66	31
67	31
68	21
69	35
70	36
71	46
72	39
73	43
74	43
75	34
76	36
77	42
78	46
79	36
80	45
81	73
82	53
83	57
84	70
85	79
86	63
87	57
88	98
89	84
90	80
91	75
92	76
93	86
94	114
95	83
96	84
97	124
98	97
99	108
100	107
101	105
102	100
103	109
104	112
105	112
106	109
107	108
108	126
109	109
110	130
111	156
112	121
113	124
114	177
115	130
116	157
117	141
118	124
119	170
120	119
121	144
122	139
123	168
124	170
125	138
126	149
127	197
128	186
129	190
130	244
131	192
132	153
133	206
134	133
135	161
136	238
137	194
138	248
139	234
140	232
141	275
142	212
143	216
144	243
145	182
146	218
147	208
148	218
149	230
150	145
151	285
152	199
153	289
154	213
155	223
156	240
157	303
158	182
159	260
160	296
161	253
162	286
163	291
164	204
165	328
166	246
167	243
168	276
169	268
170	286
171	237
172	196
173	265
174	283
175	250
176	257
177	359
178	322
179	230
180	286
181	311
182	283
183	255
184	269
185	230
186	247
187	307
188	271
189	238
190	241
191	382
192	374
193	286
194	253
195	249
196	280
197	218
198	162
199	242
200	235
201	320
202	280
203	320
204	241
205	260
206	308
207	160
208	321
209	171
210	160
211	242
212	218
213	182
214	257
215	248
216	211
217	209
218	294
219	203
220	135
221	273
222	150
223	163
224	132
225	172
226	176
227	189
228	225
229	193
230	197
231	173
232	206
233	255
234	249
235	186
236	184
237	192
238	170
239	166
240	173
241	177
242	113
243	141
244	207
245	131
246	249
247	271
248	184
249	308
250	205
251	186
252	190
253	197
254	203
255	170
256	285
257	214
258	222
259	278
260	229
261	250
262	250
263	315
264	176
265	255
266	168
267	235
268	173
269	227
270	159
271	232
272	210
273	298
274	173
275	193
276	234
277	235
278	221
279	158
280	141
281	264
282	198
283	157
284	176
285	121
286	190
287	198
288	250
289	262
290	205
291	256
292	218
293	143
294	206
295	215
296	165
297	222
298	157
299	176
300	205
301	172
302	228
303	251
304	173
305	117
306	153
307	210
308	174
309	211
310	232
311	157
312	171
313	267
314	174
315	217
316	168
317	214
318	244
319	176
320	189
321	279
322	171
323	164
324	191
325	184
326	193
327	198
328	214
329	215
330	246
331	220
332	176
333	223
334	226
335	203
336	136
337	256
338	148
339	237
340	143
341	190
342	148
343	196
344	97
345	134
346	112
347	106
348	168
349	160
350	201
351	188
352	128
353	115
354	142
355	193
356	212
357	168
358	194
359	189
360	180
361	133
362	132
363	187
364	190
365	210
366	138
367	218
368	167
369	189
370	138
371	167
372	165
373	185
374	68
375	102
376	124
377	114
378	159
379	177
380	165
381	131
382	224
383	159
384	100
385	145
386	136
387	107
388	101
389	182
390	128
391	116
392	117
393	155
394	166
395	108
396	103
397	136
398	196
399	134
400	154
401	74
402	121
403	100
404	139
405	112
406	130
407	132
408	153
409	143
410	151
411	160
412	131
413	173
414	128
415	164
416	104
417	145
418	155
419	142
420	112
421	114
422	105
423	130
424	104
425	99
426	146
427	180
428	134
429	180
430	74
431	162
432	106
433	90
434	127
435	137
436	82
437	116
438	99
439	99
440	91
441	145
442	81
443	78
444	101
445	133
446	103
447	128
448	111
449	130
450	91
451	85
452	78
453	77
454	114
455	69
456	55
457	79
458	69
459	113
460	107
461	118
462	74
463	118
464	69
465	63
466	71
467	50
468	91
469	78
470	106
471	88
472	70
473	75
474	55
475	59
476	72
477	45
478	96
479	72
480	70
481	68
482	56
483	87
484	52
485	88
486	57
487	60
488	76
489	62
490	50
491	71
492	67
493	43
494	67
495	76
496	44
497	49
498	68
499	37
500	55
501	63
502	36
503	34
504	87
505	46
506	65
507	78
508	84
509	61
510	74
511	50
512	54
513	41
514	61
515	72
516	48
517	66
518	45
519	57
520	51
521	52
522	70
523	98
524	65
525	48
526	66
527	33
528	33
529	42
530	39
531	97
532	61
533	27
534	37
535	33
536	28
537	33
538	25
539	32
540	27
541	23
542	27
543	35
544	27
545	28
546	33
547	20
548	59
549	45
550	40
551	10
552	36
553	30
554	22
555	32
556	26
557	50
558	29
559	37
560	31
561	41
562	31
563	51
564	35
565	20
566	18
567	36
568	48
