16	7
17	9
18	8
19	5
20	10
21	4
22	2
23	5
24	9
25	9
26	9
27	10
28	12
29	7
30	16
31	21
32	19
33	12
34	29
35	31
36	34
37	52
38	36
39	58
40	58
41	67
42	73
43	85
44	84
45	78
46	104
47	145
48	143
49	189
50	403
51	643
52	175
53	121
54	90
55	110
56	131
57	141
58	196
59	183
60	136
61	109
62	120
63	120
64	134
65	148
66	148
67	180
68	186
69	171
70	168
71	196
72	193
73	208
74	223
75	212
76	275
77	258
78	248
79	286
80	244
81	292
82	325
83	348
84	380
85	367
86	390
87	350
88	373
89	439
90	463
91	534
92	544
93	513
94	572
95	504
96	525
97	596
98	624
99	586
100	609
101	610
102	650
103	708
104	677
105	722
106	719
107	792
108	827
109	905
110	904
111	952
112	940
113	942
114	928
115	1138
116	1148
117	1120
118	1226
119	1184
120	1185
121	1079
122	1268
123	1252
124	1411
125	1312
126	1244
127	1382
128	1339
129	1339
130	1180
131	1346
132	1305
133	1381
134	1540
135	1442
136	1444
137	1443
138	1626
139	1729
140	1840
141	1951
142	2138
143	2318
144	3175
145	3865
146	5825
147	9704
148	12119
149	24297
150	35239
