16	7
17	9
18	8
19	5
20	10
21	4
22	2
23	5
24	8
25	9
26	9
27	10
28	12
29	7
30	12
31	21
32	18
33	12
34	28
35	29
36	32
37	52
38	33
39	54
40	54
41	57
42	66
43	78
44	77
45	69
46	74
47	102
48	89
49	86
50	91
51	75
52	89
53	104
54	78
55	94
56	111
57	96
58	117
59	120
60	110
61	101
62	105
63	103
64	121
65	127
66	129
67	161
68	159
69	158
70	152
71	166
72	166
73	180
74	194
75	193
76	226
77	212
78	211
79	248
80	214
81	231
82	259
83	287
84	308
85	282
86	303
87	277
88	319
89	355
90	346
91	409
92	435
93	406
94	435
95	391
96	401
97	458
98	491
99	465
100	483
101	446
102	465
103	482
104	471
105	525
106	517
107	572
108	566
109	586
110	640
111	619
112	621
113	636
114	602
115	705
116	671
117	690
118	786
119	745
120	768
121	675
122	779
123	751
124	807
125	747
126	709
127	798
128	767
129	747
130	697
131	764
132	736
133	759
134	819
135	732
136	777
137	759
138	850
139	816
140	926
141	964
142	1040
143	1127
144	1385
145	1595
146	2388
147	3854
148	4268
149	6194
150	8562
