18	1
21	1
23	1
24	1
25	1
28	1
31	1
33	1
34	3
35	5
36	1
37	4
38	5
39	5
40	8
41	3
42	4
43	6
44	10
45	11
46	7
47	9
48	17
49	15
50	11
51	17
52	12
53	11
54	14
55	22
56	13
57	18
58	23
59	13
60	11
61	23
62	14
63	17
64	21
65	27
66	23
67	35
68	32
69	27
70	29
71	34
72	45
73	39
74	51
75	35
76	52
77	52
78	51
79	70
80	75
81	61
82	53
83	65
84	70
85	79
86	73
87	67
88	80
89	92
90	78
91	112
92	108
93	130
94	121
95	130
96	136
97	137
98	118
99	145
100	162
101	182
102	148
103	178
104	160
105	180
106	221
107	194
108	210
109	200
110	215
111	229
112	236
113	261
114	257
115	259
116	295
117	278
118	292
119	341
120	323
121	355
122	353
123	330
124	353
125	368
126	368
127	393
128	378
129	393
130	434
131	387
132	426
133	462
134	453
135	454
136	518
137	494
138	485
139	631
140	687
141	755
142	883
143	1071
144	1490
145	2107
146	3178
147	8266
148	5376
149	13156
150	11100
