18	1
21	1
23	1
24	1
25	1
28	1
31	1
33	1
34	3
35	5
36	1
37	4
38	5
39	5
40	8
41	3
42	4
43	6
44	10
45	11
46	7
47	9
48	22
49	16
50	19
51	27
52	12
53	11
54	14
55	23
56	14
57	18
58	24
59	14
60	13
61	25
62	14
63	17
64	21
65	27
66	24
67	38
68	33
69	29
70	29
71	36
72	46
73	41
74	55
75	39
76	55
77	56
78	54
79	74
80	82
81	66
82	58
83	71
84	76
85	85
86	78
87	72
88	80
89	95
90	83
91	119
92	117
93	144
94	143
95	149
96	151
97	164
98	140
99	165
100	179
101	210
102	169
103	203
104	185
105	211
106	253
107	238
108	247
109	240
110	271
111	313
112	311
113	336
114	328
115	333
116	378
117	358
118	367
119	452
120	409
121	459
122	443
123	420
124	449
125	459
126	469
127	507
128	506
129	486
130	555
131	501
132	556
133	588
134	584
135	585
136	687
137	633
138	626
139	838
140	888
141	1037
142	1202
143	1568
144	2292
145	3093
146	5389
147	14673
148	8970
149	35301
150	29250
