16	14
17	17
18	10
19	12
20	9
21	8
22	11
23	21
24	13
25	7
26	14
27	11
28	14
29	23
30	18
31	14
32	26
33	21
34	18
35	28
36	21
37	29
38	40
39	34
40	27
41	43
42	53
43	46
44	47
45	54
46	74
47	77
48	66
49	75
50	78
51	85
52	76
53	75
54	76
55	90
56	81
57	127
58	129
59	103
60	99
61	87
62	104
63	107
64	130
65	128
66	148
67	151
68	179
69	175
70	191
71	189
72	195
73	230
74	242
75	241
76	261
77	255
78	294
79	290
80	296
81	341
82	388
83	354
84	378
85	414
86	430
87	381
88	471
89	507
90	472
91	545
92	581
93	629
94	651
95	637
96	671
97	742
98	769
99	758
100	719
101	796
102	795
103	863
104	897
105	882
106	932
107	1075
108	1051
109	1108
110	1208
111	1140
112	1195
113	1122
114	1218
115	1299
116	1429
117	1415
118	1321
119	1379
120	1372
121	1424
122	1409
123	1539
124	1525
125	1687
126	1681
127	1733
128	1810
129	1701
130	1781
131	1854
132	1765
133	1831
134	1951
135	2005
136	1974
137	1977
138	1916
139	2115
140	2120
141	2449
142	2743
143	3016
144	3241
145	4044
146	5947
147	9014
148	14250
149	47255
150	34296
