16	13
17	16
18	10
19	12
20	9
21	8
22	10
23	19
24	12
25	7
26	14
27	11
28	12
29	21
30	18
31	14
32	26
33	19
34	18
35	27
36	20
37	29
38	39
39	31
40	25
41	43
42	50
43	43
44	44
45	51
46	68
47	71
48	61
49	73
50	67
51	69
52	72
53	69
54	69
55	83
56	68
57	91
58	89
59	78
60	91
61	87
62	99
63	100
64	123
65	123
66	144
67	144
68	164
69	159
70	178
71	178
72	184
73	214
74	216
75	224
76	245
77	238
78	261
79	265
80	253
81	285
82	340
83	310
84	320
85	356
86	375
87	333
88	418
89	445
90	410
91	471
92	493
93	553
94	574
95	551
96	569
97	607
98	640
99	632
100	604
101	646
102	636
103	655
104	703
105	726
106	751
107	815
108	788
109	838
110	915
111	827
112	924
113	887
114	935
115	962
116	1008
117	1018
118	967
119	1032
120	1008
121	1031
122	1061
123	1113
124	1091
125	1158
126	1165
127	1177
128	1229
129	1201
130	1226
131	1235
132	1227
133	1273
134	1260
135	1262
136	1273
137	1246
138	1237
139	1349
140	1329
141	1528
142	1642
143	1777
144	1952
145	2319
146	3192
147	5769
148	8195
149	16492
150	12771
