16	23
17	54
18	85
19	86
20	96
21	99
22	87
23	92
24	94
25	120
26	121
27	135
28	134
29	139
30	165
31	193
32	259
33	345
34	418
35	463
36	560
37	653
38	698
39	740
40	869
41	1026
42	1104
43	1302
44	1528
45	1662
46	1912
47	2107
48	2265
49	2543
50	2734
51	3066
52	3241
53	3491
54	3560
55	3827
56	3977
57	4357
58	4585
59	4700
60	4768
61	4853
62	4964
63	5256
64	5468
65	5737
66	5990
67	6244
68	6365
69	6651
70	7006
71	7129
72	7604
73	7783
74	8390
75	8704
76	9081
77	9239
78	9592
79	10009
80	10599
81	10850
82	11493
83	12110
84	12321
85	12867
86	13332
87	13569
88	14291
89	14856
90	14968
91	15524
92	15945
93	16547
94	17499
95	18042
96	18530
97	19009
98	19698
99	20001
100	21244
101	21630
102	21968
103	23039
104	23506
105	24129
106	25238
107	25917
108	26660
109	27352
110	28025
111	28685
112	29404
113	30201
114	30460
115	30773
116	31697
117	31795
118	32960
119	33073
120	33534
121	34316
122	34847
123	35157
124	36216
125	36731
126	37848
127	38733
128	38749
129	39036
130	39573
131	40019
132	40544
133	41692
134	42138
135	43559
136	45180
137	47497
138	49515
139	53041
140	57982
141	64711
142	77018
143	99533
144	129332
145	182273
146	297659
147	618396
148	911286
149	1774849
150	1422433
