16	21
17	24
18	19
19	15
20	14
21	17
22	27
23	19
24	25
25	28
26	41
27	55
28	61
29	79
30	80
31	91
32	108
33	115
34	106
35	128
36	122
37	125
38	155
39	182
40	179
41	189
42	218
43	234
44	219
45	203
46	234
47	256
48	288
49	241
50	276
51	238
52	254
53	243
54	270
55	270
56	297
57	249
58	327
59	309
60	346
61	327
62	332
63	350
64	383
65	397
66	354
67	452
68	387
69	423
70	469
71	421
72	456
73	489
74	497
75	511
76	517
77	553
78	572
79	585
80	629
81	692
82	707
83	690
84	733
85	811
86	817
87	863
88	893
89	824
90	886
91	849
92	964
93	999
94	1020
95	1035
96	1065
97	1113
98	1144
99	1170
100	1239
101	1271
102	1277
103	1383
104	1354
105	1302
106	1336
107	1364
108	1421
109	1509
110	1468
111	1504
112	1597
113	1560
114	1548
115	1598
116	1672
117	1600
118	1713
119	1727
120	1725
121	1786
122	1789
123	1787
124	1801
125	1904
126	1900
127	1878
128	1918
129	1877
130	1948
131	1927
132	2028
133	2025
134	2073
135	2084
136	2134
137	2092
138	2121
139	2106
140	2217
141	2341
142	2370
143	2535
144	2722
145	2962
146	3991
147	7755
148	6670
149	19660
150	20409
