0	0
1	0
2	0
3	0
4	0
5	0
6	0
7	0
8	0
9	0
10	0
11	0
12	0
13	0
14	0
15	0
16	1
17	2
18	0
19	1
20	2
21	0
22	0
23	0
24	1
25	3
26	0
27	2
28	0
29	1
30	1
31	1
32	0
33	1
34	2
35	2
36	9
37	4
38	0
39	3
40	11
41	6
42	9
43	2
44	2
45	7
46	5
47	10
48	6
49	6
50	3
51	10
52	1
53	5
54	5
55	9
56	14
57	5
58	8
59	5
60	6
61	10
62	5
63	19
64	5
65	6
66	6
67	15
68	10
69	15
70	14
71	12
72	8
73	14
74	12
75	15
76	18
77	15
78	35
79	25
80	32
81	26
82	22
83	17
84	25
85	56
86	36
87	29
88	35
89	37
90	43
91	30
92	42
93	24
94	43
95	59
96	55
97	47
98	95
99	66
100	81
101	74
102	94
103	52
104	86
105	95
106	111
107	75
108	106
109	162
110	102
111	96
112	90
113	137
114	77
115	114
116	98
117	77
118	107
119	153
120	133
121	127
122	80
123	209
124	182
125	126
126	82
127	146
128	154
129	83
130	115
131	182
132	102
133	170
134	135
135	161
136	137
137	213
138	295
139	201
140	132
141	215
142	274
143	192
144	274
145	172
146	238
147	189
148	130
149	162
150	172
151	98
152	187
153	224
154	426
155	193
156	137
157	142
158	203
159	370
160	336
161	316
162	270
163	186
164	263
165	176
166	165
167	225
168	213
169	349
170	173
171	425
172	430
173	274
174	267
175	156
176	306
177	328
178	448
179	489
180	337
181	221
182	497
183	198
184	434
185	388
186	448
187	717
188	353
189	224
190	253
191	268
192	436
193	451
194	413
195	501
196	532
197	683
198	652
199	257
200	445
201	335
202	366
203	280
204	479
205	385
206	322
207	328
208	359
209	434
210	507
211	518
212	234
213	132
214	272
215	308
216	517
217	328
218	439
219	380
220	326
221	490
222	502
223	348
224	309
225	453
226	492
227	436
228	414
229	812
230	378
231	542
232	232
233	303
234	139
235	421
236	392
237	330
238	481
239	277
240	302
241	200
242	310
243	299
244	402
245	535
246	386
247	376
248	855
249	531
250	521
251	630
252	267
253	495
254	483
255	634
256	380
257	560
258	356
259	469
260	310
261	413
262	313
263	287
264	239
265	427
266	582
267	360
268	275
269	473
270	530
271	180
272	254
273	423
274	256
275	284
276	598
277	484
278	428
279	286
280	461
281	733
282	276
283	550
284	476
285	412
286	391
287	410
288	634
289	245
290	297
291	239
292	434
293	400
294	338
295	407
296	475
297	480
298	454
299	376
300	155
301	395
302	390
303	329
304	199
305	249
306	172
307	188
308	351
309	384
310	290
311	524
312	246
313	297
314	176
315	416
316	353
317	345
318	506
319	392
320	261
321	377
322	341
323	295
324	288
325	286
326	489
327	337
328	202
329	268
330	298
331	371
332	461
333	368
334	456
335	335
336	327
337	158
338	175
339	315
340	348
341	264
342	420
343	145
344	222
345	194
346	251
347	206
348	141
349	239
350	149
351	297
352	269
353	186
354	250
355	178
356	147
357	187
358	132
359	255
360	87
361	272
362	291
363	195
364	225
365	269
366	308
367	387
368	192
369	470
370	475
371	313
372	175
373	199
374	212
375	159
376	141
377	140
378	156
379	171
380	309
381	358
382	226
383	231
384	179
385	482
386	164
387	501
388	276
389	135
390	211
391	209
392	115
393	278
394	466
395	239
396	246
397	350
398	238
399	271
400	247
401	350
402	433
403	343
404	350
405	185
406	202
407	268
408	158
409	224
410	398
411	171
412	87
413	200
414	218
415	174
416	277
417	460
418	175
419	495
420	247
421	291
422	328
423	372
424	319
425	305
426	154
427	126
428	154
429	325
430	344
431	177
432	79
433	197
434	96
435	302
436	284
437	136
438	150
439	167
440	129
441	123
442	127
443	156
444	226
445	235
446	127
447	139
448	204
449	237
450	86
451	74
452	83
453	127
454	106
455	122
456	199
457	82
458	75
459	119
460	112
461	61
462	118
463	97
464	98
465	69
466	127
467	166
468	136
469	74
470	62
471	94
472	80
473	239
474	148
475	182
476	99
477	152
478	73
479	70
480	128
481	109
482	115
483	151
484	122
485	55
486	190
487	55
488	69
489	53
490	60
491	105
492	54
493	46
494	110
495	35
496	52
497	79
498	75
499	168
500	179
501	35
502	75
503	72
504	66
505	185
506	101
507	252
508	125
509	82
510	31
511	49
512	73
513	100
514	50
515	44
516	86
517	63
518	96
519	123
520	122
521	53
522	89
523	202
524	68
525	86
526	67
527	38
528	42
529	83
530	72
531	57
532	61
533	22
534	27
535	36
536	38
537	35
538	33
539	17
540	59
541	123
542	56
543	18
544	85
545	94
546	53
547	23
548	40
549	11
550	47
551	31
552	88
553	22
554	26
555	35
556	100
557	16
558	38
559	24
560	30
561	18
562	37
563	36
564	40
