0	0
1	0
2	0
3	0
4	0
5	0
6	0
7	0
8	0
9	0
10	0
11	0
12	0
13	3
14	11
15	23
16	41
17	23
18	21
19	15
20	15
21	10
22	8
23	10
24	8
25	8
26	10
27	16
28	21
29	30
30	47
31	48
32	47
33	65
34	76
35	94
36	120
37	110
38	140
39	164
40	201
41	197
42	226
43	255
44	248
45	269
46	321
47	347
48	393
49	381
50	398
51	456
52	529
53	444
54	528
55	500
56	589
57	592
58	601
59	603
60	676
61	677
62	609
63	646
64	755
65	751
66	861
67	787
68	929
69	865
70	871
71	889
72	921
73	1007
74	955
75	1006
76	1017
77	1015
78	1134
79	1102
80	1191
81	1109
82	1238
83	1490
84	1377
85	1706
86	1403
87	1402
88	1400
89	1705
90	3475
91	2106
92	1732
93	1734
94	1690
95	1595
96	1703
97	1779
98	1790
99	2004
100	1970
101	2001
102	2063
103	2223
104	2066
105	2229
106	2389
107	2270
108	2316
109	2424
110	2654
111	2458
112	2682
113	2783
114	2712
115	2753
116	2927
117	2963
118	3001
119	3097
120	3168
121	3360
122	3384
123	3364
124	3365
125	3488
126	3768
127	3557
128	3659
129	4072
130	3918
131	4067
132	3982
133	4153
134	3957
135	4242
136	4224
137	4113
138	4210
139	4446
140	4594
141	4632
142	4614
143	4583
144	4823
145	4670
146	4566
147	5429
148	5808
149	6123
150	6331
151	6166
152	6115
153	6335
154	6119
155	6524
156	6352
157	6484
158	6215
159	6741
160	6659
161	6582
162	6682
163	6623
164	6863
165	6722
166	6842
167	6763
168	6954
169	6868
170	6912
171	7053
172	6974
173	6996
174	7013
175	6794
176	7098
177	7006
178	7172
179	7197
180	7072
181	7276
182	7273
183	7007
184	7210
185	6871
186	6893
187	6874
188	6817
189	6842
190	6842
191	6830
192	6851
193	6913
194	6974
195	7053
196	6935
197	7073
198	6800
199	6581
200	6670
201	6709
202	7051
203	6903
204	6949
205	6727
206	6615
207	6813
208	6656
209	6731
210	6273
211	6533
212	6634
213	6484
214	6269
215	6107
216	6390
217	6316
218	6448
219	6390
220	6153
221	6110
222	6408
223	6051
224	5988
225	6036
226	6052
227	5953
228	6263
229	5932
230	6191
231	5891
232	5964
233	6014
234	5830
235	5901
236	5935
237	5806
238	5559
239	5602
240	5495
241	5758
242	5727
243	5666
244	5544
245	5642
246	5575
247	5524
248	5302
249	5296
250	5285
251	5219
252	5297
253	5387
254	5468
255	5124
256	5400
257	5215
258	5228
259	4902
260	4867
261	4911
262	4774
263	4906
264	5068
265	5074
266	4802
267	5033
268	4802
269	4803
270	4757
271	4614
272	4701
273	4388
274	4614
275	4466
276	4426
277	4442
278	4600
279	4416
280	4469
281	4437
282	4424
283	4439
284	4154
285	4291
286	4248
287	4192
288	4118
289	4275
290	4259
291	4010
292	4007
293	3921
294	3861
295	3925
296	3809
297	3804
298	3879
299	3833
300	3719
301	3888
302	3880
303	3829
304	3891
305	3887
306	3687
307	3752
308	3787
309	3585
310	3523
311	3420
312	3710
313	3502
314	3477
315	3823
316	3462
317	3457
318	3413
319	3325
320	3425
321	3322
322	3141
323	3045
324	3232
325	3214
326	3215
327	3410
328	3329
329	3353
330	3022
331	3081
332	3032
333	3162
334	2963
335	3130
336	3155
337	3126
338	3072
339	3086
340	2993
341	2814
342	2821
343	2837
344	2954
345	2941
346	2743
347	2788
348	2655
349	2813
350	2811
351	2757
352	2725
353	2748
354	2630
355	2686
356	2580
357	2573
358	2682
359	2543
360	2530
361	2516
362	2496
363	2585
364	2568
365	2353
366	2529
367	2572
368	2555
369	2395
370	2365
371	2404
372	2356
373	2333
374	2358
375	2315
376	2333
377	2391
378	2308
379	2224
380	2359
381	2258
382	2311
383	2191
384	2187
385	2100
386	2273
387	2140
388	2182
389	2124
390	2102
391	2003
392	2176
393	2059
394	2118
395	2066
396	1951
397	2066
398	1801
399	1825
400	1913
401	1718
402	1776
403	1826
404	1895
405	1932
406	1688
407	1929
408	1833
409	1847
410	1711
411	1732
412	1791
413	1892
414	1787
415	1680
416	1643
417	1710
418	1728
419	1688
420	1711
421	1776
422	1685
423	1619
424	1572
425	1573
426	1555
427	1525
428	1554
429	1528
430	1543
431	1610
432	1529
433	1592
434	1441
435	1521
436	1511
437	1485
438	1463
439	1431
440	1435
441	1292
442	1343
443	1418
444	1419
445	1341
446	1242
447	1284
448	1399
449	1434
450	1391
451	1367
452	1302
453	1208
454	1203
455	1227
456	1172
457	1140
458	1282
459	1252
460	1198
461	1286
462	1234
463	1183
464	1199
465	1192
466	1136
467	1092
468	1116
469	1099
470	1171
471	1154
472	1196
473	1222
474	1114
475	1114
476	1100
477	1201
478	1219
479	1123
480	1133
481	1064
482	1022
483	1046
484	1098
485	1191
486	1131
487	1093
488	1118
489	1024
490	1048
491	1168
492	1163
493	1096
494	1182
495	1099
496	1036
497	971
498	1044
499	969
500	1038
501	1025
502	1084
503	1105
504	1028
505	966
506	998
507	949
508	1037
509	945
510	984
511	928
512	983
513	945
514	943
515	919
516	1041
517	961
518	937
519	889
520	962
521	983
522	913
523	1054
524	897
525	865
526	933
527	868
528	947
529	836
530	872
531	942
532	892
533	922
534	875
535	900
536	921
537	872
538	780
539	893
540	946
541	849
542	936
543	886
544	875
545	862
546	910
547	967
548	872
549	863
550	833
551	743
552	886
553	856
554	826
555	827
556	836
557	900
558	828
559	896
560	866
561	934
562	809
563	857
564	885
565	785
566	714
567	753
568	796
569	734
570	846
571	749
572	764
573	766
574	814
575	745
576	743
577	809
578	727
579	748
580	698
581	751
582	793
583	777
584	805
585	741
586	729
587	807
588	707
589	726
590	718
591	712
592	831
593	842
594	750
595	714
596	723
597	639
598	759
599	708
600	689
601	646
602	630
603	709
604	676
605	662
606	667
607	755
608	711
609	672
610	617
611	672
612	675
613	712
614	692
615	681
616	635
617	659
618	666
619	657
620	626
621	611
622	647
623	713
624	575
625	639
626	686
627	662
628	735
629	669
630	618
631	645
632	645
633	641
634	647
635	629
636	625
637	656
638	615
639	590
640	546
641	621
642	593
643	632
644	590
645	624
646	670
647	575
648	687
649	599
650	597
651	575
652	597
653	568
654	571
655	593
656	593
657	654
658	581
659	615
660	567
661	613
662	588
663	594
664	606
665	657
666	556
667	633
668	587
669	554
670	651
671	552
672	643
673	627
674	620
675	652
676	658
677	531
678	588
679	586
680	595
681	632
682	533
683	529
684	543
685	531
686	544
687	524
688	522
689	541
690	518
691	593
692	571
693	531
694	626
695	614
696	543
697	511
698	580
699	586
700	554
701	653
702	528
703	558
704	561
705	606
706	574
707	544
708	508
709	536
710	517
711	572
712	542
713	526
714	604
715	528
716	508
717	511
718	565
719	566
720	462
721	503
722	519
723	565
724	598
725	524
726	525
727	574
728	503
729	603
730	535
731	519
732	436
733	465
734	565
735	497
736	575
737	491
738	488
739	484
740	455
741	591
742	535
743	511
744	486
745	441
746	450
747	428
748	532
749	494
750	440
751	463
752	556
753	468
754	493
755	425
756	467
757	427
758	432
759	415
760	441
761	466
762	427
763	436
764	458
765	488
766	499
767	486
768	417
769	401
770	436
771	371
772	469
773	459
774	507
775	426
776	458
777	411
778	421
779	365
780	415
781	414
782	381
783	429
784	443
785	462
786	405
787	410
788	483
789	387
790	466
791	435
792	490
793	490
794	466
795	457
796	502
797	461
798	475
799	491
800	466
801	487
802	374
803	490
804	443
805	470
806	424
807	401
808	428
809	467
810	422
811	463
812	403
813	417
814	396
815	439
816	456
817	431
818	480
819	484
820	417
821	392
822	437
823	389
824	411
825	389
826	424
827	387
828	439
829	386
830	382
831	398
832	410
833	448
834	414
835	418
836	431
837	390
838	413
839	399
840	407
841	424
842	347
843	392
844	381
845	377
846	404
847	454
848	445
849	425
850	464
851	388
852	379
853	453
854	378
855	410
856	436
857	451
858	399
859	394
860	377
861	376
862	458
863	462
864	454
865	429
866	393
867	416
868	417
869	455
870	477
871	470
872	419
873	420
874	406
875	427
876	402
877	393
878	417
879	426
880	407
881	417
882	404
883	367
884	371
885	413
886	443
887	406
888	439
889	410
890	393
891	302
892	370
893	372
894	389
895	420
896	426
897	492
898	454
899	463
900	344
901	464
902	390
903	393
904	416
905	373
906	396
907	370
908	325
909	358
910	424
911	321
912	345
913	359
914	391
915	380
916	368
917	390
918	372
919	347
920	364
921	417
922	343
923	382
924	333
925	365
926	394
927	372
928	385
929	421
930	431
931	390
932	449
933	418
934	410
935	417
936	370
937	424
938	359
939	363
940	360
941	442
942	382
943	385
944	435
945	442
946	401
947	374
948	396
949	399
950	411
951	422
952	386
953	413
954	383
955	368
956	333
957	421
958	383
959	365
960	405
961	394
962	447
963	356
964	372
965	427
966	420
967	318
968	396
969	441
970	368
971	422
972	414
973	418
974	456
975	452
976	468
977	484
978	452
979	450
980	434
981	461
982	312
983	438
984	420
985	398
986	391
987	445
988	364
989	413
990	379
991	374
992	355
993	398
994	455
995	454
996	432
997	444
998	476
999	399
1000	486
1001	430
1002	472
1003	421
1004	449
1005	407
1006	426
1007	439
1008	382
1009	362
1010	419
1011	343
1012	360
1013	434
1014	392
1015	454
1016	395
1017	362
1018	418
1019	422
1020	379
1021	342
1022	383
1023	424
1024	438
1025	347
1026	378
1027	394
1028	429
1029	367
1030	357
1031	422
1032	424
1033	373
1034	411
1035	405
1036	413
1037	434
1038	381
1039	411
1040	374
1041	385
1042	426
1043	427
1044	401
1045	359
1046	398
1047	406
1048	360
1049	421
1050	365
1051	451
1052	442
1053	376
1054	350
1055	333
1056	400
1057	401
1058	413
1059	370
1060	439
1061	388
1062	405
1063	391
1064	391
1065	444
1066	502
1067	415
1068	477
1069	391
1070	367
1071	409
1072	416
1073	328
1074	408
1075	410
1076	392
1077	396
1078	361
1079	383
1080	367
1081	394
1082	339
1083	378
1084	419
1085	365
1086	330
1087	327
1088	287
1089	353
1090	382
1091	376
1092	406
1093	395
1094	410
1095	413
1096	385
1097	409
1098	457
1099	420
1100	408
1101	423
1102	417
1103	439
1104	375
1105	444
1106	393
1107	442
1108	367
1109	353
1110	368
1111	402
1112	372
1113	462
1114	383
1115	381
1116	381
1117	394
1118	356
1119	364
1120	413
1121	372
1122	391
1123	383
1124	397
1125	418
1126	414
1127	369
1128	384
1129	409
1130	418
1131	368
1132	416
1133	330
1134	397
1135	367
1136	373
1137	384
1138	400
1139	363
1140	326
1141	385
1142	408
1143	398
1144	501
1145	378
1146	331
1147	366
1148	387
1149	353
1150	396
1151	382
1152	373
1153	385
1154	368
1155	363
1156	377
1157	347
1158	396
1159	339
1160	380
1161	356
1162	369
1163	369
1164	379
1165	389
1166	368
1167	453
1168	327
1169	303
1170	349
1171	337
1172	371
1173	351
1174	421
1175	381
1176	351
1177	364
1178	399
1179	376
1180	401
1181	358
1182	372
1183	378
1184	369
1185	412
1186	327
1187	294
1188	309
1189	314
1190	389
1191	372
1192	333
1193	384
1194	356
1195	374
1196	338
1197	364
1198	344
1199	372
1200	390
1201	320
1202	339
1203	295
1204	326
1205	381
1206	376
1207	334
1208	340
1209	304
1210	387
1211	345
1212	364
1213	298
1214	337
1215	346
1216	299
1217	315
1218	296
1219	366
1220	294
1221	352
1222	342
1223	327
1224	314
1225	378
1226	373
1227	312
1228	308
1229	339
1230	331
1231	351
1232	305
1233	373
1234	312
1235	368
1236	390
1237	411
1238	355
1239	336
1240	334
1241	308
1242	319
1243	317
1244	305
1245	372
1246	335
1247	272
1248	315
1249	312
1250	310
1251	327
1252	341
1253	307
1254	360
1255	364
1256	346
1257	289
1258	349
1259	376
1260	344
1261	384
1262	340
1263	343
1264	340
1265	316
1266	328
1267	363
1268	344
1269	335
1270	375
1271	343
1272	373
1273	383
1274	338
1275	334
1276	408
1277	327
1278	332
1279	369
1280	359
1281	325
1282	346
1283	321
1284	260
1285	345
1286	311
1287	314
1288	358
1289	401
1290	339
1291	349
1292	382
1293	335
1294	385
1295	358
1296	343
1297	346
1298	298
1299	350
1300	322
1301	319
1302	254
1303	264
1304	312
1305	319
1306	377
1307	397
1308	278
1309	346
1310	287
1311	302
1312	368
1313	320
1314	306
1315	333
1316	350
1317	325
1318	355
1319	281
1320	300
1321	331
1322	314
1323	299
1324	324
1325	329
1326	279
1327	329
1328	353
1329	331
1330	285
1331	282
1332	330
1333	318
1334	335
1335	355
1336	368
1337	308
1338	310
1339	320
1340	334
1341	272
1342	278
1343	313
1344	265
1345	299
1346	269
1347	287
1348	302
1349	279
1350	298
1351	307
1352	282
1353	290
1354	299
1355	256
1356	270
1357	309
1358	263
1359	259
1360	307
1361	295
1362	275
1363	273
1364	287
1365	288
1366	302
1367	245
1368	303
1369	247
1370	281
1371	262
1372	262
1373	262
1374	276
1375	290
1376	325
1377	299
1378	314
1379	318
1380	315
1381	316
1382	304
1383	314
1384	348
1385	257
1386	308
1387	322
1388	290
1389	306
1390	292
1391	310
1392	303
1393	306
1394	259
1395	286
1396	293
1397	418
1398	290
1399	352
1400	265
1401	310
1402	251
1403	298
1404	293
1405	312
1406	300
1407	313
1408	376
1409	268
1410	319
1411	313
1412	279
1413	261
1414	298
1415	295
1416	340
1417	249
1418	351
1419	279
1420	270
1421	257
1422	286
1423	310
1424	277
1425	280
1426	278
1427	292
1428	297
1429	287
1430	348
1431	286
1432	261
1433	357
1434	346
1435	319
1436	306
1437	330
1438	294
1439	301
1440	267
1441	262
1442	272
1443	246
1444	227
1445	260
1446	275
1447	327
1448	292
1449	319
1450	314
1451	308
1452	320
1453	335
1454	379
1455	300
1456	283
1457	377
1458	311
1459	309
1460	300
1461	272
1462	344
1463	307
1464	293
1465	303
1466	288
1467	267
1468	293
1469	282
1470	275
1471	308
1472	288
1473	306
1474	296
1475	262
1476	297
1477	256
1478	271
1479	266
1480	262
1481	332
1482	292
1483	322
1484	299
1485	301
1486	340
1487	288
1488	304
1489	304
1490	314
1491	346
1492	306
1493	335
1494	326
1495	305
1496	377
1497	339
1498	248
1499	277
1500	315
1501	275
1502	271
1503	301
1504	315
1505	287
1506	328
1507	329
1508	278
1509	268
1510	283
1511	255
1512	248
1513	266
1514	331
1515	313
1516	290
1517	285
1518	316
1519	323
1520	310
1521	300
1522	334
1523	309
1524	320
1525	307
1526	262
1527	366
1528	315
1529	293
1530	338
1531	396
1532	378
1533	389
1534	302
1535	339
1536	366
1537	300
1538	269
1539	274
1540	314
1541	324
1542	299
1543	336
1544	298
1545	325
1546	341
1547	279
1548	305
1549	279
1550	316
1551	321
1552	293
1553	313
1554	312
1555	336
1556	281
1557	353
1558	255
1559	278
1560	268
1561	284
1562	297
1563	325
1564	325
1565	325
1566	271
1567	312
1568	311
1569	299
1570	299
1571	287
1572	324
1573	260
1574	285
1575	323
1576	313
1577	270
1578	309
1579	319
1580	335
1581	293
1582	335
1583	314
1584	347
1585	293
1586	339
1587	362
1588	326
1589	241
1590	339
1591	299
1592	326
1593	356
1594	347
1595	332
1596	292
1597	276
1598	298
1599	280
1600	313
1601	283
1602	287
1603	273
1604	216
1605	294
1606	261
1607	305
1608	286
1609	253
1610	248
1611	287
1612	233
1613	250
1614	282
1615	216
1616	248
1617	326
1618	333
1619	302
1620	286
1621	287
1622	311
1623	320
1624	272
1625	269
1626	271
1627	283
1628	290
1629	301
1630	252
1631	274
1632	288
1633	290
1634	298
1635	253
1636	226
1637	254
1638	300
1639	297
1640	267
1641	241
1642	262
1643	300
1644	280
1645	271
1646	281
1647	283
1648	265
1649	310
1650	288
1651	305
1652	246
1653	263
1654	253
1655	217
1656	239
1657	280
1658	287
1659	285
1660	324
1661	258
1662	265
1663	281
1664	340
1665	259
1666	273
1667	272
1668	286
1669	266
1670	295
1671	271
1672	307
1673	277
1674	332
1675	282
1676	260
1677	301
1678	276
1679	265
1680	237
1681	256
1682	300
1683	256
1684	267
1685	260
1686	274
1687	285
1688	253
1689	249
1690	243
1691	326
1692	206
1693	250
1694	279
1695	268
1696	236
1697	262
1698	227
1699	267
1700	272
1701	267
1702	250
1703	245
1704	246
1705	220
1706	240
1707	220
1708	252
1709	284
1710	319
1711	285
1712	241
1713	317
1714	307
1715	259
1716	315
1717	232
1718	267
1719	236
1720	341
1721	291
1722	243
1723	256
1724	285
1725	281
1726	269
1727	309
1728	274
1729	248
1730	232
1731	272
1732	264
1733	248
1734	273
1735	311
1736	267
1737	251
1738	289
1739	317
1740	299
1741	264
1742	264
1743	305
1744	297
1745	296
1746	306
1747	276
1748	228
1749	227
1750	279
1751	230
1752	273
1753	248
1754	212
1755	221
1756	236
1757	265
1758	244
1759	309
1760	279
1761	204
1762	239
1763	226
1764	297
1765	216
1766	249
1767	238
1768	226
1769	216
1770	213
1771	252
1772	285
1773	239
1774	247
1775	218
1776	241
1777	287
1778	227
1779	235
1780	210
1781	200
1782	279
1783	227
1784	212
1785	247
1786	287
1787	231
1788	209
1789	192
1790	206
1791	205
1792	193
1793	229
1794	245
1795	250
1796	235
1797	300
1798	262
1799	206
1800	248
1801	281
1802	219
1803	264
1804	244
1805	215
1806	244
1807	264
1808	208
1809	247
1810	260
1811	274
1812	237
1813	245
1814	199
1815	219
1816	231
1817	261
1818	204
1819	208
1820	261
1821	224
1822	237
1823	243
1824	219
1825	260
1826	262
1827	194
1828	202
1829	268
1830	215
1831	204
1832	198
1833	206
1834	211
1835	180
1836	266
1837	194
1838	245
1839	220
1840	241
1841	244
1842	202
1843	227
1844	261
1845	180
1846	172
1847	229
1848	227
1849	209
1850	214
1851	179
1852	218
1853	213
1854	223
1855	236
1856	223
1857	216
1858	194
1859	199
1860	230
1861	215
1862	202
1863	225
1864	248
1865	182
1866	196
1867	203
1868	229
1869	187
1870	234
1871	208
1872	226
1873	230
1874	212
1875	209
1876	202
1877	222
1878	196
1879	235
1880	218
1881	208
1882	227
1883	230
1884	225
1885	246
1886	253
1887	202
1888	203
1889	180
1890	231
1891	299
1892	282
1893	249
1894	265
1895	202
1896	213
1897	225
1898	198
1899	246
1900	246
1901	234
1902	207
1903	231
1904	198
1905	232
1906	203
1907	216
1908	229
1909	240
1910	215
1911	174
1912	207
1913	210
1914	218
1915	218
1916	190
1917	209
1918	208
1919	165
1920	197
1921	214
1922	298
1923	176
1924	228
1925	234
1926	237
1927	244
1928	258
1929	219
1930	227
1931	213
1932	183
1933	165
1934	159
1935	185
1936	194
1937	201
1938	225
1939	204
1940	177
1941	209
1942	181
1943	227
1944	201
1945	155
1946	198
1947	177
1948	186
1949	212
1950	254
1951	164
1952	182
1953	200
1954	207
1955	180
1956	197
1957	166
1958	204
1959	197
1960	165
1961	261
1962	235
1963	219
1964	232
1965	249
1966	206
1967	219
1968	213
1969	221
1970	253
1971	252
1972	231
1973	219
1974	221
1975	231
1976	223
1977	222
1978	240
1979	201
1980	203
1981	207
1982	242
1983	238
1984	229
1985	214
1986	202
1987	218
1988	201
1989	221
1990	243
1991	223
1992	207
1993	236
1994	273
1995	280
1996	223
1997	217
1998	254
1999	218
2000	185
2001	206
2002	218
2003	252
2004	186
2005	232
2006	275
2007	255
2008	253
2009	228
2010	243
2011	237
2012	263
2013	286
2014	227
2015	219
2016	252
2017	229
2018	240
2019	217
2020	250
2021	219
2022	201
2023	184
2024	204
2025	190
2026	194
2027	210
2028	245
2029	220
2030	198
2031	214
2032	202
2033	178
2034	196
2035	224
2036	216
2037	226
2038	199
2039	227
2040	223
2041	292
2042	265
2043	208
2044	250
2045	216
2046	285
2047	243
2048	249
2049	233
2050	239
2051	248
2052	185
2053	232
2054	244
2055	260
2056	253
2057	220
2058	201
2059	200
2060	225
2061	216
2062	244
2063	274
2064	246
2065	232
2066	221
2067	194
2068	261
2069	179
2070	261
2071	222
2072	200
2073	198
2074	231
2075	262
2076	162
2077	199
2078	212
2079	251
2080	200
2081	206
2082	178
2083	195
2084	191
2085	206
2086	190
2087	192
2088	195
2089	186
2090	260
2091	222
2092	207
2093	210
2094	218
2095	233
2096	226
2097	234
2098	228
2099	246
2100	243
2101	230
2102	221
2103	219
2104	207
2105	217
2106	222
2107	208
2108	223
2109	240
2110	231
2111	201
2112	162
2113	210
2114	216
2115	236
2116	177
2117	244
2118	211
2119	224
2120	234
2121	261
2122	205
2123	168
2124	180
2125	199
2126	197
2127	161
2128	220
2129	206
2130	166
2131	208
2132	200
2133	222
2134	192
2135	189
2136	248
2137	182
2138	186
2139	222
2140	239
2141	248
2142	202
2143	178
2144	145
2145	190
2146	164
2147	153
2148	196
2149	205
2150	203
2151	210
2152	191
2153	186
2154	183
2155	164
2156	206
2157	179
2158	211
2159	229
2160	188
2161	224
2162	223
2163	224
2164	208
2165	174
2166	168
2167	188
2168	163
2169	197
2170	160
2171	188
2172	156
2173	198
2174	191
2175	160
2176	165
2177	158
2178	179
2179	195
2180	182
2181	174
2182	189
2183	166
2184	186
2185	224
2186	190
2187	181
2188	201
2189	201
2190	226
2191	168
2192	183
2193	184
2194	183
2195	165
2196	187
2197	239
2198	229
2199	191
2200	178
2201	245
2202	228
2203	218
2204	219
2205	183
2206	195
2207	194
2208	254
2209	173
2210	165
2211	175
2212	229
2213	183
2214	180
2215	175
2216	179
2217	210
2218	176
2219	200
2220	203
2221	176
2222	181
2223	201
2224	214
2225	183
2226	258
2227	177
2228	160
2229	229
2230	186
2231	226
2232	186
2233	209
2234	222
2235	216
2236	265
2237	238
2238	246
2239	233
2240	188
2241	235
2242	193
2243	180
2244	222
2245	192
2246	222
2247	178
2248	197
2249	231
2250	215
2251	198
2252	203
2253	186
2254	182
2255	190
2256	180
2257	207
2258	178
2259	204
2260	230
2261	237
2262	207
2263	201
2264	196
2265	189
2266	211
2267	199
2268	211
2269	257
2270	263
2271	238
2272	215
2273	264
2274	202
2275	247
2276	227
2277	238
2278	217
2279	220
2280	218
2281	222
2282	258
2283	220
2284	202
2285	154
2286	220
2287	177
2288	207
2289	225
2290	225
2291	245
2292	183
2293	215
2294	299
2295	307
2296	248
2297	221
2298	236
2299	156
2300	230
2301	188
2302	217
2303	206
2304	175
2305	244
2306	244
2307	204
2308	199
2309	169
2310	170
2311	175
2312	242
2313	266
2314	246
2315	190
2316	183
2317	225
2318	185
2319	198
2320	202
2321	195
2322	212
2323	216
2324	220
2325	207
2326	235
2327	228
2328	221
2329	272
2330	201
2331	170
2332	183
2333	170
2334	196
2335	201
2336	219
2337	172
2338	131
2339	157
2340	246
2341	202
2342	222
2343	163
2344	146
2345	151
2346	167
2347	171
2348	192
2349	202
2350	230
2351	192
2352	195
2353	189
2354	214
2355	228
2356	168
2357	145
2358	139
2359	150
2360	164
2361	148
2362	170
2363	208
2364	176
2365	169
2366	200
2367	184
2368	222
2369	188
2370	168
2371	225
2372	205
2373	159
2374	163
2375	188
2376	197
2377	206
2378	182
2379	218
2380	191
2381	167
2382	203
2383	210
2384	163
2385	203
2386	230
2387	230
2388	179
2389	206
2390	204
2391	201
2392	230
2393	188
2394	241
2395	169
2396	173
2397	151
2398	167
2399	174
2400	177
2401	187
2402	164
2403	172
2404	158
2405	169
2406	203
2407	219
2408	175
2409	161
2410	202
2411	230
2412	219
2413	205
2414	214
2415	190
2416	163
2417	190
2418	169
2419	160
2420	180
2421	185
2422	183
2423	206
2424	189
2425	168
2426	217
2427	203
2428	201
2429	213
2430	185
2431	197
2432	212
2433	251
2434	235
2435	250
2436	272
2437	164
2438	233
2439	240
2440	205
2441	187
2442	182
2443	190
2444	151
2445	207
2446	185
2447	193
2448	235
2449	198
2450	218
2451	235
2452	177
2453	220
2454	185
2455	209
2456	207
2457	171
2458	184
2459	218
2460	181
2461	204
2462	205
2463	179
2464	193
2465	202
2466	216
2467	235
2468	193
2469	191
2470	181
2471	233
2472	181
2473	226
2474	233
2475	188
2476	211
2477	163
2478	172
2479	179
2480	169
2481	169
2482	201
2483	227
2484	181
2485	207
2486	194
2487	194
2488	202
2489	208
2490	173
2491	164
2492	196
2493	185
2494	190
2495	187
2496	210
2497	196
2498	168
2499	183
2500	186
2501	198
2502	218
2503	223
2504	206
2505	210
2506	213
2507	216
2508	235
2509	216
2510	201
2511	200
2512	164
2513	171
2514	181
2515	174
2516	186
2517	172
2518	172
2519	156
2520	186
2521	170
2522	193
2523	210
2524	209
2525	175
2526	186
2527	204
2528	175
2529	221
2530	199
2531	181
2532	165
2533	244
2534	136
2535	156
2536	161
2537	177
2538	171
2539	147
2540	177
2541	146
2542	188
2543	177
2544	210
2545	160
2546	159
2547	187
2548	141
2549	197
2550	147
2551	154
2552	149
2553	183
2554	193
2555	226
2556	180
2557	174
2558	171
2559	150
2560	153
2561	145
2562	150
2563	121
2564	142
2565	149
2566	192
2567	130
2568	191
2569	168
2570	147
2571	137
2572	131
2573	146
2574	171
2575	176
2576	171
2577	149
2578	173
2579	205
2580	143
2581	181
2582	157
2583	160
2584	209
2585	193
2586	143
2587	134
2588	174
2589	134
2590	147
2591	189
2592	166
2593	200
2594	182
2595	171
2596	146
2597	182
2598	180
2599	233
2600	150
2601	135
2602	138
2603	171
2604	152
2605	163
2606	121
2607	129
2608	171
2609	155
2610	144
2611	188
2612	216
2613	186
2614	154
2615	146
2616	155
2617	198
2618	183
2619	150
2620	174
2621	164
2622	169
2623	159
2624	178
2625	165
2626	173
2627	191
2628	187
2629	108
2630	120
2631	135
2632	142
2633	175
2634	172
2635	195
2636	184
2637	147
2638	136
2639	153
2640	166
2641	154
2642	175
2643	161
2644	174
2645	145
2646	125
2647	152
2648	151
2649	164
2650	170
2651	142
2652	134
2653	154
2654	137
2655	163
2656	168
2657	171
2658	150
2659	144
2660	157
2661	134
2662	156
2663	181
2664	181
2665	140
2666	161
2667	114
2668	134
2669	170
2670	167
2671	158
2672	163
2673	185
2674	176
2675	197
2676	214
2677	191
2678	204
2679	184
2680	171
2681	179
2682	162
2683	144
2684	168
2685	142
2686	154
2687	158
2688	206
2689	144
2690	150
2691	210
2692	184
2693	167
2694	179
2695	174
2696	177
2697	147
2698	168
2699	147
2700	197
2701	206
2702	171
2703	154
2704	176
2705	168
2706	151
2707	172
2708	186
2709	206
2710	157
2711	227
2712	210
2713	181
2714	162
2715	170
2716	136
2717	179
2718	195
2719	171
2720	137
2721	167
2722	151
2723	139
2724	199
2725	162
2726	137
2727	157
2728	145
2729	164
2730	150
2731	173
2732	143
2733	145
2734	169
2735	147
2736	165
2737	175
2738	187
2739	180
2740	132
2741	187
2742	202
2743	218
2744	184
2745	208
2746	196
2747	195
2748	207
2749	175
2750	188
2751	176
2752	167
2753	165
2754	187
2755	151
2756	172
2757	184
2758	209
2759	215
2760	200
2761	176
2762	174
2763	163
2764	176
2765	160
2766	191
2767	186
2768	179
2769	142
2770	185
2771	166
2772	183
2773	155
2774	219
2775	195
2776	187
2777	210
2778	148
2779	184
2780	176
2781	184
2782	184
2783	145
2784	160
2785	171
2786	115
2787	189
2788	146
2789	176
2790	174
2791	155
2792	208
2793	206
2794	174
2795	175
2796	148
2797	139
2798	133
2799	163
2800	143
2801	151
2802	122
2803	149
2804	167
2805	172
2806	135
2807	154
2808	159
2809	157
2810	184
2811	143
2812	160
2813	183
2814	165
2815	144
2816	155
2817	160
2818	188
2819	166
2820	137
2821	183
2822	164
2823	170
2824	185
2825	192
2826	153
2827	124
2828	145
2829	121
2830	153
2831	130
2832	161
2833	185
2834	163
2835	196
2836	181
2837	156
2838	174
2839	131
2840	137
2841	158
2842	145
2843	110
2844	141
2845	148
2846	137
2847	168
2848	139
2849	191
2850	180
2851	199
2852	190
2853	152
2854	159
2855	171
2856	136
2857	128
2858	143
2859	118
2860	108
2861	171
2862	144
2863	134
2864	138
2865	139
2866	174
2867	155
2868	155
2869	119
2870	161
2871	122
2872	127
2873	140
2874	150
2875	136
2876	139
2877	122
2878	122
2879	183
2880	131
2881	123
2882	133
2883	148
2884	116
2885	136
2886	147
2887	93
2888	135
2889	138
2890	133
2891	104
2892	108
2893	131
2894	129
2895	151
2896	97
2897	124
2898	137
2899	127
2900	121
2901	139
2902	147
2903	140
2904	135
2905	166
2906	142
2907	130
2908	176
2909	142
2910	114
2911	148
2912	136
2913	125
2914	135
2915	147
2916	88
2917	112
2918	127
2919	171
2920	112
2921	95
2922	134
2923	162
2924	130
2925	135
2926	123
2927	172
2928	143
2929	134
2930	133
2931	114
2932	115
2933	129
2934	95
2935	102
2936	162
2937	101
2938	114
2939	85
2940	98
2941	78
2942	107
2943	138
2944	153
2945	130
2946	120
2947	148
2948	153
2949	132
2950	137
2951	126
2952	115
2953	132
2954	89
2955	114
2956	112
2957	94
2958	100
2959	126
2960	123
2961	100
2962	94
2963	109
2964	98
2965	87
2966	107
2967	77
2968	96
2969	112
2970	119
2971	156
2972	117
2973	111
2974	116
2975	107
2976	80
2977	109
2978	108
2979	117
2980	121
2981	93
2982	109
2983	90
2984	109
2985	122
2986	135
2987	146
2988	117
2989	138
2990	155
2991	157
2992	114
2993	120
2994	111
2995	130
2996	94
2997	109
2998	146
2999	116
3000	149
3001	119
3002	86
3003	111
3004	99
3005	112
3006	147
3007	160
3008	137
3009	96
3010	114
3011	132
3012	119
3013	145
3014	149
3015	128
3016	146
3017	126
3018	111
3019	158
3020	129
3021	159
3022	127
3023	151
3024	115
3025	108
3026	129
3027	129
3028	126
3029	145
3030	110
3031	139
3032	150
3033	140
3034	125
3035	138
3036	117
3037	140
3038	120
3039	124
3040	153
3041	151
3042	148
3043	163
3044	104
3045	103
3046	141
3047	116
3048	102
3049	161
3050	138
3051	164
3052	184
3053	118
3054	114
3055	119
3056	117
3057	164
3058	133
3059	153
3060	151
3061	151
3062	118
3063	189
3064	156
3065	165
3066	183
3067	130
3068	173
3069	182
3070	173
3071	125
3072	167
3073	129
3074	145
3075	136
3076	94
3077	83
3078	145
3079	132
3080	106
3081	136
3082	113
3083	112
3084	116
3085	105
3086	135
3087	143
3088	130
3089	179
3090	106
3091	141
3092	163
3093	170
3094	147
3095	125
3096	105
3097	113
3098	116
3099	137
3100	124
3101	118
3102	144
3103	116
3104	117
3105	147
3106	172
3107	139
3108	167
3109	138
3110	120
3111	134
3112	162
3113	129
3114	130
3115	113
3116	123
3117	137
3118	94
3119	114
3120	110
3121	114
3122	137
3123	136
3124	110
3125	129
3126	152
3127	161
3128	106
3129	114
3130	116
3131	134
3132	101
3133	151
3134	124
3135	161
3136	115
3137	128
3138	148
3139	117
3140	135
3141	143
3142	121
3143	156
3144	142
3145	124
3146	123
3147	139
3148	125
3149	130
3150	114
3151	131
3152	123
3153	128
3154	126
3155	112
3156	112
3157	110
3158	122
3159	116
3160	92
3161	106
3162	96
3163	100
3164	126
3165	168
3166	108
3167	116
3168	104
3169	127
3170	148
3171	78
3172	129
3173	110
3174	104
3175	120
3176	87
3177	132
3178	152
3179	120
3180	125
3181	146
3182	157
3183	172
3184	111
3185	184
3186	137
3187	133
3188	117
3189	119
3190	142
3191	112
3192	106
3193	113
3194	110
3195	106
3196	114
3197	108
3198	99
3199	107
3200	111
3201	143
3202	116
3203	137
3204	153
3205	115
3206	114
3207	115
3208	121
3209	129
3210	149
3211	149
3212	139
3213	116
3214	131
3215	137
3216	173
3217	137
3218	124
3219	129
3220	125
3221	112
3222	132
3223	110
3224	146
3225	158
3226	184
3227	171
3228	130
3229	100
3230	141
3231	148
3232	140
3233	163
3234	137
3235	146
3236	115
3237	121
3238	116
3239	168
3240	157
3241	187
3242	138
3243	131
3244	110
3245	84
3246	125
3247	123
3248	143
3249	117
3250	144
3251	148
3252	128
3253	182
3254	179
3255	148
3256	152
3257	162
3258	138
3259	130
3260	160
3261	119
3262	142
3263	137
3264	149
3265	148
3266	150
3267	134
3268	163
3269	128
3270	121
3271	159
3272	148
3273	149
3274	162
3275	207
3276	176
3277	183
3278	183
3279	132
3280	147
3281	158
3282	159
3283	144
3284	140
3285	135
3286	175
3287	138
3288	148
3289	141
3290	80
3291	87
3292	143
3293	112
3294	140
3295	155
3296	128
3297	143
3298	147
3299	164
3300	136
3301	185
3302	112
3303	129
3304	199
3305	151
3306	176
3307	124
3308	127
3309	177
3310	166
3311	132
3312	144
3313	169
3314	151
3315	151
3316	163
3317	172
3318	152
3319	168
3320	184
3321	192
3322	185
3323	169
3324	144
3325	155
3326	115
3327	143
3328	136
3329	132
3330	133
3331	169
3332	134
3333	120
3334	137
3335	133
3336	127
3337	136
3338	121
3339	134
3340	112
3341	119
3342	132
3343	136
3344	175
3345	194
3346	171
3347	152
3348	174
3349	133
3350	153
3351	157
3352	168
3353	177
3354	143
3355	165
3356	188
3357	183
3358	150
3359	134
3360	141
3361	123
3362	164
3363	173
3364	188
3365	141
3366	142
3367	182
3368	107
3369	121
3370	122
3371	157
3372	101
3373	112
3374	135
3375	149
3376	150
3377	129
3378	123
3379	139
3380	134
3381	94
3382	102
3383	108
3384	132
3385	130
3386	124
3387	109
3388	109
3389	129
3390	100
3391	87
3392	122
3393	112
3394	126
3395	97
3396	156
3397	144
3398	123
3399	80
3400	106
3401	119
3402	105
3403	147
3404	128
3405	187
3406	165
3407	138
3408	106
3409	74
3410	95
3411	109
3412	115
3413	87
3414	89
3415	132
3416	117
3417	132
3418	136
3419	122
3420	125
3421	110
3422	120
3423	85
3424	103
3425	75
3426	113
3427	110
3428	96
3429	99
3430	100
3431	132
3432	106
3433	138
3434	136
3435	139
3436	129
3437	149
3438	117
3439	143
3440	116
3441	110
3442	108
3443	78
3444	115
3445	87
3446	131
3447	109
3448	117
3449	122
3450	119
3451	149
3452	119
3453	97
3454	113
3455	118
3456	124
3457	114
3458	111
3459	88
3460	82
3461	93
3462	97
3463	90
3464	84
3465	109
3466	116
3467	124
3468	134
3469	128
3470	165
3471	147
3472	126
3473	128
3474	98
3475	122
3476	121
3477	127
3478	126
3479	132
3480	125
3481	116
3482	98
3483	95
3484	85
3485	123
3486	143
3487	130
3488	89
3489	96
3490	163
3491	159
3492	120
3493	117
3494	129
3495	97
3496	85
3497	115
3498	94
3499	120
3500	96
3501	104
3502	89
3503	137
3504	145
3505	130
3506	135
3507	134
3508	144
3509	122
3510	109
3511	124
3512	124
3513	99
3514	102
3515	103
3516	128
3517	96
3518	105
3519	118
3520	102
3521	98
3522	102
3523	130
3524	93
3525	93
3526	113
3527	102
3528	104
3529	115
3530	127
3531	133
3532	139
3533	113
3534	115
3535	89
3536	96
3537	141
3538	139
3539	127
3540	112
3541	110
3542	83
3543	84
3544	100
3545	101
3546	116
3547	114
3548	74
3549	92
3550	112
3551	115
3552	137
3553	120
3554	128
3555	100
3556	94
3557	132
3558	85
3559	63
3560	107
3561	127
3562	113
3563	157
3564	92
3565	145
3566	107
3567	123
3568	111
3569	118
3570	128
3571	97
3572	105
3573	121
3574	71
3575	76
3576	90
3577	95
3578	119
3579	84
3580	106
3581	129
3582	122
3583	98
3584	134
3585	121
3586	136
3587	127
3588	140
3589	116
3590	126
3591	126
3592	144
3593	112
3594	132
3595	94
3596	86
3597	134
3598	149
3599	159
3600	86
3601	111
3602	112
3603	100
3604	120
3605	115
3606	147
3607	137
3608	121
3609	71
3610	80
3611	117
3612	115
3613	95
3614	77
3615	94
3616	113
3617	69
3618	92
3619	110
3620	100
3621	124
3622	99
3623	173
3624	170
3625	145
3626	141
3627	118
3628	121
3629	129
3630	117
3631	111
3632	109
3633	143
3634	139
3635	124
3636	118
3637	116
3638	90
3639	114
3640	83
3641	112
3642	114
3643	130
3644	129
3645	111
3646	143
3647	166
3648	123
3649	136
3650	129
3651	127
3652	114
3653	79
3654	141
3655	139
3656	153
3657	106
3658	118
3659	131
3660	155
3661	75
3662	93
3663	113
3664	112
3665	110
3666	92
3667	131
3668	133
3669	105
3670	131
3671	116
3672	135
3673	98
3674	131
3675	82
3676	85
3677	119
3678	106
3679	136
3680	116
3681	154
3682	109
3683	98
3684	119
3685	86
3686	104
3687	103
3688	98
3689	86
3690	153
3691	118
3692	82
3693	98
3694	190
3695	103
3696	115
3697	149
3698	126
3699	137
3700	189
3701	147
3702	145
3703	100
3704	121
3705	104
3706	116
3707	98
3708	91
3709	125
3710	133
3711	131
3712	84
3713	136
3714	119
3715	122
3716	113
3717	133
3718	114
3719	100
3720	104
3721	107
3722	82
3723	75
3724	109
3725	96
3726	64
3727	94
3728	89
3729	94
3730	81
3731	92
3732	111
3733	100
3734	104
3735	138
3736	104
3737	141
3738	121
3739	109
3740	102
3741	148
3742	117
3743	127
3744	112
3745	121
3746	106
3747	96
3748	102
3749	122
3750	108
3751	128
3752	128
3753	146
3754	136
3755	87
3756	101
3757	77
3758	113
3759	80
3760	80
3761	112
3762	142
3763	153
3764	112
3765	134
3766	112
3767	100
3768	120
3769	88
3770	117
3771	79
3772	78
3773	92
3774	73
3775	101
3776	116
3777	111
3778	98
3779	92
3780	92
3781	75
3782	126
3783	125
3784	116
3785	104
3786	133
3787	134
3788	115
3789	110
3790	109
3791	117
3792	95
3793	100
3794	109
3795	109
3796	115
3797	88
3798	99
3799	122
3800	135
3801	77
3802	120
3803	84
3804	76
3805	89
3806	111
3807	75
3808	116
3809	117
3810	100
3811	120
3812	108
3813	127
3814	112
3815	100
3816	108
3817	127
3818	111
3819	144
3820	150
3821	118
3822	132
3823	97
3824	105
3825	105
3826	106
3827	109
3828	110
3829	85
3830	107
3831	97
3832	113
3833	116
3834	95
3835	81
3836	92
3837	89
3838	113
3839	124
3840	93
3841	98
3842	105
3843	78
3844	99
3845	102
3846	110
3847	134
3848	122
3849	88
3850	106
3851	107
3852	98
3853	101
3854	127
3855	88
3856	105
3857	92
3858	107
3859	100
3860	84
3861	95
3862	84
3863	112
3864	115
3865	109
3866	121
3867	134
3868	114
3869	96
3870	80
3871	94
3872	128
3873	114
3874	105
3875	93
3876	101
3877	115
3878	116
3879	93
3880	80
3881	131
3882	77
3883	92
3884	140
3885	120
3886	88
3887	125
3888	88
3889	110
3890	98
3891	100
3892	87
3893	115
3894	108
3895	92
3896	110
3897	103
3898	86
3899	114
3900	128
3901	95
3902	143
3903	130
3904	114
3905	100
3906	144
3907	108
3908	100
3909	138
3910	145
3911	127
3912	113
3913	112
3914	99
3915	98
3916	123
3917	120
3918	162
3919	115
3920	95
3921	105
3922	125
3923	133
3924	118
3925	113
3926	124
3927	121
3928	126
3929	109
3930	122
3931	143
3932	113
3933	126
3934	143
3935	106
3936	149
3937	196
3938	151
3939	136
3940	146
3941	152
3942	149
3943	124
3944	115
3945	131
3946	148
3947	119
3948	143
3949	140
3950	99
3951	111
3952	150
3953	143
3954	160
3955	98
3956	98
3957	131
3958	83
3959	106
3960	106
3961	130
3962	106
3963	122
3964	68
3965	84
3966	91
3967	98
3968	117
3969	99
3970	83
3971	97
3972	100
3973	121
3974	137
3975	122
3976	98
3977	115
3978	108
3979	132
3980	101
3981	106
3982	125
3983	136
3984	111
3985	107
3986	113
3987	110
3988	123
3989	112
3990	102
3991	114
3992	92
3993	89
3994	107
3995	114
3996	82
3997	110
3998	149
3999	118
4000	118
4001	132
4002	113
4003	98
4004	95
4005	104
4006	121
4007	123
4008	111
4009	108
4010	169
4011	145
4012	125
4013	94
4014	104
4015	109
4016	95
4017	84
4018	130
4019	114
4020	102
4021	136
4022	113
4023	134
4024	127
4025	118
4026	116
4027	86
4028	133
4029	120
4030	127
4031	138
4032	133
4033	166
4034	109
4035	113
4036	100
4037	115
4038	111
4039	105
4040	95
4041	114
4042	111
4043	120
4044	121
4045	136
4046	113
4047	131
4048	132
4049	113
4050	83
4051	90
4052	87
4053	114
4054	102
4055	126
4056	126
4057	135
4058	133
4059	135
4060	145
4061	150
4062	129
4063	130
4064	94
4065	133
4066	150
4067	154
4068	150
4069	164
4070	166
4071	143
4072	118
4073	103
4074	113
4075	109
4076	124
4077	115
4078	108
4079	149
4080	116
4081	108
4082	103
4083	86
4084	92
4085	96
4086	85
4087	94
4088	103
4089	137
4090	123
4091	92
4092	119
4093	107
4094	134
4095	136
4096	158
4097	132
4098	95
4099	74
4100	113
4101	92
4102	93
4103	74
4104	76
4105	90
4106	141
4107	97
4108	133
4109	137
4110	109
4111	173
4112	95
4113	95
4114	106
4115	93
4116	127
4117	111
4118	113
4119	127
4120	117
4121	96
4122	111
4123	110
4124	121
4125	97
4126	88
4127	84
4128	96
4129	137
4130	113
4131	70
4132	74
4133	78
4134	89
4135	64
4136	71
4137	100
4138	94
4139	99
4140	92
4141	112
4142	151
4143	127
4144	122
4145	109
4146	124
4147	112
4148	138
4149	91
4150	97
4151	102
4152	132
4153	121
4154	120
4155	75
4156	111
4157	98
4158	94
4159	92
4160	102
4161	146
4162	118
4163	102
4164	121
4165	80
4166	110
4167	86
4168	94
4169	113
4170	125
4171	127
4172	108
4173	123
4174	128
4175	112
4176	102
4177	84
4178	97
4179	101
4180	93
4181	92
4182	81
4183	120
4184	108
4185	91
4186	91
4187	127
4188	104
4189	85
4190	105
4191	112
4192	107
4193	104
4194	106
4195	90
4196	106
4197	111
4198	106
4199	95
4200	89
4201	81
4202	106
4203	107
4204	116
4205	95
4206	133
4207	119
4208	120
4209	113
4210	96
4211	107
4212	113
4213	88
4214	67
4215	102
4216	99
4217	99
4218	79
4219	126
4220	86
4221	76
4222	87
4223	81
4224	89
4225	83
4226	102
4227	109
4228	91
4229	100
4230	99
4231	85
4232	93
4233	101
4234	84
4235	86
4236	83
4237	94
4238	88
4239	82
4240	60
4241	53
4242	112
4243	94
4244	91
4245	107
4246	98
4247	87
4248	85
4249	112
4250	62
4251	65
4252	49
4253	70
4254	72
4255	111
4256	135
4257	95
4258	86
4259	86
4260	73
4261	77
4262	92
4263	83
4264	97
4265	110
4266	90
4267	95
4268	111
4269	72
4270	94
4271	93
4272	90
4273	81
4274	83
4275	89
4276	101
4277	99
4278	78
4279	101
4280	105
4281	94
4282	101
4283	101
4284	109
4285	86
4286	100
4287	108
4288	114
4289	67
4290	101
4291	61
4292	86
4293	91
4294	106
4295	125
4296	131
4297	93
4298	88
4299	129
4300	84
4301	95
4302	87
4303	74
4304	70
4305	69
4306	69
4307	103
4308	67
4309	72
4310	67
4311	98
4312	78
4313	92
4314	78
4315	80
4316	83
4317	74
4318	105
4319	98
4320	90
4321	60
4322	69
4323	67
4324	81
4325	105
4326	83
4327	103
4328	80
4329	85
4330	118
4331	84
4332	81
4333	88
4334	57
4335	94
4336	129
4337	98
4338	85
4339	63
4340	70
4341	69
4342	56
4343	86
4344	97
4345	84
4346	99
4347	95
4348	46
4349	76
4350	82
4351	83
4352	103
4353	48
4354	98
4355	118
4356	91
4357	81
4358	71
4359	79
4360	70
4361	97
4362	67
4363	85
4364	115
4365	91
4366	74
4367	95
4368	89
4369	102
4370	92
4371	101
4372	70
4373	65
4374	83
4375	98
4376	56
4377	86
4378	78
4379	107
4380	137
4381	156
4382	105
4383	75
4384	105
4385	50
4386	62
4387	83
4388	73
4389	68
4390	89
4391	75
4392	79
4393	82
4394	57
4395	92
4396	89
4397	109
4398	99
4399	77
4400	102
4401	69
4402	68
4403	48
4404	96
4405	104
4406	84
4407	104
4408	64
4409	120
4410	86
4411	94
4412	88
4413	68
4414	86
4415	131
4416	75
4417	73
4418	92
4419	101
4420	64
4421	74
4422	114
4423	87
4424	83
4425	112
4426	93
4427	90
4428	74
4429	96
4430	125
4431	82
4432	96
4433	78
4434	103
4435	104
4436	75
4437	86
4438	112
4439	85
4440	88
4441	84
4442	83
4443	99
4444	77
4445	70
4446	75
4447	89
4448	68
4449	67
4450	55
4451	66
4452	79
4453	64
4454	66
4455	87
4456	80
4457	55
4458	56
4459	72
4460	67
4461	54
4462	80
4463	68
4464	93
4465	71
4466	95
4467	104
4468	144
4469	116
4470	75
4471	101
4472	93
4473	74
4474	80
4475	87
4476	62
4477	66
4478	73
4479	96
4480	81
4481	84
4482	68
4483	51
4484	76
4485	64
4486	73
4487	65
4488	64
4489	95
4490	72
4491	86
4492	89
4493	86
4494	96
4495	69
4496	124
4497	104
4498	69
4499	78
4500	57
4501	88
4502	55
4503	120
4504	84
4505	58
4506	93
4507	91
4508	79
4509	93
4510	81
4511	51
4512	73
4513	76
4514	111
4515	117
4516	110
4517	81
4518	60
4519	54
4520	41
4521	25
4522	57
4523	84
4524	78
4525	61
4526	65
4527	88
4528	77
4529	94
4530	89
4531	89
4532	76
4533	72
4534	81
4535	105
4536	91
4537	77
4538	117
4539	70
4540	75
4541	55
4542	78
4543	53
4544	73
4545	115
4546	90
4547	95
4548	69
4549	80
4550	69
4551	88
4552	98
4553	108
4554	135
4555	104
4556	81
4557	83
4558	114
4559	95
4560	70
4561	76
4562	83
4563	88
4564	100
4565	86
4566	80
4567	104
4568	117
4569	134
4570	102
4571	120
4572	92
4573	68
4574	95
4575	78
4576	92
4577	68
4578	65
4579	113
4580	75
4581	53
4582	92
4583	113
4584	78
4585	94
4586	98
4587	106
4588	103
4589	67
4590	70
4591	76
4592	66
4593	110
4594	103
4595	84
4596	106
4597	99
4598	128
4599	125
4600	111
4601	145
4602	92
4603	65
4604	83
4605	94
4606	108
4607	84
4608	94
4609	71
4610	107
4611	83
4612	94
4613	105
4614	134
4615	100
4616	91
4617	77
4618	107
4619	68
4620	73
4621	64
4622	61
4623	69
4624	76
4625	73
4626	92
4627	58
4628	95
4629	68
4630	73
4631	113
4632	95
4633	89
4634	56
4635	83
4636	80
4637	79
4638	87
4639	105
4640	87
4641	77
4642	92
4643	73
4644	73
4645	67
4646	78
4647	80
4648	94
4649	56
4650	76
4651	104
4652	103
4653	97
4654	67
4655	63
4656	81
4657	65
4658	78
4659	90
4660	96
4661	78
4662	65
4663	117
4664	70
4665	58
4666	86
4667	61
4668	92
4669	51
4670	69
4671	58
4672	80
4673	91
4674	109
4675	66
4676	60
4677	91
4678	54
4679	74
4680	98
4681	74
4682	78
4683	50
4684	75
4685	72
4686	93
4687	108
4688	91
4689	81
4690	81
4691	98
4692	73
4693	70
4694	90
4695	69
4696	111
4697	80
4698	83
4699	62
4700	73
4701	70
4702	83
4703	63
4704	81
4705	71
4706	86
4707	92
4708	72
4709	59
4710	79
4711	94
4712	66
4713	82
4714	80
4715	89
4716	81
4717	78
4718	69
4719	82
4720	89
4721	72
4722	72
4723	97
4724	89
4725	69
4726	50
4727	73
4728	85
4729	96
4730	49
4731	64
4732	71
4733	56
4734	65
4735	50
4736	67
4737	56
4738	58
4739	58
4740	61
4741	75
4742	65
4743	77
4744	79
4745	83
4746	86
4747	93
4748	89
4749	86
4750	79
4751	106
4752	79
4753	78
4754	53
4755	59
4756	50
4757	65
4758	79
4759	71
4760	58
4761	74
4762	95
4763	100
4764	74
4765	64
4766	59
4767	67
4768	86
4769	88
4770	46
4771	47
4772	67
4773	67
4774	46
4775	57
4776	77
4777	93
4778	75
4779	87
4780	90
4781	67
4782	62
4783	85
4784	70
4785	86
4786	54
4787	73
4788	64
4789	88
4790	55
4791	71
4792	77
4793	79
4794	90
4795	82
4796	82
4797	79
4798	81
4799	87
4800	74
4801	86
4802	81
4803	83
4804	67
4805	92
4806	99
4807	66
4808	56
4809	55
4810	117
4811	94
4812	60
4813	81
4814	35
4815	72
4816	70
4817	71
4818	64
4819	83
4820	66
4821	73
4822	92
4823	74
4824	84
4825	40
4826	48
4827	60
4828	67
4829	54
4830	77
4831	78
4832	75
4833	77
4834	58
4835	59
4836	72
4837	63
4838	61
4839	72
4840	68
4841	100
4842	98
4843	88
4844	75
4845	66
4846	88
4847	82
4848	91
4849	72
4850	69
4851	95
4852	138
4853	62
4854	53
4855	57
4856	76
4857	64
4858	87
4859	56
4860	57
4861	86
4862	56
4863	44
4864	61
4865	36
4866	46
4867	52
4868	47
4869	50
4870	44
4871	81
4872	78
4873	68
4874	74
4875	52
4876	70
4877	68
4878	40
4879	50
4880	67
4881	61
4882	59
4883	57
4884	91
4885	72
4886	44
4887	42
4888	55
4889	69
4890	49
4891	50
4892	52
4893	67
4894	58
4895	59
4896	64
4897	98
4898	67
4899	68
4900	68
4901	74
4902	39
4903	58
4904	74
4905	72
4906	87
4907	102
4908	59
4909	39
4910	65
4911	37
4912	59
4913	96
4914	75
4915	103
4916	109
4917	72
4918	65
4919	79
4920	106
4921	104
4922	77
4923	70
4924	48
4925	58
4926	56
4927	61
4928	76
4929	84
4930	54
4931	65
4932	73
4933	53
4934	74
4935	76
4936	62
4937	84
4938	81
4939	115
4940	92
4941	112
4942	101
4943	67
4944	90
4945	74
4946	82
4947	67
4948	80
4949	82
4950	59
4951	78
4952	98
4953	59
4954	71
4955	93
4956	55
4957	100
4958	59
4959	54
4960	84
4961	79
4962	59
4963	65
4964	68
4965	93
4966	120
4967	116
4968	113
4969	89
4970	88
4971	121
4972	100
4973	78
4974	86
4975	78
4976	63
4977	73
4978	70
4979	97
4980	56
4981	71
4982	94
4983	102
4984	80
4985	83
4986	127
4987	93
4988	105
4989	66
4990	62
4991	73
4992	62
4993	84
4994	79
4995	72
4996	84
4997	82
4998	80
4999	70
5000	103
5001	75
5002	81
5003	101
5004	67
5005	68
5006	50
5007	50
5008	92
5009	78
5010	69
5011	68
5012	81
5013	80
5014	79
5015	75
5016	84
5017	71
5018	85
5019	89
5020	81
5021	81
5022	64
5023	79
5024	103
5025	72
5026	88
5027	79
5028	64
5029	67
5030	60
5031	81
5032	51
5033	55
5034	73
5035	80
5036	61
5037	90
5038	80
5039	58
5040	66
5041	85
5042	77
5043	73
5044	95
5045	84
5046	86
5047	69
5048	49
5049	83
5050	75
5051	55
5052	48
5053	85
5054	77
5055	108
5056	84
5057	93
5058	60
5059	73
5060	77
5061	89
5062	93
5063	65
5064	80
5065	62
5066	92
5067	85
5068	113
5069	112
5070	86
5071	71
5072	67
5073	63
5074	77
5075	70
5076	94
5077	81
5078	84
5079	71
5080	69
5081	109
5082	49
5083	94
5084	90
5085	90
5086	103
5087	69
5088	89
5089	81
5090	44
5091	56
5092	78
5093	50
5094	57
5095	86
5096	61
5097	83
5098	85
5099	105
5100	82
5101	76
5102	85
5103	81
5104	106
5105	91
5106	69
5107	90
5108	53
5109	77
5110	73
5111	90
5112	63
5113	85
5114	58
5115	73
5116	64
5117	76
5118	77
5119	70
5120	70
5121	108
5122	73
5123	68
5124	77
5125	55
5126	73
5127	81
5128	75
5129	57
5130	61
5131	76
5132	111
5133	100
5134	81
5135	54
5136	81
5137	47
5138	40
5139	62
5140	80
5141	68
5142	88
5143	81
5144	68
5145	78
5146	69
5147	74
5148	58
5149	63
5150	43
5151	71
5152	67
5153	55
5154	70
5155	89
5156	74
5157	63
5158	78
5159	93
5160	53
5161	65
5162	64
5163	80
5164	61
5165	81
5166	72
5167	53
5168	71
5169	56
5170	55
5171	68
5172	66
5173	70
5174	57
5175	67
5176	79
5177	27
5178	40
5179	50
5180	57
5181	42
5182	78
5183	84
5184	73
5185	57
5186	84
5187	86
5188	80
5189	65
5190	65
5191	75
5192	76
5193	90
5194	80
5195	75
5196	50
5197	92
5198	61
5199	61
5200	68
5201	76
5202	67
5203	55
5204	60
5205	28
5206	59
5207	72
5208	45
5209	37
5210	54
5211	62
5212	50
5213	78
5214	72
5215	53
5216	53
5217	65
5218	75
5219	63
5220	76
5221	81
5222	56
5223	52
5224	41
5225	61
5226	58
5227	71
5228	36
5229	51
5230	51
5231	74
5232	53
5233	68
5234	54
5235	61
5236	59
5237	53
5238	52
5239	69
5240	74
5241	43
5242	42
5243	45
5244	49
5245	57
5246	93
5247	40
5248	57
5249	43
5250	52
5251	45
5252	68
5253	62
5254	58
5255	71
5256	106
5257	63
5258	71
5259	50
5260	44
5261	70
5262	70
5263	86
5264	80
5265	66
5266	90
5267	56
5268	77
5269	82
5270	103
5271	92
5272	70
5273	70
5274	52
5275	79
5276	49
5277	52
5278	69
5279	56
5280	57
5281	76
5282	57
5283	62
5284	90
5285	80
5286	62
5287	43
5288	53
5289	71
5290	93
5291	61
5292	68
5293	62
5294	58
5295	49
5296	42
5297	52
5298	71
5299	47
5300	34
5301	38
5302	61
5303	62
5304	87
5305	83
5306	55
5307	84
5308	82
5309	74
5310	57
5311	70
5312	37
5313	61
5314	68
5315	71
5316	66
5317	73
5318	75
5319	66
5320	65
5321	68
5322	80
5323	59
5324	42
5325	54
5326	38
5327	52
5328	66
5329	44
5330	51
5331	59
5332	50
5333	54
5334	35
5335	54
5336	78
5337	63
5338	51
5339	62
5340	43
5341	30
5342	42
5343	53
5344	77
5345	65
5346	72
5347	41
5348	26
5349	44
5350	64
5351	50
5352	59
5353	41
5354	75
5355	83
5356	56
5357	51
5358	63
5359	62
5360	76
5361	50
5362	56
5363	72
5364	63
5365	61
5366	71
5367	76
5368	58
5369	49
5370	40
5371	58
5372	88
5373	64
5374	64
5375	57
5376	51
5377	66
5378	58
5379	44
5380	77
5381	51
5382	48
5383	91
5384	66
5385	60
5386	69
5387	55
5388	54
5389	63
5390	65
5391	76
5392	68
5393	78
5394	76
5395	70
5396	72
5397	73
5398	99
5399	56
5400	76
5401	88
5402	66
5403	57
5404	79
5405	79
5406	76
5407	77
5408	60
5409	84
5410	80
5411	93
5412	78
5413	71
5414	45
5415	94
5416	55
5417	56
5418	61
5419	75
5420	81
5421	70
5422	85
5423	73
5424	77
5425	56
5426	82
5427	96
5428	53
5429	81
5430	77
5431	51
5432	78
5433	52
5434	30
5435	25
5436	57
5437	50
5438	46
5439	56
5440	41
5441	68
5442	65
5443	75
5444	102
5445	67
5446	60
5447	54
5448	67
5449	59
5450	48
5451	55
5452	63
5453	72
5454	59
5455	70
5456	50
5457	53
5458	59
5459	66
5460	58
5461	71
5462	53
5463	69
5464	86
5465	57
5466	80
5467	58
5468	77
5469	67
5470	56
5471	60
5472	59
5473	67
5474	77
5475	75
5476	56
5477	50
5478	69
5479	86
5480	66
5481	69
5482	83
5483	90
5484	101
5485	81
5486	65
5487	59
5488	53
5489	58
5490	66
5491	52
5492	64
5493	72
5494	63
5495	56
5496	68
5497	51
5498	57
5499	63
5500	74
5501	80
5502	79
5503	105
5504	88
5505	67
5506	90
5507	64
5508	60
5509	68
5510	95
5511	60
5512	73
5513	77
5514	106
5515	95
5516	95
5517	87
5518	72
5519	81
5520	30
5521	64
5522	56
5523	81
5524	119
5525	76
5526	71
5527	88
5528	90
5529	74
5530	85
5531	97
5532	97
5533	82
5534	67
5535	82
5536	67
5537	126
5538	105
5539	77
5540	69
5541	81
5542	74
5543	82
5544	80
5545	105
5546	91
5547	97
5548	113
5549	122
5550	87
5551	93
5552	82
5553	59
5554	81
5555	71
5556	82
5557	78
5558	63
5559	80
5560	92
5561	73
5562	74
5563	79
5564	88
5565	57
5566	80
5567	65
5568	86
5569	79
5570	57
5571	72
5572	70
5573	42
5574	93
5575	61
5576	55
5577	71
5578	52
5579	65
5580	55
5581	66
5582	50
5583	55
5584	46
5585	63
5586	58
5587	70
5588	74
5589	82
5590	77
5591	68
5592	91
5593	87
5594	68
5595	73
5596	93
5597	65
5598	76
5599	66
5600	98
5601	69
5602	44
5603	60
5604	47
5605	62
5606	63
5607	65
5608	72
5609	63
5610	72
5611	53
5612	49
5613	50
5614	59
5615	57
5616	62
5617	72
5618	82
5619	104
5620	94
5621	69
5622	53
5623	64
5624	81
5625	56
5626	73
5627	40
5628	52
5629	38
5630	64
5631	96
5632	94
5633	59
5634	62
5635	78
5636	82
5637	99
5638	84
5639	82
5640	97
5641	47
5642	47
5643	74
5644	33
5645	70
5646	69
5647	49
5648	69
5649	52
5650	59
5651	77
5652	94
5653	80
5654	72
5655	55
5656	68
5657	53
5658	52
5659	85
5660	78
5661	80
5662	74
5663	65
5664	97
5665	68
5666	64
5667	62
5668	58
5669	81
5670	52
5671	65
5672	117
5673	80
5674	84
5675	58
5676	62
5677	56
5678	64
5679	83
5680	80
5681	64
5682	59
5683	55
5684	76
5685	63
5686	72
5687	90
5688	68
5689	62
5690	68
5691	54
5692	65
5693	44
5694	54
5695	68
5696	73
5697	71
5698	75
5699	49
5700	51
5701	62
5702	56
5703	51
5704	57
5705	54
5706	63
5707	67
5708	52
5709	52
5710	79
5711	57
5712	82
5713	57
5714	67
5715	57
5716	69
5717	72
5718	51
5719	43
5720	35
5721	55
5722	80
5723	38
5724	69
5725	84
5726	42
5727	62
5728	68
5729	60
5730	62
5731	63
5732	68
5733	49
5734	51
5735	49
5736	45
5737	38
5738	41
5739	54
5740	55
5741	59
5742	58
5743	55
5744	63
5745	65
5746	73
5747	82
5748	71
5749	75
5750	86
5751	87
5752	82
5753	47
5754	71
5755	51
5756	77
5757	68
5758	54
5759	77
5760	63
5761	77
5762	62
5763	60
5764	49
5765	69
5766	64
5767	37
5768	31
5769	54
5770	61
5771	52
5772	44
5773	57
5774	55
5775	38
5776	68
5777	40
5778	34
5779	65
5780	74
5781	32
5782	90
5783	46
5784	51
5785	46
5786	38
5787	38
5788	80
5789	67
5790	42
5791	81
5792	70
5793	65
5794	53
5795	80
5796	62
5797	49
5798	45
5799	66
5800	54
5801	66
5802	75
5803	61
5804	57
5805	43
5806	47
5807	64
5808	39
5809	42
5810	54
5811	61
5812	48
5813	58
5814	55
5815	51
5816	77
5817	45
5818	40
5819	39
5820	71
5821	42
5822	43
5823	41
5824	52
5825	55
5826	47
5827	45
5828	67
5829	62
5830	77
5831	52
5832	85
5833	59
5834	95
5835	74
5836	59
5837	85
5838	72
5839	75
5840	58
5841	77
5842	58
5843	52
5844	63
5845	61
5846	62
5847	54
5848	49
5849	58
5850	54
5851	77
5852	53
5853	75
5854	66
5855	67
5856	75
5857	50
5858	75
5859	45
5860	66
5861	46
5862	40
5863	36
5864	71
5865	53
5866	62
5867	43
5868	75
5869	40
5870	37
5871	37
5872	50
5873	57
5874	51
5875	57
5876	44
5877	54
5878	45
5879	44
5880	66
5881	92
5882	54
5883	71
5884	59
5885	67
5886	56
5887	61
5888	39
5889	45
5890	69
5891	54
5892	65
5893	51
5894	65
5895	64
5896	72
5897	76
5898	69
5899	77
5900	100
5901	62
5902	84
5903	64
5904	59
5905	61
5906	58
5907	73
5908	78
5909	66
5910	59
5911	44
5912	42
5913	26
5914	24
5915	48
5916	51
5917	61
5918	55
5919	52
5920	54
5921	54
5922	64
5923	39
5924	54
5925	44
5926	64
5927	62
5928	68
5929	78
5930	72
5931	88
5932	74
5933	65
5934	82
5935	41
5936	48
5937	28
5938	56
5939	36
5940	72
5941	59
5942	56
5943	62
5944	40
5945	48
5946	33
5947	49
5948	62
5949	51
5950	79
5951	58
5952	65
5953	68
5954	71
5955	66
5956	65
5957	91
5958	102
5959	97
5960	86
5961	74
5962	62
5963	77
5964	63
5965	36
5966	57
5967	68
5968	64
5969	67
5970	51
5971	70
5972	84
5973	86
5974	61
5975	61
5976	57
5977	98
5978	59
5979	93
5980	82
5981	64
5982	66
5983	49
5984	77
5985	61
5986	44
5987	50
5988	65
5989	67
5990	61
5991	76
5992	94
5993	92
5994	50
5995	76
5996	68
5997	57
5998	76
5999	65
6000	74
6001	76
6002	67
6003	58
6004	33
6005	73
6006	69
6007	76
6008	48
6009	46
6010	39
6011	65
6012	61
6013	59
6014	70
6015	40
6016	54
6017	66
6018	48
6019	54
6020	60
6021	56
6022	67
6023	71
6024	60
6025	42
6026	30
6027	58
6028	90
6029	68
6030	65
6031	58
6032	54
6033	48
6034	36
6035	55
6036	44
6037	62
6038	45
6039	44
6040	49
6041	53
6042	43
6043	59
6044	55
6045	41
6046	44
6047	50
6048	67
6049	42
6050	39
6051	40
6052	37
6053	80
6054	60
6055	75
6056	56
6057	63
6058	42
6059	47
6060	43
6061	49
6062	36
6063	63
6064	47
6065	51
6066	45
6067	51
6068	68
6069	31
6070	41
6071	62
6072	39
6073	41
6074	31
6075	29
6076	19
6077	43
6078	48
6079	41
6080	28
6081	26
6082	44
6083	41
6084	35
6085	42
6086	26
6087	43
6088	66
6089	51
6090	35
6091	62
6092	42
6093	42
6094	35
6095	56
6096	75
6097	53
6098	62
6099	61
6100	50
6101	34
6102	30
6103	34
6104	36
6105	51
6106	64
6107	46
6108	43
6109	47
6110	64
6111	54
6112	60
6113	60
6114	43
6115	53
6116	75
6117	64
6118	55
6119	75
6120	95
6121	63
6122	60
6123	84
6124	61
6125	40
6126	66
6127	87
6128	59
6129	73
6130	71
6131	87
6132	52
6133	25
6134	66
6135	54
6136	61
6137	49
6138	55
6139	55
6140	36
6141	62
6142	53
6143	79
6144	78
6145	56
6146	59
6147	60
6148	64
6149	41
6150	57
6151	42
6152	67
6153	56
6154	57
6155	64
6156	72
6157	63
6158	39
6159	49
6160	54
6161	77
6162	70
6163	44
6164	46
6165	70
6166	71
6167	41
6168	45
6169	62
6170	33
6171	69
6172	48
6173	48
6174	43
6175	45
6176	49
6177	39
6178	52
6179	44
6180	52
6181	56
6182	28
6183	38
6184	35
6185	36
6186	45
6187	42
6188	64
6189	62
6190	52
6191	62
6192	29
6193	51
6194	46
6195	35
6196	79
6197	42
6198	56
6199	55
6200	44
6201	61
6202	35
6203	45
6204	46
6205	59
6206	50
6207	40
6208	52
6209	56
6210	55
6211	69
6212	75
6213	36
6214	36
6215	44
6216	55
6217	53
6218	58
6219	61
6220	79
6221	48
6222	76
6223	40
6224	54
6225	50
6226	41
6227	38
6228	33
6229	37
6230	49
6231	21
6232	33
6233	64
6234	59
6235	45
6236	49
6237	38
6238	37
6239	40
6240	48
6241	60
6242	36
6243	45
6244	47
6245	26
6246	35
6247	46
6248	39
6249	34
6250	42
6251	60
6252	57
6253	45
6254	58
6255	42
6256	40
6257	48
6258	61
6259	51
6260	44
6261	39
6262	37
6263	66
6264	49
6265	64
6266	66
6267	56
6268	37
6269	48
6270	45
6271	44
6272	42
6273	66
6274	52
6275	65
6276	80
6277	55
6278	69
6279	46
6280	56
6281	74
6282	56
6283	61
6284	67
6285	64
6286	78
6287	52
6288	58
6289	94
6290	43
6291	59
6292	54
6293	64
6294	46
6295	47
6296	49
6297	54
6298	34
6299	45
6300	65
6301	61
6302	60
6303	42
6304	54
6305	62
6306	51
6307	45
6308	60
6309	51
6310	59
6311	51
6312	67
6313	50
6314	48
6315	41
6316	55
6317	61
6318	61
6319	38
6320	44
6321	50
6322	76
6323	68
6324	78
6325	66
6326	95
6327	72
6328	49
6329	51
6330	66
6331	53
6332	76
6333	52
6334	56
6335	49
6336	68
6337	48
6338	71
6339	48
6340	69
6341	48
6342	56
6343	42
6344	71
6345	63
6346	66
6347	69
6348	57
6349	51
6350	65
6351	44
6352	48
6353	55
6354	65
6355	100
6356	64
6357	56
6358	68
6359	54
6360	51
6361	58
6362	63
6363	54
6364	69
6365	79
6366	66
6367	69
6368	56
6369	31
6370	47
6371	32
6372	27
6373	24
6374	35
6375	44
6376	37
6377	41
6378	44
6379	48
6380	41
6381	45
6382	44
6383	45
6384	36
6385	54
6386	48
6387	45
6388	44
6389	47
6390	44
6391	32
6392	34
6393	54
6394	54
6395	32
6396	53
6397	68
6398	60
6399	64
6400	71
6401	45
6402	44
6403	64
6404	56
6405	52
6406	47
6407	46
6408	52
6409	52
6410	54
6411	49
6412	33
6413	36
6414	23
6415	20
6416	38
6417	50
6418	33
6419	46
6420	70
6421	41
6422	67
6423	60
6424	72
6425	41
6426	45
6427	48
6428	33
6429	33
6430	37
6431	46
6432	35
6433	39
6434	36
6435	33
6436	50
6437	55
6438	68
6439	41
6440	48
6441	67
6442	65
6443	54
6444	45
6445	42
6446	39
6447	60
6448	61
6449	57
6450	60
6451	32
6452	55
6453	72
6454	48
6455	45
6456	46
6457	34
6458	37
6459	33
6460	67
6461	58
6462	37
6463	49
6464	39
6465	59
6466	35
6467	55
6468	82
6469	50
6470	42
6471	47
6472	63
6473	59
6474	32
6475	41
6476	46
6477	58
6478	66
6479	33
6480	43
6481	37
6482	61
6483	79
6484	46
6485	60
6486	44
6487	36
6488	45
6489	49
6490	74
6491	40
6492	57
6493	79
6494	55
6495	39
6496	68
6497	66
6498	38
6499	58
6500	32
6501	50
6502	23
6503	44
6504	73
6505	61
6506	51
6507	56
6508	27
6509	28
6510	51
6511	51
6512	65
6513	80
6514	62
6515	57
6516	47
6517	69
6518	65
6519	66
6520	57
6521	46
6522	44
6523	42
6524	51
6525	58
6526	52
6527	52
6528	59
6529	44
6530	41
6531	43
6532	31
6533	41
6534	35
6535	56
6536	57
6537	40
6538	57
6539	39
6540	28
6541	30
6542	34
6543	61
6544	29
6545	25
6546	25
6547	28
6548	39
6549	51
6550	48
6551	51
6552	52
6553	55
6554	67
6555	52
6556	63
6557	56
6558	51
6559	46
6560	63
6561	50
6562	72
6563	73
6564	38
6565	47
6566	59
6567	51
6568	63
6569	47
6570	46
6571	80
6572	49
6573	58
6574	62
6575	29
6576	45
6577	58
6578	38
6579	75
6580	50
6581	57
6582	67
6583	54
6584	45
6585	42
6586	47
6587	43
6588	54
6589	82
6590	41
6591	32
6592	38
6593	33
6594	21
6595	47
6596	20
6597	29
6598	58
6599	23
6600	61
6601	55
6602	34
6603	43
6604	26
6605	23
6606	42
6607	31
6608	37
6609	49
6610	50
6611	62
6612	43
6613	62
6614	49
6615	46
6616	35
6617	59
6618	60
6619	56
6620	41
6621	45
6622	37
6623	36
6624	13
6625	32
6626	36
6627	31
6628	30
6629	42
6630	43
6631	45
6632	39
6633	33
6634	61
6635	38
6636	41
6637	28
6638	53
6639	61
6640	31
6641	60
6642	32
6643	40
6644	51
6645	36
6646	52
6647	44
6648	56
6649	34
6650	34
6651	39
6652	30
6653	46
6654	39
6655	57
6656	57
6657	40
6658	50
6659	32
6660	35
6661	18
6662	13
6663	25
6664	25
6665	17
6666	20
6667	20
6668	28
6669	39
6670	48
6671	47
6672	36
6673	26
6674	19
6675	38
6676	16
6677	25
6678	40
6679	51
6680	41
6681	44
6682	43
6683	43
6684	37
6685	44
6686	43
6687	35
6688	34
6689	45
6690	48
6691	47
6692	42
6693	52
6694	41
6695	44
6696	44
6697	42
6698	48
6699	39
6700	52
6701	50
6702	39
6703	43
6704	57
6705	45
6706	41
6707	38
6708	33
6709	42
6710	37
6711	36
6712	44
6713	36
6714	36
6715	52
6716	56
6717	49
6718	36
6719	36
6720	41
6721	50
6722	76
6723	58
6724	64
6725	55
6726	54
6727	66
6728	60
6729	40
6730	46
6731	70
6732	39
6733	45
6734	39
6735	35
6736	44
6737	55
6738	56
6739	58
6740	33
6741	58
6742	78
6743	34
6744	32
6745	20
6746	48
6747	44
6748	56
6749	33
6750	34
6751	68
6752	44
6753	51
6754	59
6755	35
6756	44
6757	56
6758	33
6759	48
6760	60
6761	53
6762	46
6763	39
6764	54
6765	54
6766	27
6767	45
6768	39
6769	47
6770	42
6771	41
6772	40
6773	44
6774	57
6775	45
6776	56
6777	50
6778	61
6779	56
6780	49
6781	37
6782	44
6783	47
6784	65
6785	89
6786	38
6787	52
6788	58
6789	36
6790	39
6791	58
6792	44
6793	67
6794	56
6795	35
6796	39
6797	39
6798	53
6799	46
6800	47
6801	55
6802	39
6803	49
6804	43
6805	43
6806	51
6807	49
6808	48
6809	53
6810	55
6811	44
6812	51
6813	41
6814	42
6815	48
6816	65
6817	64
6818	55
6819	69
6820	59
6821	55
6822	35
6823	40
6824	39
6825	36
6826	43
6827	36
6828	49
6829	45
6830	34
6831	31
6832	44
6833	64
6834	34
6835	70
6836	42
6837	38
6838	50
6839	62
6840	44
6841	68
6842	47
6843	52
6844	47
6845	52
6846	32
6847	30
6848	36
6849	35
6850	38
6851	25
6852	44
6853	31
6854	35
6855	33
6856	37
6857	76
6858	54
6859	70
6860	58
6861	64
6862	39
6863	56
6864	38
6865	38
6866	36
6867	35
6868	30
6869	28
6870	33
6871	41
6872	47
6873	47
6874	40
6875	30
6876	39
6877	51
6878	50
6879	40
6880	41
6881	32
6882	51
6883	47
6884	43
6885	49
6886	76
6887	52
6888	46
6889	71
6890	53
6891	69
6892	53
6893	35
6894	52
6895	50
6896	64
6897	51
6898	59
6899	59
6900	49
6901	52
6902	39
6903	66
6904	92
6905	36
6906	30
6907	36
6908	50
6909	43
6910	45
6911	35
6912	43
6913	35
6914	36
6915	38
6916	50
6917	34
6918	45
6919	32
6920	55
6921	34
6922	27
6923	52
6924	46
6925	45
6926	48
6927	50
6928	64
6929	74
6930	44
6931	36
6932	32
6933	46
6934	37
6935	43
6936	51
6937	50
6938	53
6939	67
6940	65
6941	68
6942	46
6943	37
6944	40
6945	38
6946	44
6947	34
6948	47
6949	43
6950	43
6951	67
6952	30
6953	43
6954	39
6955	51
6956	42
6957	45
6958	60
6959	86
6960	54
6961	35
6962	42
6963	42
6964	49
6965	56
6966	66
6967	37
6968	54
6969	48
6970	72
6971	65
6972	36
6973	62
6974	52
6975	58
6976	58
6977	54
6978	55
6979	42
6980	50
6981	57
6982	68
6983	50
6984	41
6985	55
6986	72
6987	54
6988	59
6989	65
6990	45
6991	58
6992	63
6993	43
6994	56
6995	53
6996	57
6997	39
6998	33
6999	27
7000	52
7001	50
7002	60
7003	38
7004	62
7005	50
7006	44
7007	52
7008	34
7009	58
7010	36
7011	54
7012	37
7013	42
7014	46
7015	35
7016	34
7017	39
7018	40
7019	35
7020	56
7021	36
7022	48
7023	61
7024	50
7025	31
7026	35
7027	37
7028	55
7029	41
7030	89
7031	39
7032	39
7033	44
7034	40
7035	33
7036	61
7037	40
7038	38
7039	41
7040	41
7041	33
7042	27
7043	49
7044	36
7045	38
7046	50
7047	65
7048	43
7049	42
7050	55
7051	47
7052	43
7053	33
7054	44
7055	50
7056	36
7057	29
7058	40
7059	44
7060	38
7061	57
7062	55
7063	83
7064	65
7065	37
7066	51
7067	70
7068	55
7069	44
7070	36
7071	41
7072	28
7073	32
7074	35
7075	22
7076	34
7077	39
7078	45
7079	27
7080	29
7081	36
7082	28
7083	29
7084	27
7085	46
7086	47
7087	50
7088	51
7089	54
7090	78
7091	35
7092	30
7093	59
7094	43
7095	34
7096	48
7097	45
7098	54
7099	69
7100	33
7101	43
7102	43
7103	43
7104	52
7105	38
7106	75
7107	38
7108	39
7109	59
7110	31
7111	38
7112	60
7113	38
7114	41
7115	54
7116	49
7117	57
7118	41
7119	38
7120	46
7121	55
7122	57
7123	48
7124	64
7125	65
7126	64
7127	46
7128	31
7129	54
7130	33
7131	36
7132	35
7133	35
7134	61
7135	40
7136	37
7137	52
7138	57
7139	38
7140	47
7141	51
7142	53
7143	46
7144	58
7145	43
7146	41
7147	65
7148	69
7149	61
7150	45
7151	64
7152	40
7153	50
7154	34
7155	33
7156	30
7157	41
7158	46
7159	52
7160	55
7161	31
7162	46
7163	30
7164	33
7165	47
7166	61
7167	49
7168	60
7169	45
7170	60
7171	57
7172	22
7173	32
7174	28
7175	33
7176	43
7177	57
7178	50
7179	63
7180	46
7181	51
7182	39
7183	56
7184	43
7185	40
7186	47
7187	46
7188	30
7189	39
7190	26
7191	36
7192	55
7193	40
7194	46
7195	43
7196	59
7197	23
7198	18
7199	34
7200	26
7201	43
7202	71
7203	36
7204	85
7205	70
7206	62
7207	38
7208	52
7209	64
7210	40
7211	44
7212	38
7213	32
7214	44
7215	43
7216	50
7217	55
7218	42
7219	64
7220	54
7221	46
7222	52
7223	37
7224	61
7225	48
7226	68
7227	54
7228	52
7229	47
7230	57
7231	41
7232	43
7233	50
7234	49
7235	45
7236	38
7237	41
7238	45
7239	54
7240	57
7241	39
7242	63
7243	57
7244	57
7245	64
7246	54
7247	57
7248	68
7249	48
7250	92
7251	50
7252	41
7253	34
7254	51
7255	21
7256	57
7257	62
7258	51
7259	48
7260	41
7261	60
7262	59
7263	79
7264	63
7265	45
7266	60
7267	72
7268	61
7269	51
7270	63
7271	62
7272	34
7273	38
7274	53
7275	38
7276	44
7277	50
7278	64
7279	58
7280	41
7281	45
7282	86
7283	58
7284	49
7285	59
7286	55
7287	85
7288	46
7289	41
7290	24
7291	46
7292	57
7293	59
7294	51
7295	73
7296	70
7297	63
7298	65
7299	39
7300	40
7301	65
7302	53
7303	65
7304	73
7305	60
7306	57
7307	40
7308	56
7309	41
7310	25
7311	30
7312	36
7313	54
7314	31
7315	31
7316	49
7317	50
7318	54
7319	63
7320	52
7321	87
7322	48
7323	35
7324	58
7325	52
7326	49
7327	57
7328	42
7329	47
7330	29
7331	56
7332	47
7333	33
7334	51
7335	36
7336	55
7337	37
7338	79
7339	60
7340	49
7341	39
7342	54
7343	37
7344	42
7345	31
7346	58
7347	31
7348	33
7349	41
7350	37
7351	28
7352	43
7353	56
7354	33
7355	47
7356	32
7357	38
7358	86
7359	39
7360	62
7361	49
7362	57
7363	70
7364	52
7365	85
7366	80
7367	61
7368	49
7369	43
7370	30
7371	60
7372	48
7373	29
7374	45
7375	41
7376	36
7377	34
7378	42
7379	47
7380	47
7381	35
7382	22
7383	64
7384	40
7385	24
7386	39
7387	38
7388	47
7389	31
7390	30
7391	32
7392	38
7393	30
7394	37
7395	52
7396	24
7397	41
7398	31
7399	42
7400	32
7401	40
7402	43
7403	41
7404	39
7405	41
7406	42
7407	21
7408	23
7409	34
7410	22
7411	26
7412	37
7413	30
7414	22
7415	29
7416	29
7417	36
7418	17
7419	27
7420	18
7421	25
7422	30
7423	24
7424	35
7425	26
7426	36
7427	31
7428	36
7429	52
7430	42
7431	81
7432	48
7433	63
7434	36
7435	53
7436	47
7437	44
7438	36
7439	50
7440	34
7441	47
7442	35
7443	43
7444	39
7445	35
7446	30
7447	55
7448	22
7449	35
7450	44
7451	24
7452	25
7453	35
7454	54
7455	30
7456	36
7457	29
7458	32
7459	27
7460	41
7461	39
7462	42
7463	60
7464	71
7465	64
7466	58
7467	46
7468	49
7469	51
7470	63
7471	47
7472	26
7473	51
7474	29
7475	33
7476	31
7477	32
7478	46
7479	75
7480	57
7481	43
7482	41
7483	47
7484	38
7485	31
7486	40
7487	56
7488	50
7489	41
7490	49
7491	38
7492	36
7493	37
7494	20
7495	18
7496	36
7497	17
7498	26
7499	27
7500	35
7501	31
7502	40
7503	25
7504	47
7505	28
7506	39
7507	28
7508	25
7509	28
7510	26
7511	33
7512	29
7513	33
7514	38
7515	24
7516	31
7517	40
7518	28
7519	49
7520	47
7521	29
7522	29
7523	48
7524	28
7525	27
7526	33
7527	46
7528	56
7529	63
7530	41
7531	34
7532	61
7533	51
7534	45
7535	28
7536	33
7537	38
7538	35
7539	45
7540	30
7541	35
7542	48
7543	39
7544	41
7545	32
7546	25
7547	33
7548	32
7549	45
7550	54
7551	36
7552	46
7553	70
7554	72
7555	40
7556	61
7557	69
7558	32
7559	31
7560	59
7561	41
7562	21
7563	39
7564	29
7565	30
7566	36
7567	32
7568	21
7569	28
7570	43
7571	44
7572	43
7573	49
7574	35
7575	18
7576	28
7577	43
7578	41
7579	50
7580	51
7581	33
7582	29
7583	51
7584	36
7585	29
7586	38
7587	43
7588	48
7589	43
7590	39
7591	33
7592	30
7593	48
7594	30
7595	57
7596	37
7597	74
7598	59
7599	38
7600	36
7601	26
7602	31
7603	46
7604	45
7605	30
7606	31
7607	30
7608	37
7609	45
7610	62
7611	54
7612	37
7613	31
7614	50
7615	54
7616	23
7617	32
7618	40
7619	36
7620	34
7621	30
7622	24
7623	30
7624	38
7625	33
7626	46
7627	62
7628	54
7629	36
7630	48
7631	37
7632	42
7633	23
7634	20
7635	26
7636	27
7637	30
7638	39
7639	30
7640	60
7641	41
7642	39
7643	52
7644	56
7645	35
7646	36
7647	46
7648	41
7649	31
7650	35
7651	55
7652	39
7653	45
7654	52
7655	35
7656	53
7657	25
7658	56
7659	38
7660	38
7661	34
7662	39
7663	28
7664	43
7665	24
7666	31
7667	42
7668	24
7669	28
7670	45
7671	45
7672	27
7673	40
7674	27
7675	23
7676	28
7677	45
7678	33
7679	18
7680	30
7681	38
7682	35
7683	37
7684	16
7685	46
7686	35
7687	64
7688	50
7689	61
7690	69
7691	38
7692	42
7693	27
7694	44
7695	40
7696	42
7697	19
7698	24
7699	29
7700	32
7701	14
7702	19
7703	23
7704	51
7705	31
7706	38
7707	53
7708	49
7709	35
7710	15
7711	20
7712	19
7713	21
7714	46
7715	19
7716	44
7717	25
7718	29
7719	23
7720	30
7721	27
7722	30
7723	27
7724	54
7725	59
7726	46
7727	47
7728	83
7729	57
7730	52
7731	38
7732	36
7733	39
7734	79
7735	37
7736	54
7737	65
7738	44
7739	36
7740	44
7741	43
7742	34
7743	47
7744	45
7745	38
7746	50
7747	35
7748	45
7749	40
7750	52
7751	48
7752	55
7753	33
7754	38
7755	28
7756	46
7757	31
7758	44
7759	63
7760	34
7761	29
7762	46
7763	26
7764	14
7765	24
7766	41
7767	49
7768	39
7769	50
7770	59
7771	46
7772	33
7773	34
7774	19
7775	26
7776	24
7777	17
7778	31
7779	18
7780	44
7781	45
7782	48
7783	31
7784	28
7785	18
7786	22
7787	31
7788	62
7789	18
7790	48
7791	50
7792	31
7793	39
7794	48
7795	28
7796	36
7797	49
7798	51
7799	69
7800	62
7801	53
7802	50
7803	51
7804	47
7805	39
7806	34
7807	43
7808	17
7809	13
7810	23
7811	29
7812	49
7813	48
7814	55
7815	30
7816	35
7817	21
7818	24
7819	32
7820	35
7821	32
7822	44
7823	15
7824	37
7825	35
7826	33
7827	38
7828	49
7829	37
7830	39
7831	44
7832	40
7833	39
7834	55
7835	44
7836	34
7837	34
7838	35
7839	60
7840	53
7841	23
7842	22
7843	40
7844	51
7845	71
7846	55
7847	54
7848	50
7849	52
7850	51
7851	35
7852	40
7853	43
7854	45
7855	52
7856	51
7857	59
7858	69
7859	45
7860	41
7861	66
7862	54
7863	41
7864	50
7865	53
7866	42
7867	30
7868	27
7869	30
7870	30
7871	37
7872	51
7873	36
7874	24
7875	38
7876	43
7877	47
7878	66
7879	56
7880	46
7881	41
7882	46
7883	56
7884	80
7885	89
7886	62
7887	47
7888	50
7889	35
7890	60
7891	25
7892	40
7893	47
7894	54
7895	26
7896	48
7897	28
7898	27
7899	43
7900	27
7901	26
7902	37
7903	63
7904	43
7905	55
7906	66
7907	47
7908	43
7909	60
7910	36
7911	34
7912	34
7913	41
7914	72
7915	63
7916	45
7917	45
7918	53
7919	43
7920	34
7921	27
7922	55
7923	16
7924	45
7925	24
7926	41
7927	48
7928	36
7929	43
7930	39
7931	55
7932	43
7933	54
7934	37
7935	43
7936	64
7937	34
7938	36
7939	47
7940	16
7941	22
7942	20
7943	13
7944	35
7945	43
7946	38
7947	46
7948	34
7949	53
7950	72
7951	77
7952	48
7953	35
7954	33
7955	51
7956	26
7957	37
7958	31
7959	46
7960	36
7961	49
7962	42
7963	42
7964	47
7965	90
7966	37
7967	33
7968	32
7969	48
7970	44
7971	52
7972	57
7973	53
7974	63
7975	33
7976	27
7977	29
7978	43
7979	25
7980	29
7981	48
7982	40
7983	39
7984	35
7985	37
7986	51
7987	59
7988	34
7989	55
7990	46
7991	28
7992	27
7993	20
7994	27
7995	36
7996	31
7997	29
7998	42
7999	36
8000	408802
