0	0
1	0
2	0
3	0
4	0
5	0
6	0
7	0
8	0
9	0
10	0
11	0
12	0
13	0
14	1
15	0
16	1
17	1
18	1
19	1
20	0
21	0
22	1
23	1
24	0
25	3
26	0
27	0
28	1
29	0
30	2
31	1
32	4
33	2
34	3
35	3
36	4
37	1
38	5
39	6
40	3
41	5
42	4
43	4
44	2
45	7
46	2
47	2
48	4
49	7
50	4
51	8
52	11
53	8
54	3
55	9
56	7
57	6
58	8
59	8
60	12
61	7
62	10
63	13
64	14
65	6
66	12
67	6
68	7
69	10
70	5
71	7
72	11
73	10
74	14
75	9
76	14
77	23
78	22
79	17
80	13
81	10
82	19
83	15
84	24
85	30
86	26
87	40
88	25
89	37
90	34
91	34
92	39
93	35
94	21
95	24
96	35
97	60
98	57
99	52
100	62
101	67
102	42
103	59
104	57
105	60
106	48
107	57
108	42
109	68
110	47
111	68
112	60
113	57
114	74
115	49
116	54
117	65
118	59
119	91
120	92
121	58
122	105
123	75
124	70
125	108
126	63
127	91
128	65
129	88
130	98
131	108
132	120
133	94
134	73
135	89
136	91
137	116
138	104
139	120
140	79
141	92
142	90
143	117
144	96
145	73
146	95
147	66
148	61
149	55
150	81
151	64
152	84
153	72
154	71
155	68
156	92
157	76
158	92
159	70
160	48
161	58
162	63
163	78
164	80
165	65
166	82
167	92
168	67
169	88
170	90
171	76
172	74
173	65
174	71
175	62
176	70
177	83
178	98
179	83
180	66
181	65
182	70
183	93
184	62
185	76
186	67
187	86
188	53
189	78
190	53
191	58
192	77
193	85
194	84
195	77
196	46
197	52
198	64
199	57
200	89
201	56
202	76
203	66
204	86
205	71
206	65
207	59
208	50
209	61
210	61
211	50
212	47
213	53
214	78
215	75
216	102
217	87
218	67
219	68
220	64
221	55
222	67
223	68
224	62
225	68
226	53
227	50
228	88
229	51
230	72
231	62
232	47
233	49
234	53
235	70
236	69
237	72
238	54
239	40
240	39
241	39
242	64
243	81
244	46
245	57
246	84
247	47
248	52
249	63
250	52
251	55
252	66
253	67
254	58
255	69
256	55
257	63
258	81
259	67
260	75
261	54
262	67
263	59
264	66
265	75
266	65
267	73
268	55
269	66
270	74
271	61
272	65
273	69
274	52
275	58
276	72
277	69
278	65
279	63
280	64
281	73
282	58
283	45
284	62
285	49
286	67
287	63
288	47
289	44
290	65
291	57
292	66
293	55
294	63
295	75
296	82
297	100
298	80
299	70
300	71
301	43
302	66
303	59
304	72
305	83
306	64
307	74
308	49
309	50
310	56
311	57
312	64
313	68
314	89
315	77
316	75
317	73
318	50
319	55
320	61
321	60
322	66
323	67
324	65
325	57
326	52
327	65
328	80
329	65
330	59
331	46
332	41
333	58
334	77
335	53
336	62
337	38
338	57
339	69
340	52
341	52
342	58
343	62
344	47
345	68
346	62
347	93
348	83
349	80
350	50
351	46
352	69
353	62
354	55
355	59
356	62
357	48
358	56
359	41
360	49
361	40
362	51
363	44
364	72
365	73
366	75
367	52
368	48
369	39
370	69
371	70
372	71
373	71
374	57
375	60
376	46
377	44
378	68
379	52
380	51
381	60
382	54
383	68
384	49
385	60
386	34
387	40
388	47
389	89
390	54
391	66
392	59
393	67
394	60
395	44
396	50
397	75
398	42
399	51
400	63
401	50
402	46
403	39
404	45
405	38
406	64
407	67
408	45
409	77
410	53
411	44
412	57
413	46
414	32
415	59
416	57
417	55
418	35
419	45
420	39
421	41
422	43
423	57
424	70
425	83
426	53
427	33
428	48
429	45
430	39
431	51
432	33
433	29
434	34
435	49
436	36
437	56
438	55
439	55
440	63
441	49
442	46
443	47
444	41
445	47
446	58
447	57
448	46
449	40
450	46
451	42
452	53
453	24
454	36
455	38
456	39
457	47
458	35
459	22
460	38
461	34
462	40
463	40
464	37
465	30
466	22
467	26
468	41
469	29
470	38
471	35
472	31
473	25
474	39
475	34
476	24
477	34
478	27
479	31
480	61
481	27
482	35
483	38
484	29
485	19
486	25
487	32
488	23
489	22
490	23
491	22
492	24
493	28
494	33
495	24
496	39
497	38
498	33
499	17
500	31
501	17
502	20
503	21
504	27
505	24
506	28
507	40
508	23
509	21
510	52
511	22
512	18
513	28
514	20
515	24
516	22
517	24
518	31
519	24
520	20
521	30
522	20
523	15
524	22
525	16
526	21
527	23
528	14
529	20
530	15
531	25
532	17
533	16
534	28
535	13
536	14
537	22
538	23
539	3
540	12
541	16
542	20
543	15
544	19
545	13
546	15
547	15
548	13
549	13
550	15
551	15
552	20
553	24
554	9
555	21
556	17
557	14
558	19
559	14
560	23
561	15
562	16
563	19
564	3
565	18
566	14
567	15
568	14
569	8
570	9
571	10
572	7
573	7
574	12
