0	0
1	0
2	0
3	0
4	0
5	0
6	0
7	0
8	0
9	0
10	0
11	0
12	0
13	0
14	1
15	0
16	1
17	1
18	1
19	1
20	0
21	0
22	1
23	1
24	0
25	3
26	0
27	0
28	1
29	0
30	2
31	1
32	4
33	2
34	3
35	3
36	4
37	1
38	5
39	8
40	4
41	7
42	4
43	7
44	4
45	10
46	3
47	2
48	5
49	7
50	6
51	14
52	18
53	9
54	4
55	13
56	10
57	17
58	10
59	10
60	14
61	7
62	13
63	16
64	15
65	6
66	13
67	6
68	8
69	13
70	7
71	8
72	12
73	15
74	20
75	10
76	25
77	37
78	29
79	26
80	16
81	28
82	22
83	20
84	62
85	41
86	46
87	76
88	31
89	57
90	54
91	44
92	56
93	49
94	22
95	50
96	56
97	89
98	83
99	92
100	128
101	115
102	102
103	140
104	118
105	107
106	131
107	110
108	87
109	189
110	121
111	119
112	130
113	97
114	125
115	96
116	105
117	150
118	139
119	202
120	172
121	135
122	339
123	198
124	178
125	249
126	233
127	222
128	147
129	244
130	279
131	339
132	319
133	304
134	147
135	282
136	276
137	389
138	361
139	415
140	222
141	309
142	333
143	455
144	475
145	316
146	451
147	253
148	158
149	293
150	343
151	313
152	491
153	427
154	349
155	355
156	580
157	367
158	540
159	470
160	214
161	353
162	286
163	356
164	484
165	417
166	428
167	442
168	336
169	545
170	468
171	819
172	397
173	379
174	418
175	416
176	488
177	590
178	673
179	712
180	377
181	565
182	315
183	809
184	460
185	603
186	315
187	656
188	400
189	381
190	343
191	293
192	434
193	598
194	570
195	612
196	562
197	290
198	408
199	307
200	829
201	468
202	462
203	418
204	825
205	666
206	494
207	313
208	250
209	504
210	533
211	338
212	346
213	220
214	530
215	563
216	811
217	648
218	539
219	518
220	732
221	536
222	346
223	590
224	451
225	355
226	277
227	288
228	740
229	292
230	491
231	485
232	455
233	184
234	543
235	449
236	512
237	440
238	561
239	219
240	154
241	351
242	420
243	558
244	332
245	334
246	556
247	140
248	294
249	531
250	294
251	317
252	309
253	375
254	702
255	390
256	199
257	274
258	575
259	430
260	636
261	213
262	482
263	262
264	362
265	502
266	408
267	629
268	208
269	375
270	597
271	280
272	461
273	405
274	428
275	313
276	482
277	419
278	358
279	275
280	568
281	574
282	292
283	303
284	403
285	145
286	373
287	333
288	277
289	305
290	318
291	399
292	271
293	480
294	305
295	223
296	592
297	545
298	536
299	322
300	421
301	245
302	547
303	558
304	393
305	678
306	486
307	515
308	385
309	268
310	261
311	332
312	324
313	372
314	548
315	425
316	553
317	406
318	249
319	323
320	365
321	362
322	258
323	409
324	493
325	217
326	166
327	231
328	392
329	279
330	331
331	357
332	105
333	210
334	531
335	303
336	334
337	242
338	197
339	220
340	146
341	155
342	301
343	308
344	85
345	245
346	432
347	454
348	531
349	427
350	489
351	145
352	302
353	383
354	452
355	250
356	323
357	277
358	222
359	178
360	228
361	87
362	188
363	233
364	232
365	390
366	664
367	179
368	182
369	175
370	276
371	360
372	250
373	352
374	194
375	251
376	142
377	154
378	236
379	216
380	254
381	362
382	160
383	168
384	244
385	229
386	104
387	129
388	168
389	335
390	139
391	341
392	242
393	383
394	221
395	132
396	363
397	287
398	244
399	89
400	234
401	222
402	160
403	93
404	234
405	125
406	280
407	266
408	146
409	280
410	172
411	164
412	216
413	134
414	75
415	175
416	237
417	170
418	59
419	106
420	283
421	165
422	132
423	99
424	310
425	271
426	252
427	121
428	104
429	183
430	83
431	235
432	70
433	49
434	105
435	209
436	74
437	261
438	189
439	166
440	221
441	125
442	183
443	142
444	149
445	99
446	127
447	289
448	123
449	197
450	128
451	77
452	176
453	55
454	49
455	89
456	83
457	264
458	74
459	78
460	118
461	105
462	142
463	95
464	118
465	98
466	85
467	58
468	73
469	138
470	103
471	135
472	105
473	58
474	75
475	79
476	92
477	46
478	57
479	97
480	368
481	66
482	119
483	99
484	66
485	40
486	102
487	76
488	53
489	75
490	56
491	65
492	63
493	39
494	111
495	37
496	148
497	103
498	121
499	32
500	138
501	25
502	53
503	53
504	59
505	49
506	56
507	62
508	43
509	78
510	136
511	150
512	32
513	92
514	47
515	63
516	33
517	80
518	53
519	67
520	24
521	81
522	37
523	35
524	61
525	30
526	49
527	36
528	14
529	52
530	57
531	117
532	74
533	39
534	70
535	32
536	17
537	45
538	81
539	4
540	17
541	37
542	37
543	51
544	48
545	19
546	54
547	27
548	17
549	33
550	34
551	24
552	72
553	95
554	25
555	41
