0	0
1	0
2	0
3	0
4	0
5	0
6	0
7	0
8	0
9	0
10	0
11	0
12	1
13	3
14	11
15	9
16	8
17	4
18	4
19	5
20	7
21	2
22	3
23	2
24	2
25	6
26	5
27	11
28	10
29	25
30	31
31	32
32	42
33	46
34	69
35	94
36	82
37	101
38	128
39	142
40	166
41	181
42	216
43	263
44	268
45	319
46	280
47	365
48	369
49	372
50	360
51	495
52	473
53	477
54	582
55	578
56	605
57	610
58	586
59	606
60	604
61	643
62	642
63	659
64	685
65	676
66	731
67	786
68	812
69	792
70	886
71	908
72	884
73	925
74	913
75	986
76	958
77	1038
78	1096
79	1121
80	1200
81	1065
82	1320
83	1216
84	1300
85	1406
86	1372
87	1380
88	1456
89	1619
90	3405
91	2204
92	1819
93	1758
94	1892
95	1754
96	1787
97	1875
98	2033
99	2021
100	1993
101	2150
102	2055
103	2123
104	2343
105	2209
106	2331
107	2545
108	2527
109	2447
110	2696
111	2603
112	2704
113	2761
114	2825
115	2913
116	2942
117	3065
118	3148
119	3016
120	3359
121	3351
122	3587
123	3493
124	3499
125	3774
126	3613
127	3521
128	3551
129	3639
130	3924
131	3754
132	3920
133	3841
134	4045
135	3923
136	3971
137	4133
138	3853
139	4264
140	4135
141	3926
142	4410
143	4255
144	4239
145	4037
146	3962
147	4567
148	4933
149	4858
150	4648
151	4872
152	4986
153	5011
154	4969
155	5028
156	5218
157	5237
158	5104
159	4979
160	5096
161	5215
162	5199
163	5262
164	5134
165	5305
166	5243
167	5193
168	5380
169	5107
170	5267
171	5105
172	5145
173	5227
174	4991
175	4972
176	5150
177	5037
178	5164
179	5405
180	5365
181	5193
182	4941
183	4878
184	4825
185	5192
186	4990
187	4866
188	4881
189	4829
190	5107
191	4929
192	4906
193	4891
194	4992
195	4917
196	4604
197	4883
198	4622
199	4579
200	4671
201	4652
202	4809
203	4725
204	4425
205	4421
206	4593
207	4529
208	4280
209	4419
210	4390
211	4118
212	4127
213	4222
214	4135
215	4143
216	3954
217	4087
218	4071
219	3887
220	4088
221	4010
222	3885
223	3833
224	3984
225	3879
226	3845
227	3712
228	3899
229	3754
230	3697
231	3649
232	3536
233	3593
234	3594
235	3527
236	3746
237	3502
238	3653
239	3624
240	3426
241	3259
242	3260
243	3263
244	3282
245	3286
246	3250
247	3367
248	3128
249	3203
250	3184
251	3183
252	2926
253	3294
254	3269
255	3087
256	2946
257	3003
258	3057
259	2996
260	3061
261	2849
262	2824
263	2790
264	2856
265	3005
266	2704
267	2635
268	2697
269	2668
270	2896
271	2724
272	2671
273	2583
274	2496
275	2512
276	2528
277	2682
278	2591
279	2715
280	2591
281	2577
282	2563
283	2532
284	2517
285	2409
286	2364
287	2377
288	2356
289	2427
290	2321
291	2275
292	2254
293	2246
294	2216
295	2275
296	2134
297	2247
298	2058
299	2196
300	2059
301	2155
302	2137
303	1914
304	1991
305	1823
306	1888
307	1888
308	1897
309	1971
310	2064
311	1926
312	1869
313	1920
314	1953
315	1837
316	1725
317	1836
318	1750
319	1684
320	1848
321	1821
322	1643
323	1800
324	1706
325	1771
326	1675
327	1600
328	1788
329	1649
330	1573
331	1593
332	1566
333	1643
334	1459
335	1608
336	1622
337	1507
338	1508
339	1470
340	1598
341	1511
342	1597
343	1583
344	1470
345	1546
346	1558
347	1442
348	1585
349	1377
350	1384
351	1324
352	1312
353	1336
354	1361
355	1331
356	1418
357	1319
358	1337
359	1413
360	1402
361	1327
362	1314
363	1267
364	1223
365	1408
366	1315
367	1266
368	1282
369	1220
370	1338
371	1319
372	1300
373	1278
374	1247
375	1373
376	1329
377	1237
378	1277
379	1224
380	1167
381	1201
382	1101
383	1187
384	1061
385	1119
386	1075
387	1089
388	1090
389	1059
390	1084
391	1055
392	1002
393	1060
394	1028
395	984
396	985
397	927
398	986
399	978
400	998
401	990
402	940
403	962
404	993
405	922
406	972
407	866
408	895
409	898
410	1015
411	986
412	964
413	925
414	919
415	953
416	963
417	880
418	918
419	846
420	959
421	833
422	853
423	868
424	811
425	853
426	831
427	802
428	876
429	815
430	814
431	859
432	773
433	724
434	873
435	745
436	811
437	788
438	684
439	711
440	670
441	700
442	707
443	748
444	749
445	709
446	724
447	730
448	681
449	739
450	773
451	772
452	794
453	674
454	756
455	713
456	680
457	672
458	726
459	644
460	636
461	668
462	706
463	684
464	709
465	694
466	743
467	620
468	646
469	722
470	741
471	658
472	599
473	634
474	690
475	672
476	602
477	625
478	536
479	577
480	615
481	559
482	649
483	574
484	585
485	598
486	603
487	581
488	655
489	595
490	643
491	563
492	557
493	540
494	618
495	668
496	574
497	593
498	579
499	536
500	592
501	621
502	563
503	596
504	617
505	655
506	615
507	584
508	637
509	577
510	564
511	561
512	614
513	594
514	597
515	539
516	587
517	622
518	519
519	550
520	530
521	587
522	565
523	553
524	616
525	566
526	601
527	588
528	635
529	656
530	651
531	600
532	575
533	566
534	549
535	578
536	440
537	574
538	507
539	544
540	595
541	538
542	541
543	475
544	587
545	567
546	592
547	551
548	569
549	593
550	612
551	592
552	577
553	536
554	568
555	586
556	554
557	541
558	575
559	560
560	549
561	594
562	562
563	530
564	541
565	583
566	539
567	560
568	551
569	525
570	491
571	503
572	451
573	452
574	516
575	478
576	511
577	488
578	547
579	478
580	555
581	530
582	603
583	471
584	562
585	523
586	527
587	533
588	522
589	557
590	538
591	491
592	562
593	524
594	483
595	466
596	490
597	502
598	425
599	524
600	481
601	505
602	480
603	482
604	517
605	547
606	436
607	487
608	494
609	412
610	438
611	501
612	466
613	492
614	442
615	452
616	482
617	466
618	513
619	442
620	441
621	400
622	437
623	467
624	497
625	482
626	495
627	492
628	439
629	455
630	391
631	483
632	510
633	525
634	506
635	414
636	505
637	433
638	408
639	519
640	424
641	458
642	475
643	491
644	408
645	451
646	448
647	418
648	445
649	439
650	497
651	405
652	399
653	437
654	452
655	398
656	373
657	383
658	373
659	355
660	418
661	368
662	430
663	411
664	417
665	439
666	388
667	406
668	448
669	486
670	440
671	433
672	418
673	474
674	479
675	440
676	429
677	500
678	410
679	424
680	431
681	412
682	416
683	432
684	474
685	465
686	438
687	460
688	455
689	386
690	459
691	372
692	436
693	421
694	435
695	418
696	396
697	399
698	445
699	430
700	437
701	367
702	441
703	424
704	368
705	456
706	388
707	399
708	354
709	416
710	488
711	432
712	473
713	400
714	379
715	399
716	419
717	402
718	385
719	405
720	377
721	389
722	340
723	342
724	407
725	402
726	450
727	385
728	387
729	386
730	369
731	443
732	371
733	440
734	401
735	386
736	390
737	377
738	401
739	415
740	385
741	368
742	297
743	417
744	361
745	313
746	364
747	323
748	389
749	352
750	385
751	407
752	344
753	357
754	330
755	306
756	328
757	369
758	318
759	353
760	306
761	367
762	311
763	348
764	321
765	375
766	319
767	326
768	355
769	376
770	352
771	387
772	350
773	304
774	347
775	321
776	378
777	287
778	326
779	311
780	300
781	345
782	307
783	367
784	327
785	317
786	339
787	303
788	343
789	298
790	359
791	342
792	313
793	347
794	334
795	324
796	282
797	354
798	316
799	308
800	359
801	315
802	345
803	305
804	294
805	289
806	304
807	389
808	335
809	338
810	357
811	330
812	323
813	339
814	356
815	298
816	311
817	306
818	279
819	316
820	323
821	259
822	334
823	408
824	341
825	354
826	305
827	283
828	296
829	343
830	304
831	308
832	339
833	283
834	328
835	355
836	338
837	357
838	318
839	273
840	354
841	327
842	293
843	326
844	292
845	283
846	282
847	391
848	315
849	303
850	348
851	274
852	305
853	338
854	288
855	299
856	274
857	381
858	354
859	361
860	312
861	290
862	346
863	311
864	321
865	380
866	326
867	318
868	326
869	341
870	381
871	331
872	347
873	333
874	296
875	341
876	280
877	357
878	295
879	323
880	352
881	360
882	302
883	332
884	344
885	322
886	322
887	355
888	287
889	296
890	325
891	364
892	314
893	308
894	349
895	289
896	332
897	354
898	355
899	284
900	305
901	341
902	285
903	280
904	287
905	299
906	283
907	274
908	293
909	336
910	302
911	296
912	290
913	300
914	297
915	304
916	312
917	278
918	290
919	323
920	306
921	280
922	277
923	314
924	327
925	361
926	257
927	281
928	267
929	336
930	353
931	349
932	362
933	307
934	390
935	340
936	337
937	296
938	357
939	337
940	280
941	311
942	343
943	336
944	352
945	319
946	335
947	294
948	322
949	338
950	337
951	370
952	377
953	320
954	364
955	388
956	358
957	346
958	309
959	324
960	352
961	333
962	311
963	329
964	302
965	341
966	326
967	290
968	282
969	342
970	327
971	305
972	284
973	322
974	369
975	355
976	286
977	330
978	292
979	339
980	269
981	317
982	287
983	301
984	294
985	255
986	259
987	315
988	280
989	316
990	289
991	348
992	310
993	330
994	259
995	276
996	305
997	314
998	348
999	346
1000	283
1001	334
1002	282
1003	324
1004	343
1005	315
1006	343
1007	320
1008	314
1009	301
1010	290
1011	264
1012	279
1013	265
1014	346
1015	312
1016	333
1017	312
1018	347
1019	348
1020	282
1021	320
1022	303
1023	312
1024	313
1025	304
1026	316
1027	303
1028	269
1029	288
1030	315
1031	271
1032	302
1033	255
1034	280
1035	321
1036	299
1037	326
1038	335
1039	293
1040	272
1041	274
1042	260
1043	261
1044	273
1045	246
1046	281
1047	250
1048	292
1049	263
1050	279
1051	262
1052	264
1053	277
1054	282
1055	282
1056	313
1057	318
1058	297
1059	313
1060	257
1061	279
1062	234
1063	262
1064	260
1065	303
1066	289
1067	321
1068	284
1069	291
1070	283
1071	244
1072	300
1073	258
1074	262
1075	287
1076	257
1077	222
1078	291
1079	262
1080	273
1081	312
1082	230
1083	292
1084	245
1085	258
1086	266
1087	240
1088	286
1089	249
1090	288
1091	269
1092	246
1093	282
1094	234
1095	218
1096	216
1097	265
1098	298
1099	273
1100	291
1101	239
1102	245
1103	236
1104	237
1105	286
1106	236
1107	293
1108	287
1109	275
1110	244
1111	248
1112	263
1113	220
1114	233
1115	273
1116	284
1117	257
1118	278
1119	262
1120	277
1121	260
1122	265
1123	285
1124	269
1125	271
1126	292
1127	258
1128	293
1129	280
1130	246
1131	262
1132	316
1133	243
1134	263
1135	252
1136	272
1137	262
1138	302
1139	289
1140	269
1141	287
1142	275
1143	295
1144	316
1145	253
1146	328
1147	232
1148	257
1149	320
1150	256
1151	270
1152	274
1153	248
1154	256
1155	187
1156	240
1157	222
1158	238
1159	254
1160	271
1161	279
1162	223
1163	277
1164	285
1165	271
1166	283
1167	288
1168	213
1169	238
1170	262
1171	277
1172	243
1173	286
1174	267
1175	261
1176	272
1177	280
1178	241
1179	280
1180	258
1181	265
1182	299
1183	293
1184	312
1185	259
1186	262
1187	237
1188	299
1189	230
1190	239
1191	249
1192	219
1193	221
1194	259
1195	262
1196	204
1197	234
1198	236
1199	280
1200	238
1201	231
1202	242
1203	240
1204	266
1205	279
1206	293
1207	263
1208	232
1209	245
1210	261
1211	266
1212	274
1213	286
1214	275
1215	251
1216	250
1217	244
1218	261
1219	265
1220	242
1221	259
1222	225
1223	219
1224	225
1225	230
1226	227
1227	245
1228	238
1229	236
1230	258
1231	261
1232	278
1233	246
1234	225
1235	245
1236	243
1237	231
1238	223
1239	233
1240	290
1241	244
1242	280
1243	235
1244	277
1245	297
1246	274
1247	252
1248	319
1249	298
1250	326
1251	231
1252	252
1253	251
1254	248
1255	261
1256	260
1257	272
1258	273
1259	279
1260	283
1261	256
1262	282
1263	262
1264	309
1265	287
1266	240
1267	239
1268	261
1269	278
1270	305
1271	288
1272	248
1273	283
1274	314
1275	255
1276	237
1277	278
1278	264
1279	278
1280	258
1281	246
1282	255
1283	295
1284	250
1285	322
1286	249
1287	280
1288	269
1289	219
1290	261
1291	251
1292	267
1293	214
1294	245
1295	237
1296	244
1297	225
1298	248
1299	229
1300	198
1301	222
1302	221
1303	244
1304	224
1305	213
1306	242
1307	243
1308	209
1309	239
1310	268
1311	235
1312	247
1313	240
1314	216
1315	216
1316	222
1317	240
1318	203
1319	259
1320	254
1321	227
1322	190
1323	178
1324	246
1325	237
1326	233
1327	180
1328	257
1329	216
1330	238
1331	242
1332	247
1333	239
1334	209
1335	251
1336	231
1337	237
1338	230
1339	261
1340	267
1341	239
1342	235
1343	211
1344	206
1345	225
1346	196
1347	205
1348	186
1349	205
1350	227
1351	196
1352	213
1353	182
1354	211
1355	225
1356	229
1357	243
1358	232
1359	208
1360	195
1361	182
1362	202
1363	204
1364	222
1365	257
1366	215
1367	208
1368	239
1369	215
1370	188
1371	228
1372	183
1373	225
1374	225
1375	271
1376	230
1377	250
1378	232
1379	255
1380	223
1381	254
1382	232
1383	274
1384	222
1385	237
1386	234
1387	213
1388	234
1389	256
1390	218
1391	249
1392	208
1393	202
1394	229
1395	206
1396	224
1397	187
1398	228
1399	221
1400	192
1401	237
1402	222
1403	227
1404	259
1405	196
1406	229
1407	215
1408	256
1409	268
1410	232
1411	251
1412	252
1413	219
1414	256
1415	201
1416	207
1417	249
1418	237
1419	266
1420	233
1421	245
1422	272
1423	210
1424	212
1425	235
1426	218
1427	198
1428	180
1429	224
1430	242
1431	194
1432	209
1433	207
1434	190
1435	218
1436	230
1437	212
1438	241
1439	258
1440	276
1441	250
1442	220
1443	243
1444	238
1445	212
1446	227
1447	211
1448	236
1449	221
1450	207
1451	240
1452	176
1453	221
1454	205
1455	229
1456	205
1457	190
1458	253
1459	205
1460	212
1461	226
1462	254
1463	234
1464	270
1465	220
1466	201
1467	262
1468	241
1469	230
1470	205
1471	223
1472	193
1473	216
1474	195
1475	212
1476	235
1477	159
1478	220
1479	226
1480	286
1481	221
1482	228
1483	247
1484	188
1485	234
1486	195
1487	205
1488	196
1489	165
1490	194
1491	199
1492	239
1493	212
1494	220
1495	235
1496	295
1497	217
1498	267
1499	235
1500	224
1501	236
1502	208
1503	248
1504	227
1505	191
1506	256
1507	241
1508	224
1509	204
1510	232
1511	223
1512	234
1513	227
1514	199
1515	197
1516	211
1517	193
1518	200
1519	264
1520	252
1521	188
1522	211
1523	259
1524	213
1525	225
1526	212
1527	216
1528	247
1529	265
1530	279
1531	242
1532	260
1533	235
1534	231
1535	234
1536	216
1537	183
1538	212
1539	186
1540	223
1541	233
1542	234
1543	255
1544	223
1545	216
1546	219
1547	204
1548	233
1549	200
1550	205
1551	217
1552	194
1553	187
1554	221
1555	221
1556	208
1557	246
1558	283
1559	237
1560	282
1561	257
1562	234
1563	231
1564	232
1565	199
1566	223
1567	235
1568	270
1569	235
1570	227
1571	248
1572	235
1573	238
1574	206
1575	234
1576	236
1577	196
1578	231
1579	256
1580	235
1581	227
1582	227
1583	250
1584	277
1585	223
1586	214
1587	254
1588	232
1589	258
1590	262
1591	261
1592	247
1593	280
1594	250
1595	248
1596	237
1597	233
1598	245
1599	255
1600	240
1601	230
1602	292
1603	250
1604	212
1605	193
1606	198
1607	237
1608	206
1609	226
1610	241
1611	235
1612	195
1613	219
1614	312
1615	244
1616	234
1617	186
1618	200
1619	210
1620	222
1621	233
1622	254
1623	214
1624	256
1625	226
1626	253
1627	240
1628	210
1629	184
1630	219
1631	196
1632	189
1633	233
1634	218
1635	194
1636	227
1637	196
1638	237
1639	182
1640	207
1641	210
1642	255
1643	238
1644	244
1645	252
1646	207
1647	196
1648	210
1649	203
1650	224
1651	267
1652	193
1653	239
1654	216
1655	245
1656	189
1657	190
1658	232
1659	223
1660	191
1661	205
1662	213
1663	208
1664	199
1665	209
1666	233
1667	207
1668	253
1669	254
1670	219
1671	247
1672	223
1673	199
1674	191
1675	197
1676	201
1677	212
1678	194
1679	214
1680	202
1681	236
1682	167
1683	191
1684	201
1685	215
1686	192
1687	201
1688	193
1689	222
1690	235
1691	241
1692	227
1693	196
1694	205
1695	226
1696	203
1697	223
1698	209
1699	206
1700	215
1701	187
1702	210
1703	214
1704	201
1705	209
1706	183
1707	241
1708	191
1709	230
1710	211
1711	221
1712	266
1713	232
1714	220
1715	254
1716	195
1717	199
1718	220
1719	203
1720	220
1721	204
1722	190
1723	232
1724	207
1725	225
1726	259
1727	237
1728	244
1729	237
1730	204
1731	192
1732	267
1733	231
1734	224
1735	230
1736	174
1737	215
1738	197
1739	252
1740	265
1741	201
1742	220
1743	254
1744	206
1745	201
1746	186
1747	170
1748	254
1749	215
1750	217
1751	207
1752	188
1753	227
1754	193
1755	226
1756	205
1757	207
1758	191
1759	201
1760	209
1761	153
1762	170
1763	191
1764	195
1765	181
1766	209
1767	194
1768	175
1769	166
1770	200
1771	226
1772	185
1773	193
1774	157
1775	187
1776	214
1777	223
1778	160
1779	193
1780	189
1781	188
1782	211
1783	176
1784	181
1785	180
1786	192
1787	163
1788	199
1789	205
1790	190
1791	172
1792	166
1793	151
1794	204
1795	158
1796	150
1797	177
1798	199
1799	204
1800	174
1801	173
1802	188
1803	178
1804	179
1805	175
1806	212
1807	161
1808	163
1809	160
1810	199
1811	173
1812	184
1813	160
1814	162
1815	145
1816	125
1817	168
1818	188
1819	152
1820	137
1821	144
1822	170
1823	189
1824	191
1825	187
1826	168
1827	166
1828	166
1829	186
1830	162
1831	166
1832	174
1833	147
1834	136
1835	171
1836	168
1837	144
1838	140
1839	177
1840	188
1841	221
1842	171
1843	163
1844	172
1845	161
1846	188
1847	181
1848	188
1849	182
1850	171
1851	187
1852	161
1853	197
1854	173
1855	167
1856	170
1857	177
1858	160
1859	161
1860	177
1861	192
1862	130
1863	153
1864	169
1865	148
1866	173
1867	149
1868	173
1869	178
1870	199
1871	207
1872	178
1873	171
1874	175
1875	189
1876	162
1877	210
1878	187
1879	135
1880	177
1881	168
1882	184
1883	188
1884	173
1885	165
1886	159
1887	200
1888	181
1889	244
1890	219
1891	207
1892	196
1893	188
1894	157
1895	191
1896	182
1897	166
1898	191
1899	155
1900	147
1901	143
1902	209
1903	195
1904	160
1905	201
1906	173
1907	148
1908	159
1909	166
1910	164
1911	156
1912	153
1913	179
1914	158
1915	174
1916	185
1917	178
1918	203
1919	163
1920	131
1921	154
1922	158
1923	169
1924	130
1925	136
1926	160
1927	171
1928	159
1929	160
1930	184
1931	146
1932	137
1933	142
1934	144
1935	145
1936	143
1937	142
1938	175
1939	155
1940	172
1941	155
1942	152
1943	167
1944	149
1945	183
1946	158
1947	156
1948	167
1949	165
1950	152
1951	139
1952	186
1953	177
1954	193
1955	161
1956	184
1957	226
1958	185
1959	155
1960	179
1961	172
1962	196
1963	195
1964	168
1965	161
1966	164
1967	165
1968	156
1969	179
1970	166
1971	188
1972	234
1973	195
1974	192
1975	177
1976	183
1977	186
1978	189
1979	180
1980	138
1981	180
1982	170
1983	174
1984	187
1985	164
1986	125
1987	176
1988	133
1989	171
1990	180
1991	183
1992	169
1993	153
1994	174
1995	199
1996	182
1997	177
1998	199
1999	202
2000	158
2001	208
2002	161
2003	185
2004	167
2005	218
2006	223
2007	214
2008	195
2009	189
2010	147
2011	156
2012	156
2013	157
2014	202
2015	201
2016	193
2017	177
2018	112
2019	157
2020	168
2021	172
2022	159
2023	151
2024	167
2025	167
2026	177
2027	159
2028	180
2029	187
2030	158
2031	175
2032	163
2033	168
2034	157
2035	197
2036	191
2037	171
2038	165
2039	163
2040	185
2041	155
2042	166
2043	185
2044	141
2045	206
2046	198
2047	219
2048	145
2049	140
2050	160
2051	146
2052	166
2053	165
2054	187
2055	201
2056	194
2057	193
2058	169
2059	194
2060	188
2061	151
2062	158
2063	180
2064	158
2065	181
2066	191
2067	166
2068	154
2069	176
2070	177
2071	177
2072	201
2073	168
2074	175
2075	158
2076	189
2077	180
2078	157
2079	165
2080	180
2081	171
2082	154
2083	152
2084	136
2085	141
2086	123
2087	142
2088	164
2089	180
2090	126
2091	152
2092	164
2093	172
2094	161
2095	157
2096	157
2097	141
2098	218
2099	158
2100	195
2101	186
2102	226
2103	207
2104	175
2105	173
2106	166
2107	174
2108	152
2109	167
2110	174
2111	141
2112	153
2113	146
2114	185
2115	139
2116	153
2117	179
2118	162
2119	183
2120	186
2121	168
2122	128
2123	155
2124	120
2125	109
2126	106
2127	118
2128	187
2129	169
2130	155
2131	166
2132	141
2133	147
2134	178
2135	197
2136	185
2137	156
2138	149
2139	158
2140	130
2141	164
2142	162
2143	142
2144	148
2145	151
2146	162
2147	159
2148	183
2149	206
2150	145
2151	156
2152	159
2153	168
2154	134
2155	143
2156	151
2157	160
2158	152
2159	142
2160	174
2161	133
2162	161
2163	159
2164	166
2165	127
2166	125
2167	140
2168	161
2169	124
2170	118
2171	161
2172	164
2173	151
2174	167
2175	151
2176	129
2177	160
2178	146
2179	149
2180	170
2181	163
2182	159
2183	154
2184	162
2185	167
2186	138
2187	115
2188	149
2189	142
2190	150
2191	162
2192	158
2193	179
2194	161
2195	145
2196	156
2197	170
2198	151
2199	137
2200	147
2201	113
2202	161
2203	191
2204	161
2205	172
2206	193
2207	161
2208	201
2209	173
2210	189
2211	180
2212	147
2213	178
2214	151
2215	172
2216	183
2217	152
2218	201
2219	159
2220	176
2221	192
2222	238
2223	245
2224	147
2225	144
2226	180
2227	146
2228	152
2229	188
2230	165
2231	199
2232	169
2233	185
2234	209
2235	253
2236	193
2237	183
2238	147
2239	190
2240	167
2241	165
2242	175
2243	153
2244	185
2245	153
2246	180
2247	179
2248	178
2249	168
2250	187
2251	197
2252	188
2253	208
2254	195
2255	196
2256	177
2257	195
2258	197
2259	149
2260	182
2261	195
2262	218
2263	172
2264	181
2265	156
2266	124
2267	180
2268	205
2269	211
2270	216
2271	207
2272	193
2273	178
2274	169
2275	196
2276	212
2277	208
2278	220
2279	194
2280	203
2281	236
2282	152
2283	177
2284	175
2285	198
2286	202
2287	203
2288	184
2289	201
2290	160
2291	179
2292	178
2293	177
2294	169
2295	220
2296	152
2297	166
2298	215
2299	202
2300	198
2301	157
2302	194
2303	132
2304	133
2305	181
2306	163
2307	145
2308	143
2309	155
2310	217
2311	169
2312	176
2313	185
2314	207
2315	193
2316	198
2317	187
2318	195
2319	214
2320	213
2321	194
2322	158
2323	157
2324	155
2325	152
2326	175
2327	166
2328	194
2329	235
2330	175
2331	148
2332	159
2333	144
2334	129
2335	152
2336	152
2337	143
2338	145
2339	123
2340	178
2341	108
2342	125
2343	131
2344	147
2345	168
2346	167
2347	159
2348	173
2349	139
2350	183
2351	151
2352	140
2353	154
2354	121
2355	120
2356	137
2357	182
2358	181
2359	150
2360	137
2361	139
2362	111
2363	153
2364	138
2365	136
2366	114
2367	184
2368	150
2369	130
2370	166
2371	153
2372	160
2373	127
2374	158
2375	121
2376	161
2377	155
2378	119
2379	141
2380	127
2381	176
2382	165
2383	125
2384	120
2385	132
2386	181
2387	153
2388	180
2389	163
2390	148
2391	151
2392	144
2393	134
2394	120
2395	137
2396	171
2397	144
2398	163
2399	150
2400	132
2401	133
2402	139
2403	169
2404	149
2405	169
2406	154
2407	173
2408	151
2409	139
2410	164
2411	151
2412	140
2413	107
2414	160
2415	131
2416	129
2417	129
2418	139
2419	154
2420	131
2421	131
2422	172
2423	159
2424	142
2425	140
2426	165
2427	171
2428	168
2429	161
2430	168
2431	110
2432	139
2433	163
2434	148
2435	132
2436	116
2437	115
2438	193
2439	126
2440	164
2441	136
2442	146
2443	153
2444	152
2445	181
2446	148
2447	124
2448	145
2449	158
2450	173
2451	146
2452	130
2453	172
2454	120
2455	158
2456	139
2457	117
2458	160
2459	144
2460	193
2461	169
2462	180
2463	209
2464	171
2465	203
2466	170
2467	186
2468	149
2469	118
2470	165
2471	170
2472	164
2473	193
2474	184
2475	141
2476	187
2477	172
2478	169
2479	125
2480	115
2481	134
2482	118
2483	127
2484	128
2485	180
2486	148
2487	168
2488	140
2489	153
2490	147
2491	156
2492	175
2493	116
2494	128
2495	140
2496	126
2497	106
2498	120
2499	152
2500	157
2501	149
2502	126
2503	124
2504	91
2505	150
2506	142
2507	112
2508	141
2509	123
2510	136
2511	117
2512	110
2513	108
2514	116
2515	117
2516	142
2517	123
2518	104
2519	135
2520	145
2521	143
2522	147
2523	146
2524	119
2525	121
2526	134
2527	127
2528	153
2529	111
2530	157
2531	144
2532	156
2533	155
2534	116
2535	161
2536	139
2537	129
2538	144
2539	130
2540	127
2541	164
2542	156
2543	122
2544	143
2545	142
2546	143
2547	137
2548	154
2549	153
2550	132
2551	123
2552	122
2553	168
2554	150
2555	116
2556	129
2557	154
2558	121
2559	94
2560	137
2561	144
2562	131
2563	120
2564	120
2565	129
2566	143
2567	102
2568	87
2569	96
2570	121
2571	80
2572	109
2573	111
2574	102
2575	122
2576	115
2577	120
2578	91
2579	130
2580	97
2581	152
2582	142
2583	132
2584	113
2585	134
2586	165
2587	195
2588	128
2589	154
2590	131
2591	86
2592	144
2593	113
2594	120
2595	118
2596	112
2597	116
2598	118
2599	109
2600	111
2601	155
2602	106
2603	112
2604	128
2605	108
2606	120
2607	139
2608	113
2609	160
2610	131
2611	101
2612	107
2613	72
2614	76
2615	104
2616	127
2617	146
2618	123
2619	132
2620	108
2621	130
2622	153
2623	102
2624	131
2625	122
2626	118
2627	133
2628	103
2629	131
2630	136
2631	142
2632	119
2633	114
2634	121
2635	99
2636	110
2637	102
2638	126
2639	129
2640	113
2641	111
2642	110
2643	109
2644	111
2645	94
2646	103
2647	116
2648	103
2649	151
2650	135
2651	126
2652	121
2653	111
2654	124
2655	104
2656	158
2657	99
2658	107
2659	128
2660	84
2661	126
2662	147
2663	136
2664	123
2665	169
2666	149
2667	133
2668	129
2669	121
2670	141
2671	106
2672	111
2673	138
2674	126
2675	118
2676	104
2677	135
2678	107
2679	122
2680	129
2681	158
2682	98
2683	92
2684	106
2685	99
2686	114
2687	122
2688	157
2689	160
2690	136
2691	131
2692	140
2693	122
2694	121
2695	135
2696	108
2697	138
2698	103
2699	98
2700	107
2701	105
2702	148
2703	144
2704	133
2705	161
2706	124
2707	121
2708	126
2709	86
2710	127
2711	121
2712	138
2713	135
2714	166
2715	145
2716	142
2717	136
2718	142
2719	145
2720	93
2721	118
2722	133
2723	136
2724	74
2725	103
2726	152
2727	92
2728	112
2729	111
2730	96
2731	107
2732	97
2733	123
2734	127
2735	120
2736	123
2737	136
2738	129
2739	120
2740	123
2741	116
2742	104
2743	124
2744	103
2745	118
2746	123
2747	113
2748	109
2749	110
2750	81
2751	131
2752	122
2753	127
2754	136
2755	101
2756	134
2757	119
2758	119
2759	121
2760	155
2761	175
2762	147
2763	91
2764	138
2765	126
2766	156
2767	162
2768	155
2769	112
2770	149
2771	138
2772	152
2773	118
2774	121
2775	122
2776	118
2777	131
2778	144
2779	104
2780	120
2781	123
2782	110
2783	116
2784	128
2785	98
2786	106
2787	120
2788	85
2789	83
2790	91
2791	103
2792	83
2793	101
2794	99
2795	150
2796	110
2797	125
2798	132
2799	129
2800	163
2801	107
2802	139
2803	122
2804	127
2805	158
2806	123
2807	143
2808	138
2809	130
2810	116
2811	114
2812	112
2813	94
2814	126
2815	93
2816	124
2817	99
2818	114
2819	107
2820	87
2821	107
2822	124
2823	134
2824	123
2825	123
2826	114
2827	100
2828	118
2829	129
2830	144
2831	141
2832	144
2833	145
2834	128
2835	97
2836	126
2837	133
2838	105
2839	123
2840	118
2841	121
2842	120
2843	95
2844	119
2845	108
2846	91
2847	110
2848	95
2849	102
2850	97
2851	112
2852	119
2853	94
2854	108
2855	86
2856	89
2857	89
2858	100
2859	101
2860	103
2861	129
2862	85
2863	91
2864	121
2865	88
2866	123
2867	93
2868	76
2869	69
2870	80
2871	104
2872	112
2873	102
2874	127
2875	87
2876	90
2877	113
2878	101
2879	97
2880	84
2881	87
2882	119
2883	105
2884	116
2885	121
2886	87
2887	95
2888	108
2889	102
2890	96
2891	133
2892	99
2893	72
2894	85
2895	104
2896	90
2897	97
2898	98
2899	89
2900	112
2901	83
2902	84
2903	79
2904	61
2905	82
2906	95
2907	79
2908	93
2909	84
2910	104
2911	103
2912	117
2913	101
2914	103
2915	81
2916	72
2917	106
2918	82
2919	72
2920	72
2921	96
2922	92
2923	82
2924	106
2925	106
2926	62
2927	87
2928	80
2929	79
2930	78
2931	95
2932	82
2933	72
2934	94
2935	116
2936	67
2937	83
2938	96
2939	94
2940	100
2941	95
2942	110
2943	91
2944	76
2945	85
2946	90
2947	80
2948	94
2949	68
2950	77
2951	97
2952	74
2953	61
2954	86
2955	86
2956	110
2957	101
2958	109
2959	117
2960	86
2961	72
2962	80
2963	68
2964	93
2965	81
2966	102
2967	67
2968	72
2969	118
2970	88
2971	103
2972	76
2973	106
2974	104
2975	90
2976	97
2977	127
2978	118
2979	94
2980	123
2981	151
2982	82
2983	104
2984	120
2985	117
2986	97
2987	84
2988	74
2989	106
2990	128
2991	88
2992	124
2993	114
2994	107
2995	103
2996	100
2997	99
2998	87
2999	95
3000	75
3001	89
3002	93
3003	112
3004	85
3005	137
3006	144
3007	119
3008	128
3009	84
3010	104
3011	92
3012	125
3013	129
3014	122
3015	107
3016	115
3017	126
3018	88
3019	102
3020	117
3021	121
3022	113
3023	130
3024	104
3025	88
3026	136
3027	105
3028	98
3029	118
3030	110
3031	115
3032	134
3033	135
3034	103
3035	104
3036	99
3037	92
3038	109
3039	97
3040	74
3041	117
3042	113
3043	84
3044	114
3045	108
3046	116
3047	94
3048	86
3049	104
3050	92
3051	117
3052	119
3053	148
3054	108
3055	127
3056	165
3057	124
3058	105
3059	119
3060	125
3061	91
3062	95
3063	99
3064	96
3065	100
3066	109
3067	105
3068	115
3069	88
3070	114
3071	120
3072	91
3073	148
3074	132
3075	115
3076	99
3077	109
3078	115
3079	109
3080	102
3081	99
3082	90
3083	102
3084	94
3085	88
3086	57
3087	74
3088	116
3089	122
3090	90
3091	114
3092	71
3093	117
3094	92
3095	95
3096	67
3097	81
3098	91
3099	70
3100	91
3101	112
3102	111
3103	117
3104	107
3105	98
3106	120
3107	107
3108	112
3109	114
3110	111
3111	119
3112	94
3113	95
3114	101
3115	109
3116	87
3117	105
3118	108
3119	91
3120	84
3121	106
3122	84
3123	84
3124	94
3125	79
3126	94
3127	100
3128	81
3129	90
3130	66
3131	78
3132	71
3133	96
3134	85
3135	96
3136	90
3137	76
3138	73
3139	102
3140	97
3141	111
3142	80
3143	85
3144	76
3145	78
3146	103
3147	108
3148	130
3149	123
3150	121
3151	72
3152	93
3153	54
3154	99
3155	103
3156	104
3157	90
3158	75
3159	115
3160	92
3161	99
3162	110
3163	126
3164	102
3165	106
3166	89
3167	119
3168	86
3169	107
3170	86
3171	92
3172	124
3173	107
3174	85
3175	84
3176	86
3177	96
3178	119
3179	103
3180	111
3181	108
3182	90
3183	109
3184	108
3185	100
3186	100
3187	112
3188	103
3189	120
3190	102
3191	82
3192	102
3193	106
3194	74
3195	78
3196	93
3197	101
3198	78
3199	72
3200	100
3201	120
3202	99
3203	95
3204	106
3205	89
3206	129
3207	96
3208	113
3209	111
3210	91
3211	118
3212	102
3213	113
3214	103
3215	91
3216	111
3217	92
3218	138
3219	129
3220	78
3221	114
3222	108
3223	100
3224	106
3225	110
3226	97
3227	89
3228	78
3229	74
3230	112
3231	110
3232	91
3233	123
3234	94
3235	106
3236	115
3237	122
3238	107
3239	112
3240	94
3241	101
3242	111
3243	97
3244	91
3245	88
3246	84
3247	104
3248	103
3249	95
3250	112
3251	143
3252	116
3253	113
3254	101
3255	128
3256	128
3257	115
3258	113
3259	113
3260	143
3261	147
3262	101
3263	106
3264	126
3265	78
3266	93
3267	106
3268	87
3269	116
3270	106
3271	96
3272	94
3273	95
3274	130
3275	99
3276	102
3277	104
3278	110
3279	117
3280	159
3281	134
3282	140
3283	135
3284	114
3285	112
3286	104
3287	116
3288	111
3289	156
3290	133
3291	144
3292	135
3293	109
3294	123
3295	109
3296	102
3297	137
3298	131
3299	140
3300	113
3301	147
3302	75
3303	128
3304	92
3305	75
3306	114
3307	115
3308	108
3309	106
3310	124
3311	145
3312	113
3313	123
3314	120
3315	109
3316	136
3317	116
3318	131
3319	113
3320	98
3321	129
3322	105
3323	85
3324	131
3325	128
3326	127
3327	103
3328	142
3329	116
3330	111
3331	108
3332	129
3333	120
3334	148
3335	123
3336	114
3337	149
3338	138
3339	117
3340	108
3341	132
3342	102
3343	156
3344	138
3345	138
3346	139
3347	113
3348	143
3349	98
3350	86
3351	110
3352	109
3353	131
3354	157
3355	104
3356	111
3357	130
3358	132
3359	110
3360	103
3361	84
3362	106
3363	93
3364	90
3365	118
3366	131
3367	140
3368	117
3369	101
3370	78
3371	96
3372	94
3373	130
3374	111
3375	114
3376	137
3377	123
3378	120
3379	97
3380	104
3381	94
3382	105
3383	84
3384	125
3385	91
3386	96
3387	80
3388	89
3389	71
3390	102
3391	65
3392	84
3393	85
3394	91
3395	96
3396	97
3397	92
3398	104
3399	76
3400	93
3401	91
3402	76
3403	114
3404	99
3405	101
3406	126
3407	104
3408	122
3409	113
3410	76
3411	108
3412	67
3413	84
3414	103
3415	68
3416	84
3417	93
3418	88
3419	100
3420	122
3421	101
3422	89
3423	95
3424	77
3425	83
3426	89
3427	72
3428	90
3429	98
3430	88
3431	73
3432	66
3433	89
3434	93
3435	122
3436	70
3437	90
3438	88
3439	85
3440	87
3441	114
3442	103
3443	75
3444	92
3445	74
3446	56
3447	86
3448	116
3449	92
3450	86
3451	81
3452	118
3453	91
3454	121
3455	95
3456	93
3457	74
3458	66
3459	80
3460	83
3461	109
3462	101
3463	105
3464	104
3465	71
3466	95
3467	89
3468	79
3469	93
3470	91
3471	112
3472	106
3473	86
3474	85
3475	129
3476	86
3477	103
3478	87
3479	96
3480	97
3481	91
3482	84
3483	87
3484	87
3485	75
3486	82
3487	98
3488	98
3489	74
3490	124
3491	80
3492	114
3493	95
3494	88
3495	91
3496	87
3497	79
3498	85
3499	60
3500	85
3501	118
3502	63
3503	94
3504	84
3505	110
3506	83
3507	85
3508	92
3509	76
3510	80
3511	90
3512	86
3513	91
3514	76
3515	82
3516	81
3517	116
3518	77
3519	98
3520	94
3521	100
3522	98
3523	74
3524	75
3525	94
3526	73
3527	99
3528	78
3529	84
3530	91
3531	75
3532	76
3533	77
3534	82
3535	73
3536	79
3537	108
3538	111
3539	97
3540	118
3541	82
3542	84
3543	99
3544	87
3545	77
3546	75
3547	71
3548	97
3549	74
3550	64
3551	62
3552	60
3553	79
3554	61
3555	84
3556	93
3557	87
3558	97
3559	81
3560	72
3561	92
3562	79
3563	90
3564	87
3565	98
3566	110
3567	73
3568	63
3569	74
3570	59
3571	98
3572	95
3573	78
3574	75
3575	70
3576	76
3577	78
3578	79
3579	100
3580	97
3581	69
3582	72
3583	81
3584	70
3585	69
3586	89
3587	96
3588	73
3589	91
3590	99
3591	84
3592	63
3593	65
3594	91
3595	98
3596	71
3597	74
3598	80
3599	67
3600	92
3601	79
3602	78
3603	62
3604	93
3605	75
3606	63
3607	69
3608	74
3609	115
3610	136
3611	104
3612	87
3613	89
3614	83
3615	80
3616	63
3617	59
3618	108
3619	90
3620	96
3621	113
3622	68
3623	90
3624	90
3625	102
3626	100
3627	64
3628	97
3629	77
3630	99
3631	70
3632	68
3633	103
3634	69
3635	105
3636	56
3637	90
3638	86
3639	85
3640	75
3641	81
3642	86
3643	59
3644	65
3645	63
3646	80
3647	85
3648	78
3649	113
3650	57
3651	80
3652	87
3653	74
3654	105
3655	115
3656	119
3657	84
3658	101
3659	91
3660	94
3661	67
3662	72
3663	98
3664	111
3665	52
3666	96
3667	63
3668	75
3669	77
3670	89
3671	65
3672	68
3673	70
3674	77
3675	66
3676	71
3677	59
3678	68
3679	68
3680	93
3681	100
3682	100
3683	63
3684	100
3685	66
3686	71
3687	92
3688	88
3689	61
3690	82
3691	67
3692	65
3693	61
3694	73
3695	105
3696	91
3697	89
3698	79
3699	64
3700	76
3701	79
3702	60
3703	106
3704	87
3705	88
3706	64
3707	71
3708	78
3709	94
3710	94
3711	59
3712	85
3713	99
3714	81
3715	81
3716	90
3717	86
3718	121
3719	84
3720	83
3721	78
3722	72
3723	66
3724	75
3725	82
3726	79
3727	66
3728	70
3729	102
3730	79
3731	82
3732	65
3733	78
3734	50
3735	75
3736	84
3737	60
3738	82
3739	96
3740	73
3741	78
3742	90
3743	80
3744	90
3745	80
3746	52
3747	76
3748	101
3749	73
3750	55
3751	71
3752	57
3753	57
3754	76
3755	92
3756	94
3757	78
3758	81
3759	68
3760	75
3761	86
3762	71
3763	68
3764	99
3765	68
3766	80
3767	86
3768	79
3769	124
3770	84
3771	91
3772	56
3773	66
3774	65
3775	67
3776	77
3777	81
3778	93
3779	71
3780	75
3781	84
3782	51
3783	75
3784	95
3785	64
3786	103
3787	117
3788	87
3789	104
3790	95
3791	71
3792	73
3793	95
3794	60
3795	57
3796	71
3797	99
3798	90
3799	68
3800	111
3801	95
3802	85
3803	74
3804	78
3805	68
3806	90
3807	83
3808	105
3809	107
3810	117
3811	68
3812	68
3813	121
3814	98
3815	85
3816	70
3817	75
3818	103
3819	80
3820	81
3821	67
3822	88
3823	55
3824	60
3825	62
3826	86
3827	96
3828	47
3829	87
3830	68
3831	66
3832	62
3833	65
3834	98
3835	78
3836	85
3837	102
3838	94
3839	89
3840	96
3841	92
3842	92
3843	83
3844	81
3845	77
3846	95
3847	92
3848	108
3849	106
3850	93
3851	89
3852	84
3853	78
3854	72
3855	52
3856	75
3857	63
3858	83
3859	83
3860	93
3861	96
3862	105
3863	98
3864	96
3865	66
3866	87
3867	86
3868	78
3869	82
3870	100
3871	57
3872	64
3873	70
3874	83
3875	107
3876	105
3877	104
3878	99
3879	76
3880	94
3881	75
3882	63
3883	111
3884	92
3885	96
3886	72
3887	66
3888	78
3889	98
3890	78
3891	93
3892	69
3893	80
3894	67
3895	85
3896	74
3897	83
3898	80
3899	79
3900	79
3901	69
3902	62
3903	59
3904	83
3905	71
3906	101
3907	119
3908	65
3909	83
3910	62
3911	80
3912	86
3913	70
3914	90
3915	103
3916	105
3917	112
3918	134
3919	92
3920	91
3921	113
3922	108
3923	110
3924	77
3925	89
3926	87
3927	76
3928	72
3929	92
3930	75
3931	77
3932	56
3933	100
3934	72
3935	85
3936	90
3937	85
3938	106
3939	105
3940	104
3941	114
3942	110
3943	89
3944	106
3945	99
3946	89
3947	86
3948	114
3949	105
3950	106
3951	106
3952	103
3953	102
3954	99
3955	77
3956	85
3957	76
3958	53
3959	105
3960	111
3961	90
3962	80
3963	89
3964	97
3965	63
3966	90
3967	100
3968	74
3969	77
3970	90
3971	97
3972	94
3973	103
3974	81
3975	90
3976	88
3977	97
3978	95
3979	75
3980	88
3981	81
3982	101
3983	77
3984	92
3985	104
3986	93
3987	86
3988	98
3989	78
3990	111
3991	119
3992	80
3993	75
3994	81
3995	90
3996	99
3997	99
3998	85
3999	64
4000	65
4001	66
4002	56
4003	71
4004	60
4005	84
4006	104
4007	70
4008	93
4009	78
4010	84
4011	89
4012	74
4013	79
4014	83
4015	53
4016	70
4017	46
4018	93
4019	90
4020	122
4021	78
4022	67
4023	64
4024	87
4025	75
4026	88
4027	75
4028	47
4029	73
4030	97
4031	74
4032	72
4033	83
4034	66
4035	105
4036	113
4037	103
4038	125
4039	89
4040	89
4041	81
4042	53
4043	81
4044	83
4045	84
4046	75
4047	70
4048	89
4049	62
4050	73
4051	100
4052	61
4053	66
4054	92
4055	96
4056	68
4057	66
4058	87
4059	78
4060	75
4061	87
4062	75
4063	81
4064	82
4065	76
4066	116
4067	96
4068	130
4069	91
4070	65
4071	82
4072	85
4073	99
4074	110
4075	90
4076	98
4077	75
4078	89
4079	68
4080	76
4081	73
4082	96
4083	78
4084	59
4085	88
4086	91
4087	83
4088	82
4089	71
4090	64
4091	63
4092	93
4093	77
4094	79
4095	75
4096	91
4097	76
4098	109
4099	98
4100	101
4101	77
4102	77
4103	71
4104	64
4105	82
4106	93
4107	99
4108	110
4109	81
4110	74
4111	72
4112	70
4113	76
4114	86
4115	63
4116	58
4117	68
4118	68
4119	59
4120	88
4121	75
4122	53
4123	63
4124	66
4125	63
4126	82
4127	82
4128	60
4129	82
4130	68
4131	58
4132	77
4133	57
4134	56
4135	86
4136	105
4137	122
4138	104
4139	73
4140	67
4141	100
4142	91
4143	68
4144	58
4145	92
4146	58
4147	61
4148	81
4149	63
4150	85
4151	62
4152	69
4153	105
4154	62
4155	86
4156	77
4157	86
4158	49
4159	66
4160	61
4161	93
4162	45
4163	66
4164	56
4165	68
4166	44
4167	67
4168	38
4169	49
4170	69
4171	57
4172	65
4173	61
4174	61
4175	75
4176	72
4177	69
4178	64
4179	57
4180	57
4181	49
4182	53
4183	75
4184	58
4185	99
4186	79
4187	62
4188	53
4189	50
4190	47
4191	46
4192	45
4193	39
4194	52
4195	69
4196	75
4197	41
4198	37
4199	52
4200	41
4201	56
4202	58
4203	69
4204	75
4205	57
4206	62
4207	75
4208	49
4209	61
4210	76
4211	40
4212	54
4213	62
4214	49
4215	64
4216	100
4217	80
4218	80
4219	54
4220	58
4221	77
4222	72
4223	61
4224	56
4225	76
4226	67
4227	62
4228	71
4229	74
4230	99
4231	77
4232	56
4233	64
4234	59
4235	78
4236	68
4237	73
4238	79
4239	76
4240	43
4241	50
4242	44
4243	62
4244	66
4245	57
4246	61
4247	70
4248	64
4249	50
4250	41
4251	46
4252	41
4253	63
4254	73
4255	59
4256	83
4257	64
4258	58
4259	64
4260	60
4261	36
4262	49
4263	48
4264	79
4265	66
4266	72
4267	95
4268	76
4269	74
4270	75
4271	57
4272	53
4273	69
4274	69
4275	67
4276	63
4277	74
4278	74
4279	65
4280	57
4281	70
4282	75
4283	60
4284	59
4285	60
4286	78
4287	66
4288	59
4289	70
4290	69
4291	75
4292	70
4293	70
4294	54
4295	62
4296	58
4297	45
4298	64
4299	78
4300	62
4301	72
4302	49
4303	61
4304	84
4305	86
4306	73
4307	70
4308	48
4309	71
4310	47
4311	41
4312	62
4313	60
4314	44
4315	52
4316	64
4317	51
4318	47
4319	77
4320	63
4321	58
4322	56
4323	49
4324	94
4325	61
4326	54
4327	73
4328	49
4329	47
4330	52
4331	42
4332	56
4333	91
4334	67
4335	84
4336	55
4337	45
4338	69
4339	77
4340	60
4341	63
4342	55
4343	75
4344	67
4345	69
4346	68
4347	51
4348	29
4349	32
4350	43
4351	54
4352	78
4353	59
4354	55
4355	34
4356	33
4357	61
4358	44
4359	64
4360	57
4361	35
4362	58
4363	60
4364	63
4365	40
4366	65
4367	71
4368	69
4369	44
4370	73
4371	64
4372	54
4373	60
4374	40
4375	41
4376	55
4377	52
4378	50
4379	79
4380	68
4381	50
4382	71
4383	81
4384	52
4385	35
4386	53
4387	54
4388	49
4389	69
4390	59
4391	50
4392	67
4393	70
4394	51
4395	51
4396	45
4397	47
4398	45
4399	41
4400	64
4401	47
4402	67
4403	50
4404	35
4405	43
4406	54
4407	52
4408	38
4409	50
4410	60
4411	54
4412	66
4413	58
4414	48
4415	45
4416	87
4417	55
4418	52
4419	64
4420	44
4421	47
4422	57
4423	32
4424	57
4425	65
4426	51
4427	62
4428	56
4429	61
4430	54
4431	71
4432	79
4433	79
4434	66
4435	51
4436	76
4437	82
4438	58
4439	99
4440	105
4441	49
4442	56
4443	40
4444	71
4445	50
4446	33
4447	38
4448	46
4449	46
4450	56
4451	66
4452	57
4453	50
4454	51
4455	36
4456	64
4457	56
4458	52
4459	44
4460	51
4461	60
4462	28
4463	59
4464	55
4465	49
4466	43
4467	47
4468	53
4469	69
4470	45
4471	64
4472	63
4473	37
4474	59
4475	45
4476	44
4477	49
4478	37
4479	55
4480	37
4481	57
4482	55
4483	58
4484	75
4485	81
4486	49
4487	47
4488	62
4489	60
4490	38
4491	48
4492	51
4493	41
4494	61
4495	64
4496	44
4497	40
4498	32
4499	61
4500	53
4501	46
4502	50
4503	55
4504	69
4505	64
4506	64
4507	67
4508	61
4509	51
4510	54
4511	58
4512	81
4513	57
4514	58
4515	29
4516	44
4517	56
4518	56
4519	49
4520	71
4521	61
4522	36
4523	54
4524	68
4525	47
4526	79
4527	89
4528	64
4529	78
4530	85
4531	82
4532	63
4533	86
4534	56
4535	60
4536	100
4537	70
4538	60
4539	88
4540	78
4541	74
4542	75
4543	55
4544	85
4545	67
4546	58
4547	53
4548	67
4549	47
4550	69
4551	78
4552	56
4553	68
4554	64
4555	53
4556	85
4557	75
4558	69
4559	46
4560	90
4561	68
4562	83
4563	81
4564	77
4565	76
4566	76
4567	87
4568	67
4569	78
4570	70
4571	77
4572	63
4573	83
4574	74
4575	52
4576	64
4577	71
4578	76
4579	86
4580	104
4581	90
4582	65
4583	87
4584	79
4585	69
4586	88
4587	85
4588	71
4589	53
4590	63
4591	65
4592	51
4593	74
4594	69
4595	93
4596	85
4597	77
4598	81
4599	103
4600	115
4601	50
4602	67
4603	66
4604	70
4605	89
4606	96
4607	81
4608	76
4609	91
4610	61
4611	58
4612	73
4613	50
4614	78
4615	69
4616	91
4617	73
4618	71
4619	67
4620	63
4621	50
4622	63
4623	56
4624	83
4625	66
4626	93
4627	58
4628	73
4629	65
4630	67
4631	70
4632	77
4633	65
4634	58
4635	79
4636	77
4637	33
4638	53
4639	55
4640	56
4641	37
4642	44
4643	44
4644	57
4645	59
4646	57
4647	67
4648	70
4649	56
4650	56
4651	42
4652	47
4653	25
4654	50
4655	74
4656	73
4657	55
4658	57
4659	75
4660	61
4661	69
4662	42
4663	40
4664	48
4665	49
4666	49
4667	36
4668	57
4669	49
4670	48
4671	65
4672	32
4673	59
4674	65
4675	89
4676	52
4677	50
4678	65
4679	35
4680	53
4681	54
4682	39
4683	46
4684	52
4685	65
4686	47
4687	76
4688	57
4689	74
4690	72
4691	56
4692	66
4693	73
4694	46
4695	45
4696	44
4697	53
4698	58
4699	50
4700	44
4701	45
4702	43
4703	44
4704	42
4705	42
4706	43
4707	54
4708	44
4709	47
4710	43
4711	42
4712	58
4713	36
4714	44
4715	46
4716	51
4717	69
4718	53
4719	61
4720	84
4721	57
4722	61
4723	37
4724	41
4725	38
4726	45
4727	48
4728	52
4729	63
4730	48
4731	54
4732	44
4733	48
4734	45
4735	59
4736	39
4737	44
4738	60
4739	62
4740	37
4741	50
4742	62
4743	63
4744	51
4745	49
4746	41
4747	49
4748	53
4749	57
4750	34
4751	40
4752	59
4753	63
4754	52
4755	52
4756	54
4757	36
4758	47
4759	60
4760	47
4761	43
4762	54
4763	55
4764	64
4765	45
4766	53
4767	56
4768	31
4769	48
4770	60
4771	51
4772	47
4773	59
4774	40
4775	68
4776	66
4777	36
4778	49
4779	46
4780	53
4781	68
4782	69
4783	57
4784	60
4785	63
4786	49
4787	61
4788	50
4789	49
4790	66
4791	49
4792	72
4793	85
4794	68
4795	57
4796	44
4797	46
4798	58
4799	57
4800	61
4801	74
4802	61
4803	62
4804	81
4805	75
4806	61
4807	59
4808	48
4809	63
4810	71
4811	64
4812	66
4813	61
4814	55
4815	46
4816	40
4817	26
4818	49
4819	47
4820	73
4821	61
4822	28
4823	54
4824	38
4825	51
4826	48
4827	54
4828	37
4829	51
4830	41
4831	56
4832	49
4833	60
4834	48
4835	69
4836	70
4837	71
4838	83
4839	48
4840	60
4841	80
4842	56
4843	39
4844	46
4845	77
4846	62
4847	60
4848	45
4849	57
4850	61
4851	50
4852	54
4853	41
4854	43
4855	38
4856	31
4857	37
4858	45
4859	33
4860	47
4861	54
4862	45
4863	62
4864	65
4865	70
4866	54
4867	62
4868	43
4869	55
4870	60
4871	71
4872	70
4873	88
4874	64
4875	39
4876	47
4877	41
4878	52
4879	55
4880	58
4881	41
4882	57
4883	58
4884	45
4885	71
4886	48
4887	50
4888	61
4889	56
4890	70
4891	83
4892	45
4893	66
4894	64
4895	78
4896	44
4897	46
4898	70
4899	78
4900	68
4901	71
4902	51
4903	60
4904	58
4905	51
4906	58
4907	56
4908	69
4909	72
4910	42
4911	70
4912	75
4913	55
4914	60
4915	46
4916	59
4917	46
4918	56
4919	55
4920	56
4921	58
4922	68
4923	54
4924	43
4925	35
4926	61
4927	44
4928	69
4929	52
4930	42
4931	48
4932	39
4933	22
4934	45
4935	38
4936	42
4937	52
4938	32
4939	51
4940	65
4941	99
4942	75
4943	54
4944	89
4945	52
4946	41
4947	70
4948	37
4949	48
4950	60
4951	66
4952	53
4953	48
4954	55
4955	52
4956	43
4957	38
4958	46
4959	56
4960	57
4961	55
4962	51
4963	62
4964	32
4965	42
4966	62
4967	79
4968	52
4969	47
4970	58
4971	53
4972	64
4973	56
4974	58
4975	61
4976	54
4977	52
4978	77
4979	51
4980	64
4981	86
4982	59
4983	76
4984	60
4985	62
4986	57
4987	58
4988	94
4989	52
4990	56
4991	54
4992	58
4993	72
4994	37
4995	39
4996	38
4997	57
4998	62
4999	67
5000	73
5001	60
5002	57
5003	41
5004	53
5005	33
5006	52
5007	50
5008	54
5009	57
5010	53
5011	48
5012	60
5013	37
5014	61
5015	72
5016	72
5017	66
5018	59
5019	51
5020	69
5021	84
5022	73
5023	41
5024	47
5025	39
5026	45
5027	42
5028	76
5029	64
5030	53
5031	72
5032	65
5033	83
5034	55
5035	73
5036	70
5037	59
5038	71
5039	65
5040	63
5041	47
5042	68
5043	54
5044	74
5045	51
5046	64
5047	64
5048	75
5049	51
5050	55
5051	63
5052	34
5053	59
5054	50
5055	48
5056	64
5057	48
5058	57
5059	86
5060	77
5061	78
5062	89
5063	59
5064	58
5065	55
5066	46
5067	49
5068	49
5069	67
5070	51
5071	69
5072	72
5073	53
5074	60
5075	47
5076	50
5077	48
5078	66
5079	72
5080	66
5081	71
5082	55
5083	32
5084	59
5085	63
5086	67
5087	44
5088	67
5089	67
5090	47
5091	35
5092	34
5093	53
5094	39
5095	40
5096	44
5097	68
5098	48
5099	73
5100	51
5101	49
5102	50
5103	60
5104	79
5105	77
5106	49
5107	69
5108	73
5109	42
5110	49
5111	59
5112	80
5113	51
5114	78
5115	60
5116	59
5117	48
5118	52
5119	51
5120	52
5121	40
5122	37
5123	50
5124	33
5125	35
5126	43
5127	38
5128	36
5129	63
5130	52
5131	82
5132	58
5133	44
5134	67
5135	48
5136	38
5137	44
5138	57
5139	50
5140	44
5141	39
5142	40
5143	45
5144	55
5145	30
5146	82
5147	53
5148	45
5149	33
5150	40
5151	31
5152	20
5153	30
5154	64
5155	57
5156	43
5157	74
5158	85
5159	81
5160	57
5161	44
5162	69
5163	57
5164	45
5165	67
5166	72
5167	47
5168	45
5169	52
5170	25
5171	30
5172	42
5173	57
5174	64
5175	47
5176	54
5177	33
5178	62
5179	51
5180	58
5181	61
5182	44
5183	45
5184	51
5185	41
5186	30
5187	39
5188	53
5189	52
5190	57
5191	41
5192	41
5193	30
5194	35
5195	57
5196	47
5197	44
5198	38
5199	36
5200	42
5201	28
5202	22
5203	37
5204	41
5205	20
5206	49
5207	37
5208	51
5209	32
5210	23
5211	41
5212	43
5213	55
5214	56
5215	47
5216	47
5217	37
5218	45
5219	37
5220	33
5221	35
5222	35
5223	47
5224	34
5225	60
5226	62
5227	52
5228	58
5229	42
5230	44
5231	48
5232	29
5233	30
5234	42
5235	34
5236	34
5237	26
5238	41
5239	34
5240	49
5241	60
5242	38
5243	34
5244	48
5245	34
5246	37
5247	47
5248	46
5249	41
5250	48
5251	48
5252	34
5253	25
5254	42
5255	46
5256	54
5257	43
5258	73
5259	40
5260	43
5261	74
5262	60
5263	38
5264	48
5265	54
5266	36
5267	37
5268	32
5269	49
5270	55
5271	58
5272	56
5273	38
5274	43
5275	35
5276	51
5277	42
5278	43
5279	39
5280	61
5281	60
5282	43
5283	68
5284	50
5285	39
5286	39
5287	40
5288	46
5289	47
5290	51
5291	54
5292	53
5293	62
5294	66
5295	45
5296	30
5297	50
5298	57
5299	44
5300	63
5301	59
5302	51
5303	48
5304	45
5305	59
5306	42
5307	44
5308	48
5309	56
5310	62
5311	52
5312	45
5313	49
5314	53
5315	39
5316	46
5317	65
5318	69
5319	39
5320	47
5321	56
5322	53
5323	53
5324	52
5325	38
5326	35
5327	38
5328	38
5329	46
5330	43
5331	24
5332	38
5333	38
5334	53
5335	34
5336	25
5337	40
5338	46
5339	42
5340	44
5341	43
5342	40
5343	35
5344	46
5345	39
5346	50
5347	40
5348	40
5349	60
5350	61
5351	46
5352	53
5353	32
5354	42
5355	50
5356	46
5357	50
5358	35
5359	43
5360	38
5361	46
5362	30
5363	29
5364	32
5365	42
5366	34
5367	34
5368	46
5369	33
5370	55
5371	36
5372	38
5373	62
5374	56
5375	52
5376	49
5377	52
5378	63
5379	42
5380	56
5381	43
5382	33
5383	39
5384	32
5385	46
5386	55
5387	43
5388	55
5389	25
5390	46
5391	33
5392	47
5393	56
5394	40
5395	40
5396	51
5397	41
5398	61
5399	57
5400	29
5401	35
5402	39
5403	37
5404	49
5405	25
5406	44
5407	72
5408	49
5409	45
5410	57
5411	47
5412	29
5413	38
5414	40
5415	47
5416	53
5417	40
5418	65
5419	52
5420	41
5421	49
5422	62
5423	36
5424	48
5425	55
5426	49
5427	24
5428	24
5429	35
5430	40
5431	45
5432	43
5433	54
5434	49
5435	45
5436	52
5437	58
5438	55
5439	32
5440	59
5441	69
5442	44
5443	37
5444	51
5445	39
5446	43
5447	40
5448	34
5449	34
5450	35
5451	54
5452	46
5453	46
5454	36
5455	45
5456	53
5457	41
5458	37
5459	46
5460	45
5461	55
5462	37
5463	44
5464	34
5465	56
5466	47
5467	56
5468	53
5469	57
5470	40
5471	66
5472	47
5473	37
5474	39
5475	43
5476	43
5477	41
5478	41
5479	45
5480	34
5481	61
5482	46
5483	33
5484	49
5485	44
5486	37
5487	34
5488	64
5489	46
5490	59
5491	43
5492	32
5493	53
5494	52
5495	32
5496	49
5497	59
5498	72
5499	49
5500	57
5501	72
5502	40
5503	60
5504	74
5505	59
5506	50
5507	70
5508	59
5509	38
5510	50
5511	52
5512	39
5513	42
5514	49
5515	55
5516	57
5517	48
5518	46
5519	72
5520	61
5521	49
5522	37
5523	47
5524	37
5525	64
5526	58
5527	40
5528	36
5529	55
5530	34
5531	40
5532	48
5533	74
5534	56
5535	44
5536	27
5537	35
5538	41
5539	39
5540	47
5541	79
5542	47
5543	37
5544	51
5545	48
5546	52
5547	81
5548	63
5549	47
5550	32
5551	57
5552	36
5553	48
5554	46
5555	38
5556	47
5557	56
5558	57
5559	56
5560	60
5561	65
5562	54
5563	67
5564	50
5565	65
5566	54
5567	87
5568	72
5569	61
5570	41
5571	48
5572	71
5573	50
5574	53
5575	43
5576	46
5577	71
5578	54
5579	31
5580	55
5581	33
5582	49
5583	62
5584	58
5585	37
5586	79
5587	46
5588	41
5589	49
5590	41
5591	33
5592	40
5593	58
5594	42
5595	33
5596	72
5597	51
5598	57
5599	33
5600	59
5601	43
5602	49
5603	65
5604	34
5605	48
5606	37
5607	33
5608	41
5609	63
5610	45
5611	52
5612	40
5613	58
5614	35
5615	43
5616	65
5617	47
5618	43
5619	42
5620	22
5621	31
5622	37
5623	37
5624	41
5625	44
5626	38
5627	23
5628	43
5629	51
5630	59
5631	37
5632	59
5633	71
5634	62
5635	56
5636	67
5637	46
5638	56
5639	51
5640	48
5641	59
5642	44
5643	41
5644	35
5645	34
5646	37
5647	38
5648	47
5649	43
5650	59
5651	55
5652	37
5653	45
5654	37
5655	36
5656	52
5657	61
5658	68
5659	42
5660	64
5661	41
5662	44
5663	50
5664	45
5665	53
5666	67
5667	40
5668	47
5669	43
5670	40
5671	62
5672	44
5673	35
5674	45
5675	48
5676	58
5677	44
5678	52
5679	64
5680	24
5681	38
5682	41
5683	32
5684	38
5685	46
5686	58
5687	66
5688	64
5689	71
5690	70
5691	65
5692	44
5693	73
5694	46
5695	55
5696	67
5697	47
5698	39
5699	54
5700	27
5701	46
5702	31
5703	46
5704	27
5705	43
5706	61
5707	47
5708	37
5709	53
5710	61
5711	73
5712	33
5713	39
5714	54
5715	68
5716	60
5717	58
5718	49
5719	64
5720	61
5721	66
5722	72
5723	45
5724	46
5725	63
5726	67
5727	37
5728	60
5729	56
5730	53
5731	36
5732	49
5733	33
5734	51
5735	39
5736	44
5737	28
5738	40
5739	69
5740	27
5741	26
5742	50
5743	48
5744	47
5745	48
5746	53
5747	61
5748	61
5749	47
5750	63
5751	55
5752	35
5753	60
5754	54
5755	54
5756	39
5757	64
5758	36
5759	57
5760	41
5761	47
5762	43
5763	43
5764	34
5765	43
5766	36
5767	47
5768	43
5769	40
5770	37
5771	32
5772	32
5773	41
5774	32
5775	47
5776	38
5777	50
5778	49
5779	44
5780	50
5781	39
5782	70
5783	35
5784	29
5785	40
5786	35
5787	47
5788	44
5789	54
5790	62
5791	33
5792	44
5793	32
5794	40
5795	39
5796	34
5797	42
5798	53
5799	38
5800	33
5801	56
5802	55
5803	49
5804	55
5805	49
5806	47
5807	30
5808	46
5809	39
5810	44
5811	52
5812	39
5813	39
5814	42
5815	60
5816	46
5817	28
5818	24
5819	31
5820	31
5821	36
5822	33
5823	34
5824	46
5825	36
5826	45
5827	48
5828	52
5829	58
5830	45
5831	41
5832	52
5833	44
5834	47
5835	48
5836	43
5837	52
5838	35
5839	47
5840	51
5841	60
5842	49
5843	56
5844	35
5845	38
5846	64
5847	37
5848	52
5849	46
5850	39
5851	27
5852	30
5853	38
5854	22
5855	31
5856	36
5857	48
5858	38
5859	44
5860	33
5861	36
5862	36
5863	36
5864	47
5865	30
5866	32
5867	41
5868	34
5869	40
5870	42
5871	33
5872	40
5873	57
5874	46
5875	46
5876	32
5877	51
5878	39
5879	61
5880	47
5881	56
5882	37
5883	32
5884	34
5885	35
5886	44
5887	56
5888	38
5889	43
5890	37
5891	27
5892	28
5893	31
5894	33
5895	38
5896	42
5897	42
5898	62
5899	32
5900	45
5901	47
5902	52
5903	44
5904	32
5905	45
5906	36
5907	42
5908	57
5909	58
5910	39
5911	44
5912	31
5913	41
5914	38
5915	46
5916	26
5917	36
5918	34
5919	62
5920	55
5921	35
5922	63
5923	52
5924	43
5925	50
5926	70
5927	43
5928	34
5929	60
5930	51
5931	47
5932	44
5933	66
5934	41
5935	55
5936	63
5937	36
5938	60
5939	38
5940	43
5941	39
5942	44
5943	62
5944	32
5945	30
5946	37
5947	50
5948	26
5949	35
5950	46
5951	55
5952	32
5953	35
5954	35
5955	42
5956	70
5957	54
5958	40
5959	56
5960	49
5961	38
5962	31
5963	51
5964	59
5965	39
5966	57
5967	40
5968	49
5969	47
5970	47
5971	65
5972	31
5973	45
5974	50
5975	21
5976	46
5977	42
5978	30
5979	27
5980	32
5981	51
5982	32
5983	34
5984	53
5985	39
5986	59
5987	41
5988	65
5989	65
5990	55
5991	36
5992	46
5993	35
5994	45
5995	52
5996	66
5997	55
5998	53
5999	46
6000	56
6001	35
6002	41
6003	30
6004	41
6005	43
6006	37
6007	43
6008	42
6009	37
6010	43
6011	49
6012	56
6013	39
6014	38
6015	45
6016	62
6017	57
6018	34
6019	53
6020	35
6021	34
6022	26
6023	42
6024	40
6025	37
6026	29
6027	42
6028	51
6029	61
6030	33
6031	45
6032	38
6033	52
6034	57
6035	40
6036	38
6037	37
6038	35
6039	45
6040	36
6041	46
6042	60
6043	26
6044	26
6045	37
6046	34
6047	47
6048	26
6049	44
6050	31
6051	46
6052	43
6053	45
6054	41
6055	70
6056	37
6057	47
6058	40
6059	45
6060	38
6061	34
6062	41
6063	23
6064	43
6065	34
6066	37
6067	46
6068	53
6069	36
6070	39
6071	40
6072	22
6073	32
6074	51
6075	39
6076	31
6077	32
6078	29
6079	26
6080	45
6081	28
6082	40
6083	45
6084	41
6085	31
6086	29
6087	28
6088	30
6089	37
6090	25
6091	31
6092	32
6093	40
6094	21
6095	43
6096	41
6097	48
6098	37
6099	39
6100	33
6101	58
6102	43
6103	37
6104	37
6105	44
6106	40
6107	52
6108	55
6109	41
6110	40
6111	42
6112	29
6113	30
6114	42
6115	31
6116	48
6117	44
6118	38
6119	25
6120	58
6121	58
6122	52
6123	10
6124	33
6125	35
6126	41
6127	42
6128	41
6129	29
6130	40
6131	30
6132	52
6133	56
6134	45
6135	30
6136	38
6137	27
6138	34
6139	21
6140	39
6141	35
6142	28
6143	33
6144	22
6145	29
6146	39
6147	49
6148	36
6149	48
6150	51
6151	58
6152	69
6153	44
6154	54
6155	32
6156	37
6157	44
6158	34
6159	63
6160	37
6161	36
6162	47
6163	55
6164	33
6165	56
6166	34
6167	26
6168	41
6169	29
6170	39
6171	47
6172	57
6173	46
6174	47
6175	48
6176	39
6177	54
6178	40
6179	36
6180	33
6181	15
6182	38
6183	36
6184	39
6185	44
6186	31
6187	42
6188	52
6189	46
6190	36
6191	43
6192	26
6193	36
6194	42
6195	34
6196	31
6197	23
6198	16
6199	21
6200	20
6201	24
6202	35
6203	41
6204	42
6205	35
6206	37
6207	29
6208	32
6209	31
6210	41
6211	46
6212	34
6213	29
6214	43
6215	44
6216	60
6217	35
6218	36
6219	60
6220	42
6221	46
6222	35
6223	43
6224	45
6225	42
6226	45
6227	49
6228	45
6229	16
6230	31
6231	30
6232	40
6233	39
6234	42
6235	20
6236	54
6237	31
6238	44
6239	48
6240	60
6241	35
6242	38
6243	36
6244	28
6245	45
6246	44
6247	29
6248	32
6249	57
6250	28
6251	27
6252	45
6253	26
6254	28
6255	49
6256	64
6257	34
6258	50
6259	39
6260	41
6261	61
6262	47
6263	51
6264	48
6265	29
6266	37
6267	35
6268	30
6269	42
6270	31
6271	52
6272	44
6273	37
6274	54
6275	57
6276	53
6277	46
6278	33
6279	34
6280	46
6281	55
6282	59
6283	63
6284	55
6285	55
6286	58
6287	39
6288	33
6289	61
6290	42
6291	46
6292	42
6293	37
6294	26
6295	46
6296	45
6297	45
6298	57
6299	46
6300	44
6301	47
6302	41
6303	54
6304	33
6305	48
6306	45
6307	52
6308	34
6309	22
6310	33
6311	27
6312	36
6313	42
6314	52
6315	34
6316	58
6317	36
6318	20
6319	35
6320	41
6321	60
6322	41
6323	40
6324	53
6325	38
6326	35
6327	50
6328	33
6329	44
6330	56
6331	39
6332	49
6333	42
6334	54
6335	45
6336	53
6337	48
6338	35
6339	35
6340	35
6341	58
6342	60
6343	23
6344	44
6345	30
6346	31
6347	37
6348	38
6349	37
6350	55
6351	37
6352	55
6353	62
6354	45
6355	46
6356	40
6357	51
6358	50
6359	48
6360	43
6361	49
6362	38
6363	37
6364	51
6365	41
6366	37
6367	27
6368	47
6369	47
6370	51
6371	49
6372	33
6373	26
6374	34
6375	26
6376	20
6377	42
6378	25
6379	36
6380	44
6381	31
6382	33
6383	17
6384	28
6385	21
6386	22
6387	19
6388	39
6389	37
6390	39
6391	42
6392	16
6393	31
6394	35
6395	33
6396	15
6397	15
6398	47
6399	30
6400	22
6401	29
6402	36
6403	22
6404	21
6405	18
6406	44
6407	36
6408	22
6409	20
6410	37
6411	36
6412	45
6413	52
6414	46
6415	39
6416	22
6417	34
6418	16
6419	26
6420	34
6421	40
6422	36
6423	19
6424	24
6425	31
6426	29
6427	31
6428	17
6429	34
6430	14
6431	28
6432	23
6433	19
6434	28
6435	34
6436	28
6437	21
6438	46
6439	43
6440	57
6441	39
6442	30
6443	28
6444	27
6445	23
6446	30
6447	26
6448	26
6449	34
6450	43
6451	35
6452	37
6453	27
6454	24
6455	29
6456	37
6457	24
6458	38
6459	23
6460	30
6461	32
6462	28
6463	60
6464	21
6465	32
6466	33
6467	44
6468	35
6469	28
6470	21
6471	29
6472	21
6473	19
6474	25
6475	34
6476	41
6477	37
6478	50
6479	39
6480	48
6481	39
6482	30
6483	50
6484	36
6485	56
6486	44
6487	67
6488	36
6489	58
6490	46
6491	47
6492	41
6493	29
6494	28
6495	22
6496	28
6497	28
6498	38
6499	32
6500	24
6501	39
6502	21
6503	35
6504	34
6505	41
6506	22
6507	36
6508	47
6509	28
6510	62
6511	18
6512	28
6513	38
6514	44
6515	31
6516	16
6517	35
6518	52
6519	41
6520	39
6521	49
6522	48
6523	58
6524	68
6525	79
6526	59
6527	47
6528	38
6529	54
6530	55
6531	47
6532	45
6533	29
6534	23
6535	41
6536	50
6537	36
6538	45
6539	43
6540	48
6541	35
6542	44
6543	29
6544	31
6545	48
6546	35
6547	36
6548	54
6549	43
6550	35
6551	31
6552	71
6553	55
6554	64
6555	46
6556	43
6557	37
6558	50
6559	57
6560	40
6561	63
6562	55
6563	31
6564	45
6565	65
6566	50
6567	34
6568	33
6569	44
6570	39
6571	37
6572	26
6573	37
6574	54
6575	25
6576	40
6577	33
6578	42
6579	36
6580	40
6581	59
6582	41
6583	54
6584	33
6585	27
6586	23
6587	34
6588	51
6589	42
6590	48
6591	29
6592	21
6593	42
6594	31
6595	37
6596	43
6597	22
6598	30
6599	14
6600	10
6601	27
6602	47
6603	39
6604	38
6605	31
6606	32
6607	39
6608	21
6609	52
6610	49
6611	42
6612	48
6613	36
6614	49
6615	38
6616	34
6617	37
6618	22
6619	32
6620	46
6621	31
6622	22
6623	28
6624	33
6625	39
6626	40
6627	37
6628	42
6629	51
6630	58
6631	34
6632	36
6633	24
6634	13
6635	17
6636	33
6637	31
6638	29
6639	24
6640	29
6641	28
6642	36
6643	27
6644	62
6645	40
6646	38
6647	37
6648	27
6649	30
6650	42
6651	31
6652	25
6653	40
6654	38
6655	38
6656	24
6657	34
6658	29
6659	37
6660	34
6661	25
6662	34
6663	39
6664	39
6665	34
6666	40
6667	22
6668	17
6669	28
6670	24
6671	31
6672	28
6673	20
6674	45
6675	49
6676	55
6677	32
6678	48
6679	35
6680	35
6681	20
6682	25
6683	38
6684	26
6685	27
6686	35
6687	28
6688	32
6689	46
6690	26
6691	42
6692	60
6693	41
6694	51
6695	41
6696	32
6697	45
6698	46
6699	31
6700	37
6701	37
6702	62
6703	49
6704	41
6705	43
6706	39
6707	45
6708	29
6709	40
6710	37
6711	36
6712	39
6713	45
6714	35
6715	52
6716	35
6717	47
6718	50
6719	42
6720	39
6721	36
6722	45
6723	34
6724	47
6725	42
6726	40
6727	34
6728	33
6729	48
6730	39
6731	54
6732	36
6733	33
6734	39
6735	43
6736	35
6737	34
6738	42
6739	32
6740	32
6741	37
6742	43
6743	27
6744	31
6745	31
6746	23
6747	18
6748	41
6749	31
6750	19
6751	43
6752	26
6753	34
6754	52
6755	41
6756	45
6757	33
6758	50
6759	43
6760	36
6761	35
6762	35
6763	28
6764	27
6765	42
6766	33
6767	21
6768	28
6769	43
6770	42
6771	29
6772	21
6773	26
6774	41
6775	44
6776	56
6777	70
6778	47
6779	56
6780	36
6781	40
6782	41
6783	60
6784	34
6785	37
6786	58
6787	43
6788	47
6789	60
6790	25
6791	36
6792	56
6793	22
6794	32
6795	37
6796	44
6797	61
6798	55
6799	58
6800	37
6801	44
6802	52
6803	40
6804	36
6805	28
6806	38
6807	44
6808	30
6809	22
6810	31
6811	42
6812	41
6813	40
6814	38
6815	39
6816	34
6817	29
6818	29
6819	32
6820	28
6821	35
6822	44
6823	43
6824	40
6825	30
6826	44
6827	29
6828	39
6829	41
6830	44
6831	38
6832	48
6833	47
6834	40
6835	42
6836	39
6837	34
6838	22
6839	46
6840	39
6841	45
6842	31
6843	28
6844	34
6845	49
6846	44
6847	32
6848	29
6849	37
6850	60
6851	62
6852	39
6853	32
6854	30
6855	47
6856	35
6857	32
6858	39
6859	22
6860	53
6861	52
6862	31
6863	52
6864	43
6865	48
6866	51
6867	49
6868	20
6869	39
6870	46
6871	34
6872	36
6873	27
6874	28
6875	23
6876	30
6877	22
6878	23
6879	33
6880	36
6881	35
6882	27
6883	24
6884	32
6885	37
6886	24
6887	28
6888	31
6889	30
6890	35
6891	27
6892	36
6893	33
6894	55
6895	45
6896	35
6897	50
6898	73
6899	48
6900	39
6901	53
6902	34
6903	36
6904	42
6905	35
6906	31
6907	27
6908	42
6909	51
6910	31
6911	39
6912	56
6913	47
6914	51
6915	42
6916	36
6917	37
6918	34
6919	42
6920	44
6921	27
6922	42
6923	37
6924	32
6925	21
6926	40
6927	28
6928	40
6929	32
6930	53
6931	61
6932	42
6933	44
6934	34
6935	51
6936	41
6937	54
6938	60
6939	50
6940	44
6941	33
6942	40
6943	25
6944	27
6945	32
6946	25
6947	23
6948	29
6949	26
6950	52
6951	49
6952	35
6953	36
6954	35
6955	44
6956	48
6957	32
6958	37
6959	48
6960	62
6961	37
6962	48
6963	32
6964	38
6965	38
6966	37
6967	30
6968	34
6969	15
6970	29
6971	32
6972	41
6973	52
6974	59
6975	54
6976	41
6977	46
6978	27
6979	49
6980	33
6981	37
6982	28
6983	32
6984	55
6985	51
6986	54
6987	43
6988	28
6989	37
6990	42
6991	65
6992	30
6993	47
6994	51
6995	38
6996	25
6997	42
6998	39
6999	32
7000	34
7001	33
7002	20
7003	34
7004	32
7005	38
7006	47
7007	33
7008	44
7009	27
7010	43
7011	33
7012	30
7013	26
7014	26
7015	44
7016	52
7017	36
7018	23
7019	44
7020	32
7021	49
7022	32
7023	19
7024	28
7025	36
7026	28
7027	30
7028	38
7029	31
7030	24
7031	24
7032	39
7033	25
7034	22
7035	28
7036	31
7037	46
7038	48
7039	31
7040	35
7041	30
7042	30
7043	29
7044	33
7045	25
7046	49
7047	31
7048	36
7049	45
7050	32
7051	25
7052	39
7053	21
7054	30
7055	36
7056	39
7057	29
7058	39
7059	33
7060	41
7061	34
7062	53
7063	39
7064	32
7065	48
7066	29
7067	47
7068	53
7069	44
7070	27
7071	27
7072	37
7073	37
7074	37
7075	50
7076	37
7077	33
7078	27
7079	41
7080	50
7081	40
7082	23
7083	37
7084	38
7085	35
7086	42
7087	21
7088	37
7089	30
7090	18
7091	50
7092	29
7093	40
7094	36
7095	31
7096	31
7097	18
7098	21
7099	22
7100	23
7101	26
7102	30
7103	25
7104	35
7105	18
7106	21
7107	25
7108	21
7109	26
7110	23
7111	36
7112	24
7113	54
7114	24
7115	33
7116	31
7117	29
7118	33
7119	42
7120	37
7121	39
7122	47
7123	32
7124	20
7125	24
7126	33
7127	29
7128	30
7129	19
7130	13
7131	41
7132	22
7133	33
7134	29
7135	24
7136	27
7137	31
7138	26
7139	25
7140	22
7141	24
7142	30
7143	40
7144	34
7145	42
7146	24
7147	26
7148	42
7149	45
7150	34
7151	29
7152	25
7153	46
7154	26
7155	34
7156	25
7157	38
7158	55
7159	40
7160	23
7161	25
7162	40
7163	24
7164	21
7165	34
7166	40
7167	37
7168	31
7169	37
7170	21
7171	24
7172	35
7173	31
7174	32
7175	26
7176	32
7177	25
7178	34
7179	31
7180	28
7181	34
7182	23
7183	28
7184	22
7185	15
7186	35
7187	36
7188	44
7189	41
7190	23
7191	30
7192	22
7193	31
7194	49
7195	33
7196	32
7197	32
7198	20
7199	18
7200	30
7201	20
7202	19
7203	32
7204	47
7205	38
7206	32
7207	28
7208	36
7209	43
7210	41
7211	31
7212	34
7213	35
7214	33
7215	48
7216	23
7217	27
7218	36
7219	29
7220	36
7221	26
7222	39
7223	46
7224	32
7225	32
7226	37
7227	31
7228	33
7229	40
7230	23
7231	40
7232	33
7233	20
7234	24
7235	31
7236	27
7237	26
7238	40
7239	36
7240	40
7241	16
7242	24
7243	58
7244	33
7245	24
7246	42
7247	37
7248	42
7249	44
7250	21
7251	32
7252	32
7253	26
7254	31
7255	20
7256	33
7257	36
7258	23
7259	21
7260	33
7261	36
7262	34
7263	40
7264	19
7265	24
7266	33
7267	34
7268	39
7269	32
7270	58
7271	46
7272	40
7273	28
7274	33
7275	39
7276	50
7277	52
7278	38
7279	35
7280	42
7281	44
7282	35
7283	50
7284	48
7285	38
7286	42
7287	30
7288	33
7289	40
7290	31
7291	27
7292	36
7293	45
7294	28
7295	44
7296	39
7297	34
7298	27
7299	25
7300	52
7301	44
7302	27
7303	49
7304	56
7305	39
7306	33
7307	19
7308	25
7309	24
7310	40
7311	29
7312	31
7313	29
7314	39
7315	19
7316	55
7317	72
7318	51
7319	30
7320	49
7321	33
7322	34
7323	39
7324	33
7325	23
7326	55
7327	47
7328	38
7329	51
7330	29
7331	50
7332	35
7333	26
7334	47
7335	56
7336	36
7337	30
7338	38
7339	34
7340	33
7341	16
7342	27
7343	25
7344	30
7345	53
7346	30
7347	20
7348	29
7349	23
7350	37
7351	21
7352	35
7353	26
7354	28
7355	23
7356	20
7357	24
7358	20
7359	23
7360	43
7361	41
7362	36
7363	28
7364	24
7365	30
7366	32
7367	25
7368	31
7369	50
7370	31
7371	34
7372	35
7373	19
7374	24
7375	13
7376	33
7377	33
7378	16
7379	14
7380	17
7381	20
7382	25
7383	18
7384	64
7385	58
7386	21
7387	41
7388	26
7389	21
7390	25
7391	26
7392	29
7393	15
7394	34
7395	36
7396	23
7397	36
7398	19
7399	31
7400	32
7401	21
7402	15
7403	34
7404	45
7405	29
7406	19
7407	8
7408	18
7409	25
7410	14
7411	34
7412	34
7413	29
7414	12
7415	16
7416	20
7417	24
7418	30
7419	43
7420	27
7421	28
7422	42
7423	30
7424	37
7425	15
7426	26
7427	31
7428	32
7429	20
7430	26
7431	28
7432	19
7433	24
7434	24
7435	28
7436	30
7437	29
7438	29
7439	46
7440	41
7441	37
7442	36
7443	33
7444	23
7445	21
7446	17
7447	26
7448	23
7449	24
7450	39
7451	28
7452	29
7453	21
7454	41
7455	32
7456	17
7457	36
7458	30
7459	41
7460	19
7461	36
7462	33
7463	27
7464	35
7465	33
7466	26
7467	23
7468	26
7469	51
7470	27
7471	22
7472	26
7473	30
7474	45
7475	21
7476	22
7477	19
7478	32
7479	13
7480	32
7481	25
7482	25
7483	17
7484	21
7485	19
7486	30
7487	17
7488	25
7489	19
7490	24
7491	16
7492	30
7493	33
7494	31
7495	35
7496	37
7497	30
7498	31
7499	19
7500	14
7501	12
7502	16
7503	14
7504	23
7505	36
7506	26
7507	18
7508	20
7509	24
7510	33
7511	35
7512	14
7513	36
7514	20
7515	13
7516	28
7517	27
7518	22
7519	13
7520	4
7521	20
7522	26
7523	24
7524	18
7525	34
7526	25
7527	31
7528	23
7529	36
7530	36
7531	24
7532	14
7533	18
7534	25
7535	20
7536	19
7537	21
7538	21
7539	30
7540	27
7541	26
7542	23
7543	20
7544	34
7545	37
7546	30
7547	41
7548	41
7549	35
7550	32
7551	31
7552	43
7553	23
7554	16
7555	6
7556	26
7557	47
7558	20
7559	26
7560	34
7561	25
7562	30
7563	43
7564	40
7565	22
7566	20
7567	26
7568	27
7569	29
7570	12
7571	21
7572	32
7573	16
7574	22
7575	31
7576	19
7577	29
7578	15
7579	19
7580	36
7581	17
7582	22
7583	34
7584	15
7585	42
7586	18
7587	37
7588	40
7589	35
7590	26
7591	23
7592	22
7593	30
7594	14
7595	28
7596	26
7597	14
7598	28
7599	15
7600	39
7601	36
7602	17
7603	25
7604	21
7605	37
7606	15
7607	30
7608	29
7609	28
7610	48
7611	26
7612	21
7613	33
7614	28
7615	17
7616	18
7617	25
7618	31
7619	47
7620	31
7621	51
7622	36
7623	27
7624	22
7625	13
7626	7
7627	20
7628	14
7629	12
7630	21
7631	25
7632	14
7633	24
7634	25
7635	22
7636	12
7637	16
7638	8
7639	18
7640	27
7641	28
7642	42
7643	26
7644	24
7645	36
7646	24
7647	23
7648	24
7649	24
7650	22
7651	24
7652	17
7653	22
7654	13
7655	22
7656	30
7657	14
7658	19
7659	18
7660	22
7661	34
7662	14
7663	26
7664	34
7665	23
7666	32
7667	37
7668	20
7669	29
7670	23
7671	18
7672	29
7673	30
7674	28
7675	36
7676	15
7677	16
7678	21
7679	41
7680	35
7681	28
7682	19
7683	11
7684	26
7685	21
7686	13
7687	21
7688	14
7689	9
7690	19
7691	24
7692	30
7693	36
7694	26
7695	26
7696	33
7697	36
7698	11
7699	8
7700	17
7701	34
7702	20
7703	12
7704	30
7705	24
7706	33
7707	45
7708	28
7709	17
7710	15
7711	17
7712	13
7713	23
7714	19
7715	20
7716	11
7717	43
7718	22
7719	25
7720	26
7721	26
7722	25
7723	16
7724	36
7725	10
7726	28
7727	22
7728	19
7729	24
7730	28
7731	22
7732	24
7733	40
7734	31
7735	19
7736	22
7737	21
7738	26
7739	23
7740	22
7741	10
7742	13
7743	26
7744	23
7745	23
7746	21
7747	33
7748	26
7749	28
7750	18
7751	18
7752	21
7753	16
7754	15
7755	19
7756	21
7757	22
7758	23
7759	24
7760	17
7761	17
7762	17
7763	21
7764	23
7765	20
7766	22
7767	29
7768	29
7769	26
7770	32
7771	30
7772	41
7773	22
7774	14
7775	14
7776	25
7777	18
7778	36
7779	32
7780	31
7781	17
7782	27
7783	23
7784	18
7785	20
7786	18
7787	34
7788	18
7789	18
7790	29
7791	17
7792	13
7793	30
7794	28
7795	22
7796	22
7797	20
7798	40
7799	26
7800	24
7801	20
7802	37
7803	18
7804	25
7805	29
7806	10
7807	29
7808	21
7809	23
7810	29
7811	22
7812	26
7813	23
7814	10
7815	33
7816	18
7817	26
7818	32
7819	14
7820	13
7821	15
7822	23
7823	22
7824	40
7825	35
7826	21
7827	17
7828	27
7829	13
7830	19
7831	23
7832	26
7833	16
7834	38
7835	37
7836	27
7837	31
7838	22
7839	14
7840	31
7841	36
7842	38
7843	47
7844	21
7845	23
7846	28
7847	30
7848	33
7849	23
7850	42
7851	22
7852	46
7853	40
7854	30
7855	30
7856	37
7857	33
7858	21
7859	26
7860	14
7861	11
7862	13
7863	20
7864	29
7865	18
7866	33
7867	38
7868	24
7869	34
7870	48
7871	38
7872	20
7873	28
7874	25
7875	49
7876	25
7877	18
7878	36
7879	37
7880	35
7881	28
7882	22
7883	39
7884	83
7885	82
7886	47
7887	32
7888	37
7889	35
7890	31
7891	48
7892	24
7893	40
7894	25
7895	29
7896	34
7897	36
7898	34
7899	38
7900	28
7901	41
7902	42
7903	48
7904	34
7905	51
7906	36
7907	43
7908	35
7909	23
7910	38
7911	28
7912	24
7913	19
7914	36
7915	40
7916	27
7917	17
7918	22
7919	23
7920	33
7921	18
7922	22
7923	14
7924	16
7925	10
7926	42
7927	23
7928	26
7929	17
7930	27
7931	27
7932	21
7933	28
7934	24
7935	16
7936	33
7937	21
7938	22
7939	22
7940	20
7941	25
7942	23
7943	31
7944	20
7945	19
7946	18
7947	18
7948	10
7949	24
7950	16
7951	21
7952	20
7953	50
7954	33
7955	23
7956	29
7957	11
7958	32
7959	34
7960	24
7961	27
7962	25
7963	25
7964	27
7965	29
7966	29
7967	27
7968	18
7969	28
7970	32
7971	43
7972	25
7973	25
7974	25
7975	22
7976	43
7977	39
7978	29
7979	35
7980	15
7981	20
7982	13
7983	3
7984	17
7985	23
7986	16
7987	26
7988	27
7989	31
7990	8
7991	32
7992	16
7993	30
7994	21
7995	28
7996	36
7997	35
7998	25
7999	26
8000	268474
