0	0
1	0
2	0
3	0
4	0
5	0
6	0
7	0
8	0
9	0
10	0
11	0
12	0
13	0
14	0
15	0
16	0
17	0
18	1
19	0
20	0
21	0
22	0
23	1
24	0
25	1
26	1
27	0
28	1
29	2
30	0
31	1
32	2
33	2
34	6
35	1
36	3
37	2
38	2
39	1
40	1
41	1
42	4
43	3
44	1
45	1
46	0
47	10
48	3
49	3
50	1
51	3
52	1
53	2
54	6
55	0
56	5
57	10
58	3
59	5
60	4
61	4
62	10
63	2
64	5
65	9
66	4
67	9
68	6
69	10
70	5
71	12
72	12
73	6
74	8
75	8
76	14
77	7
78	9
79	21
80	14
81	10
82	14
83	15
84	16
85	21
86	22
87	13
88	27
89	22
90	21
91	23
92	29
93	29
94	20
95	39
96	23
97	31
98	42
99	24
100	35
101	41
102	29
103	29
104	45
105	28
106	37
107	42
108	36
109	36
110	43
111	50
112	59
113	48
114	50
115	60
116	52
117	52
118	66
119	43
120	56
121	48
122	69
123	73
124	72
125	59
126	55
127	64
128	79
129	63
130	67
131	75
132	61
133	74
134	61
135	72
136	107
137	94
138	67
139	98
140	129
141	81
142	71
143	102
144	92
145	83
146	82
147	92
148	54
149	64
150	63
151	79
152	70
153	100
154	73
155	100
156	94
157	79
158	86
159	74
160	78
161	94
162	119
163	97
164	97
165	77
166	113
167	108
168	101
169	107
170	131
171	106
172	113
173	98
174	105
175	89
176	107
177	139
178	134
179	116
180	94
181	96
182	133
183	86
184	123
185	110
186	103
187	104
188	100
189	87
190	99
191	103
192	118
193	87
194	96
195	97
196	134
197	129
198	109
199	119
200	111
201	129
202	104
203	99
204	99
205	105
206	99
207	91
208	143
209	91
210	114
211	86
212	103
213	108
214	102
215	106
216	120
217	85
218	86
219	112
220	109
221	86
222	109
223	105
224	109
225	102
226	108
227	101
228	102
229	94
230	75
231	85
232	113
233	99
234	98
235	127
236	88
237	81
238	90
239	89
240	63
241	101
242	104
243	93
244	89
245	74
246	100
247	66
248	104
249	83
250	113
251	114
252	114
253	117
254	123
255	117
256	87
257	91
258	94
259	110
260	136
261	143
262	137
263	90
264	126
265	119
266	94
267	110
268	109
269	109
270	148
271	114
272	116
273	131
274	107
275	85
276	106
277	98
278	72
279	116
280	127
281	106
282	130
283	90
284	92
285	85
286	111
287	100
288	122
289	133
290	113
291	117
292	72
293	96
294	92
295	95
296	95
297	107
298	118
299	89
300	93
301	87
302	115
303	129
304	102
305	84
306	108
307	112
308	84
309	95
310	115
311	113
312	96
313	94
314	81
315	91
316	98
317	113
318	86
319	85
320	93
321	97
322	111
323	105
324	88
325	127
326	105
327	69
328	119
329	84
330	67
331	88
332	71
333	83
334	84
335	74
336	93
337	86
338	87
339	75
340	70
341	78
342	77
343	81
344	80
345	84
346	92
347	84
348	88
349	88
350	90
351	100
352	71
353	67
354	80
355	72
356	90
357	76
358	60
359	66
360	82
361	58
362	55
363	93
364	82
365	66
366	87
367	77
368	72
369	94
370	83
371	79
372	68
373	89
374	95
375	92
376	78
377	67
378	74
379	73
380	90
381	74
382	64
383	67
384	78
385	70
386	68
387	58
388	63
389	70
390	72
391	74
392	62
393	70
394	67
395	66
396	80
397	61
398	71
399	71
400	73
401	87
402	60
403	65
404	67
405	71
406	59
407	67
408	68
409	69
410	62
411	69
412	73
413	62
414	70
415	43
416	46
417	44
418	48
419	51
420	49
421	46
422	50
423	49
424	51
425	69
426	57
427	41
428	78
429	50
430	42
431	47
432	32
433	52
434	51
435	52
436	48
437	45
438	54
439	72
440	49
441	57
442	46
443	52
444	41
445	41
446	39
447	61
448	62
449	57
450	48
451	37
452	44
453	37
454	53
455	46
456	36
457	34
458	54
459	49
460	60
461	38
462	45
463	29
464	21
465	50
466	44
467	19
468	32
469	40
470	49
471	45
472	35
473	21
474	32
475	37
476	26
477	30
478	40
479	41
480	23
481	34
482	42
483	30
484	37
485	39
486	32
487	35
488	35
489	23
490	25
491	13
492	36
493	35
494	47
495	28
496	16
497	24
498	36
499	33
500	29
501	37
502	26
503	36
504	36
505	30
506	25
507	39
508	43
509	7
510	26
511	31
512	36
513	36
514	29
515	23
516	20
517	27
518	27
519	27
520	25
521	32
522	21
523	35
524	22
525	27
526	27
527	39
528	25
529	12
530	25
531	20
532	21
533	18
534	36
535	30
536	21
537	20
538	26
539	26
540	17
541	11
542	26
543	12
544	19
545	14
546	14
547	8
548	10
549	8
550	19
551	11
552	16
553	7
554	14
555	14
556	11
557	20
558	20
559	24
560	15
561	7
562	20
563	15
564	10
565	9
