0	0
1	0
2	0
3	0
4	0
5	0
6	0
7	0
8	0
9	0
10	0
11	0
12	0
13	0
14	0
15	0
16	0
17	0
18	1
19	0
20	0
21	0
22	0
23	1
24	0
25	1
26	1
27	0
28	1
29	2
30	0
31	1
32	2
33	2
34	6
35	1
36	3
37	2
38	2
39	1
40	1
41	1
42	4
43	4
44	1
45	1
46	0
47	19
48	3
49	3
50	1
51	3
52	1
53	2
54	6
55	0
56	10
57	11
58	3
59	5
60	4
61	4
62	10
63	2
64	6
65	9
66	4
67	10
68	6
69	14
70	5
71	15
72	13
73	7
74	8
75	8
76	15
77	7
78	12
79	23
80	17
81	11
82	15
83	18
84	18
85	23
86	24
87	14
88	34
89	22
90	22
91	30
92	35
93	37
94	24
95	47
96	29
97	36
98	49
99	27
100	38
101	50
102	34
103	32
104	49
105	33
106	45
107	58
108	42
109	44
110	55
111	65
112	79
113	65
114	60
115	94
116	84
117	58
118	88
119	55
120	79
121	63
122	92
123	118
124	99
125	91
126	77
127	85
128	109
129	88
130	96
131	117
132	73
133	116
134	88
135	141
136	179
137	147
138	105
139	169
140	185
141	121
142	165
143	173
144	190
145	129
146	133
147	160
148	87
149	112
150	105
151	135
152	159
153	199
154	131
155	196
156	207
157	134
158	140
159	151
160	152
161	179
162	269
163	189
164	180
165	162
166	198
167	218
168	223
169	205
170	230
171	238
172	272
173	237
174	235
175	236
176	197
177	367
178	337
179	281
180	181
181	224
182	340
183	190
184	288
185	304
186	284
187	230
188	296
189	232
190	246
191	255
192	292
193	243
194	271
195	232
196	321
197	371
198	293
199	306
200	272
201	303
202	260
203	263
204	290
205	325
206	258
207	230
208	381
209	210
210	332
211	220
212	265
213	388
214	270
215	321
216	477
217	251
218	240
219	288
220	314
221	234
222	272
223	311
224	327
225	301
226	311
227	286
228	281
229	292
230	152
231	258
232	290
233	248
234	229
235	326
236	186
237	230
238	309
239	240
240	143
241	263
242	242
243	278
244	250
245	182
246	260
247	160
248	244
249	200
250	338
251	365
252	383
253	490
254	432
255	289
256	254
257	206
258	247
259	218
260	413
261	585
262	419
263	266
264	323
265	344
266	255
267	273
268	358
269	354
270	451
271	390
272	286
273	317
274	273
275	225
276	314
277	318
278	165
279	262
280	302
281	246
282	408
283	286
284	208
285	198
286	295
287	265
288	396
289	385
290	380
291	350
292	223
293	261
294	180
295	184
296	222
297	252
298	333
299	236
300	363
301	222
302	218
303	419
304	266
305	231
306	293
307	269
308	187
309	290
310	266
311	318
312	211
313	275
314	201
315	298
316	203
317	219
318	242
319	240
320	191
321	246
322	317
323	276
324	193
325	332
326	237
327	146
328	341
329	221
330	131
331	206
332	167
333	191
334	178
335	153
336	233
337	221
338	233
339	182
340	160
341	209
342	183
343	235
344	171
345	162
346	252
347	199
348	228
349	177
350	182
351	241
352	149
353	248
354	161
355	156
356	234
357	167
358	138
359	120
360	238
361	116
362	98
363	203
364	177
365	138
366	169
367	171
368	173
369	195
370	172
371	163
372	155
373	193
374	173
375	236
376	219
377	158
378	145
379	147
380	220
381	185
382	119
383	114
384	181
385	163
386	200
387	121
388	128
389	124
390	176
391	184
392	139
393	124
394	142
395	111
396	183
397	132
398	156
399	124
400	148
401	196
402	121
403	136
404	123
405	129
406	117
407	146
408	116
409	137
410	198
411	123
412	153
413	130
414	177
415	89
416	80
417	66
418	76
419	81
420	96
421	92
422	104
423	82
424	72
425	143
426	129
427	69
428	184
429	95
430	70
431	78
432	62
433	75
434	108
435	104
436	92
437	98
438	92
439	137
440	96
441	138
442	78
443	88
444	58
445	63
446	64
447	94
448	116
449	146
450	80
451	72
452	88
453	65
454	100
455	66
456	83
457	50
458	104
459	87
460	96
461	56
462	87
463	74
464	34
465	108
466	53
467	30
468	57
469	73
470	101
471	117
472	47
473	45
474	61
475	57
476	48
477	54
478	62
479	77
480	26
481	54
482	57
483	35
484	56
485	50
486	45
487	75
488	63
489	30
490	36
491	28
492	52
493	42
494	78
495	47
496	21
497	34
498	58
499	40
500	52
501	51
502	39
503	60
504	48
505	74
506	30
507	65
508	86
509	8
510	35
511	53
512	72
513	73
514	36
515	28
516	21
517	42
518	50
519	41
520	30
521	34
522	28
523	57
524	28
525	53
526	35
527	63
528	42
529	14
530	47
531	26
532	28
533	25
534	79
535	47
536	34
537	26
538	40
539	32
540	23
541	15
542	45
543	14
544	37
545	15
546	21
547	10
548	10
549	12
550	21
551	12
552	18
