0	0
1	0
2	0
3	0
4	0
5	0
6	0
7	0
8	0
9	0
10	0
11	0
12	0
13	1
14	0
15	2
16	4
17	1
18	3
19	5
20	0
21	0
22	6
23	4
24	7
25	6
26	6
27	15
28	23
29	25
30	43
31	23
32	55
33	67
34	85
35	96
36	111
37	124
38	162
39	163
40	193
41	213
42	258
43	263
44	284
45	333
46	345
47	368
48	384
49	420
50	448
51	418
52	469
53	478
54	508
55	534
56	557
57	539
58	529
59	551
60	552
61	623
62	561
63	650
64	599
65	592
66	660
67	642
68	687
69	674
70	749
71	655
72	689
73	769
74	782
75	840
76	760
77	834
78	878
79	818
80	916
81	861
82	855
83	1034
84	1015
85	1042
86	1005
87	1012
88	1040
89	1157
90	2781
91	1598
92	1312
93	1252
94	1281
95	1179
96	1257
97	1268
98	1301
99	1366
100	1376
101	1457
102	1530
103	1607
104	1543
105	1644
106	1824
107	1804
108	1742
109	1849
110	1814
111	1922
112	1955
113	2020
114	1990
115	2165
116	2216
117	2163
118	2469
119	2384
120	2485
121	2600
122	2591
123	2562
124	2761
125	2810
126	2975
127	2891
128	2895
129	3157
130	2995
131	3138
132	3212
133	3266
134	3345
135	3404
136	3507
137	3531
138	3596
139	3696
140	3620
141	3606
142	3860
143	3915
144	3786
145	3434
146	3526
147	4293
148	4703
149	4713
150	4975
151	4897
152	5082
153	5103
154	5166
155	5208
156	5274
157	5356
158	5274
159	5381
160	5530
161	5563
162	5870
163	5751
164	5832
165	5508
166	5882
167	5850
168	6018
169	5854
170	5796
171	6111
172	5936
173	5953
174	6169
175	6234
176	6035
177	6261
178	6223
179	6126
180	6269
181	6454
182	6368
183	6238
184	6315
185	6198
186	6263
187	6393
188	6255
189	6377
190	6526
191	6509
192	6148
193	6426
194	6298
195	6380
196	6430
197	6378
198	6368
199	6282
200	6340
201	6181
202	6541
203	6316
204	6465
205	6392
206	6354
207	6347
208	6463
209	6348
210	6205
211	6067
212	6140
213	6103
214	6181
215	6085
216	5890
217	5906
218	5978
219	5997
220	6018
221	5744
222	5575
223	5819
224	5587
225	5752
226	5626
227	5748
228	5662
229	5371
230	5629
231	5537
232	5568
233	5718
234	5482
235	5457
236	5288
237	5298
238	5372
239	5440
240	5274
241	5106
242	5113
243	5214
244	5061
245	5175
246	5074
247	5126
248	5101
249	4996
250	4953
251	4932
252	4929
253	4659
254	4846
255	4690
256	4547
257	4584
258	4562
259	4614
260	4451
261	4652
262	4419
263	4525
264	4451
265	4647
266	4319
267	4288
268	4328
269	4170
270	4246
271	4309
272	4272
273	4325
274	4040
275	3955
276	4049
277	3939
278	3951
279	3825
280	3888
281	3733
282	3638
283	3579
284	3780
285	3751
286	3605
287	3553
288	3581
289	3506
290	3580
291	3614
292	3473
293	3514
294	3420
295	3452
296	3308
297	3584
298	3287
299	3477
300	3168
301	3106
302	3112
303	3103
304	3014
305	3060
306	2949
307	3106
308	2933
309	3141
310	2935
311	3002
312	2970
313	2878
314	3046
315	2811
316	2769
317	2755
318	2826
319	2877
320	2673
321	2625
322	2597
323	2572
324	2528
325	2526
326	2524
327	2524
328	2410
329	2424
330	2416
331	2361
332	2331
333	2408
334	2262
335	2369
336	2333
337	2268
338	2216
339	2265
340	2112
341	2198
342	2085
343	2129
344	1949
345	2041
346	2028
347	1961
348	2011
349	1960
350	2045
351	1948
352	1850
353	1891
354	2018
355	1879
356	1920
357	1805
358	1789
359	1819
360	1826
361	1762
362	1792
363	1764
364	1819
365	1795
366	1641
367	1707
368	1703
369	1706
370	1647
371	1715
372	1693
373	1595
374	1489
375	1570
376	1570
377	1530
378	1474
379	1486
380	1495
381	1479
382	1498
383	1432
384	1439
385	1384
386	1423
387	1455
388	1365
389	1369
390	1368
391	1357
392	1368
393	1368
394	1268
395	1238
396	1331
397	1271
398	1329
399	1258
400	1220
401	1394
402	1302
403	1256
404	1218
405	1176
406	1207
407	1234
408	1161
409	1162
410	1100
411	1100
412	1134
413	1152
414	1111
415	1134
416	1086
417	1050
418	1116
419	1081
420	1122
421	1027
422	1032
423	1091
424	1006
425	1105
426	1017
427	983
428	1084
429	1042
430	1022
431	987
432	938
433	928
434	1006
435	1009
436	958
437	947
438	969
439	900
440	870
441	940
442	901
443	891
444	883
445	913
446	895
447	802
448	773
449	788
450	813
451	879
452	743
453	757
454	802
455	824
456	756
457	834
458	818
459	736
460	759
461	771
462	794
463	769
464	752
465	699
466	769
467	714
468	762
469	727
470	683
471	741
472	762
473	731
474	691
475	698
476	707
477	646
478	668
479	730
480	723
481	632
482	673
483	642
484	717
485	669
486	660
487	727
488	685
489	672
490	694
491	650
492	631
493	681
494	635
495	677
496	693
497	699
498	665
499	606
500	644
501	681
502	649
503	644
504	641
505	619
506	605
507	582
508	643
509	588
510	567
511	581
512	603
513	584
514	622
515	616
516	583
517	634
518	609
519	618
520	640
521	586
522	595
523	559
524	582
525	641
526	526
527	614
528	543
529	538
530	565
531	601
532	569
533	552
534	568
535	608
536	590
537	532
538	505
539	493
540	580
541	576
542	557
543	550
544	540
545	569
546	515
547	534
548	545
549	491
550	518
551	525
552	545
553	591
554	569
555	562
556	564
557	534
558	571
559	539
560	547
561	524
562	543
563	507
564	457
565	506
566	451
567	510
568	541
569	517
570	530
571	549
572	517
573	521
574	531
575	500
576	440
577	488
578	511
579	479
580	532
581	492
582	497
583	521
584	448
585	480
586	441
587	517
588	496
589	469
590	491
591	420
592	451
593	411
594	487
595	489
596	468
597	483
598	453
599	456
600	505
601	472
602	456
603	429
604	459
605	412
606	458
607	486
608	439
609	470
610	408
611	469
612	447
613	449
614	441
615	484
616	456
617	449
618	458
619	402
620	414
621	451
622	434
623	423
624	463
625	416
626	440
627	396
628	417
629	418
630	403
631	490
632	413
633	498
634	427
635	456
636	453
637	474
638	466
639	403
640	445
641	411
642	432
643	435
644	454
645	380
646	393
647	411
648	446
649	376
650	457
651	446
652	439
653	437
654	414
655	401
656	419
657	431
658	402
659	417
660	401
661	388
662	494
663	386
664	397
665	428
666	416
667	388
668	396
669	356
670	439
671	403
672	438
673	455
674	478
675	406
676	393
677	403
678	440
679	410
680	389
681	386
682	405
683	377
684	399
685	406
686	364
687	396
688	406
689	406
690	416
691	411
692	387
693	402
694	430
695	395
696	408
697	443
698	413
699	435
700	375
701	354
702	350
703	398
704	372
705	439
706	381
707	394
708	385
709	332
710	385
711	369
712	412
713	397
714	375
715	370
716	341
717	355
718	377
719	357
720	400
721	444
722	421
723	399
724	348
725	397
726	368
727	367
728	339
729	336
730	410
731	367
732	357
733	383
734	413
735	382
736	413
737	403
738	379
739	385
740	328
741	372
742	335
743	344
744	333
745	346
746	311
747	358
748	339
749	364
750	324
751	339
752	296
753	347
754	316
755	315
756	385
757	296
758	318
759	338
760	344
761	295
762	276
763	328
764	337
765	354
766	331
767	309
768	327
769	292
770	280
771	342
772	319
773	323
774	340
775	352
776	334
777	376
778	346
779	322
780	295
781	284
782	327
783	293
784	359
785	376
786	325
787	320
788	313
789	408
790	302
791	338
792	374
793	378
794	332
795	310
796	286
797	297
798	332
799	275
800	309
801	281
802	300
803	304
804	293
805	285
806	323
807	323
808	351
809	323
810	327
811	331
812	310
813	331
814	307
815	270
816	318
817	317
818	319
819	350
820	326
821	344
822	345
823	346
824	351
825	322
826	311
827	277
828	335
829	298
830	271
831	282
832	340
833	302
834	307
835	301
836	319
837	322
838	323
839	323
840	338
841	300
842	296
843	309
844	327
845	291
846	291
847	327
848	314
849	345
850	326
851	366
852	315
853	310
854	296
855	311
856	308
857	336
858	306
859	287
860	332
861	349
862	343
863	330
864	310
865	322
866	310
867	341
868	349
869	322
870	311
871	372
872	300
873	323
874	359
875	337
876	306
877	368
878	388
879	284
880	286
881	305
882	318
883	303
884	281
885	323
886	310
887	352
888	328
889	295
890	261
891	305
892	333
893	342
894	270
895	289
896	330
897	335
898	313
899	287
900	309
901	318
902	298
903	278
904	297
905	300
906	270
907	290
908	332
909	280
910	275
911	296
912	324
913	259
914	246
915	299
916	292
917	301
918	279
919	286
920	294
921	273
922	288
923	284
924	269
925	282
926	310
927	247
928	267
929	256
930	303
931	306
932	297
933	297
934	260
935	265
936	289
937	288
938	305
939	274
940	278
941	261
942	294
943	272
944	260
945	289
946	278
947	329
948	288
949	319
950	324
951	312
952	289
953	304
954	291
955	249
956	257
957	260
958	263
959	279
960	284
961	308
962	278
963	324
964	278
965	278
966	288
967	246
968	265
969	254
970	267
971	293
972	271
973	217
974	273
975	289
976	281
977	261
978	261
979	295
980	264
981	248
982	257
983	287
984	266
985	296
986	281
987	223
988	238
989	246
990	218
991	245
992	233
993	226
994	224
995	238
996	223
997	249
998	222
999	237
1000	270
1001	254
1002	269
1003	278
1004	294
1005	268
1006	259
1007	252
1008	289
1009	264
1010	264
1011	267
1012	261
1013	278
1014	284
1015	279
1016	270
1017	259
1018	276
1019	241
1020	243
1021	242
1022	248
1023	240
1024	241
1025	319
1026	269
1027	286
1028	273
1029	270
1030	254
1031	269
1032	234
1033	252
1034	254
1035	240
1036	224
1037	207
1038	219
1039	205
1040	239
1041	215
1042	252
1043	227
1044	272
1045	261
1046	188
1047	249
1048	231
1049	245
1050	213
1051	237
1052	243
1053	212
1054	243
1055	237
1056	230
1057	249
1058	269
1059	217
1060	233
1061	187
1062	227
1063	214
1064	246
1065	203
1066	195
1067	199
1068	211
1069	243
1070	209
1071	226
1072	231
1073	233
1074	272
1075	239
1076	230
1077	225
1078	232
1079	247
1080	230
1081	227
1082	223
1083	209
1084	173
1085	198
1086	178
1087	227
1088	218
1089	195
1090	213
1091	228
1092	217
1093	252
1094	243
1095	205
1096	248
1097	205
1098	251
1099	199
1100	207
1101	209
1102	201
1103	229
1104	219
1105	224
1106	190
1107	257
1108	242
1109	243
1110	248
1111	211
1112	199
1113	246
1114	236
1115	239
1116	256
1117	233
1118	243
1119	225
1120	241
1121	216
1122	217
1123	221
1124	246
1125	214
1126	236
1127	219
1128	211
1129	255
1130	232
1131	222
1132	240
1133	265
1134	218
1135	211
1136	193
1137	212
1138	235
1139	200
1140	210
1141	244
1142	218
1143	232
1144	228
1145	210
1146	222
1147	228
1148	276
1149	258
1150	248
1151	235
1152	221
1153	213
1154	225
1155	202
1156	214
1157	198
1158	245
1159	229
1160	213
1161	221
1162	255
1163	211
1164	186
1165	213
1166	212
1167	188
1168	215
1169	223
1170	239
1171	253
1172	273
1173	250
1174	231
1175	221
1176	216
1177	207
1178	254
1179	226
1180	262
1181	247
1182	220
1183	241
1184	229
1185	173
1186	219
1187	223
1188	223
1189	222
1190	228
1191	228
1192	232
1193	204
1194	210
1195	189
1196	221
1197	241
1198	239
1199	208
1200	209
1201	242
1202	228
1203	231
1204	240
1205	224
1206	241
1207	227
1208	207
1209	218
1210	193
1211	199
1212	166
1213	233
1214	227
1215	249
1216	239
1217	227
1218	226
1219	235
1220	212
1221	237
1222	240
1223	207
1224	235
1225	211
1226	225
1227	233
1228	199
1229	183
1230	190
1231	185
1232	254
1233	214
1234	242
1235	208
1236	214
1237	218
1238	191
1239	208
1240	220
1241	196
1242	198
1243	219
1244	226
1245	248
1246	223
1247	243
1248	224
1249	224
1250	232
1251	233
1252	285
1253	271
1254	227
1255	211
1256	221
1257	194
1258	209
1259	218
1260	249
1261	219
1262	265
1263	277
1264	245
1265	249
1266	233
1267	245
1268	240
1269	224
1270	266
1271	279
1272	252
1273	253
1274	231
1275	263
1276	202
1277	261
1278	257
1279	219
1280	235
1281	259
1282	255
1283	222
1284	223
1285	242
1286	227
1287	197
1288	221
1289	217
1290	271
1291	228
1292	237
1293	223
1294	226
1295	243
1296	246
1297	228
1298	185
1299	282
1300	221
1301	223
1302	215
1303	223
1304	258
1305	228
1306	224
1307	223
1308	221
1309	233
1310	272
1311	249
1312	233
1313	207
1314	260
1315	228
1316	218
1317	191
1318	225
1319	210
1320	206
1321	245
1322	229
1323	266
1324	214
1325	238
1326	211
1327	266
1328	246
1329	214
1330	194
1331	228
1332	175
1333	223
1334	218
1335	248
1336	212
1337	214
1338	210
1339	211
1340	191
1341	212
1342	217
1343	207
1344	198
1345	188
1346	234
1347	214
1348	188
1349	174
1350	181
1351	207
1352	163
1353	183
1354	179
1355	231
1356	215
1357	181
1358	186
1359	180
1360	208
1361	168
1362	220
1363	201
1364	190
1365	199
1366	209
1367	196
1368	213
1369	180
1370	203
1371	225
1372	168
1373	219
1374	201
1375	170
1376	225
1377	221
1378	201
1379	206
1380	207
1381	226
1382	233
1383	220
1384	218
1385	201
1386	183
1387	239
1388	190
1389	209
1390	155
1391	205
1392	227
1393	192
1394	194
1395	206
1396	243
1397	183
1398	208
1399	180
1400	191
1401	228
1402	203
1403	204
1404	214
1405	237
1406	232
1407	179
1408	194
1409	224
1410	180
1411	221
1412	166
1413	190
1414	206
1415	211
1416	195
1417	212
1418	200
1419	193
1420	219
1421	200
1422	206
1423	198
1424	232
1425	207
1426	212
1427	174
1428	177
1429	200
1430	218
1431	191
1432	165
1433	186
1434	162
1435	172
1436	198
1437	193
1438	192
1439	196
1440	215
1441	195
1442	204
1443	176
1444	164
1445	157
1446	206
1447	179
1448	163
1449	161
1450	199
1451	175
1452	185
1453	210
1454	210
1455	187
1456	165
1457	176
1458	220
1459	195
1460	208
1461	208
1462	191
1463	180
1464	161
1465	188
1466	188
1467	187
1468	177
1469	149
1470	176
1471	143
1472	155
1473	160
1474	162
1475	158
1476	190
1477	218
1478	163
1479	168
1480	182
1481	174
1482	174
1483	179
1484	174
1485	194
1486	153
1487	187
1488	192
1489	188
1490	170
1491	148
1492	156
1493	173
1494	183
1495	184
1496	167
1497	205
1498	204
1499	191
1500	207
1501	179
1502	218
1503	208
1504	215
1505	210
1506	218
1507	209
1508	191
1509	189
1510	198
1511	190
1512	178
1513	180
1514	182
1515	170
1516	220
1517	222
1518	186
1519	206
1520	203
1521	184
1522	162
1523	194
1524	198
1525	208
1526	238
1527	167
1528	201
1529	222
1530	208
1531	238
1532	230
1533	239
1534	229
1535	231
1536	204
1537	241
1538	194
1539	204
1540	197
1541	200
1542	225
1543	180
1544	210
1545	227
1546	227
1547	201
1548	186
1549	190
1550	183
1551	188
1552	199
1553	226
1554	186
1555	226
1556	240
1557	237
1558	197
1559	197
1560	219
1561	212
1562	198
1563	240
1564	213
1565	182
1566	191
1567	219
1568	200
1569	208
1570	187
1571	200
1572	206
1573	180
1574	188
1575	202
1576	203
1577	173
1578	183
1579	184
1580	190
1581	159
1582	176
1583	236
1584	175
1585	173
1586	199
1587	154
1588	179
1589	210
1590	209
1591	197
1592	223
1593	241
1594	222
1595	237
1596	236
1597	183
1598	197
1599	175
1600	216
1601	191
1602	214
1603	206
1604	181
1605	199
1606	164
1607	187
1608	217
1609	199
1610	182
1611	176
1612	169
1613	189
1614	156
1615	182
1616	153
1617	165
1618	209
1619	198
1620	178
1621	163
1622	193
1623	172
1624	177
1625	167
1626	186
1627	198
1628	214
1629	203
1630	171
1631	187
1632	190
1633	188
1634	165
1635	181
1636	172
1637	192
1638	210
1639	193
1640	203
1641	192
1642	187
1643	166
1644	181
1645	190
1646	212
1647	192
1648	207
1649	238
1650	204
1651	199
1652	211
1653	224
1654	209
1655	256
1656	200
1657	183
1658	205
1659	183
1660	202
1661	198
1662	167
1663	165
1664	190
1665	174
1666	199
1667	180
1668	219
1669	184
1670	207
1671	147
1672	182
1673	178
1674	186
1675	186
1676	159
1677	192
1678	180
1679	168
1680	197
1681	197
1682	210
1683	208
1684	194
1685	215
1686	176
1687	186
1688	168
1689	172
1690	160
1691	201
1692	141
1693	192
1694	193
1695	175
1696	200
1697	159
1698	155
1699	167
1700	163
1701	192
1702	239
1703	191
1704	171
1705	192
1706	168
1707	190
1708	201
1709	212
1710	207
1711	194
1712	186
1713	209
1714	201
1715	220
1716	225
1717	192
1718	191
1719	185
1720	170
1721	194
1722	155
1723	158
1724	189
1725	181
1726	161
1727	198
1728	214
1729	208
1730	203
1731	250
1732	203
1733	201
1734	181
1735	188
1736	215
1737	232
1738	213
1739	195
1740	185
1741	194
1742	189
1743	176
1744	164
1745	202
1746	196
1747	195
1748	181
1749	180
1750	179
1751	186
1752	179
1753	185
1754	214
1755	188
1756	204
1757	187
1758	202
1759	172
1760	222
1761	165
1762	183
1763	166
1764	140
1765	164
1766	169
1767	199
1768	148
1769	162
1770	152
1771	176
1772	165
1773	161
1774	167
1775	176
1776	181
1777	140
1778	139
1779	169
1780	141
1781	176
1782	178
1783	178
1784	184
1785	155
1786	167
1787	181
1788	177
1789	187
1790	209
1791	186
1792	166
1793	187
1794	191
1795	203
1796	193
1797	180
1798	173
1799	186
1800	164
1801	165
1802	168
1803	177
1804	196
1805	196
1806	161
1807	168
1808	159
1809	150
1810	141
1811	139
1812	167
1813	151
1814	158
1815	165
1816	177
1817	147
1818	162
1819	155
1820	175
1821	158
1822	145
1823	143
1824	139
1825	145
1826	176
1827	205
1828	190
1829	137
1830	158
1831	181
1832	158
1833	178
1834	150
1835	167
1836	173
1837	183
1838	138
1839	172
1840	164
1841	141
1842	161
1843	176
1844	144
1845	160
1846	154
1847	140
1848	196
1849	135
1850	182
1851	182
1852	211
1853	155
1854	158
1855	163
1856	154
1857	163
1858	173
1859	145
1860	121
1861	101
1862	130
1863	132
1864	115
1865	151
1866	118
1867	128
1868	160
1869	149
1870	144
1871	139
1872	136
1873	141
1874	161
1875	168
1876	153
1877	163
1878	147
1879	122
1880	152
1881	173
1882	150
1883	150
1884	169
1885	134
1886	158
1887	161
1888	138
1889	178
1890	153
1891	150
1892	149
1893	183
1894	163
1895	147
1896	194
1897	187
1898	211
1899	192
1900	185
1901	162
1902	173
1903	147
1904	136
1905	151
1906	152
1907	149
1908	158
1909	198
1910	193
1911	174
1912	196
1913	168
1914	121
1915	141
1916	155
1917	163
1918	157
1919	182
1920	142
1921	139
1922	179
1923	149
1924	183
1925	155
1926	141
1927	133
1928	175
1929	141
1930	163
1931	159
1932	149
1933	106
1934	162
1935	165
1936	151
1937	131
1938	155
1939	139
1940	160
1941	119
1942	122
1943	175
1944	151
1945	156
1946	179
1947	159
1948	127
1949	168
1950	158
1951	165
1952	152
1953	147
1954	152
1955	171
1956	127
1957	152
1958	140
1959	149
1960	129
1961	145
1962	153
1963	162
1964	131
1965	134
1966	174
1967	174
1968	176
1969	183
1970	143
1971	169
1972	143
1973	151
1974	143
1975	152
1976	153
1977	167
1978	173
1979	173
1980	157
1981	173
1982	163
1983	179
1984	155
1985	125
1986	167
1987	147
1988	160
1989	162
1990	140
1991	175
1992	173
1993	167
1994	177
1995	190
1996	177
1997	160
1998	149
1999	155
2000	144
2001	157
2002	159
2003	177
2004	161
2005	139
2006	176
2007	129
2008	158
2009	144
2010	141
2011	143
2012	178
2013	191
2014	193
2015	191
2016	180
2017	172
2018	172
2019	153
2020	155
2021	126
2022	181
2023	170
2024	150
2025	176
2026	170
2027	148
2028	178
2029	147
2030	157
2031	163
2032	181
2033	160
2034	167
2035	158
2036	161
2037	170
2038	166
2039	133
2040	136
2041	155
2042	162
2043	180
2044	143
2045	120
2046	138
2047	167
2048	156
2049	200
2050	160
2051	164
2052	190
2053	200
2054	184
2055	159
2056	171
2057	183
2058	176
2059	186
2060	144
2061	160
2062	205
2063	152
2064	141
2065	147
2066	167
2067	156
2068	180
2069	193
2070	133
2071	148
2072	176
2073	179
2074	139
2075	126
2076	136
2077	122
2078	140
2079	158
2080	151
2081	174
2082	152
2083	152
2084	165
2085	166
2086	183
2087	151
2088	178
2089	148
2090	168
2091	149
2092	199
2093	178
2094	192
2095	217
2096	124
2097	146
2098	143
2099	175
2100	189
2101	170
2102	150
2103	180
2104	167
2105	184
2106	133
2107	111
2108	140
2109	159
2110	150
2111	209
2112	187
2113	160
2114	192
2115	194
2116	169
2117	144
2118	133
2119	146
2120	158
2121	133
2122	137
2123	134
2124	147
2125	172
2126	148
2127	148
2128	161
2129	163
2130	126
2131	138
2132	152
2133	119
2134	153
2135	133
2136	141
2137	134
2138	159
2139	149
2140	163
2141	178
2142	166
2143	153
2144	150
2145	117
2146	150
2147	115
2148	131
2149	136
2150	147
2151	164
2152	161
2153	141
2154	118
2155	145
2156	139
2157	109
2158	138
2159	143
2160	137
2161	138
2162	137
2163	167
2164	165
2165	116
2166	110
2167	181
2168	136
2169	147
2170	169
2171	154
2172	131
2173	124
2174	149
2175	132
2176	130
2177	151
2178	171
2179	139
2180	127
2181	110
2182	116
2183	127
2184	124
2185	147
2186	149
2187	149
2188	128
2189	135
2190	128
2191	113
2192	134
2193	136
2194	125
2195	151
2196	133
2197	138
2198	189
2199	122
2200	132
2201	114
2202	128
2203	137
2204	135
2205	145
2206	159
2207	159
2208	164
2209	142
2210	143
2211	124
2212	130
2213	111
2214	117
2215	134
2216	116
2217	132
2218	128
2219	117
2220	132
2221	150
2222	133
2223	173
2224	168
2225	184
2226	143
2227	141
2228	126
2229	151
2230	157
2231	144
2232	137
2233	145
2234	150
2235	136
2236	158
2237	173
2238	132
2239	152
2240	171
2241	150
2242	143
2243	169
2244	143
2245	134
2246	135
2247	165
2248	145
2249	174
2250	128
2251	111
2252	153
2253	151
2254	150
2255	170
2256	171
2257	158
2258	161
2259	151
2260	182
2261	162
2262	159
2263	167
2264	167
2265	179
2266	172
2267	195
2268	159
2269	120
2270	162
2271	136
2272	179
2273	166
2274	135
2275	145
2276	182
2277	161
2278	173
2279	153
2280	160
2281	163
2282	183
2283	144
2284	181
2285	155
2286	179
2287	148
2288	151
2289	193
2290	180
2291	143
2292	162
2293	164
2294	159
2295	163
2296	132
2297	170
2298	174
2299	171
2300	158
2301	146
2302	126
2303	158
2304	148
2305	158
2306	177
2307	141
2308	179
2309	152
2310	139
2311	159
2312	176
2313	143
2314	139
2315	155
2316	155
2317	131
2318	156
2319	148
2320	165
2321	155
2322	164
2323	147
2324	143
2325	130
2326	152
2327	131
2328	175
2329	183
2330	182
2331	161
2332	161
2333	192
2334	132
2335	180
2336	160
2337	137
2338	169
2339	140
2340	133
2341	142
2342	144
2343	122
2344	143
2345	126
2346	154
2347	191
2348	147
2349	171
2350	138
2351	127
2352	137
2353	126
2354	182
2355	163
2356	122
2357	143
2358	133
2359	145
2360	176
2361	165
2362	153
2363	140
2364	133
2365	157
2366	136
2367	162
2368	144
2369	174
2370	142
2371	146
2372	136
2373	155
2374	127
2375	150
2376	173
2377	158
2378	146
2379	154
2380	170
2381	147
2382	134
2383	182
2384	152
2385	161
2386	162
2387	129
2388	172
2389	137
2390	124
2391	135
2392	141
2393	156
2394	138
2395	138
2396	136
2397	149
2398	163
2399	134
2400	128
2401	131
2402	135
2403	131
2404	156
2405	191
2406	159
2407	166
2408	131
2409	152
2410	155
2411	156
2412	152
2413	166
2414	135
2415	173
2416	173
2417	170
2418	144
2419	137
2420	150
2421	144
2422	128
2423	160
2424	143
2425	140
2426	132
2427	168
2428	196
2429	144
2430	151
2431	131
2432	143
2433	119
2434	145
2435	136
2436	146
2437	138
2438	158
2439	142
2440	146
2441	156
2442	136
2443	178
2444	136
2445	154
2446	151
2447	162
2448	155
2449	136
2450	164
2451	140
2452	175
2453	165
2454	166
2455	177
2456	160
2457	168
2458	135
2459	115
2460	156
2461	153
2462	129
2463	162
2464	143
2465	161
2466	170
2467	168
2468	140
2469	155
2470	133
2471	140
2472	163
2473	160
2474	177
2475	192
2476	127
2477	157
2478	157
2479	168
2480	123
2481	136
2482	148
2483	158
2484	153
2485	156
2486	129
2487	116
2488	131
2489	137
2490	144
2491	141
2492	140
2493	113
2494	123
2495	150
2496	146
2497	135
2498	175
2499	158
2500	120
2501	154
2502	128
2503	143
2504	170
2505	136
2506	181
2507	138
2508	166
2509	185
2510	133
2511	134
2512	134
2513	134
2514	125
2515	135
2516	140
2517	128
2518	127
2519	129
2520	155
2521	162
2522	158
2523	167
2524	185
2525	162
2526	165
2527	135
2528	163
2529	135
2530	175
2531	129
2532	136
2533	183
2534	113
2535	140
2536	133
2537	116
2538	116
2539	161
2540	159
2541	170
2542	127
2543	129
2544	135
2545	120
2546	98
2547	104
2548	159
2549	109
2550	132
2551	148
2552	136
2553	106
2554	113
2555	129
2556	152
2557	163
2558	107
2559	101
2560	102
2561	126
2562	108
2563	110
2564	110
2565	114
2566	122
2567	136
2568	137
2569	110
2570	157
2571	138
2572	132
2573	132
2574	148
2575	137
2576	115
2577	106
2578	106
2579	110
2580	135
2581	128
2582	148
2583	143
2584	135
2585	128
2586	138
2587	142
2588	125
2589	102
2590	117
2591	93
2592	117
2593	125
2594	114
2595	126
2596	106
2597	120
2598	113
2599	113
2600	115
2601	127
2602	141
2603	128
2604	119
2605	107
2606	136
2607	121
2608	97
2609	112
2610	122
2611	114
2612	103
2613	122
2614	97
2615	93
2616	131
2617	108
2618	123
2619	109
2620	115
2621	110
2622	129
2623	145
2624	143
2625	105
2626	100
2627	119
2628	117
2629	132
2630	129
2631	120
2632	120
2633	129
2634	115
2635	115
2636	115
2637	120
2638	109
2639	108
2640	110
2641	162
2642	126
2643	128
2644	110
2645	91
2646	106
2647	118
2648	146
2649	112
2650	122
2651	135
2652	114
2653	128
2654	126
2655	126
2656	107
2657	98
2658	128
2659	137
2660	118
2661	123
2662	117
2663	93
2664	111
2665	115
2666	105
2667	117
2668	105
2669	121
2670	99
2671	96
2672	101
2673	114
2674	76
2675	119
2676	114
2677	131
2678	140
2679	134
2680	141
2681	147
2682	112
2683	120
2684	109
2685	130
2686	138
2687	92
2688	98
2689	144
2690	122
2691	115
2692	135
2693	106
2694	117
2695	151
2696	127
2697	141
2698	129
2699	137
2700	131
2701	82
2702	121
2703	107
2704	151
2705	126
2706	104
2707	133
2708	115
2709	146
2710	112
2711	121
2712	141
2713	105
2714	129
2715	118
2716	136
2717	119
2718	103
2719	120
2720	109
2721	115
2722	124
2723	100
2724	116
2725	149
2726	117
2727	87
2728	96
2729	112
2730	134
2731	127
2732	118
2733	131
2734	107
2735	100
2736	86
2737	117
2738	104
2739	93
2740	102
2741	131
2742	87
2743	119
2744	113
2745	122
2746	126
2747	120
2748	120
2749	129
2750	141
2751	125
2752	126
2753	150
2754	127
2755	132
2756	107
2757	145
2758	136
2759	139
2760	151
2761	129
2762	153
2763	130
2764	122
2765	107
2766	123
2767	131
2768	146
2769	129
2770	130
2771	132
2772	136
2773	128
2774	123
2775	103
2776	129
2777	125
2778	86
2779	127
2780	113
2781	110
2782	122
2783	114
2784	108
2785	116
2786	104
2787	114
2788	123
2789	104
2790	99
2791	101
2792	123
2793	126
2794	123
2795	110
2796	128
2797	106
2798	116
2799	122
2800	110
2801	91
2802	98
2803	142
2804	139
2805	137
2806	117
2807	91
2808	104
2809	131
2810	106
2811	77
2812	102
2813	97
2814	100
2815	126
2816	87
2817	121
2818	133
2819	114
2820	104
2821	107
2822	132
2823	103
2824	97
2825	105
2826	110
2827	108
2828	111
2829	124
2830	107
2831	131
2832	121
2833	91
2834	108
2835	115
2836	98
2837	104
2838	106
2839	109
2840	99
2841	111
2842	97
2843	101
2844	111
2845	79
2846	85
2847	96
2848	113
2849	111
2850	124
2851	117
2852	122
2853	114
2854	102
2855	92
2856	81
2857	138
2858	91
2859	90
2860	99
2861	102
2862	114
2863	96
2864	104
2865	115
2866	107
2867	77
2868	75
2869	86
2870	90
2871	105
2872	102
2873	110
2874	125
2875	103
2876	86
2877	114
2878	115
2879	137
2880	87
2881	124
2882	107
2883	98
2884	91
2885	120
2886	106
2887	101
2888	100
2889	89
2890	99
2891	113
2892	99
2893	105
2894	113
2895	117
2896	104
2897	109
2898	104
2899	94
2900	95
2901	121
2902	96
2903	97
2904	109
2905	89
2906	88
2907	116
2908	115
2909	98
2910	83
2911	109
2912	88
2913	105
2914	86
2915	104
2916	94
2917	108
2918	101
2919	70
2920	112
2921	95
2922	105
2923	90
2924	100
2925	99
2926	125
2927	116
2928	109
2929	104
2930	113
2931	96
2932	99
2933	87
2934	93
2935	94
2936	93
2937	95
2938	85
2939	94
2940	107
2941	116
2942	111
2943	96
2944	89
2945	98
2946	85
2947	62
2948	72
2949	78
2950	94
2951	85
2952	80
2953	83
2954	75
2955	88
2956	129
2957	100
2958	96
2959	106
2960	96
2961	92
2962	102
2963	105
2964	97
2965	101
2966	112
2967	82
2968	89
2969	83
2970	99
2971	91
2972	74
2973	65
2974	90
2975	99
2976	69
2977	70
2978	98
2979	75
2980	95
2981	93
2982	80
2983	98
2984	83
2985	65
2986	71
2987	89
2988	96
2989	83
2990	78
2991	102
2992	68
2993	105
2994	100
2995	106
2996	91
2997	96
2998	90
2999	99
3000	89
3001	80
3002	94
3003	100
3004	92
3005	90
3006	111
3007	101
3008	91
3009	93
3010	76
3011	88
3012	98
3013	93
3014	86
3015	110
3016	92
3017	102
3018	106
3019	107
3020	107
3021	111
3022	94
3023	91
3024	119
3025	101
3026	76
3027	81
3028	113
3029	124
3030	116
3031	89
3032	92
3033	76
3034	86
3035	78
3036	105
3037	107
3038	111
3039	97
3040	125
3041	106
3042	110
3043	100
3044	111
3045	88
3046	89
3047	91
3048	98
3049	116
3050	107
3051	87
3052	94
3053	92
3054	118
3055	99
3056	96
3057	126
3058	146
3059	104
3060	160
3061	139
3062	116
3063	139
3064	142
3065	135
3066	128
3067	107
3068	101
3069	100
3070	118
3071	115
3072	79
3073	105
3074	93
3075	95
3076	114
3077	92
3078	88
3079	80
3080	80
3081	76
3082	99
3083	67
3084	95
3085	81
3086	98
3087	113
3088	93
3089	88
3090	113
3091	107
3092	84
3093	96
3094	112
3095	119
3096	122
3097	93
3098	99
3099	97
3100	107
3101	92
3102	130
3103	121
3104	120
3105	100
3106	129
3107	126
3108	112
3109	108
3110	118
3111	113
3112	88
3113	83
3114	74
3115	111
3116	128
3117	138
3118	121
3119	115
3120	71
3121	103
3122	104
3123	94
3124	57
3125	100
3126	60
3127	134
3128	86
3129	95
3130	124
3131	84
3132	76
3133	113
3134	109
3135	89
3136	103
3137	113
3138	86
3139	99
3140	96
3141	112
3142	134
3143	120
3144	127
3145	82
3146	104
3147	80
3148	109
3149	79
3150	107
3151	98
3152	113
3153	113
3154	95
3155	85
3156	105
3157	124
3158	77
3159	110
3160	84
3161	111
3162	110
3163	122
3164	126
3165	129
3166	95
3167	99
3168	80
3169	93
3170	76
3171	94
3172	134
3173	88
3174	77
3175	82
3176	98
3177	112
3178	78
3179	90
3180	112
3181	102
3182	104
3183	89
3184	103
3185	123
3186	99
3187	86
3188	101
3189	99
3190	116
3191	68
3192	86
3193	77
3194	91
3195	93
3196	105
3197	102
3198	116
3199	83
3200	106
3201	97
3202	103
3203	99
3204	119
3205	101
3206	149
3207	114
3208	112
3209	109
3210	140
3211	117
3212	107
3213	96
3214	113
3215	76
3216	110
3217	88
3218	135
3219	116
3220	91
3221	110
3222	98
3223	66
3224	99
3225	113
3226	109
3227	101
3228	118
3229	104
3230	112
3231	92
3232	126
3233	98
3234	117
3235	133
3236	133
3237	107
3238	107
3239	108
3240	108
3241	104
3242	102
3243	99
3244	78
3245	98
3246	105
3247	108
3248	114
3249	126
3250	119
3251	150
3252	137
3253	115
3254	111
3255	125
3256	92
3257	126
3258	142
3259	125
3260	104
3261	122
3262	91
3263	95
3264	94
3265	101
3266	107
3267	136
3268	116
3269	106
3270	107
3271	107
3272	133
3273	100
3274	140
3275	144
3276	136
3277	140
3278	89
3279	115
3280	100
3281	118
3282	126
3283	136
3284	119
3285	88
3286	94
3287	132
3288	106
3289	101
3290	123
3291	128
3292	115
3293	122
3294	77
3295	129
3296	99
3297	104
3298	104
3299	86
3300	112
3301	79
3302	140
3303	136
3304	128
3305	107
3306	124
3307	113
3308	95
3309	140
3310	93
3311	131
3312	124
3313	111
3314	124
3315	127
3316	134
3317	93
3318	104
3319	89
3320	120
3321	115
3322	149
3323	109
3324	104
3325	97
3326	127
3327	119
3328	121
3329	111
3330	126
3331	108
3332	124
3333	125
3334	106
3335	126
3336	137
3337	190
3338	142
3339	151
3340	117
3341	126
3342	137
3343	126
3344	150
3345	138
3346	150
3347	132
3348	156
3349	132
3350	121
3351	136
3352	130
3353	134
3354	142
3355	128
3356	99
3357	118
3358	95
3359	107
3360	110
3361	101
3362	106
3363	110
3364	100
3365	139
3366	128
3367	138
3368	140
3369	107
3370	101
3371	126
3372	93
3373	79
3374	93
3375	109
3376	103
3377	109
3378	115
3379	110
3380	117
3381	107
3382	80
3383	110
3384	97
3385	88
3386	100
3387	94
3388	75
3389	88
3390	112
3391	97
3392	79
3393	90
3394	79
3395	128
3396	92
3397	98
3398	77
3399	113
3400	91
3401	79
3402	83
3403	69
3404	118
3405	86
3406	99
3407	95
3408	97
3409	83
3410	86
3411	113
3412	78
3413	94
3414	104
3415	81
3416	111
3417	96
3418	86
3419	85
3420	77
3421	84
3422	103
3423	94
3424	105
3425	107
3426	87
3427	77
3428	77
3429	101
3430	86
3431	88
3432	75
3433	99
3434	90
3435	103
3436	95
3437	99
3438	117
3439	101
3440	93
3441	101
3442	97
3443	104
3444	96
3445	95
3446	88
3447	112
3448	85
3449	109
3450	110
3451	98
3452	98
3453	108
3454	148
3455	85
3456	71
3457	99
3458	85
3459	93
3460	78
3461	78
3462	119
3463	92
3464	99
3465	94
3466	86
3467	69
3468	120
3469	121
3470	110
3471	117
3472	106
3473	99
3474	110
3475	94
3476	139
3477	106
3478	95
3479	94
3480	95
3481	112
3482	92
3483	92
3484	105
3485	111
3486	83
3487	55
3488	95
3489	78
3490	106
3491	92
3492	93
3493	96
3494	105
3495	107
3496	82
3497	71
3498	84
3499	73
3500	85
3501	77
3502	94
3503	77
3504	78
3505	83
3506	102
3507	89
3508	107
3509	96
3510	50
3511	75
3512	91
3513	87
3514	97
3515	73
3516	78
3517	99
3518	73
3519	74
3520	102
3521	79
3522	89
3523	77
3524	77
3525	68
3526	107
3527	98
3528	91
3529	70
3530	73
3531	80
3532	88
3533	81
3534	76
3535	91
3536	73
3537	82
3538	83
3539	66
3540	106
3541	99
3542	71
3543	76
3544	78
3545	65
3546	63
3547	82
3548	66
3549	50
3550	87
3551	80
3552	51
3553	78
3554	67
3555	75
3556	71
3557	82
3558	100
3559	126
3560	64
3561	87
3562	98
3563	89
3564	102
3565	105
3566	104
3567	109
3568	97
3569	66
3570	96
3571	63
3572	78
3573	85
3574	93
3575	93
3576	79
3577	50
3578	63
3579	69
3580	111
3581	76
3582	72
3583	82
3584	77
3585	76
3586	78
3587	82
3588	55
3589	76
3590	94
3591	94
3592	74
3593	67
3594	66
3595	72
3596	87
3597	98
3598	87
3599	89
3600	78
3601	75
3602	75
3603	54
3604	60
3605	72
3606	87
3607	94
3608	83
3609	99
3610	88
3611	81
3612	92
3613	79
3614	100
3615	116
3616	86
3617	108
3618	84
3619	77
3620	58
3621	102
3622	83
3623	103
3624	84
3625	66
3626	93
3627	101
3628	91
3629	81
3630	87
3631	93
3632	94
3633	77
3634	75
3635	94
3636	77
3637	82
3638	73
3639	81
3640	81
3641	72
3642	58
3643	61
3644	82
3645	68
3646	85
3647	76
3648	59
3649	77
3650	81
3651	97
3652	70
3653	85
3654	71
3655	68
3656	71
3657	80
3658	67
3659	74
3660	86
3661	85
3662	63
3663	97
3664	106
3665	72
3666	77
3667	99
3668	77
3669	76
3670	89
3671	100
3672	86
3673	106
3674	96
3675	89
3676	88
3677	83
3678	84
3679	76
3680	99
3681	78
3682	77
3683	78
3684	90
3685	60
3686	65
3687	88
3688	66
3689	108
3690	75
3691	93
3692	107
3693	73
3694	98
3695	91
3696	71
3697	81
3698	71
3699	61
3700	80
3701	71
3702	79
3703	76
3704	81
3705	71
3706	81
3707	83
3708	68
3709	73
3710	91
3711	91
3712	102
3713	103
3714	88
3715	90
3716	61
3717	96
3718	99
3719	82
3720	72
3721	77
3722	82
3723	77
3724	77
3725	84
3726	62
3727	62
3728	69
3729	88
3730	85
3731	94
3732	154
3733	86
3734	94
3735	65
3736	84
3737	88
3738	91
3739	101
3740	89
3741	77
3742	94
3743	94
3744	71
3745	78
3746	70
3747	77
3748	72
3749	83
3750	53
3751	88
3752	54
3753	93
3754	111
3755	124
3756	64
3757	67
3758	89
3759	92
3760	103
3761	80
3762	103
3763	89
3764	84
3765	81
3766	83
3767	70
3768	98
3769	72
3770	58
3771	69
3772	97
3773	78
3774	74
3775	88
3776	73
3777	75
3778	80
3779	76
3780	80
3781	64
3782	60
3783	71
3784	72
3785	66
3786	101
3787	71
3788	61
3789	85
3790	72
3791	76
3792	62
3793	73
3794	58
3795	63
3796	82
3797	91
3798	80
3799	56
3800	61
3801	75
3802	78
3803	82
3804	92
3805	81
3806	66
3807	82
3808	91
3809	68
3810	98
3811	97
3812	74
3813	90
3814	105
3815	76
3816	76
3817	84
3818	68
3819	67
3820	78
3821	77
3822	80
3823	87
3824	94
3825	80
3826	84
3827	66
3828	93
3829	85
3830	83
3831	64
3832	61
3833	77
3834	74
3835	75
3836	84
3837	75
3838	42
3839	98
3840	71
3841	79
3842	82
3843	86
3844	72
3845	55
3846	68
3847	95
3848	50
3849	62
3850	75
3851	81
3852	64
3853	84
3854	83
3855	68
3856	59
3857	86
3858	82
3859	67
3860	101
3861	97
3862	63
3863	84
3864	85
3865	94
3866	72
3867	71
3868	59
3869	76
3870	95
3871	90
3872	72
3873	64
3874	81
3875	93
3876	123
3877	81
3878	54
3879	79
3880	78
3881	81
3882	70
3883	84
3884	68
3885	61
3886	92
3887	65
3888	77
3889	82
3890	73
3891	70
3892	43
3893	72
3894	56
3895	76
3896	111
3897	78
3898	75
3899	86
3900	72
3901	77
3902	86
3903	89
3904	83
3905	83
3906	113
3907	111
3908	81
3909	98
3910	82
3911	77
3912	53
3913	70
3914	89
3915	76
3916	77
3917	104
3918	85
3919	95
3920	112
3921	90
3922	69
3923	69
3924	98
3925	104
3926	97
3927	86
3928	79
3929	85
3930	51
3931	105
3932	82
3933	84
3934	85
3935	89
3936	64
3937	80
3938	107
3939	95
3940	108
3941	98
3942	92
3943	108
3944	84
3945	76
3946	115
3947	89
3948	113
3949	103
3950	76
3951	86
3952	64
3953	84
3954	99
3955	93
3956	79
3957	76
3958	73
3959	92
3960	95
3961	78
3962	90
3963	105
3964	95
3965	73
3966	84
3967	87
3968	71
3969	85
3970	86
3971	117
3972	80
3973	71
3974	85
3975	67
3976	74
3977	102
3978	107
3979	84
3980	72
3981	81
3982	84
3983	94
3984	79
3985	83
3986	80
3987	78
3988	76
3989	95
3990	104
3991	94
3992	78
3993	59
3994	75
3995	55
3996	79
3997	72
3998	67
3999	108
4000	78
4001	94
4002	96
4003	100
4004	106
4005	106
4006	120
4007	97
4008	97
4009	101
4010	121
4011	88
4012	78
4013	85
4014	82
4015	79
4016	83
4017	98
4018	113
4019	100
4020	118
4021	107
4022	76
4023	107
4024	95
4025	101
4026	89
4027	92
4028	86
4029	118
4030	90
4031	79
4032	70
4033	105
4034	99
4035	100
4036	99
4037	92
4038	116
4039	107
4040	107
4041	75
4042	110
4043	93
4044	123
4045	86
4046	110
4047	93
4048	88
4049	120
4050	119
4051	124
4052	108
4053	113
4054	109
4055	85
4056	117
4057	100
4058	116
4059	126
4060	101
4061	91
4062	118
4063	97
4064	88
4065	90
4066	91
4067	104
4068	118
4069	97
4070	139
4071	114
4072	105
4073	101
4074	96
4075	109
4076	103
4077	119
4078	117
4079	103
4080	106
4081	92
4082	108
4083	77
4084	107
4085	106
4086	108
4087	101
4088	95
4089	92
4090	78
4091	118
4092	81
4093	106
4094	98
4095	114
4096	94
4097	124
4098	99
4099	98
4100	90
4101	103
4102	92
4103	99
4104	111
4105	112
4106	108
4107	121
4108	112
4109	129
4110	105
4111	99
4112	85
4113	66
4114	106
4115	94
4116	100
4117	114
4118	112
4119	98
4120	89
4121	89
4122	66
4123	87
4124	112
4125	95
4126	119
4127	81
4128	88
4129	75
4130	90
4131	85
4132	133
4133	103
4134	80
4135	98
4136	90
4137	97
4138	96
4139	118
4140	107
4141	136
4142	124
4143	103
4144	104
4145	119
4146	105
4147	90
4148	81
4149	72
4150	76
4151	84
4152	87
4153	79
4154	72
4155	89
4156	75
4157	85
4158	60
4159	83
4160	109
4161	79
4162	67
4163	107
4164	92
4165	97
4166	69
4167	87
4168	60
4169	73
4170	77
4171	68
4172	91
4173	92
4174	72
4175	74
4176	77
4177	92
4178	90
4179	103
4180	90
4181	54
4182	63
4183	50
4184	75
4185	68
4186	90
4187	90
4188	74
4189	66
4190	58
4191	68
4192	69
4193	69
4194	83
4195	67
4196	55
4197	52
4198	60
4199	54
4200	61
4201	56
4202	54
4203	45
4204	60
4205	65
4206	55
4207	75
4208	55
4209	43
4210	74
4211	83
4212	69
4213	66
4214	68
4215	70
4216	51
4217	66
4218	60
4219	64
4220	80
4221	53
4222	67
4223	66
4224	68
4225	91
4226	65
4227	68
4228	65
4229	65
4230	71
4231	55
4232	58
4233	70
4234	63
4235	80
4236	78
4237	85
4238	70
4239	61
4240	61
4241	75
4242	56
4243	57
4244	77
4245	76
4246	66
4247	64
4248	52
4249	40
4250	53
4251	66
4252	76
4253	40
4254	54
4255	68
4256	48
4257	56
4258	62
4259	72
4260	65
4261	61
4262	42
4263	79
4264	40
4265	57
4266	55
4267	60
4268	63
4269	40
4270	54
4271	75
4272	58
4273	66
4274	75
4275	65
4276	59
4277	91
4278	70
4279	85
4280	64
4281	58
4282	76
4283	86
4284	57
4285	46
4286	55
4287	82
4288	66
4289	65
4290	67
4291	58
4292	64
4293	73
4294	51
4295	54
4296	84
4297	69
4298	77
4299	75
4300	86
4301	73
4302	77
4303	59
4304	68
4305	62
4306	79
4307	63
4308	54
4309	72
4310	60
4311	67
4312	68
4313	73
4314	57
4315	45
4316	73
4317	104
4318	55
4319	84
4320	69
4321	60
4322	56
4323	57
4324	77
4325	50
4326	79
4327	45
4328	45
4329	61
4330	47
4331	64
4332	51
4333	50
4334	40
4335	76
4336	56
4337	69
4338	60
4339	66
4340	61
4341	70
4342	58
4343	46
4344	72
4345	68
4346	56
4347	62
4348	59
4349	65
4350	69
4351	72
4352	64
4353	59
4354	44
4355	62
4356	80
4357	54
4358	54
4359	71
4360	66
4361	70
4362	69
4363	60
4364	79
4365	40
4366	60
4367	63
4368	58
4369	73
4370	56
4371	70
4372	57
4373	67
4374	49
4375	55
4376	55
4377	78
4378	50
4379	54
4380	48
4381	52
4382	74
4383	56
4384	54
4385	72
4386	54
4387	52
4388	44
4389	49
4390	57
4391	48
4392	50
4393	52
4394	75
4395	58
4396	49
4397	66
4398	55
4399	68
4400	45
4401	41
4402	42
4403	50
4404	54
4405	75
4406	54
4407	51
4408	58
4409	53
4410	51
4411	51
4412	69
4413	50
4414	62
4415	68
4416	64
4417	52
4418	56
4419	69
4420	59
4421	36
4422	61
4423	54
4424	72
4425	60
4426	55
4427	58
4428	67
4429	60
4430	58
4431	44
4432	40
4433	40
4434	47
4435	47
4436	44
4437	70
4438	55
4439	37
4440	35
4441	83
4442	45
4443	63
4444	60
4445	77
4446	82
4447	67
4448	61
4449	70
4450	61
4451	61
4452	43
4453	80
4454	52
4455	52
4456	53
4457	55
4458	78
4459	43
4460	52
4461	62
4462	59
4463	70
4464	72
4465	55
4466	66
4467	57
4468	65
4469	73
4470	88
4471	65
4472	55
4473	47
4474	75
4475	55
4476	56
4477	56
4478	44
4479	68
4480	41
4481	61
4482	41
4483	87
4484	88
4485	71
4486	59
4487	77
4488	59
4489	60
4490	63
4491	92
4492	68
4493	70
4494	68
4495	73
4496	75
4497	88
4498	56
4499	58
4500	64
4501	61
4502	47
4503	55
4504	61
4505	76
4506	58
4507	63
4508	58
4509	62
4510	70
4511	59
4512	49
4513	47
4514	66
4515	76
4516	72
4517	57
4518	84
4519	65
4520	60
4521	65
4522	78
4523	59
4524	80
4525	75
4526	50
4527	63
4528	59
4529	65
4530	58
4531	53
4532	59
4533	62
4534	80
4535	73
4536	60
4537	68
4538	66
4539	67
4540	56
4541	73
4542	84
4543	97
4544	63
4545	73
4546	64
4547	73
4548	78
4549	58
4550	107
4551	83
4552	70
4553	88
4554	74
4555	73
4556	80
4557	86
4558	69
4559	94
4560	74
4561	80
4562	79
4563	55
4564	49
4565	54
4566	89
4567	84
4568	63
4569	83
4570	58
4571	65
4572	92
4573	81
4574	73
4575	78
4576	84
4577	86
4578	78
4579	76
4580	45
4581	53
4582	64
4583	73
4584	70
4585	79
4586	73
4587	61
4588	77
4589	81
4590	81
4591	87
4592	77
4593	86
4594	83
4595	66
4596	78
4597	72
4598	88
4599	88
4600	66
4601	59
4602	75
4603	54
4604	62
4605	57
4606	67
4607	96
4608	83
4609	85
4610	44
4611	47
4612	57
4613	62
4614	81
4615	68
4616	53
4617	61
4618	48
4619	46
4620	49
4621	45
4622	60
4623	42
4624	55
4625	68
4626	57
4627	54
4628	55
4629	76
4630	81
4631	90
4632	76
4633	62
4634	50
4635	39
4636	69
4637	87
4638	59
4639	66
4640	49
4641	38
4642	54
4643	45
4644	60
4645	43
4646	44
4647	82
4648	62
4649	77
4650	42
4651	53
4652	48
4653	40
4654	62
4655	65
4656	46
4657	39
4658	35
4659	67
4660	78
4661	60
4662	66
4663	61
4664	57
4665	55
4666	74
4667	71
4668	68
4669	72
4670	63
4671	41
4672	48
4673	62
4674	79
4675	67
4676	56
4677	51
4678	75
4679	59
4680	73
4681	48
4682	32
4683	44
4684	60
4685	76
4686	107
4687	102
4688	66
4689	57
4690	66
4691	75
4692	55
4693	50
4694	46
4695	52
4696	48
4697	77
4698	61
4699	46
4700	67
4701	51
4702	41
4703	49
4704	64
4705	54
4706	52
4707	54
4708	53
4709	53
4710	66
4711	53
4712	52
4713	40
4714	36
4715	55
4716	54
4717	79
4718	68
4719	46
4720	59
4721	46
4722	35
4723	71
4724	58
4725	71
4726	49
4727	77
4728	52
4729	53
4730	60
4731	27
4732	44
4733	56
4734	46
4735	53
4736	53
4737	48
4738	68
4739	51
4740	48
4741	34
4742	53
4743	60
4744	44
4745	49
4746	75
4747	57
4748	53
4749	69
4750	43
4751	40
4752	58
4753	61
4754	68
4755	90
4756	64
4757	51
4758	55
4759	56
4760	42
4761	68
4762	56
4763	40
4764	50
4765	46
4766	45
4767	43
4768	34
4769	44
4770	52
4771	49
4772	52
4773	49
4774	59
4775	62
4776	63
4777	63
4778	52
4779	51
4780	72
4781	69
4782	65
4783	80
4784	56
4785	65
4786	58
4787	56
4788	56
4789	58
4790	66
4791	72
4792	40
4793	70
4794	54
4795	59
4796	61
4797	51
4798	81
4799	65
4800	75
4801	65
4802	59
4803	52
4804	66
4805	64
4806	65
4807	52
4808	57
4809	59
4810	76
4811	62
4812	71
4813	69
4814	51
4815	62
4816	54
4817	47
4818	72
4819	63
4820	87
4821	60
4822	62
4823	39
4824	56
4825	74
4826	105
4827	76
4828	56
4829	54
4830	69
4831	62
4832	70
4833	66
4834	62
4835	70
4836	60
4837	65
4838	64
4839	50
4840	64
4841	48
4842	35
4843	61
4844	51
4845	60
4846	52
4847	54
4848	53
4849	40
4850	57
4851	49
4852	68
4853	40
4854	42
4855	43
4856	51
4857	57
4858	52
4859	56
4860	59
4861	59
4862	38
4863	36
4864	30
4865	39
4866	46
4867	64
4868	51
4869	41
4870	47
4871	50
4872	48
4873	56
4874	56
4875	41
4876	37
4877	47
4878	37
4879	53
4880	47
4881	62
4882	56
4883	59
4884	69
4885	65
4886	45
4887	37
4888	51
4889	49
4890	52
4891	54
4892	62
4893	51
4894	59
4895	50
4896	40
4897	31
4898	52
4899	51
4900	52
4901	40
4902	46
4903	53
4904	31
4905	41
4906	48
4907	46
4908	45
4909	65
4910	49
4911	38
4912	47
4913	37
4914	76
4915	46
4916	67
4917	91
4918	76
4919	43
4920	51
4921	51
4922	63
4923	61
4924	63
4925	48
4926	70
4927	59
4928	63
4929	55
4930	55
4931	57
4932	47
4933	41
4934	50
4935	51
4936	50
4937	43
4938	52
4939	55
4940	62
4941	65
4942	39
4943	66
4944	71
4945	63
4946	59
4947	63
4948	43
4949	39
4950	28
4951	31
4952	72
4953	52
4954	68
4955	62
4956	60
4957	49
4958	58
4959	55
4960	52
4961	49
4962	65
4963	67
4964	55
4965	54
4966	75
4967	65
4968	61
4969	56
4970	71
4971	74
4972	79
4973	58
4974	58
4975	70
4976	49
4977	48
4978	70
4979	55
4980	72
4981	49
4982	46
4983	37
4984	64
4985	50
4986	33
4987	52
4988	47
4989	51
4990	48
4991	62
4992	68
4993	57
4994	54
4995	36
4996	53
4997	48
4998	47
4999	70
5000	82
5001	30
5002	47
5003	46
5004	49
5005	35
5006	31
5007	62
5008	54
5009	56
5010	51
5011	48
5012	46
5013	57
5014	53
5015	41
5016	52
5017	60
5018	52
5019	63
5020	55
5021	56
5022	48
5023	46
5024	79
5025	71
5026	78
5027	54
5028	64
5029	66
5030	71
5031	71
5032	68
5033	58
5034	48
5035	37
5036	42
5037	56
5038	49
5039	67
5040	56
5041	65
5042	59
5043	68
5044	38
5045	45
5046	53
5047	63
5048	61
5049	65
5050	73
5051	63
5052	51
5053	67
5054	55
5055	69
5056	70
5057	72
5058	70
5059	55
5060	55
5061	62
5062	63
5063	49
5064	48
5065	49
5066	68
5067	72
5068	58
5069	67
5070	65
5071	58
5072	60
5073	41
5074	26
5075	36
5076	48
5077	55
5078	58
5079	47
5080	59
5081	41
5082	36
5083	70
5084	65
5085	66
5086	71
5087	61
5088	94
5089	41
5090	59
5091	48
5092	55
5093	45
5094	38
5095	23
5096	42
5097	56
5098	49
5099	44
5100	51
5101	62
5102	55
5103	74
5104	47
5105	74
5106	63
5107	77
5108	67
5109	76
5110	54
5111	53
5112	55
5113	72
5114	44
5115	59
5116	69
5117	35
5118	37
5119	56
5120	62
5121	58
5122	49
5123	61
5124	57
5125	75
5126	58
5127	75
5128	59
5129	37
5130	38
5131	59
5132	53
5133	47
5134	36
5135	64
5136	46
5137	51
5138	69
5139	57
5140	54
5141	78
5142	58
5143	56
5144	51
5145	62
5146	55
5147	56
5148	39
5149	37
5150	46
5151	54
5152	61
5153	71
5154	75
5155	50
5156	46
5157	62
5158	47
5159	57
5160	58
5161	73
5162	62
5163	51
5164	59
5165	62
5166	49
5167	43
5168	53
5169	68
5170	73
5171	64
5172	68
5173	64
5174	42
5175	49
5176	58
5177	59
5178	64
5179	59
5180	50
5181	51
5182	42
5183	42
5184	58
5185	34
5186	69
5187	54
5188	67
5189	46
5190	57
5191	57
5192	33
5193	43
5194	37
5195	47
5196	45
5197	45
5198	51
5199	63
5200	58
5201	47
5202	39
5203	34
5204	64
5205	49
5206	57
5207	46
5208	48
5209	48
5210	50
5211	54
5212	46
5213	41
5214	46
5215	38
5216	47
5217	58
5218	61
5219	46
5220	54
5221	66
5222	66
5223	52
5224	51
5225	76
5226	56
5227	48
5228	41
5229	44
5230	39
5231	61
5232	37
5233	58
5234	47
5235	39
5236	66
5237	75
5238	44
5239	53
5240	57
5241	46
5242	43
5243	56
5244	44
5245	49
5246	45
5247	37
5248	35
5249	30
5250	42
5251	60
5252	56
5253	75
5254	40
5255	68
5256	50
5257	82
5258	77
5259	54
5260	59
5261	53
5262	41
5263	48
5264	44
5265	39
5266	38
5267	47
5268	64
5269	71
5270	45
5271	45
5272	40
5273	52
5274	41
5275	50
5276	45
5277	38
5278	49
5279	29
5280	34
5281	45
5282	56
5283	35
5284	46
5285	33
5286	50
5287	40
5288	40
5289	52
5290	47
5291	48
5292	46
5293	57
5294	44
5295	42
5296	47
5297	50
5298	51
5299	44
5300	41
5301	56
5302	38
5303	60
5304	59
5305	47
5306	55
5307	50
5308	58
5309	49
5310	38
5311	63
5312	53
5313	62
5314	64
5315	59
5316	54
5317	46
5318	56
5319	42
5320	36
5321	36
5322	58
5323	52
5324	34
5325	35
5326	41
5327	42
5328	43
5329	31
5330	35
5331	27
5332	25
5333	35
5334	40
5335	32
5336	42
5337	38
5338	27
5339	33
5340	36
5341	37
5342	50
5343	58
5344	40
5345	28
5346	38
5347	59
5348	54
5349	42
5350	51
5351	37
5352	56
5353	41
5354	42
5355	48
5356	44
5357	32
5358	23
5359	39
5360	55
5361	54
5362	42
5363	50
5364	38
5365	47
5366	49
5367	42
5368	45
5369	51
5370	43
5371	57
5372	45
5373	40
5374	49
5375	46
5376	50
5377	48
5378	36
5379	39
5380	55
5381	51
5382	53
5383	70
5384	51
5385	70
5386	46
5387	50
5388	37
5389	35
5390	31
5391	32
5392	44
5393	37
5394	30
5395	43
5396	44
5397	37
5398	54
5399	39
5400	50
5401	35
5402	50
5403	50
5404	34
5405	43
5406	54
5407	63
5408	59
5409	58
5410	70
5411	53
5412	48
5413	45
5414	40
5415	41
5416	50
5417	63
5418	46
5419	51
5420	57
5421	40
5422	56
5423	52
5424	54
5425	42
5426	27
5427	46
5428	50
5429	59
5430	50
5431	54
5432	44
5433	69
5434	61
5435	53
5436	39
5437	49
5438	48
5439	36
5440	43
5441	49
5442	56
5443	56
5444	52
5445	41
5446	51
5447	54
5448	45
5449	44
5450	37
5451	40
5452	50
5453	47
5454	43
5455	36
5456	44
5457	30
5458	38
5459	38
5460	30
5461	38
5462	34
5463	45
5464	47
5465	45
5466	41
5467	56
5468	37
5469	35
5470	43
5471	45
5472	39
5473	25
5474	51
5475	57
5476	53
5477	54
5478	47
5479	46
5480	50
5481	53
5482	48
5483	42
5484	64
5485	53
5486	56
5487	65
5488	64
5489	48
5490	50
5491	48
5492	42
5493	62
5494	35
5495	60
5496	46
5497	57
5498	55
5499	68
5500	61
5501	62
5502	49
5503	50
5504	44
5505	62
5506	79
5507	64
5508	59
5509	67
5510	67
5511	61
5512	70
5513	44
5514	43
5515	62
5516	60
5517	67
5518	29
5519	43
5520	46
5521	55
5522	48
5523	73
5524	71
5525	62
5526	63
5527	60
5528	57
5529	61
5530	70
5531	60
5532	59
5533	66
5534	56
5535	52
5536	58
5537	63
5538	60
5539	69
5540	53
5541	59
5542	56
5543	52
5544	84
5545	78
5546	65
5547	72
5548	58
5549	79
5550	56
5551	61
5552	52
5553	38
5554	58
5555	61
5556	51
5557	46
5558	61
5559	57
5560	57
5561	65
5562	74
5563	60
5564	40
5565	56
5566	52
5567	41
5568	44
5569	47
5570	42
5571	41
5572	55
5573	57
5574	50
5575	52
5576	70
5577	76
5578	59
5579	69
5580	45
5581	37
5582	62
5583	40
5584	77
5585	56
5586	44
5587	48
5588	47
5589	41
5590	35
5591	32
5592	48
5593	58
5594	47
5595	44
5596	75
5597	67
5598	45
5599	36
5600	38
5601	48
5602	36
5603	52
5604	41
5605	51
5606	19
5607	47
5608	28
5609	44
5610	49
5611	46
5612	41
5613	43
5614	39
5615	46
5616	57
5617	44
5618	42
5619	63
5620	61
5621	50
5622	76
5623	67
5624	51
5625	34
5626	45
5627	66
5628	81
5629	45
5630	51
5631	67
5632	39
5633	55
5634	45
5635	40
5636	47
5637	39
5638	72
5639	52
5640	33
5641	41
5642	35
5643	48
5644	46
5645	52
5646	55
5647	58
5648	41
5649	62
5650	66
5651	54
5652	59
5653	41
5654	41
5655	45
5656	56
5657	47
5658	55
5659	53
5660	56
5661	62
5662	48
5663	43
5664	57
5665	47
5666	48
5667	63
5668	59
5669	49
5670	61
5671	60
5672	64
5673	70
5674	63
5675	48
5676	62
5677	57
5678	64
5679	55
5680	30
5681	53
5682	54
5683	47
5684	53
5685	44
5686	56
5687	51
5688	55
5689	66
5690	59
5691	79
5692	65
5693	59
5694	57
5695	84
5696	52
5697	49
5698	33
5699	66
5700	46
5701	46
5702	76
5703	62
5704	68
5705	57
5706	41
5707	65
5708	70
5709	48
5710	39
5711	36
5712	49
5713	58
5714	52
5715	48
5716	64
5717	47
5718	57
5719	61
5720	57
5721	59
5722	56
5723	63
5724	76
5725	53
5726	64
5727	71
5728	51
5729	44
5730	59
5731	64
5732	52
5733	54
5734	45
5735	36
5736	54
5737	36
5738	40
5739	39
5740	39
5741	63
5742	36
5743	41
5744	64
5745	61
5746	79
5747	80
5748	65
5749	69
5750	55
5751	66
5752	66
5753	51
5754	54
5755	49
5756	40
5757	57
5758	60
5759	54
5760	62
5761	37
5762	49
5763	63
5764	69
5765	48
5766	41
5767	39
5768	41
5769	52
5770	43
5771	72
5772	69
5773	47
5774	57
5775	33
5776	38
5777	29
5778	35
5779	45
5780	72
5781	34
5782	32
5783	33
5784	37
5785	40
5786	58
5787	35
5788	37
5789	28
5790	44
5791	42
5792	18
5793	33
5794	39
5795	40
5796	39
5797	40
5798	47
5799	22
5800	41
5801	63
5802	47
5803	50
5804	43
5805	48
5806	49
5807	57
5808	47
5809	36
5810	37
5811	54
5812	67
5813	45
5814	41
5815	62
5816	66
5817	50
5818	38
5819	44
5820	64
5821	62
5822	52
5823	33
5824	33
5825	28
5826	44
5827	35
5828	33
5829	44
5830	44
5831	50
5832	50
5833	52
5834	63
5835	56
5836	43
5837	28
5838	43
5839	49
5840	51
5841	52
5842	57
5843	47
5844	47
5845	37
5846	36
5847	54
5848	60
5849	46
5850	52
5851	51
5852	54
5853	61
5854	58
5855	62
5856	64
5857	55
5858	33
5859	45
5860	38
5861	35
5862	62
5863	49
5864	50
5865	42
5866	39
5867	47
5868	36
5869	69
5870	46
5871	45
5872	41
5873	54
5874	63
5875	41
5876	57
5877	79
5878	53
5879	62
5880	39
5881	46
5882	44
5883	42
5884	42
5885	37
5886	39
5887	44
5888	59
5889	44
5890	41
5891	46
5892	73
5893	54
5894	49
5895	68
5896	52
5897	55
5898	66
5899	54
5900	36
5901	50
5902	40
5903	62
5904	43
5905	34
5906	57
5907	55
5908	55
5909	49
5910	49
5911	56
5912	39
5913	61
5914	43
5915	54
5916	44
5917	61
5918	52
5919	48
5920	59
5921	28
5922	35
5923	51
5924	28
5925	48
5926	40
5927	58
5928	49
5929	28
5930	30
5931	40
5932	47
5933	61
5934	40
5935	35
5936	47
5937	52
5938	38
5939	54
5940	35
5941	54
5942	71
5943	59
5944	47
5945	37
5946	41
5947	46
5948	36
5949	51
5950	54
5951	58
5952	33
5953	48
5954	41
5955	33
5956	62
5957	58
5958	54
5959	61
5960	77
5961	54
5962	65
5963	68
5964	66
5965	60
5966	38
5967	28
5968	39
5969	36
5970	38
5971	36
5972	51
5973	50
5974	65
5975	52
5976	46
5977	41
5978	47
5979	45
5980	90
5981	35
5982	52
5983	36
5984	49
5985	59
5986	59
5987	51
5988	36
5989	68
5990	58
5991	59
5992	58
5993	54
5994	72
5995	51
5996	73
5997	53
5998	62
5999	57
6000	46
6001	63
6002	50
6003	52
6004	61
6005	55
6006	52
6007	55
6008	65
6009	56
6010	53
6011	45
6012	49
6013	46
6014	59
6015	45
6016	48
6017	47
6018	42
6019	61
6020	59
6021	44
6022	51
6023	34
6024	52
6025	68
6026	50
6027	63
6028	39
6029	42
6030	62
6031	72
6032	55
6033	45
6034	54
6035	55
6036	45
6037	44
6038	45
6039	53
6040	45
6041	55
6042	61
6043	66
6044	56
6045	77
6046	66
6047	66
6048	49
6049	42
6050	35
6051	50
6052	39
6053	54
6054	53
6055	62
6056	69
6057	45
6058	53
6059	54
6060	40
6061	58
6062	51
6063	40
6064	35
6065	24
6066	36
6067	44
6068	42
6069	41
6070	36
6071	36
6072	24
6073	49
6074	49
6075	54
6076	56
6077	35
6078	40
6079	34
6080	43
6081	38
6082	44
6083	29
6084	34
6085	38
6086	43
6087	54
6088	33
6089	39
6090	36
6091	37
6092	36
6093	38
6094	36
6095	34
6096	32
6097	48
6098	45
6099	45
6100	57
6101	41
6102	33
6103	46
6104	46
6105	33
6106	33
6107	36
6108	47
6109	49
6110	46
6111	32
6112	59
6113	34
6114	36
6115	36
6116	42
6117	42
6118	36
6119	60
6120	45
6121	47
6122	43
6123	50
6124	43
6125	50
6126	31
6127	31
6128	54
6129	29
6130	66
6131	78
6132	69
6133	50
6134	49
6135	34
6136	50
6137	50
6138	61
6139	47
6140	44
6141	53
6142	49
6143	52
6144	62
6145	47
6146	46
6147	56
6148	38
6149	40
6150	49
6151	41
6152	32
6153	51
6154	46
6155	37
6156	42
6157	36
6158	38
6159	52
6160	55
6161	49
6162	47
6163	58
6164	46
6165	53
6166	48
6167	49
6168	42
6169	59
6170	39
6171	35
6172	34
6173	52
6174	43
6175	49
6176	39
6177	40
6178	39
6179	30
6180	51
6181	51
6182	36
6183	27
6184	29
6185	25
6186	51
6187	37
6188	72
6189	53
6190	48
6191	41
6192	56
6193	52
6194	51
6195	60
6196	49
6197	52
6198	44
6199	42
6200	39
6201	43
6202	52
6203	47
6204	28
6205	42
6206	32
6207	41
6208	55
6209	42
6210	45
6211	54
6212	52
6213	38
6214	57
6215	36
6216	34
6217	34
6218	39
6219	39
6220	57
6221	40
6222	41
6223	51
6224	54
6225	48
6226	46
6227	46
6228	38
6229	58
6230	56
6231	44
6232	54
6233	39
6234	48
6235	48
6236	44
6237	32
6238	39
6239	33
6240	51
6241	40
6242	35
6243	54
6244	49
6245	60
6246	49
6247	29
6248	43
6249	48
6250	39
6251	50
6252	44
6253	47
6254	42
6255	51
6256	23
6257	41
6258	55
6259	51
6260	57
6261	69
6262	69
6263	79
6264	44
6265	56
6266	64
6267	55
6268	48
6269	57
6270	55
6271	60
6272	63
6273	42
6274	58
6275	29
6276	50
6277	52
6278	48
6279	60
6280	47
6281	34
6282	51
6283	35
6284	30
6285	33
6286	37
6287	48
6288	39
6289	55
6290	29
6291	34
6292	44
6293	45
6294	50
6295	51
6296	61
6297	49
6298	60
6299	58
6300	56
6301	52
6302	42
6303	69
6304	57
6305	31
6306	44
6307	32
6308	34
6309	26
6310	58
6311	42
6312	30
6313	29
6314	41
6315	48
6316	68
6317	45
6318	57
6319	70
6320	57
6321	66
6322	51
6323	63
6324	58
6325	49
6326	55
6327	27
6328	24
6329	45
6330	69
6331	52
6332	48
6333	64
6334	56
6335	55
6336	57
6337	48
6338	50
6339	27
6340	59
6341	49
6342	48
6343	41
6344	49
6345	50
6346	56
6347	54
6348	60
6349	53
6350	55
6351	50
6352	42
6353	52
6354	57
6355	73
6356	39
6357	44
6358	70
6359	51
6360	58
6361	49
6362	52
6363	53
6364	74
6365	68
6366	65
6367	43
6368	39
6369	49
6370	36
6371	37
6372	45
6373	52
6374	30
6375	41
6376	33
6377	58
6378	68
6379	41
6380	38
6381	59
6382	39
6383	46
6384	32
6385	44
6386	39
6387	50
6388	51
6389	25
6390	41
6391	57
6392	51
6393	37
6394	40
6395	40
6396	61
6397	39
6398	36
6399	39
6400	18
6401	39
6402	48
6403	38
6404	34
6405	24
6406	52
6407	43
6408	45
6409	23
6410	51
6411	42
6412	45
6413	55
6414	34
6415	32
6416	35
6417	52
6418	42
6419	60
6420	34
6421	34
6422	38
6423	27
6424	40
6425	44
6426	37
6427	31
6428	40
6429	50
6430	65
6431	32
6432	37
6433	37
6434	44
6435	56
6436	13
6437	39
6438	38
6439	51
6440	49
6441	30
6442	32
6443	43
6444	27
6445	24
6446	44
6447	30
6448	49
6449	41
6450	52
6451	34
6452	46
6453	59
6454	42
6455	32
6456	49
6457	41
6458	35
6459	44
6460	38
6461	49
6462	38
6463	56
6464	27
6465	45
6466	36
6467	43
6468	24
6469	47
6470	34
6471	42
6472	38
6473	52
6474	24
6475	39
6476	27
6477	28
6478	40
6479	38
6480	26
6481	17
6482	36
6483	41
6484	38
6485	42
6486	31
6487	43
6488	36
6489	40
6490	24
6491	32
6492	28
6493	33
6494	31
6495	39
6496	45
6497	35
6498	36
6499	66
6500	35
6501	47
6502	36
6503	33
6504	41
6505	55
6506	40
6507	50
6508	23
6509	34
6510	45
6511	47
6512	46
6513	53
6514	33
6515	45
6516	36
6517	44
6518	39
6519	30
6520	38
6521	48
6522	28
6523	48
6524	31
6525	47
6526	52
6527	35
6528	18
6529	37
6530	19
6531	32
6532	38
6533	52
6534	44
6535	51
6536	40
6537	45
6538	54
6539	51
6540	42
6541	36
6542	48
6543	59
6544	41
6545	28
6546	39
6547	41
6548	42
6549	55
6550	49
6551	43
6552	57
6553	48
6554	36
6555	25
6556	31
6557	37
6558	28
6559	45
6560	37
6561	54
6562	40
6563	35
6564	56
6565	55
6566	43
6567	44
6568	41
6569	31
6570	42
6571	32
6572	37
6573	42
6574	38
6575	53
6576	34
6577	45
6578	33
6579	45
6580	29
6581	27
6582	29
6583	37
6584	44
6585	40
6586	39
6587	40
6588	35
6589	48
6590	45
6591	37
6592	20
6593	28
6594	28
6595	43
6596	24
6597	40
6598	29
6599	33
6600	35
6601	33
6602	42
6603	33
6604	28
6605	39
6606	25
6607	15
6608	29
6609	49
6610	32
6611	35
6612	40
6613	33
6614	40
6615	49
6616	53
6617	40
6618	42
6619	43
6620	42
6621	37
6622	30
6623	51
6624	27
6625	22
6626	32
6627	16
6628	41
6629	24
6630	41
6631	41
6632	36
6633	22
6634	31
6635	24
6636	32
6637	39
6638	34
6639	25
6640	46
6641	57
6642	46
6643	52
6644	25
6645	40
6646	22
6647	28
6648	36
6649	38
6650	37
6651	44
6652	59
6653	40
6654	39
6655	37
6656	32
6657	30
6658	40
6659	29
6660	40
6661	29
6662	24
6663	25
6664	26
6665	35
6666	36
6667	32
6668	24
6669	24
6670	33
6671	35
6672	34
6673	34
6674	45
6675	35
6676	31
6677	46
6678	28
6679	38
6680	23
6681	38
6682	44
6683	27
6684	34
6685	47
6686	34
6687	32
6688	25
6689	18
6690	31
6691	18
6692	26
6693	15
6694	29
6695	18
6696	28
6697	23
6698	31
6699	38
6700	27
6701	25
6702	22
6703	36
6704	42
6705	32
6706	36
6707	38
6708	29
6709	23
6710	36
6711	36
6712	34
6713	33
6714	31
6715	39
6716	30
6717	41
6718	59
6719	48
6720	38
6721	51
6722	43
6723	52
6724	42
6725	31
6726	46
6727	29
6728	25
6729	28
6730	34
6731	32
6732	33
6733	53
6734	38
6735	36
6736	59
6737	46
6738	43
6739	27
6740	51
6741	26
6742	34
6743	33
6744	53
6745	29
6746	57
6747	37
6748	37
6749	34
6750	46
6751	42
6752	34
6753	24
6754	26
6755	32
6756	32
6757	44
6758	31
6759	36
6760	38
6761	33
6762	31
6763	29
6764	41
6765	44
6766	34
6767	44
6768	56
6769	35
6770	40
6771	40
6772	23
6773	27
6774	31
6775	28
6776	26
6777	37
6778	46
6779	42
6780	41
6781	30
6782	32
6783	35
6784	22
6785	29
6786	32
6787	39
6788	41
6789	39
6790	41
6791	41
6792	68
6793	34
6794	45
6795	38
6796	37
6797	35
6798	36
6799	36
6800	49
6801	52
6802	35
6803	30
6804	39
6805	31
6806	39
6807	40
6808	43
6809	36
6810	42
6811	26
6812	48
6813	33
6814	38
6815	37
6816	41
6817	31
6818	32
6819	41
6820	37
6821	28
6822	41
6823	40
6824	43
6825	29
6826	46
6827	32
6828	30
6829	30
6830	32
6831	35
6832	25
6833	21
6834	17
6835	46
6836	33
6837	39
6838	40
6839	25
6840	45
6841	25
6842	35
6843	39
6844	37
6845	21
6846	49
6847	56
6848	43
6849	55
6850	61
6851	38
6852	28
6853	12
6854	28
6855	15
6856	21
6857	73
6858	46
6859	39
6860	46
6861	58
6862	33
6863	27
6864	51
6865	28
6866	26
6867	42
6868	49
6869	40
6870	28
6871	30
6872	37
6873	34
6874	37
6875	27
6876	58
6877	34
6878	42
6879	42
6880	28
6881	29
6882	53
6883	55
6884	27
6885	25
6886	30
6887	32
6888	51
6889	44
6890	42
6891	41
6892	41
6893	55
6894	54
6895	44
6896	29
6897	26
6898	30
6899	35
6900	39
6901	30
6902	33
6903	27
6904	44
6905	25
6906	38
6907	46
6908	39
6909	39
6910	40
6911	46
6912	35
6913	48
6914	33
6915	33
6916	26
6917	41
6918	40
6919	40
6920	48
6921	43
6922	46
6923	35
6924	36
6925	25
6926	51
6927	28
6928	41
6929	47
6930	33
6931	23
6932	47
6933	57
6934	36
6935	32
6936	37
6937	39
6938	17
6939	53
6940	40
6941	35
6942	20
6943	32
6944	20
6945	26
6946	35
6947	38
6948	31
6949	28
6950	25
6951	44
6952	47
6953	29
6954	47
6955	28
6956	51
6957	21
6958	46
6959	56
6960	63
6961	48
6962	38
6963	46
6964	54
6965	57
6966	35
6967	52
6968	55
6969	28
6970	36
6971	25
6972	47
6973	32
6974	30
6975	23
6976	24
6977	61
6978	51
6979	64
6980	30
6981	50
6982	53
6983	49
6984	45
6985	55
6986	45
6987	36
6988	42
6989	22
6990	40
6991	55
6992	55
6993	64
6994	43
6995	56
6996	59
6997	44
6998	64
6999	50
7000	28
7001	41
7002	40
7003	34
7004	17
7005	31
7006	32
7007	37
7008	36
7009	46
7010	47
7011	55
7012	66
7013	50
7014	28
7015	44
7016	40
7017	38
7018	28
7019	44
7020	49
7021	37
7022	44
7023	50
7024	50
7025	57
7026	39
7027	46
7028	30
7029	45
7030	42
7031	45
7032	34
7033	38
7034	39
7035	62
7036	55
7037	53
7038	42
7039	33
7040	28
7041	34
7042	44
7043	44
7044	47
7045	34
7046	42
7047	26
7048	28
7049	33
7050	46
7051	45
7052	41
7053	23
7054	31
7055	27
7056	33
7057	15
7058	33
7059	31
7060	39
7061	34
7062	33
7063	34
7064	39
7065	40
7066	46
7067	37
7068	32
7069	42
7070	37
7071	48
7072	30
7073	33
7074	45
7075	43
7076	44
7077	35
7078	35
7079	30
7080	48
7081	28
7082	54
7083	53
7084	48
7085	48
7086	70
7087	42
7088	39
7089	59
7090	43
7091	42
7092	55
7093	26
7094	30
7095	39
7096	48
7097	34
7098	41
7099	46
7100	43
7101	36
7102	62
7103	35
7104	35
7105	26
7106	42
7107	31
7108	47
7109	43
7110	42
7111	53
7112	36
7113	36
7114	45
7115	37
7116	48
7117	33
7118	34
7119	35
7120	39
7121	21
7122	26
7123	33
7124	38
7125	49
7126	44
7127	50
7128	47
7129	40
7130	67
7131	35
7132	38
7133	46
7134	69
7135	48
7136	42
7137	33
7138	34
7139	51
7140	35
7141	35
7142	54
7143	47
7144	45
7145	38
7146	40
7147	55
7148	43
7149	54
7150	31
7151	31
7152	25
7153	26
7154	23
7155	41
7156	35
7157	27
7158	33
7159	32
7160	27
7161	39
7162	42
7163	46
7164	26
7165	41
7166	16
7167	37
7168	59
7169	46
7170	41
7171	60
7172	48
7173	41
7174	53
7175	42
7176	49
7177	36
7178	58
7179	44
7180	32
7181	34
7182	43
7183	38
7184	29
7185	39
7186	50
7187	42
7188	36
7189	45
7190	26
7191	54
7192	24
7193	38
7194	43
7195	45
7196	38
7197	53
7198	44
7199	41
7200	30
7201	63
7202	44
7203	35
7204	57
7205	38
7206	45
7207	48
7208	54
7209	31
7210	34
7211	43
7212	39
7213	52
7214	58
7215	58
7216	51
7217	39
7218	32
7219	65
7220	38
7221	38
7222	43
7223	24
7224	43
7225	41
7226	47
7227	23
7228	45
7229	54
7230	57
7231	54
7232	44
7233	36
7234	39
7235	44
7236	62
7237	30
7238	32
7239	45
7240	51
7241	38
7242	37
7243	50
7244	35
7245	34
7246	30
7247	22
7248	27
7249	44
7250	32
7251	24
7252	42
7253	40
7254	39
7255	46
7256	52
7257	40
7258	40
7259	49
7260	36
7261	47
7262	43
7263	28
7264	36
7265	34
7266	57
7267	39
7268	42
7269	52
7270	54
7271	42
7272	43
7273	31
7274	47
7275	30
7276	44
7277	24
7278	35
7279	42
7280	39
7281	48
7282	54
7283	50
7284	37
7285	42
7286	42
7287	26
7288	22
7289	25
7290	37
7291	33
7292	32
7293	41
7294	29
7295	25
7296	32
7297	43
7298	42
7299	41
7300	24
7301	41
7302	34
7303	28
7304	34
7305	45
7306	36
7307	28
7308	43
7309	26
7310	34
7311	40
7312	43
7313	40
7314	50
7315	47
7316	35
7317	47
7318	34
7319	40
7320	45
7321	24
7322	36
7323	42
7324	21
7325	38
7326	22
7327	22
7328	35
7329	26
7330	30
7331	32
7332	27
7333	45
7334	47
7335	28
7336	41
7337	32
7338	28
7339	41
7340	24
7341	42
7342	45
7343	43
7344	49
7345	37
7346	50
7347	49
7348	51
7349	37
7350	38
7351	66
7352	27
7353	39
7354	31
7355	30
7356	36
7357	31
7358	36
7359	41
7360	36
7361	46
7362	37
7363	49
7364	34
7365	39
7366	30
7367	41
7368	36
7369	21
7370	32
7371	23
7372	21
7373	34
7374	21
7375	19
7376	19
7377	41
7378	35
7379	44
7380	50
7381	47
7382	41
7383	36
7384	38
7385	53
7386	51
7387	35
7388	44
7389	39
7390	38
7391	39
7392	32
7393	31
7394	33
7395	41
7396	39
7397	41
7398	32
7399	37
7400	44
7401	36
7402	30
7403	42
7404	20
7405	46
7406	19
7407	23
7408	30
7409	46
7410	34
7411	29
7412	24
7413	24
7414	52
7415	32
7416	29
7417	20
7418	36
7419	42
7420	33
7421	34
7422	65
7423	24
7424	38
7425	43
7426	42
7427	28
7428	35
7429	41
7430	29
7431	39
7432	22
7433	25
7434	28
7435	37
7436	45
7437	40
7438	36
7439	48
7440	41
7441	48
7442	57
7443	34
7444	18
7445	45
7446	37
7447	36
7448	30
7449	35
7450	24
7451	32
7452	26
7453	20
7454	23
7455	35
7456	45
7457	41
7458	33
7459	18
7460	32
7461	34
7462	25
7463	36
7464	30
7465	34
7466	18
7467	46
7468	28
7469	41
7470	24
7471	33
7472	24
7473	24
7474	15
7475	32
7476	33
7477	36
7478	24
7479	36
7480	27
7481	27
7482	26
7483	41
7484	25
7485	35
7486	52
7487	45
7488	27
7489	28
7490	18
7491	40
7492	28
7493	35
7494	21
7495	39
7496	35
7497	30
7498	28
7499	30
7500	45
7501	26
7502	13
7503	40
7504	22
7505	29
7506	31
7507	19
7508	14
7509	30
7510	31
7511	25
7512	34
7513	23
7514	30
7515	35
7516	29
7517	26
7518	33
7519	30
7520	19
7521	31
7522	28
7523	28
7524	25
7525	16
7526	25
7527	15
7528	25
7529	16
7530	37
7531	30
7532	29
7533	27
7534	24
7535	18
7536	26
7537	22
7538	28
7539	24
7540	28
7541	24
7542	39
7543	28
7544	56
7545	32
7546	28
7547	30
7548	23
7549	39
7550	45
7551	36
7552	32
7553	44
7554	43
7555	29
7556	45
7557	35
7558	18
7559	29
7560	48
7561	45
7562	32
7563	27
7564	32
7565	36
7566	29
7567	42
7568	37
7569	43
7570	41
7571	50
7572	42
7573	46
7574	54
7575	30
7576	37
7577	29
7578	44
7579	33
7580	67
7581	45
7582	36
7583	23
7584	31
7585	35
7586	54
7587	43
7588	44
7589	19
7590	40
7591	28
7592	43
7593	38
7594	40
7595	29
7596	34
7597	51
7598	43
7599	38
7600	58
7601	25
7602	29
7603	35
7604	31
7605	28
7606	52
7607	29
7608	44
7609	45
7610	61
7611	57
7612	33
7613	40
7614	30
7615	24
7616	34
7617	45
7618	25
7619	46
7620	36
7621	38
7622	17
7623	26
7624	45
7625	39
7626	38
7627	36
7628	40
7629	49
7630	33
7631	27
7632	38
7633	29
7634	32
7635	41
7636	24
7637	31
7638	24
7639	23
7640	25
7641	31
7642	24
7643	27
7644	33
7645	17
7646	31
7647	31
7648	29
7649	41
7650	35
7651	28
7652	23
7653	32
7654	31
7655	34
7656	31
7657	30
7658	28
7659	29
7660	24
7661	29
7662	29
7663	26
7664	25
7665	32
7666	33
7667	37
7668	40
7669	38
7670	38
7671	26
7672	30
7673	23
7674	28
7675	46
7676	44
7677	18
7678	42
7679	33
7680	22
7681	31
7682	28
7683	27
7684	35
7685	21
7686	10
7687	17
7688	23
7689	18
7690	12
7691	37
7692	31
7693	29
7694	17
7695	10
7696	23
7697	21
7698	40
7699	26
7700	27
7701	20
7702	16
7703	31
7704	25
7705	20
7706	17
7707	22
7708	21
7709	29
7710	32
7711	24
7712	19
7713	36
7714	25
7715	28
7716	23
7717	25
7718	25
7719	31
7720	31
7721	31
7722	26
7723	24
7724	43
7725	22
7726	31
7727	31
7728	42
7729	24
7730	32
7731	33
7732	27
7733	40
7734	34
7735	52
7736	43
7737	25
7738	40
7739	37
7740	36
7741	34
7742	35
7743	28
7744	44
7745	54
7746	21
7747	37
7748	31
7749	23
7750	25
7751	27
7752	30
7753	8
7754	35
7755	26
7756	34
7757	30
7758	26
7759	31
7760	36
7761	34
7762	25
7763	13
7764	22
7765	19
7766	24
7767	16
7768	33
7769	27
7770	28
7771	39
7772	16
7773	32
7774	27
7775	26
7776	27
7777	22
7778	27
7779	27
7780	30
7781	22
7782	26
7783	23
7784	31
7785	17
7786	22
7787	40
7788	37
7789	32
7790	39
7791	28
7792	43
7793	29
7794	39
7795	34
7796	52
7797	30
7798	36
7799	28
7800	28
7801	47
7802	20
7803	35
7804	42
7805	42
7806	34
7807	30
7808	26
7809	33
7810	39
7811	39
7812	27
7813	47
7814	30
7815	29
7816	28
7817	44
7818	37
7819	29
7820	19
7821	47
7822	45
7823	53
7824	20
7825	22
7826	6
7827	18
7828	29
7829	28
7830	28
7831	30
7832	26
7833	23
7834	21
7835	22
7836	27
7837	28
7838	26
7839	43
7840	37
7841	27
7842	35
7843	35
7844	41
7845	24
7846	28
7847	45
7848	37
7849	36
7850	51
7851	33
7852	35
7853	33
7854	30
7855	20
7856	32
7857	33
7858	37
7859	24
7860	24
7861	28
7862	38
7863	34
7864	21
7865	31
7866	41
7867	32
7868	43
7869	39
7870	46
7871	24
7872	38
7873	47
7874	63
7875	32
7876	41
7877	37
7878	43
7879	42
7880	28
7881	26
7882	38
7883	54
7884	58
7885	86
7886	58
7887	45
7888	53
7889	35
7890	34
7891	43
7892	62
7893	78
7894	54
7895	55
7896	53
7897	44
7898	44
7899	48
7900	36
7901	43
7902	43
7903	48
7904	46
7905	71
7906	46
7907	60
7908	43
7909	43
7910	63
7911	59
7912	51
7913	70
7914	63
7915	48
7916	57
7917	63
7918	52
7919	49
7920	44
7921	49
7922	38
7923	45
7924	29
7925	41
7926	45
7927	48
7928	53
7929	33
7930	56
7931	50
7932	52
7933	49
7934	67
7935	70
7936	69
7937	70
7938	53
7939	44
7940	73
7941	61
7942	57
7943	36
7944	52
7945	56
7946	42
7947	53
7948	60
7949	52
7950	43
7951	40
7952	31
7953	57
7954	41
7955	26
7956	45
7957	46
7958	54
7959	55
7960	66
7961	56
7962	54
7963	48
7964	52
7965	57
7966	52
7967	30
7968	53
7969	50
7970	61
7971	38
7972	50
7973	41
7974	48
7975	37
7976	30
7977	32
7978	39
7979	40
7980	46
7981	53
7982	34
7983	44
7984	39
7985	48
7986	47
7987	44
7988	50
7989	56
7990	51
7991	29
7992	34
7993	46
7994	61
7995	41
7996	24
7997	57
7998	47
7999	32
8000	298974
