16	7
17	6
18	7
19	8
20	10
21	8
22	8
23	5
24	8
25	5
26	4
27	5
28	5
29	6
30	13
31	10
32	11
33	16
34	17
35	13
36	17
37	13
38	19
39	39
40	27
41	35
42	40
43	41
44	41
45	30
46	34
47	35
48	37
49	33
50	41
51	38
52	48
53	44
54	29
55	33
56	38
57	39
58	40
59	53
60	39
61	51
62	42
63	49
64	42
65	54
66	67
67	54
68	51
69	38
70	67
71	61
72	40
73	65
74	78
75	86
76	71
77	77
78	103
79	102
80	86
81	91
82	101
83	81
84	101
85	105
86	110
87	98
88	95
89	137
90	168
91	143
92	173
93	167
94	166
95	169
96	176
97	180
98	217
99	205
100	230
101	235
102	218
103	216
104	255
105	231
106	245
107	265
108	259
109	315
110	297
111	313
112	301
113	333
114	309
115	361
116	347
117	378
118	373
119	386
120	411
121	411
122	386
123	412
124	453
125	475
126	437
127	449
128	415
129	458
130	504
131	480
132	530
133	562
134	543
135	536
136	592
137	564
138	584
139	618
140	630
141	686
142	771
143	912
144	964
145	1293
146	1780
147	3371
148	4701
149	8247
150	11474
