0	0
1	0
2	0
3	0
4	0
5	0
6	0
7	0
8	0
9	0
10	0
11	0
12	1
13	0
14	3
15	4
16	3
17	5
18	4
19	7
20	4
21	4
22	3
23	4
24	3
25	3
26	2
27	5
28	11
29	9
30	10
31	8
32	9
33	10
34	15
35	14
36	11
37	11
38	14
39	24
40	14
41	16
42	29
43	23
44	36
45	19
46	16
47	254
48	11
49	20
50	31
51	22
52	15
53	19
54	19
55	17
56	17
57	19
58	18
59	16
60	16
61	15
62	16
63	21
64	12
65	19
66	17
67	13
68	15
69	13
70	21
71	8
72	19
73	11
74	26
75	27
76	14
77	22
78	25
79	19
80	20
81	21
82	26
83	19
84	30
85	22
86	35
87	25
88	26
89	56
90	42
91	38
92	37
93	45
94	45
95	47
96	45
97	39
98	63
99	51
100	57
101	59
102	57
103	67
104	47
105	60
106	60
107	52
108	78
109	107
110	87
111	73
112	65
113	78
114	69
115	112
116	87
117	77
118	73
119	90
120	76
121	102
122	97
123	113
124	84
125	69
126	107
127	93
128	75
129	123
130	95
131	99
132	118
133	73
134	94
135	93
136	120
137	124
138	131
139	157
140	89
141	104
142	112
143	80
144	104
145	105
146	68
147	106
148	111
149	93
150	124
151	134
152	111
153	131
154	96
155	108
156	77
157	98
158	125
159	93
160	169
161	127
162	162
163	100
164	165
165	148
166	115
167	163
168	129
169	118
170	116
171	125
172	133
173	155
174	136
175	147
176	211
177	133
178	130
179	145
180	124
181	149
182	152
183	122
184	130
185	145
186	139
187	128
188	119
189	147
190	91
191	125
192	153
193	123
194	114
195	131
196	147
197	184
198	152
199	120
200	115
201	150
202	180
203	98
204	153
205	118
206	111
207	180
208	166
209	126
210	85
211	158
212	133
213	69
214	71
215	118
216	115
217	105
218	149
219	101
220	139
221	85
222	92
223	93
224	100
225	109
226	82
227	100
228	98
229	132
230	135
231	132
232	94
233	100
234	133
235	86
236	139
237	74
238	106
239	121
240	105
241	127
242	101
243	100
244	111
245	107
246	81
247	109
248	108
249	106
250	152
251	134
252	143
253	213
254	95
255	85
256	138
257	142
258	156
259	143
260	134
261	90
262	129
263	178
264	122
265	160
266	131
267	120
268	102
269	95
270	120
271	152
272	132
273	90
274	64
275	131
276	75
277	98
278	120
279	126
280	149
281	110
282	146
283	166
284	95
285	80
286	114
287	165
288	129
289	115
290	160
291	97
292	139
293	127
294	89
295	116
296	168
297	117
298	102
299	86
300	126
301	101
302	97
303	124
304	139
305	85
306	142
307	99
308	93
309	98
310	109
311	129
312	100
313	126
314	82
315	61
316	114
317	75
318	69
319	104
320	124
321	93
322	129
323	99
324	77
325	82
326	90
327	101
328	53
329	117
330	105
331	72
332	101
333	58
334	77
335	73
336	78
337	102
338	103
339	89
340	64
341	86
342	50
343	50
344	70
345	71
346	61
347	88
348	75
349	66
350	82
351	99
352	55
353	69
354	89
355	91
356	69
357	78
358	76
359	72
360	81
361	86
362	97
363	89
364	58
365	75
366	80
367	67
368	52
369	52
370	106
371	64
372	54
373	88
374	60
375	99
376	88
377	77
378	60
379	72
380	47
381	81
382	60
383	92
384	53
385	57
386	70
387	82
388	74
389	66
390	71
391	70
392	60
393	44
394	86
395	45
396	80
397	75
398	108
399	88
400	92
401	68
402	70
403	57
404	67
405	83
406	65
407	69
408	75
409	70
410	52
411	48
412	80
413	74
414	62
415	78
416	61
417	69
418	92
419	53
420	49
421	62
422	54
423	62
424	61
425	49
426	65
427	46
428	42
429	70
430	39
431	40
432	52
433	78
434	33
435	51
436	75
437	64
438	39
439	80
440	42
441	57
442	54
443	49
444	53
445	58
446	68
447	64
448	49
449	48
450	42
451	53
452	73
453	54
454	56
455	60
456	75
457	50
458	33
459	36
460	35
461	38
462	59
463	54
464	34
465	36
466	45
467	32
468	38
469	31
470	50
471	54
472	25
473	27
474	36
475	36
476	26
477	28
478	40
479	40
480	31
481	28
482	21
483	43
484	28
485	23
486	29
487	21
488	41
489	41
490	29
491	26
492	21
493	28
494	29
495	24
496	22
497	24
498	27
499	29
500	26
501	45
502	39
503	25
504	33
505	47
506	30
507	37
508	43
509	21
510	35
511	29
512	27
513	28
514	23
515	27
516	16
517	21
518	24
519	25
520	26
521	16
522	24
523	26
524	28
525	13
526	21
527	25
528	17
529	22
530	23
531	19
532	33
533	9
534	34
535	20
536	11
537	16
538	16
539	25
540	25
541	37
542	22
543	21
544	17
545	22
546	15
547	26
548	22
549	13
550	18
551	30
552	20
553	13
554	17
555	29
556	26
557	9
558	17
559	12
560	22
561	17
562	20
563	29
564	20
565	24
566	18
567	28
568	26
569	20
570	13
571	18
572	15
573	7
574	15
575	29
