0	0
1	0
2	0
3	0
4	0
5	0
6	0
7	0
8	0
9	0
10	0
11	0
12	1
13	0
14	3
15	4
16	3
17	5
18	4
19	7
20	4
21	4
22	3
23	4
24	3
25	3
26	2
27	5
28	11
29	9
30	10
31	8
32	9
33	10
34	14
35	14
36	11
37	11
38	12
39	21
40	13
41	16
42	19
43	18
44	16
45	18
46	11
47	27
48	8
49	19
50	21
51	19
52	14
53	17
54	19
55	17
56	15
57	19
58	18
59	15
60	16
61	14
62	15
63	20
64	9
65	18
66	16
67	13
68	15
69	13
70	21
71	8
72	17
73	10
74	24
75	27
76	14
77	22
78	23
79	17
80	20
81	20
82	26
83	18
84	30
85	22
86	34
87	25
88	26
89	49
90	37
91	37
92	35
93	42
94	42
95	45
96	41
97	39
98	59
99	46
100	52
101	56
102	54
103	58
104	45
105	56
106	52
107	50
108	69
109	73
110	61
111	59
112	60
113	71
114	55
115	85
116	72
117	61
118	60
119	76
120	67
121	90
122	70
123	90
124	69
125	58
126	83
127	83
128	64
129	86
130	79
131	76
132	90
133	60
134	76
135	76
136	83
137	90
138	98
139	124
140	71
141	76
142	81
143	67
144	77
145	68
146	54
147	65
148	82
149	74
150	83
151	78
152	68
153	77
154	71
155	69
156	54
157	69
158	81
159	59
160	107
161	80
162	108
163	75
164	94
165	90
166	76
167	96
168	70
169	64
170	81
171	77
172	78
173	82
174	82
175	90
176	114
177	77
178	75
179	84
180	78
181	85
182	82
183	79
184	76
185	75
186	82
187	75
188	75
189	84
190	61
191	71
192	80
193	80
194	62
195	78
196	85
197	88
198	82
199	58
200	74
201	75
202	83
203	66
204	90
205	65
206	77
207	88
208	83
209	65
210	52
211	72
212	77
213	42
214	41
215	65
216	70
217	67
218	82
219	64
220	69
221	44
222	56
223	45
224	47
225	51
226	57
227	57
228	56
229	70
230	74
231	67
232	58
233	61
234	65
235	53
236	75
237	51
238	60
239	74
240	64
241	71
242	56
243	59
244	60
245	62
246	44
247	61
248	68
249	66
250	84
251	65
252	79
253	87
254	57
255	63
256	75
257	86
258	81
259	85
260	81
261	51
262	70
263	87
264	66
265	80
266	69
267	67
268	73
269	67
270	70
271	81
272	76
273	66
274	46
275	76
276	59
277	60
278	76
279	84
280	80
281	72
282	80
283	87
284	65
285	53
286	72
287	90
288	84
289	63
290	93
291	73
292	82
293	78
294	63
295	57
296	97
297	70
298	59
299	63
300	76
301	62
302	73
303	87
304	92
305	55
306	87
307	74
308	61
309	72
310	82
311	69
312	66
313	73
314	63
315	45
316	82
317	60
318	48
319	69
320	65
321	64
322	72
323	60
324	57
325	52
326	66
327	73
328	48
329	71
330	75
331	52
332	66
333	53
334	58
335	56
336	49
337	65
338	61
339	59
340	53
341	48
342	42
343	45
344	56
345	54
346	42
347	70
348	61
349	50
350	61
351	68
352	44
353	53
354	64
355	66
356	57
357	59
358	56
359	54
360	67
361	62
362	69
363	72
364	42
365	56
366	54
367	54
368	41
369	45
370	87
371	48
372	49
373	73
374	49
375	67
376	63
377	52
378	45
379	56
380	38
381	69
382	45
383	66
384	52
385	48
386	55
387	59
388	44
389	51
390	58
391	58
392	44
393	43
394	57
395	39
396	67
397	55
398	63
399	69
400	70
401	57
402	53
403	48
404	53
405	65
406	54
407	55
408	65
409	58
410	44
411	41
412	67
413	59
414	55
415	61
416	50
417	58
418	72
419	44
420	44
421	45
422	43
423	49
424	56
425	42
426	54
427	33
428	33
429	55
430	32
431	36
432	45
433	57
434	30
435	34
436	57
437	49
438	34
439	53
440	38
441	48
442	49
443	44
444	46
445	53
446	62
447	55
448	42
449	44
450	37
451	43
452	56
453	51
454	44
455	50
456	58
457	34
458	32
459	30
460	31
461	34
462	44
463	43
464	28
465	33
466	34
467	28
468	34
469	27
470	40
471	32
472	20
473	25
474	35
475	34
476	23
477	25
478	36
479	36
480	31
481	24
482	20
483	35
484	28
485	21
486	25
487	18
488	35
489	34
490	25
491	24
492	18
493	27
494	24
495	21
496	21
497	20
498	25
499	29
500	21
501	42
502	32
503	22
504	28
505	43
506	26
507	34
508	31
509	19
510	30
511	19
512	24
513	23
514	21
515	24
516	16
517	18
518	24
519	24
520	26
521	16
522	22
523	21
524	24
525	12
526	18
527	21
528	15
529	19
530	22
531	15
532	28
533	8
534	27
535	19
536	10
537	14
538	14
539	22
540	21
541	28
542	20
543	19
544	17
545	17
546	11
547	22
548	19
549	11
550	17
551	21
552	20
553	13
554	16
555	25
556	21
557	9
558	16
559	12
560	19
561	17
562	20
563	22
564	14
565	18
566	18
567	22
568	20
569	14
570	13
571	12
572	13
573	7
574	14
575	16
576	9
577	9
578	10
579	10
580	15
