16	12
17	8
18	13
19	7
20	10
21	10
22	8
23	9
24	13
25	11
26	15
27	25
28	28
29	36
30	42
31	46
32	55
33	56
34	60
35	74
36	65
37	86
38	93
39	110
40	104
41	137
42	140
43	166
44	155
45	184
46	232
47	252
48	261
49	296
50	314
51	289
52	312
53	333
54	317
55	373
56	370
57	404
58	426
59	432
60	439
61	510
62	511
63	488
64	545
65	580
66	562
67	627
68	709
69	680
70	732
71	693
72	770
73	810
74	880
75	920
76	930
77	911
78	978
79	1009
80	1088
81	1093
82	1161
83	1205
84	1378
85	1311
86	1320
87	1415
88	1536
89	1584
90	1585
91	1624
92	1632
93	1761
94	1795
95	1733
96	1949
97	2108
98	2103
99	2122
100	2151
101	2240
102	2185
103	2347
104	2271
105	2280
106	2488
107	2489
108	2439
109	2439
110	2633
111	2527
112	2699
113	2696
114	2782
115	2948
116	2857
117	3007
118	3053
119	3109
120	3030
121	3010
122	3089
123	3220
124	3249
125	3281
126	3281
127	3428
128	3369
129	3457
130	3526
131	3607
132	3541
133	3678
134	3563
135	3561
136	3751
137	3663
138	3664
139	3720
140	3898
141	4062
142	4165
143	4589
144	5190
145	6011
146	7636
147	18235
148	15571
149	27264
150	39530
