0	0
1	0
2	0
3	0
4	0
5	0
6	0
7	0
8	0
9	0
10	0
11	0
12	1
13	3
14	9
15	4
16	5
17	12
18	5
19	9
20	5
21	10
22	6
23	17
24	20
25	29
26	44
27	51
28	40
29	35
30	51
31	49
32	46
33	43
34	53
35	51
36	83
37	60
38	61
39	78
40	77
41	75
42	82
43	82
44	85
45	55
46	58
47	76
48	74
49	64
50	96
51	104
52	80
53	118
54	86
55	90
56	112
57	113
58	117
59	119
60	119
61	153
62	121
63	160
64	114
65	167
66	139
67	145
68	158
69	173
70	172
71	180
72	181
73	164
74	207
75	186
76	227
77	258
78	250
79	248
80	253
81	244
82	246
83	339
84	270
85	250
86	225
87	300
88	296
89	310
90	279
91	329
92	347
93	342
94	353
95	356
96	323
97	377
98	417
99	392
100	402
101	377
102	425
103	383
104	382
105	396
106	393
107	420
108	378
109	400
110	412
111	401
112	460
113	438
114	435
115	402
116	456
117	405
118	429
119	443
120	421
121	501
122	435
123	493
124	491
125	501
126	519
127	598
128	781
129	490
130	529
131	500
132	513
133	536
134	453
135	559
136	515
137	540
138	458
139	539
140	491
141	461
142	463
143	494
144	517
145	501
146	467
147	372
148	434
149	410
150	443
151	457
152	446
153	451
154	449
155	470
156	419
157	397
158	432
159	450
160	410
161	498
162	484
163	412
164	438
165	403
166	426
167	422
168	440
169	430
170	434
171	408
172	487
173	430
174	391
175	450
176	381
177	407
178	401
179	439
180	365
181	430
182	389
183	398
184	391
185	422
186	396
187	400
188	406
189	445
190	445
191	366
192	379
193	337
194	414
195	411
196	383
197	389
198	374
199	407
200	359
201	333
202	316
203	347
204	351
205	297
206	282
207	333
208	312
209	320
210	322
211	286
212	359
213	356
214	301
215	297
216	314
217	381
218	354
219	272
220	292
221	244
222	270
223	293
224	360
225	304
226	305
227	301
228	300
229	309
230	292
231	316
232	269
233	275
234	310
235	261
236	280
237	271
238	274
239	299
240	251
241	303
242	293
243	277
244	252
245	300
246	304
247	292
248	252
249	329
250	345
251	351
252	366
253	396
254	343
255	306
256	326
257	313
258	382
259	348
260	289
261	391
262	287
263	339
264	335
265	340
266	298
267	350
268	295
269	298
270	288
271	310
272	308
273	331
274	331
275	332
276	347
277	354
278	412
279	370
280	374
281	451
282	391
283	312
284	342
285	290
286	302
287	334
288	311
289	357
290	328
291	310
292	345
293	347
294	335
295	371
296	368
297	359
298	323
299	315
300	283
301	338
302	314
303	392
304	332
305	338
306	337
307	372
308	313
309	316
310	353
311	301
312	353
313	329
314	306
315	322
316	265
317	321
318	331
319	323
320	336
321	331
322	300
323	328
324	296
325	337
326	284
327	291
328	308
329	295
330	274
331	327
332	337
333	353
334	292
335	281
336	269
337	317
338	296
339	299
340	274
341	343
342	293
343	322
344	254
345	275
346	292
347	277
348	286
349	252
350	295
351	263
352	269
353	294
354	308
355	263
356	305
357	337
358	281
359	270
360	282
361	313
362	347
363	331
364	285
365	306
366	307
367	310
368	322
369	309
370	291
371	318
372	256
373	266
374	309
375	264
376	294
377	292
378	276
379	287
380	287
381	242
382	323
383	283
384	284
385	336
386	293
387	266
388	287
389	255
390	257
391	263
392	289
393	304
394	300
395	242
396	280
397	263
398	231
399	292
400	295
401	243
402	271
403	305
404	238
405	283
406	269
407	276
408	256
409	253
410	305
411	248
412	207
413	242
414	276
415	257
416	245
417	265
418	231
419	234
420	284
421	270
422	299
423	299
424	264
425	215
426	207
427	202
428	216
429	197
430	197
431	232
432	194
433	185
434	190
435	220
436	212
437	220
438	194
439	239
440	237
441	220
442	233
443	229
444	230
445	210
446	246
447	243
448	199
449	229
450	201
451	196
452	215
453	204
454	197
455	188
456	179
457	150
458	165
459	185
460	180
461	170
462	143
463	197
464	146
465	195
466	184
467	135
468	144
469	155
470	172
471	151
472	177
473	163
474	149
475	157
476	163
477	141
478	128
479	130
480	112
481	141
482	126
483	192
484	152
485	168
486	136
487	183
488	294
489	174
490	166
491	142
492	165
493	130
494	146
495	179
496	165
497	154
498	140
499	145
500	137
501	153
502	104
503	160
504	157
505	165
506	143
507	209
508	253
509	218
510	134
511	130
512	145
513	168
514	126
515	114
516	138
517	129
518	157
519	130
520	180
521	162
522	149
523	145
524	209
525	167
526	145
527	126
528	108
529	122
530	215
531	127
532	159
533	129
534	138
535	134
536	127
537	104
538	115
539	135
540	139
541	166
542	149
543	115
544	104
545	117
546	86
547	104
548	98
549	95
550	98
551	100
552	95
553	67
554	70
555	88
556	80
557	51
558	64
559	63
560	71
561	80
562	85
563	98
564	62
565	75
566	94
567	106
568	104
569	78
570	75
571	67
572	32
