16	7
17	9
18	7
19	8
20	1
21	4
22	6
23	6
24	4
25	8
26	8
27	9
28	20
29	20
30	28
31	20
32	23
33	28
34	39
35	22
36	46
37	28
38	20
39	32
40	28
41	36
42	39
43	40
44	47
45	76
46	61
47	68
48	72
49	71
50	74
51	69
52	67
53	73
54	67
55	109
56	93
57	104
58	104
59	122
60	130
61	108
62	115
63	127
64	137
65	129
66	124
67	127
68	149
69	157
70	168
71	198
72	203
73	225
74	208
75	221
76	237
77	245
78	290
79	264
80	294
81	265
82	293
83	333
84	312
85	361
86	376
87	386
88	421
89	454
90	444
91	481
92	471
93	489
94	503
95	510
96	598
97	575
98	578
99	589
100	593
101	618
102	622
103	729
104	732
105	770
106	764
107	808
108	780
109	889
110	867
111	903
112	965
113	996
114	962
115	1035
116	1059
117	1064
118	1113
119	1136
120	1159
121	1178
122	1245
123	1228
124	1152
125	1294
126	1238
127	1236
128	1254
129	1305
130	1353
131	1382
132	1423
133	1431
134	1480
135	1503
136	1560
137	1688
138	1609
139	1701
140	1716
141	1890
142	2024
143	2240
144	2621
145	3300
146	4522
147	7712
148	9497
149	17322
150	37612
