16	7
17	9
18	7
19	8
20	1
21	4
22	6
23	6
24	4
25	8
26	10
27	11
28	21
29	20
30	29
31	23
32	25
33	28
34	40
35	22
36	48
37	28
38	20
39	32
40	28
41	36
42	39
43	44
44	49
45	81
46	71
47	83
48	75
49	72
50	84
51	141
52	87
53	76
54	70
55	111
56	98
57	111
58	106
59	122
60	131
61	113
62	116
63	131
64	141
65	136
66	125
67	130
68	154
69	159
70	180
71	203
72	212
73	234
74	217
75	246
76	248
77	254
78	297
79	281
80	306
81	281
82	312
83	344
84	324
85	384
86	394
87	405
88	445
89	476
90	473
91	506
92	506
93	526
94	540
95	548
96	648
97	644
98	643
99	622
100	652
101	674
102	683
103	851
104	821
105	861
106	833
107	895
108	840
109	980
110	969
111	1042
112	1092
113	1109
114	1069
115	1180
116	1225
117	1225
118	1291
119	1287
120	1339
121	1380
122	1433
123	1448
124	1327
125	1553
126	1481
127	1478
128	1478
129	1613
130	1742
131	1713
132	1842
133	1803
134	1891
135	1885
136	1938
137	2172
138	2037
139	2147
140	2231
141	2479
142	2590
143	2917
144	3410
145	4402
146	6213
147	10848
148	12576
149	25329
150	73439
