16	2
17	3
18	2
19	3
24	2
25	1
26	1
27	2
28	3
29	2
30	7
31	4
32	6
33	5
34	4
35	5
36	7
37	12
38	11
39	7
40	7
41	12
42	11
43	20
44	21
45	17
46	14
47	14
48	17
49	10
50	15
51	23
52	15
53	14
54	23
55	33
56	18
57	28
58	35
59	32
60	23
61	37
62	44
63	36
64	42
65	50
66	39
67	36
68	45
69	44
70	52
71	59
72	56
73	53
74	65
75	69
76	75
77	86
78	88
79	95
80	73
81	85
82	110
83	105
84	121
85	120
86	156
87	122
88	165
89	178
90	148
91	147
92	178
93	192
94	211
95	221
96	210
97	243
98	237
99	220
100	240
101	263
102	274
103	285
104	273
105	302
106	359
107	343
108	357
109	334
110	409
111	432
112	444
113	466
114	399
115	473
116	467
117	469
118	523
119	536
120	534
121	573
122	561
123	538
124	531
125	582
126	638
127	679
128	705
129	626
130	707
131	718
132	738
133	773
134	795
135	797
136	822
137	955
138	926
139	1023
140	991
141	1127
142	1285
143	1445
144	1853
145	2326
146	3357
147	5720
148	5850
149	14709
150	24042
