0	0
1	0
2	0
3	0
4	0
5	0
6	0
7	0
8	0
9	0
10	0
11	0
12	0
13	0
14	0
15	3
16	4
17	3
18	1
19	1
20	0
21	3
22	1
23	3
24	4
25	8
26	6
27	8
28	8
29	7
30	10
31	10
32	12
33	9
34	8
35	10
36	12
37	13
38	15
39	16
40	29
41	11
42	18
43	22
44	18
45	17
46	22
47	45
48	25
49	24
50	14
51	19
52	54
53	35
54	22
55	32
56	44
57	47
58	29
59	43
60	47
61	29
62	58
63	52
64	40
65	44
66	49
67	44
68	49
69	76
70	47
71	61
72	83
73	69
74	82
75	72
76	101
77	69
78	61
79	129
80	102
81	120
82	110
83	158
84	163
85	166
86	127
87	135
88	142
89	177
90	153
91	141
92	192
93	215
94	164
95	193
96	199
97	205
98	242
99	273
100	234
101	272
102	263
103	235
104	219
105	234
106	276
107	275
108	281
109	306
110	293
111	294
112	281
113	315
114	324
115	293
116	295
117	321
118	364
119	272
120	285
121	295
122	345
123	328
124	356
125	359
126	379
127	344
128	434
129	379
130	431
131	414
132	396
133	336
134	354
135	431
136	410
137	461
138	430
139	427
140	469
141	478
142	436
143	311
144	405
145	325
146	274
147	298
148	283
149	313
150	342
151	353
152	352
153	397
154	277
155	306
156	323
157	392
158	343
159	366
160	314
161	391
162	306
163	373
164	400
165	343
166	351
167	452
168	466
169	375
170	338
171	408
172	363
173	412
174	440
175	462
176	511
177	424
178	371
179	355
180	311
181	413
182	415
183	338
184	495
185	412
186	382
187	449
188	405
189	375
190	391
191	356
192	330
193	311
194	391
195	484
196	394
197	414
198	379
199	362
200	498
201	357
202	358
203	359
204	397
205	359
206	413
207	283
208	333
209	330
210	407
211	339
212	295
213	287
214	277
215	390
216	440
217	366
218	316
219	350
220	253
221	232
222	248
223	210
224	290
225	315
226	238
227	316
228	283
229	249
230	293
231	300
232	248
233	236
234	292
235	234
236	280
237	282
238	320
239	242
240	287
241	281
242	316
243	404
244	291
245	289
246	331
247	229
248	332
249	334
250	276
251	400
252	333
253	307
254	383
255	271
256	417
257	371
258	255
259	380
260	371
261	335
262	331
263	249
264	354
265	367
266	301
267	400
268	325
269	442
270	349
271	395
272	366
273	395
274	266
275	353
276	300
277	329
278	338
279	468
280	322
281	348
282	298
283	408
284	320
285	347
286	456
287	365
288	306
289	397
290	339
291	318
292	438
293	397
294	370
295	387
296	451
297	411
298	381
299	399
300	319
301	308
302	318
303	327
304	390
305	356
306	392
307	387
308	344
309	370
310	404
311	432
312	270
313	286
314	318
315	357
316	375
317	299
318	320
319	338
320	327
321	323
322	408
323	324
324	386
325	316
326	356
327	347
328	318
329	386
330	307
331	239
332	329
333	305
334	334
335	362
336	267
337	322
338	328
339	287
340	321
341	316
342	304
343	355
344	313
345	346
346	354
347	302
348	274
349	277
350	318
351	311
352	315
353	292
354	273
355	268
356	245
357	231
358	291
359	306
360	243
361	328
362	309
363	367
364	296
365	325
366	338
367	284
368	334
369	307
370	314
371	286
372	309
373	288
374	295
375	276
376	267
377	271
378	269
379	317
380	336
381	195
382	286
383	251
384	260
385	370
386	241
387	318
388	261
389	296
390	300
391	246
392	315
393	303
394	395
395	392
396	279
397	262
398	274
399	240
400	209
401	282
402	272
403	258
404	237
405	286
406	342
407	372
408	290
409	297
410	323
411	331
412	316
413	288
414	336
415	307
416	245
417	253
418	227
419	239
420	270
421	280
422	261
423	317
424	331
425	255
426	208
427	254
428	280
429	256
430	168
431	217
432	241
433	249
434	215
435	215
436	269
437	210
438	278
439	326
440	277
441	318
442	265
443	197
444	236
445	220
446	221
447	194
448	258
449	199
450	198
451	224
452	193
453	237
454	209
455	234
456	247
457	241
458	131
459	140
460	194
461	174
462	231
463	200
464	172
465	139
466	219
467	193
468	179
469	248
470	151
471	161
472	172
473	129
474	114
475	139
476	119
477	140
478	164
479	125
480	114
481	128
482	113
483	192
484	161
485	169
486	163
487	181
488	180
489	140
490	136
491	172
492	114
493	142
494	160
495	149
496	171
497	140
498	150
499	121
500	165
501	115
502	146
503	125
504	232
505	132
506	120
507	240
508	133
509	144
510	120
511	142
512	122
513	96
514	103
515	99
516	115
517	112
518	123
519	125
520	149
521	191
522	146
523	120
524	157
525	166
526	113
527	93
528	131
529	108
530	183
531	123
532	131
533	100
534	91
535	121
536	114
537	88
538	131
539	123
540	140
541	108
542	85
543	93
544	105
545	85
546	84
547	104
548	100
549	87
550	104
551	86
552	119
553	64
554	81
555	101
556	74
557	72
558	84
559	127
560	117
561	111
562	111
563	72
564	29
565	43
566	57
567	110
568	84
569	55
570	36
571	44
572	42
573	59
574	68
575	57
576	71
577	35
578	45
