0	0
1	0
2	0
3	0
4	0
5	0
6	0
7	0
8	0
9	0
10	0
11	0
12	0
13	0
14	0
15	3
16	4
17	3
18	1
19	1
20	0
21	3
22	1
23	3
24	4
25	8
26	6
27	8
28	8
29	7
30	10
31	10
32	11
33	9
34	8
35	10
36	12
37	12
38	15
39	16
40	25
41	10
42	17
43	18
44	18
45	17
46	22
47	25
48	25
49	24
50	12
51	13
52	33
53	26
54	20
55	27
56	38
57	34
58	24
59	42
60	41
61	29
62	54
63	49
64	39
65	42
66	48
67	41
68	45
69	60
70	43
71	56
72	72
73	62
74	74
75	69
76	86
77	59
78	56
79	112
80	91
81	99
82	99
83	141
84	139
85	146
86	109
87	112
88	121
89	143
90	129
91	124
92	159
93	177
94	138
95	154
96	168
97	176
98	186
99	216
100	196
101	211
102	218
103	178
104	187
105	203
106	222
107	205
108	216
109	237
110	224
111	207
112	209
113	248
114	230
115	203
116	220
117	243
118	279
119	202
120	222
121	215
122	238
123	220
124	266
125	245
126	261
127	220
128	306
129	257
130	276
131	252
132	252
133	240
134	231
135	242
136	255
137	263
138	245
139	255
140	260
141	272
142	228
143	190
144	241
145	195
146	169
147	183
148	170
149	170
150	181
151	186
152	171
153	200
154	147
155	163
156	172
157	205
158	183
159	207
160	161
161	213
162	159
163	201
164	201
165	175
166	180
167	211
168	225
169	188
170	178
171	191
172	172
173	212
174	217
175	209
176	241
177	199
178	185
179	194
180	172
181	197
182	211
183	168
184	240
185	204
186	182
187	211
188	193
189	189
190	172
191	164
192	175
193	148
194	180
195	223
196	185
197	196
198	188
199	180
200	226
201	190
202	176
203	174
204	188
205	181
206	203
207	155
208	172
209	171
210	189
211	182
212	147
213	158
214	143
215	189
216	193
217	178
218	167
219	156
220	130
221	133
222	119
223	124
224	150
225	159
226	151
227	172
228	154
229	134
230	168
231	150
232	130
233	129
234	163
235	151
236	149
237	141
238	170
239	139
240	146
241	157
242	178
243	202
244	144
245	161
246	190
247	136
248	177
249	179
250	157
251	208
252	166
253	191
254	197
255	168
256	195
257	205
258	144
259	203
260	207
261	162
262	178
263	140
264	188
265	192
266	175
267	214
268	189
269	229
270	204
271	215
272	213
273	224
274	162
275	184
276	172
277	201
278	206
279	226
280	172
281	195
282	179
283	240
284	188
285	204
286	238
287	222
288	179
289	244
290	190
291	173
292	215
293	228
294	224
295	244
296	252
297	214
298	234
299	224
300	174
301	215
302	197
303	191
304	227
305	219
306	216
307	239
308	214
309	226
310	217
311	224
312	184
313	165
314	204
315	218
316	227
317	200
318	182
319	206
320	203
321	200
322	241
323	196
324	228
325	187
326	194
327	212
328	218
329	210
330	186
331	169
332	230
333	194
334	209
335	224
336	174
337	218
338	211
339	200
340	215
341	173
342	196
343	209
344	195
345	217
346	207
347	206
348	197
349	180
350	201
351	201
352	209
353	198
354	191
355	186
356	164
357	176
358	193
359	199
360	177
361	203
362	215
363	231
364	195
365	215
366	221
367	189
368	216
369	214
370	203
371	210
372	204
373	204
374	197
375	191
376	193
377	194
378	191
379	205
380	211
381	148
382	203
383	169
384	185
385	220
386	166
387	189
388	196
389	217
390	194
391	192
392	212
393	206
394	256
395	237
396	217
397	187
398	201
399	178
400	162
401	185
402	194
403	181
404	171
405	209
406	215
407	235
408	199
409	219
410	214
411	222
412	219
413	195
414	223
415	213
416	179
417	192
418	166
419	153
420	182
421	168
422	185
423	196
424	200
425	177
426	155
427	183
428	175
429	178
430	138
431	168
432	175
433	188
434	165
435	158
436	189
437	168
438	206
439	211
440	178
441	222
442	187
443	149
444	166
445	170
446	155
447	149
448	187
449	146
450	147
451	173
452	144
453	169
454	156
455	158
456	168
457	173
458	107
459	122
460	145
461	128
462	171
463	147
464	135
465	114
466	154
467	142
468	136
469	164
470	119
471	136
472	134
473	104
474	94
475	110
476	91
477	107
478	112
479	100
480	89
481	96
482	91
483	127
484	131
485	130
486	106
487	123
488	108
489	95
490	101
491	136
492	97
493	102
494	113
495	121
496	121
497	100
498	115
499	97
500	128
501	101
502	112
503	95
504	148
505	105
506	94
507	149
508	111
509	110
510	86
511	89
512	94
513	82
514	85
515	77
516	87
517	84
518	84
519	95
520	122
521	124
522	95
523	88
524	110
525	120
526	85
527	69
528	102
529	83
530	122
531	97
532	100
533	79
534	73
535	83
536	88
537	69
538	89
539	90
540	96
541	88
542	76
543	80
544	81
545	62
546	62
547	83
548	80
549	66
550	75
551	71
552	85
553	52
554	70
555	71
556	57
557	53
558	72
559	68
560	82
561	70
562	75
563	47
564	29
565	36
566	39
567	76
568	54
569	42
570	33
571	31
572	36
573	47
574	51
575	37
576	50
577	32
578	33
579	38
580	48
581	40
