0	0
1	0
2	0
3	0
4	0
5	0
6	0
7	0
8	0
9	0
10	0
11	0
12	0
13	9
14	16
15	23
16	31
17	25
18	21
19	16
20	33
21	33
22	35
23	36
24	23
25	46
26	41
27	51
28	68
29	103
30	120
31	169
32	222
33	231
34	287
35	349
36	385
37	473
38	468
39	567
40	647
41	666
42	780
43	822
44	926
45	958
46	1069
47	1198
48	1310
49	1451
50	1422
51	1640
52	1759
53	1834
54	1949
55	1872
56	2154
57	2096
58	2132
59	2101
60	2176
61	2350
62	2396
63	2528
64	2683
65	2584
66	2920
67	2847
68	3021
69	3260
70	3141
71	3372
72	3350
73	3547
74	3504
75	3840
76	3823
77	3972
78	4066
79	4278
80	4523
81	4501
82	4617
83	5093
84	5137
85	5371
86	5259
87	5348
88	5417
89	5801
90	7629
91	6676
92	6449
93	6332
94	6581
95	6585
96	6619
97	6960
98	7197
99	7386
100	7499
101	7756
102	7824
103	8032
104	8091
105	8347
106	8334
107	8802
108	8690
109	8785
110	8656
111	9011
112	9005
113	9251
114	9143
115	9473
116	9669
117	9434
118	9931
119	10089
120	10060
121	10256
122	10028
123	10332
124	10105
125	10446
126	10418
127	10264
128	10603
129	10332
130	10602
131	10557
132	10483
133	10446
134	10616
135	10844
136	10544
137	10733
138	10546
139	10399
140	10617
141	10548
142	10494
143	10710
144	10880
145	9851
146	10093
147	11660
148	12316
149	12330
150	12609
151	12451
152	12228
153	12251
154	12297
155	12576
156	12216
157	12417
158	11961
159	11780
160	11908
161	11897
162	11624
163	11969
164	11889
165	11735
166	11462
167	11239
168	11260
169	11271
170	11195
171	11058
172	11230
173	11313
174	11004
175	11081
176	10935
177	10779
178	10707
179	10540
180	10380
181	10586
182	10628
183	10342
184	10174
185	9928
186	10110
187	10043
188	9758
189	9563
190	9732
191	9602
192	9428
193	9433
194	9536
195	9298
196	9119
197	9207
198	9097
199	8933
200	9290
201	9039
202	9040
203	8664
204	8914
205	8622
206	8714
207	8563
208	8397
209	8560
210	8440
211	8397
212	7998
213	8162
214	8037
215	7946
216	8093
217	7934
218	7748
219	7814
220	7736
221	7682
222	7450
223	7757
224	7761
225	7394
226	7307
227	7318
228	7068
229	7169
230	7059
231	7233
232	7347
233	7236
234	7149
235	7033
236	6922
237	6679
238	6877
239	6746
240	6544
241	6661
242	6698
243	6475
244	6540
245	6429
246	6510
247	6513
248	6399
249	6493
250	6257
251	6419
252	6317
253	6111
254	6244
255	6142
256	5986
257	6315
258	6000
259	5725
260	5835
261	5663
262	5722
263	5532
264	5547
265	5699
266	5735
267	5597
268	5412
269	5362
270	5465
271	5585
272	5401
273	5249
274	5248
275	5166
276	5178
277	4977
278	4886
279	5184
280	4912
281	4963
282	5114
283	5022
284	4934
285	4628
286	4682
287	4698
288	4565
289	4758
290	4785
291	4573
292	4719
293	4372
294	4623
295	4328
296	4463
297	4553
298	4416
299	4493
300	4450
301	4292
302	4372
303	4464
304	4355
305	4088
306	3972
307	4196
308	3934
309	4196
310	3990
311	3858
312	3854
313	3916
314	3810
315	3888
316	3984
317	3850
318	3789
319	3671
320	3847
321	3860
322	3613
323	3576
324	3559
325	3639
326	3503
327	3486
328	3466
329	3458
330	3461
331	3490
332	3436
333	3442
334	3467
335	3292
336	3477
337	3320
338	3207
339	3295
340	3354
341	3209
342	3451
343	3221
344	3316
345	3308
346	3175
347	3195
348	3124
349	3162
350	3208
351	3098
352	2941
353	3248
354	3085
355	3001
356	2972
357	3053
358	3021
359	2903
360	2935
361	2997
362	2837
363	2873
364	2858
365	2917
366	2811
367	2745
368	2720
369	2679
370	2778
371	2689
372	2562
373	2683
374	2667
375	2705
376	2501
377	2651
378	2696
379	2551
380	2628
381	2560
382	2629
383	2614
384	2428
385	2477
386	2357
387	2472
388	2322
389	2404
390	2242
391	2316
392	2407
393	2417
394	2295
395	2321
396	2283
397	2256
398	2273
399	2207
400	2158
401	2244
402	2220
403	2198
404	2139
405	2213
406	2103
407	2044
408	1987
409	2083
410	1996
411	2053
412	2125
413	2072
414	2072
415	2107
416	1865
417	2004
418	1890
419	1985
420	1989
421	1885
422	1942
423	1981
424	1863
425	1917
426	1860
427	1928
428	1821
429	1778
430	1879
431	1843
432	1743
433	1807
434	1881
435	1822
436	1689
437	1679
438	1778
439	1648
440	1721
441	1657
442	1740
443	1661
444	1708
445	1669
446	1675
447	1641
448	1546
449	1664
450	1511
451	1636
452	1538
453	1423
454	1610
455	1582
456	1521
457	1641
458	1603
459	1514
460	1450
461	1518
462	1526
463	1514
464	1475
465	1497
466	1552
467	1500
468	1552
469	1489
470	1423
471	1404
472	1536
473	1375
474	1320
475	1374
476	1280
477	1314
478	1417
479	1356
480	1341
481	1277
482	1222
483	1355
484	1438
485	1318
486	1297
487	1314
488	1367
489	1278
490	1393
491	1418
492	1370
493	1318
494	1421
495	1386
496	1322
497	1308
498	1410
499	1314
500	1295
501	1294
502	1304
503	1387
504	1382
505	1280
506	1338
507	1357
508	1368
509	1329
510	1331
511	1259
512	1246
513	1259
514	1280
515	1245
516	1294
517	1270
518	1247
519	1169
520	1259
521	1242
522	1347
523	1203
524	1212
525	1274
526	1285
527	1322
528	1133
529	1246
530	1291
531	1259
532	1238
533	1176
534	1229
535	1162
536	1046
537	1151
538	1215
539	1128
540	1164
541	1124
542	1098
543	1189
544	1136
545	1105
546	1125
547	1163
548	1141
549	1010
550	1070
551	1106
552	1187
553	1030
554	1121
555	1065
556	1091
557	1144
558	1098
559	1084
560	1005
561	1055
562	1168
563	1108
564	1037
565	1043
566	1074
567	1041
568	1052
569	1044
570	1043
571	1116
572	1039
573	1098
574	1019
575	1126
576	1028
577	993
578	1020
579	1007
580	1019
581	1118
582	1134
583	1000
584	1052
585	1032
586	1027
587	962
588	1004
589	1056
590	1060
591	1088
592	957
593	936
594	986
595	1005
596	989
597	882
598	892
599	965
600	973
601	1020
602	993
603	985
604	896
605	959
606	910
607	940
608	1050
609	975
610	926
611	960
612	968
613	945
614	932
615	902
616	872
617	902
618	903
619	1018
620	792
621	852
622	817
623	831
624	896
625	862
626	872
627	952
628	934
629	921
630	885
631	759
632	903
633	939
634	883
635	952
636	841
637	945
638	843
639	893
640	881
641	964
642	895
643	859
644	938
645	808
646	879
647	827
648	908
649	903
650	925
651	864
652	888
653	829
654	850
655	883
656	860
657	988
658	900
659	806
660	901
661	790
662	907
663	836
664	896
665	834
666	814
667	829
668	836
669	826
670	776
671	774
672	808
673	749
674	821
675	836
676	822
677	772
678	771
679	766
680	767
681	832
682	775
683	736
684	825
685	804
686	817
687	792
688	814
689	847
690	816
691	830
692	830
693	789
694	773
695	798
696	834
697	812
698	767
699	768
700	837
701	765
702	835
703	713
704	790
705	867
706	878
707	754
708	825
709	836
710	840
711	882
712	788
713	772
714	780
715	801
716	833
717	766
718	813
719	798
720	773
721	718
722	801
723	807
724	717
725	694
726	739
727	798
728	746
729	799
730	773
731	709
732	718
733	756
734	740
735	791
736	765
737	789
738	721
739	720
740	669
741	673
742	766
743	728
744	726
745	675
746	702
747	657
748	660
749	684
750	630
751	705
752	704
753	702
754	715
755	668
756	646
757	612
758	640
759	696
760	669
761	689
762	661
763	731
764	764
765	648
766	650
767	599
768	610
769	664
770	638
771	633
772	677
773	648
774	673
775	651
776	664
777	714
778	641
779	625
780	655
781	575
782	638
783	657
784	679
785	709
786	667
787	681
788	664
789	632
790	645
791	697
792	712
793	718
794	640
795	684
796	688
797	710
798	660
799	704
800	637
801	678
802	666
803	639
804	668
805	635
806	630
807	616
808	612
809	585
810	680
811	632
812	660
813	660
814	644
815	652
816	663
817	610
818	626
819	628
820	590
821	612
822	644
823	597
824	618
825	643
826	613
827	658
828	549
829	651
830	546
831	626
832	557
833	706
834	655
835	620
836	577
837	574
838	579
839	599
840	515
841	568
842	571
843	526
844	555
845	542
846	540
847	720
848	636
849	621
850	648
851	649
852	571
853	626
854	584
855	621
856	636
857	655
858	703
859	602
860	606
861	633
862	632
863	631
864	685
865	677
866	643
867	649
868	712
869	615
870	688
871	594
872	605
873	633
874	581
875	634
876	698
877	591
878	622
879	628
880	663
881	611
882	632
883	579
884	591
885	632
886	598
887	673
888	629
889	687
890	626
891	607
892	669
893	607
894	610
895	664
896	628
897	619
898	595
899	573
900	573
901	591
902	579
903	540
904	573
905	554
906	545
907	519
908	540
909	488
910	505
911	474
912	637
913	494
914	591
915	522
916	609
917	534
918	551
919	565
920	548
921	568
922	593
923	496
924	591
925	554
926	510
927	624
928	569
929	534
930	510
931	557
932	546
933	525
934	610
935	560
936	533
937	516
938	599
939	552
940	580
941	540
942	588
943	605
944	574
945	586
946	620
947	525
948	582
949	569
950	607
951	624
952	594
953	539
954	578
955	578
956	659
957	615
958	602
959	527
960	575
961	624
962	605
963	602
964	570
965	579
966	635
967	574
968	589
969	559
970	603
971	629
972	548
973	592
974	598
975	568
976	649
977	589
978	528
979	560
980	578
981	599
982	574
983	576
984	543
985	576
986	568
987	654
988	622
989	600
990	601
991	584
992	595
993	520
994	544
995	549
996	507
997	547
998	504
999	557
1000	567
1001	561
1002	542
1003	638
1004	549
1005	610
1006	502
1007	587
1008	549
1009	521
1010	523
1011	503
1012	546
1013	601
1014	546
1015	496
1016	576
1017	505
1018	534
1019	519
1020	526
1021	523
1022	533
1023	476
1024	525
1025	543
1026	542
1027	512
1028	510
1029	488
1030	548
1031	508
1032	513
1033	475
1034	481
1035	472
1036	519
1037	490
1038	516
1039	464
1040	499
1041	508
1042	463
1043	542
1044	556
1045	565
1046	526
1047	507
1048	482
1049	472
1050	523
1051	518
1052	480
1053	539
1054	466
1055	474
1056	521
1057	532
1058	580
1059	471
1060	504
1061	490
1062	442
1063	490
1064	494
1065	500
1066	550
1067	552
1068	533
1069	461
1070	474
1071	538
1072	442
1073	464
1074	508
1075	489
1076	457
1077	381
1078	447
1079	442
1080	457
1081	506
1082	471
1083	512
1084	454
1085	434
1086	475
1087	420
1088	489
1089	500
1090	481
1091	484
1092	486
1093	496
1094	507
1095	491
1096	506
1097	526
1098	494
1099	505
1100	527
1101	484
1102	504
1103	452
1104	504
1105	501
1106	507
1107	541
1108	540
1109	425
1110	521
1111	501
1112	526
1113	580
1114	490
1115	544
1116	576
1117	523
1118	484
1119	548
1120	490
1121	499
1122	521
1123	537
1124	514
1125	484
1126	542
1127	565
1128	556
1129	532
1130	511
1131	472
1132	531
1133	527
1134	545
1135	519
1136	539
1137	475
1138	473
1139	515
1140	544
1141	486
1142	482
1143	472
1144	486
1145	489
1146	444
1147	524
1148	559
1149	512
1150	539
1151	501
1152	504
1153	485
1154	551
1155	514
1156	459
1157	462
1158	522
1159	474
1160	554
1161	556
1162	546
1163	486
1164	475
1165	506
1166	434
1167	421
1168	511
1169	493
1170	517
1171	493
1172	511
1173	548
1174	547
1175	540
1176	579
1177	518
1178	471
1179	444
1180	467
1181	465
1182	497
1183	497
1184	445
1185	468
1186	447
1187	451
1188	463
1189	526
1190	485
1191	451
1192	507
1193	429
1194	503
1195	482
1196	474
1197	504
1198	485
1199	498
1200	507
1201	509
1202	452
1203	520
1204	531
1205	474
1206	467
1207	551
1208	494
1209	489
1210	501
1211	558
1212	576
1213	470
1214	480
1215	484
1216	428
1217	416
1218	505
1219	466
1220	496
1221	523
1222	480
1223	477
1224	524
1225	497
1226	507
1227	460
1228	425
1229	446
1230	426
1231	429
1232	426
1233	448
1234	443
1235	474
1236	485
1237	460
1238	471
1239	389
1240	503
1241	481
1242	490
1243	469
1244	479
1245	491
1246	465
1247	404
1248	468
1249	470
1250	476
1251	475
1252	499
1253	557
1254	461
1255	457
1256	487
1257	489
1258	451
1259	441
1260	483
1261	446
1262	441
1263	464
1264	480
1265	482
1266	509
1267	489
1268	536
1269	487
1270	498
1271	456
1272	458
1273	515
1274	455
1275	474
1276	469
1277	508
1278	470
1279	473
1280	499
1281	511
1282	465
1283	425
1284	489
1285	492
1286	451
1287	486
1288	552
1289	444
1290	511
1291	474
1292	505
1293	452
1294	418
1295	462
1296	404
1297	469
1298	443
1299	408
1300	485
1301	495
1302	421
1303	432
1304	461
1305	435
1306	456
1307	421
1308	418
1309	381
1310	402
1311	379
1312	449
1313	411
1314	401
1315	385
1316	420
1317	451
1318	442
1319	414
1320	481
1321	429
1322	474
1323	453
1324	437
1325	419
1326	474
1327	467
1328	485
1329	431
1330	468
1331	432
1332	391
1333	401
1334	408
1335	425
1336	443
1337	462
1338	462
1339	394
1340	345
1341	414
1342	440
1343	414
1344	405
1345	442
1346	472
1347	441
1348	431
1349	401
1350	411
1351	430
1352	435
1353	394
1354	418
1355	369
1356	401
1357	377
1358	434
1359	402
1360	399
1361	387
1362	471
1363	402
1364	427
1365	433
1366	411
1367	417
1368	458
1369	403
1370	483
1371	454
1372	465
1373	409
1374	380
1375	421
1376	407
1377	395
1378	420
1379	377
1380	408
1381	413
1382	416
1383	427
1384	427
1385	443
1386	401
1387	442
1388	393
1389	485
1390	443
1391	452
1392	405
1393	464
1394	414
1395	378
1396	392
1397	433
1398	474
1399	386
1400	454
1401	370
1402	438
1403	450
1404	430
1405	404
1406	444
1407	437
1408	403
1409	429
1410	413
1411	453
1412	453
1413	435
1414	428
1415	385
1416	406
1417	372
1418	369
1419	428
1420	362
1421	424
1422	354
1423	395
1424	441
1425	414
1426	423
1427	375
1428	380
1429	379
1430	373
1431	416
1432	398
1433	478
1434	414
1435	381
1436	377
1437	419
1438	407
1439	444
1440	401
1441	403
1442	388
1443	385
1444	416
1445	391
1446	396
1447	377
1448	357
1449	363
1450	445
1451	386
1452	392
1453	378
1454	378
1455	364
1456	370
1457	377
1458	396
1459	382
1460	410
1461	414
1462	409
1463	396
1464	434
1465	406
1466	354
1467	400
1468	323
1469	378
1470	381
1471	359
1472	395
1473	368
1474	414
1475	379
1476	424
1477	354
1478	384
1479	374
1480	432
1481	351
1482	357
1483	383
1484	397
1485	378
1486	312
1487	390
1488	370
1489	357
1490	377
1491	373
1492	352
1493	399
1494	392
1495	417
1496	389
1497	434
1498	452
1499	371
1500	430
1501	399
1502	387
1503	430
1504	405
1505	413
1506	453
1507	408
1508	446
1509	468
1510	400
1511	426
1512	405
1513	403
1514	482
1515	413
1516	358
1517	423
1518	441
1519	394
1520	385
1521	399
1522	413
1523	405
1524	416
1525	367
1526	438
1527	412
1528	462
1529	420
1530	480
1531	429
1532	383
1533	447
1534	431
1535	388
1536	424
1537	391
1538	445
1539	452
1540	395
1541	444
1542	377
1543	385
1544	366
1545	400
1546	398
1547	405
1548	382
1549	410
1550	352
1551	369
1552	368
1553	387
1554	450
1555	419
1556	410
1557	362
1558	386
1559	384
1560	420
1561	461
1562	421
1563	413
1564	403
1565	425
1566	404
1567	439
1568	412
1569	468
1570	381
1571	403
1572	404
1573	427
1574	458
1575	421
1576	449
1577	443
1578	426
1579	455
1580	434
1581	411
1582	450
1583	441
1584	416
1585	418
1586	451
1587	460
1588	429
1589	397
1590	386
1591	346
1592	386
1593	436
1594	390
1595	427
1596	422
1597	481
1598	383
1599	411
1600	435
1601	418
1602	387
1603	437
1604	450
1605	411
1606	434
1607	366
1608	373
1609	382
1610	382
1611	384
1612	394
1613	370
1614	438
1615	368
1616	370
1617	422
1618	342
1619	376
1620	361
1621	364
1622	385
1623	366
1624	395
1625	425
1626	378
1627	405
1628	418
1629	383
1630	363
1631	354
1632	417
1633	433
1634	360
1635	439
1636	403
1637	398
1638	389
1639	487
1640	451
1641	418
1642	415
1643	339
1644	401
1645	421
1646	392
1647	397
1648	391
1649	414
1650	374
1651	404
1652	331
1653	387
1654	403
1655	338
1656	381
1657	348
1658	399
1659	327
1660	400
1661	352
1662	402
1663	384
1664	391
1665	422
1666	378
1667	332
1668	350
1669	339
1670	368
1671	329
1672	406
1673	346
1674	349
1675	306
1676	379
1677	376
1678	366
1679	382
1680	407
1681	391
1682	375
1683	454
1684	407
1685	394
1686	354
1687	428
1688	350
1689	393
1690	327
1691	361
1692	385
1693	401
1694	357
1695	395
1696	331
1697	357
1698	370
1699	349
1700	360
1701	348
1702	370
1703	398
1704	404
1705	452
1706	381
1707	362
1708	386
1709	382
1710	380
1711	440
1712	430
1713	407
1714	377
1715	391
1716	371
1717	385
1718	355
1719	385
1720	380
1721	376
1722	401
1723	339
1724	367
1725	402
1726	392
1727	400
1728	365
1729	440
1730	381
1731	406
1732	389
1733	417
1734	413
1735	419
1736	405
1737	402
1738	381
1739	374
1740	374
1741	381
1742	425
1743	411
1744	385
1745	361
1746	390
1747	447
1748	356
1749	358
1750	436
1751	388
1752	354
1753	363
1754	400
1755	386
1756	360
1757	330
1758	352
1759	362
1760	343
1761	435
1762	367
1763	382
1764	331
1765	322
1766	394
1767	274
1768	357
1769	347
1770	351
1771	349
1772	383
1773	356
1774	336
1775	316
1776	400
1777	337
1778	341
1779	344
1780	380
1781	429
1782	437
1783	390
1784	361
1785	344
1786	322
1787	350
1788	292
1789	381
1790	372
1791	345
1792	400
1793	335
1794	328
1795	377
1796	329
1797	368
1798	364
1799	336
1800	327
1801	336
1802	317
1803	326
1804	373
1805	381
1806	357
1807	317
1808	343
1809	259
1810	361
1811	351
1812	333
1813	333
1814	309
1815	337
1816	313
1817	315
1818	277
1819	326
1820	322
1821	330
1822	277
1823	342
1824	338
1825	351
1826	320
1827	317
1828	327
1829	338
1830	315
1831	372
1832	347
1833	319
1834	329
1835	333
1836	352
1837	307
1838	282
1839	321
1840	360
1841	404
1842	327
1843	313
1844	369
1845	362
1846	330
1847	321
1848	345
1849	301
1850	341
1851	337
1852	315
1853	295
1854	293
1855	329
1856	308
1857	296
1858	339
1859	356
1860	299
1861	321
1862	316
1863	312
1864	359
1865	317
1866	295
1867	300
1868	331
1869	311
1870	331
1871	274
1872	326
1873	299
1874	324
1875	305
1876	325
1877	355
1878	337
1879	339
1880	363
1881	297
1882	333
1883	280
1884	301
1885	287
1886	322
1887	305
1888	332
1889	302
1890	326
1891	305
1892	345
1893	329
1894	313
1895	316
1896	346
1897	299
1898	340
1899	314
1900	302
1901	322
1902	327
1903	312
1904	308
1905	299
1906	291
1907	318
1908	321
1909	295
1910	292
1911	259
1912	310
1913	338
1914	283
1915	339
1916	261
1917	290
1918	334
1919	296
1920	370
1921	310
1922	329
1923	322
1924	285
1925	305
1926	370
1927	351
1928	295
1929	376
1930	327
1931	333
1932	294
1933	326
1934	330
1935	271
1936	358
1937	318
1938	306
1939	310
1940	331
1941	329
1942	257
1943	272
1944	291
1945	311
1946	332
1947	303
1948	308
1949	297
1950	308
1951	336
1952	312
1953	283
1954	303
1955	288
1956	309
1957	283
1958	276
1959	342
1960	332
1961	316
1962	311
1963	297
1964	341
1965	304
1966	303
1967	302
1968	316
1969	320
1970	301
1971	264
1972	307
1973	337
1974	265
1975	320
1976	335
1977	317
1978	303
1979	286
1980	274
1981	319
1982	327
1983	315
1984	329
1985	356
1986	341
1987	379
1988	347
1989	298
1990	335
1991	294
1992	292
1993	276
1994	311
1995	352
1996	313
1997	342
1998	314
1999	375
2000	338
2001	326
2002	297
2003	305
2004	290
2005	317
2006	322
2007	329
2008	343
2009	318
2010	337
2011	333
2012	346
2013	332
2014	313
2015	292
2016	346
2017	337
2018	406
2019	315
2020	345
2021	349
2022	362
2023	345
2024	316
2025	358
2026	292
2027	311
2028	324
2029	351
2030	307
2031	370
2032	320
2033	323
2034	320
2035	320
2036	361
2037	318
2038	331
2039	289
2040	310
2041	338
2042	335
2043	341
2044	333
2045	376
2046	358
2047	344
2048	377
2049	401
2050	334
2051	355
2052	369
2053	341
2054	413
2055	317
2056	384
2057	305
2058	282
2059	308
2060	323
2061	306
2062	344
2063	304
2064	353
2065	284
2066	335
2067	314
2068	305
2069	350
2070	329
2071	324
2072	298
2073	285
2074	299
2075	311
2076	350
2077	298
2078	299
2079	295
2080	306
2081	287
2082	310
2083	322
2084	350
2085	356
2086	341
2087	325
2088	287
2089	302
2090	334
2091	301
2092	342
2093	302
2094	289
2095	328
2096	290
2097	300
2098	306
2099	299
2100	333
2101	316
2102	293
2103	343
2104	326
2105	313
2106	344
2107	317
2108	280
2109	326
2110	303
2111	304
2112	276
2113	313
2114	297
2115	353
2116	303
2117	328
2118	343
2119	331
2120	301
2121	296
2122	274
2123	263
2124	339
2125	289
2126	268
2127	272
2128	284
2129	314
2130	223
2131	296
2132	280
2133	314
2134	290
2135	267
2136	319
2137	297
2138	288
2139	316
2140	322
2141	327
2142	283
2143	285
2144	265
2145	263
2146	312
2147	328
2148	271
2149	320
2150	315
2151	333
2152	318
2153	289
2154	246
2155	262
2156	291
2157	273
2158	272
2159	274
2160	318
2161	271
2162	245
2163	249
2164	279
2165	253
2166	254
2167	283
2168	249
2169	289
2170	308
2171	255
2172	309
2173	279
2174	271
2175	251
2176	268
2177	284
2178	252
2179	247
2180	271
2181	271
2182	284
2183	300
2184	350
2185	327
2186	297
2187	313
2188	296
2189	306
2190	324
2191	272
2192	264
2193	283
2194	296
2195	276
2196	287
2197	291
2198	286
2199	303
2200	284
2201	309
2202	265
2203	308
2204	293
2205	279
2206	273
2207	273
2208	306
2209	306
2210	303
2211	296
2212	309
2213	313
2214	262
2215	287
2216	314
2217	260
2218	277
2219	343
2220	263
2221	304
2222	274
2223	293
2224	307
2225	328
2226	335
2227	256
2228	332
2229	301
2230	309
2231	318
2232	336
2233	348
2234	303
2235	273
2236	310
2237	359
2238	309
2239	313
2240	268
2241	336
2242	352
2243	275
2244	303
2245	283
2246	279
2247	288
2248	307
2249	298
2250	316
2251	298
2252	305
2253	336
2254	358
2255	316
2256	394
2257	329
2258	323
2259	350
2260	328
2261	308
2262	311
2263	333
2264	346
2265	310
2266	304
2267	343
2268	355
2269	382
2270	293
2271	296
2272	323
2273	299
2274	352
2275	307
2276	312
2277	263
2278	284
2279	302
2280	275
2281	289
2282	323
2283	331
2284	316
2285	332
2286	336
2287	327
2288	329
2289	283
2290	299
2291	280
2292	267
2293	298
2294	304
2295	338
2296	322
2297	266
2298	302
2299	275
2300	251
2301	241
2302	286
2303	282
2304	304
2305	296
2306	268
2307	298
2308	305
2309	338
2310	337
2311	352
2312	325
2313	299
2314	301
2315	315
2316	275
2317	304
2318	293
2319	287
2320	299
2321	306
2322	353
2323	338
2324	309
2325	300
2326	283
2327	305
2328	324
2329	278
2330	255
2331	307
2332	267
2333	295
2334	257
2335	315
2336	292
2337	263
2338	237
2339	229
2340	273
2341	294
2342	270
2343	291
2344	285
2345	285
2346	342
2347	244
2348	310
2349	328
2350	273
2351	344
2352	236
2353	261
2354	258
2355	297
2356	250
2357	329
2358	293
2359	275
2360	252
2361	277
2362	260
2363	267
2364	270
2365	251
2366	222
2367	289
2368	282
2369	292
2370	228
2371	246
2372	251
2373	280
2374	314
2375	271
2376	224
2377	287
2378	223
2379	291
2380	297
2381	305
2382	232
2383	288
2384	304
2385	287
2386	254
2387	285
2388	268
2389	284
2390	250
2391	336
2392	280
2393	283
2394	267
2395	284
2396	275
2397	270
2398	306
2399	268
2400	280
2401	287
2402	296
2403	284
2404	281
2405	231
2406	261
2407	254
2408	198
2409	292
2410	274
2411	270
2412	296
2413	239
2414	277
2415	283
2416	287
2417	281
2418	282
2419	294
2420	266
2421	290
2422	301
2423	330
2424	283
2425	257
2426	301
2427	282
2428	267
2429	276
2430	252
2431	232
2432	247
2433	231
2434	303
2435	302
2436	264
2437	258
2438	252
2439	299
2440	273
2441	241
2442	296
2443	277
2444	265
2445	288
2446	253
2447	239
2448	352
2449	267
2450	274
2451	277
2452	277
2453	290
2454	308
2455	301
2456	277
2457	288
2458	290
2459	285
2460	250
2461	267
2462	285
2463	291
2464	292
2465	260
2466	290
2467	338
2468	263
2469	285
2470	257
2471	285
2472	298
2473	305
2474	300
2475	219
2476	317
2477	289
2478	286
2479	250
2480	266
2481	273
2482	280
2483	313
2484	277
2485	256
2486	307
2487	284
2488	289
2489	287
2490	233
2491	312
2492	268
2493	277
2494	270
2495	259
2496	228
2497	275
2498	263
2499	240
2500	253
2501	268
2502	307
2503	291
2504	322
2505	305
2506	230
2507	268
2508	275
2509	239
2510	256
2511	223
2512	257
2513	248
2514	222
2515	238
2516	293
2517	282
2518	264
2519	309
2520	267
2521	297
2522	282
2523	276
2524	262
2525	237
2526	285
2527	232
2528	260
2529	258
2530	229
2531	277
2532	297
2533	288
2534	280
2535	272
2536	255
2537	263
2538	257
2539	254
2540	238
2541	262
2542	241
2543	293
2544	322
2545	246
2546	264
2547	271
2548	250
2549	234
2550	259
2551	264
2552	241
2553	229
2554	225
2555	221
2556	214
2557	238
2558	212
2559	227
2560	293
2561	227
2562	235
2563	238
2564	231
2565	231
2566	244
2567	220
2568	244
2569	227
2570	198
2571	248
2572	236
2573	225
2574	237
2575	223
2576	205
2577	198
2578	192
2579	238
2580	202
2581	218
2582	258
2583	223
2584	250
2585	257
2586	239
2587	237
2588	240
2589	231
2590	229
2591	268
2592	238
2593	237
2594	221
2595	252
2596	236
2597	217
2598	195
2599	211
2600	259
2601	205
2602	194
2603	260
2604	206
2605	272
2606	234
2607	261
2608	256
2609	230
2610	235
2611	248
2612	199
2613	206
2614	239
2615	215
2616	214
2617	182
2618	223
2619	167
2620	199
2621	201
2622	226
2623	228
2624	214
2625	190
2626	243
2627	219
2628	247
2629	225
2630	217
2631	239
2632	234
2633	263
2634	246
2635	218
2636	255
2637	253
2638	249
2639	216
2640	218
2641	247
2642	261
2643	243
2644	258
2645	257
2646	239
2647	237
2648	214
2649	237
2650	248
2651	232
2652	235
2653	256
2654	221
2655	154
2656	221
2657	218
2658	213
2659	198
2660	237
2661	239
2662	250
2663	238
2664	251
2665	236
2666	211
2667	225
2668	231
2669	238
2670	234
2671	273
2672	232
2673	255
2674	179
2675	219
2676	240
2677	217
2678	196
2679	247
2680	209
2681	208
2682	219
2683	241
2684	252
2685	245
2686	253
2687	272
2688	226
2689	277
2690	256
2691	251
2692	222
2693	238
2694	209
2695	259
2696	256
2697	300
2698	236
2699	262
2700	268
2701	257
2702	231
2703	269
2704	240
2705	310
2706	297
2707	299
2708	273
2709	281
2710	225
2711	228
2712	280
2713	231
2714	226
2715	227
2716	217
2717	265
2718	260
2719	253
2720	183
2721	206
2722	246
2723	233
2724	257
2725	260
2726	253
2727	215
2728	245
2729	239
2730	216
2731	214
2732	235
2733	236
2734	191
2735	223
2736	247
2737	259
2738	241
2739	284
2740	240
2741	262
2742	207
2743	230
2744	186
2745	218
2746	247
2747	252
2748	273
2749	238
2750	260
2751	237
2752	216
2753	236
2754	242
2755	220
2756	241
2757	242
2758	258
2759	239
2760	248
2761	244
2762	226
2763	255
2764	242
2765	235
2766	244
2767	249
2768	249
2769	250
2770	276
2771	248
2772	248
2773	270
2774	265
2775	193
2776	242
2777	188
2778	194
2779	234
2780	195
2781	205
2782	218
2783	225
2784	236
2785	201
2786	201
2787	199
2788	185
2789	222
2790	193
2791	214
2792	246
2793	243
2794	227
2795	210
2796	234
2797	227
2798	252
2799	223
2800	253
2801	233
2802	260
2803	254
2804	239
2805	226
2806	229
2807	216
2808	245
2809	245
2810	248
2811	220
2812	225
2813	217
2814	204
2815	166
2816	234
2817	267
2818	223
2819	217
2820	214
2821	253
2822	248
2823	213
2824	239
2825	232
2826	199
2827	229
2828	220
2829	235
2830	240
2831	222
2832	213
2833	206
2834	213
2835	205
2836	235
2837	174
2838	201
2839	259
2840	222
2841	225
2842	247
2843	188
2844	232
2845	227
2846	206
2847	211
2848	186
2849	186
2850	190
2851	191
2852	171
2853	215
2854	205
2855	189
2856	206
2857	223
2858	208
2859	206
2860	220
2861	213
2862	203
2863	199
2864	223
2865	192
2866	210
2867	219
2868	217
2869	225
2870	202
2871	210
2872	178
2873	224
2874	183
2875	210
2876	220
2877	213
2878	218
2879	209
2880	154
2881	181
2882	224
2883	231
2884	172
2885	208
2886	199
2887	181
2888	158
2889	186
2890	208
2891	160
2892	170
2893	182
2894	156
2895	216
2896	162
2897	182
2898	180
2899	203
2900	199
2901	188
2902	210
2903	170
2904	187
2905	200
2906	216
2907	172
2908	183
2909	189
2910	214
2911	187
2912	182
2913	190
2914	176
2915	207
2916	211
2917	172
2918	201
2919	165
2920	173
2921	202
2922	164
2923	168
2924	178
2925	192
2926	193
2927	187
2928	172
2929	171
2930	195
2931	189
2932	199
2933	200
2934	193
2935	193
2936	181
2937	188
2938	179
2939	159
2940	215
2941	194
2942	200
2943	200
2944	189
2945	159
2946	157
2947	173
2948	224
2949	167
2950	153
2951	200
2952	190
2953	189
2954	176
2955	209
2956	159
2957	159
2958	160
2959	164
2960	235
2961	191
2962	211
2963	151
2964	148
2965	181
2966	174
2967	201
2968	203
2969	159
2970	183
2971	190
2972	175
2973	180
2974	173
2975	178
2976	193
2977	178
2978	220
2979	204
2980	181
2981	197
2982	185
2983	178
2984	149
2985	184
2986	156
2987	172
2988	206
2989	205
2990	191
2991	211
2992	233
2993	244
2994	203
2995	218
2996	200
2997	180
2998	179
2999	187
3000	206
3001	171
3002	211
3003	206
3004	195
3005	212
3006	187
3007	173
3008	171
3009	184
3010	143
3011	162
3012	176
3013	208
3014	244
3015	207
3016	240
3017	260
3018	191
3019	203
3020	177
3021	194
3022	179
3023	171
3024	210
3025	196
3026	199
3027	222
3028	199
3029	228
3030	200
3031	191
3032	245
3033	201
3034	190
3035	205
3036	215
3037	236
3038	212
3039	237
3040	201
3041	238
3042	190
3043	207
3044	177
3045	173
3046	196
3047	215
3048	209
3049	179
3050	192
3051	219
3052	230
3053	231
3054	243
3055	196
3056	214
3057	211
3058	214
3059	226
3060	245
3061	201
3062	201
3063	200
3064	221
3065	193
3066	201
3067	206
3068	214
3069	171
3070	200
3071	194
3072	190
3073	211
3074	235
3075	206
3076	186
3077	207
3078	155
3079	173
3080	210
3081	164
3082	193
3083	210
3084	186
3085	185
3086	151
3087	170
3088	186
3089	191
3090	192
3091	222
3092	199
3093	224
3094	182
3095	186
3096	157
3097	194
3098	160
3099	183
3100	157
3101	210
3102	177
3103	212
3104	182
3105	226
3106	220
3107	187
3108	195
3109	177
3110	186
3111	196
3112	181
3113	221
3114	178
3115	186
3116	175
3117	168
3118	201
3119	184
3120	214
3121	184
3122	206
3123	201
3124	192
3125	181
3126	177
3127	215
3128	184
3129	165
3130	148
3131	159
3132	166
3133	206
3134	181
3135	225
3136	178
3137	206
3138	194
3139	203
3140	212
3141	176
3142	186
3143	150
3144	192
3145	189
3146	164
3147	195
3148	184
3149	184
3150	224
3151	205
3152	171
3153	167
3154	207
3155	188
3156	209
3157	200
3158	211
3159	170
3160	172
3161	147
3162	189
3163	181
3164	203
3165	159
3166	169
3167	197
3168	191
3169	164
3170	158
3171	162
3172	214
3173	161
3174	184
3175	176
3176	171
3177	214
3178	201
3179	175
3180	186
3181	212
3182	219
3183	183
3184	176
3185	190
3186	198
3187	139
3188	194
3189	190
3190	190
3191	198
3192	181
3193	184
3194	218
3195	202
3196	211
3197	200
3198	187
3199	180
3200	196
3201	164
3202	199
3203	165
3204	196
3205	208
3206	212
3207	210
3208	188
3209	197
3210	195
3211	206
3212	192
3213	218
3214	207
3215	188
3216	209
3217	209
3218	208
3219	221
3220	200
3221	192
3222	212
3223	224
3224	202
3225	175
3226	182
3227	169
3228	172
3229	194
3230	194
3231	185
3232	193
3233	204
3234	231
3235	240
3236	205
3237	187
3238	197
3239	198
3240	188
3241	178
3242	209
3243	173
3244	183
3245	193
3246	205
3247	213
3248	184
3249	216
3250	186
3251	208
3252	186
3253	199
3254	197
3255	240
3256	267
3257	242
3258	202
3259	210
3260	191
3261	235
3262	190
3263	202
3264	200
3265	239
3266	184
3267	216
3268	220
3269	242
3270	182
3271	188
3272	172
3273	203
3274	198
3275	224
3276	288
3277	249
3278	237
3279	235
3280	216
3281	177
3282	204
3283	243
3284	239
3285	224
3286	216
3287	238
3288	209
3289	158
3290	233
3291	224
3292	186
3293	184
3294	228
3295	221
3296	218
3297	199
3298	200
3299	209
3300	213
3301	215
3302	211
3303	216
3304	240
3305	260
3306	224
3307	218
3308	242
3309	223
3310	211
3311	196
3312	180
3313	239
3314	245
3315	240
3316	222
3317	203
3318	231
3319	222
3320	203
3321	243
3322	216
3323	232
3324	210
3325	287
3326	248
3327	204
3328	192
3329	172
3330	245
3331	216
3332	227
3333	213
3334	211
3335	227
3336	205
3337	234
3338	263
3339	248
3340	217
3341	210
3342	213
3343	187
3344	232
3345	225
3346	247
3347	230
3348	212
3349	230
3350	219
3351	214
3352	218
3353	282
3354	254
3355	193
3356	201
3357	221
3358	179
3359	183
3360	166
3361	212
3362	188
3363	209
3364	193
3365	198
3366	204
3367	208
3368	170
3369	196
3370	210
3371	204
3372	258
3373	218
3374	160
3375	190
3376	163
3377	189
3378	175
3379	133
3380	168
3381	176
3382	192
3383	232
3384	170
3385	193
3386	207
3387	201
3388	194
3389	189
3390	184
3391	208
3392	172
3393	173
3394	186
3395	196
3396	141
3397	181
3398	185
3399	162
3400	180
3401	194
3402	151
3403	163
3404	198
3405	197
3406	200
3407	171
3408	164
3409	221
3410	199
3411	191
3412	122
3413	160
3414	136
3415	146
3416	190
3417	185
3418	189
3419	156
3420	161
3421	178
3422	154
3423	167
3424	161
3425	166
3426	151
3427	186
3428	176
3429	183
3430	200
3431	215
3432	180
3433	177
3434	179
3435	178
3436	211
3437	187
3438	206
3439	185
3440	168
3441	155
3442	196
3443	200
3444	164
3445	194
3446	146
3447	181
3448	203
3449	176
3450	145
3451	195
3452	145
3453	192
3454	190
3455	212
3456	187
3457	198
3458	146
3459	160
3460	190
3461	191
3462	215
3463	220
3464	169
3465	166
3466	186
3467	144
3468	176
3469	178
3470	147
3471	169
3472	157
3473	163
3474	207
3475	166
3476	169
3477	188
3478	175
3479	165
3480	166
3481	173
3482	174
3483	148
3484	159
3485	165
3486	167
3487	152
3488	156
3489	147
3490	191
3491	169
3492	156
3493	188
3494	158
3495	152
3496	182
3497	171
3498	168
3499	161
3500	173
3501	149
3502	174
3503	194
3504	142
3505	176
3506	161
3507	171
3508	165
3509	162
3510	215
3511	188
3512	165
3513	160
3514	126
3515	195
3516	160
3517	146
3518	155
3519	161
3520	162
3521	185
3522	178
3523	189
3524	138
3525	138
3526	160
3527	167
3528	139
3529	152
3530	137
3531	166
3532	189
3533	154
3534	176
3535	135
3536	177
3537	156
3538	163
3539	159
3540	170
3541	143
3542	146
3543	169
3544	167
3545	155
3546	153
3547	149
3548	145
3549	138
3550	180
3551	129
3552	150
3553	158
3554	131
3555	104
3556	162
3557	163
3558	133
3559	162
3560	139
3561	124
3562	141
3563	139
3564	157
3565	182
3566	179
3567	182
3568	166
3569	149
3570	141
3571	151
3572	135
3573	158
3574	149
3575	156
3576	140
3577	144
3578	146
3579	158
3580	189
3581	173
3582	177
3583	164
3584	155
3585	184
3586	174
3587	168
3588	190
3589	144
3590	138
3591	131
3592	159
3593	165
3594	128
3595	146
3596	142
3597	154
3598	150
3599	148
3600	149
3601	135
3602	177
3603	205
3604	162
3605	185
3606	208
3607	182
3608	157
3609	153
3610	172
3611	168
3612	160
3613	169
3614	151
3615	183
3616	167
3617	185
3618	162
3619	162
3620	144
3621	159
3622	198
3623	177
3624	133
3625	159
3626	176
3627	147
3628	176
3629	164
3630	157
3631	207
3632	197
3633	148
3634	166
3635	161
3636	135
3637	192
3638	184
3639	165
3640	142
3641	162
3642	180
3643	135
3644	140
3645	191
3646	183
3647	156
3648	191
3649	178
3650	167
3651	169
3652	146
3653	156
3654	146
3655	165
3656	184
3657	174
3658	199
3659	177
3660	156
3661	183
3662	147
3663	137
3664	152
3665	136
3666	189
3667	149
3668	156
3669	167
3670	152
3671	178
3672	166
3673	180
3674	198
3675	174
3676	143
3677	158
3678	174
3679	133
3680	141
3681	170
3682	145
3683	155
3684	139
3685	156
3686	170
3687	159
3688	151
3689	177
3690	172
3691	181
3692	158
3693	191
3694	165
3695	174
3696	164
3697	149
3698	156
3699	179
3700	177
3701	150
3702	146
3703	134
3704	154
3705	184
3706	136
3707	152
3708	144
3709	165
3710	122
3711	170
3712	138
3713	115
3714	172
3715	170
3716	144
3717	170
3718	156
3719	149
3720	173
3721	149
3722	158
3723	142
3724	180
3725	163
3726	165
3727	153
3728	143
3729	150
3730	149
3731	169
3732	167
3733	136
3734	177
3735	188
3736	142
3737	148
3738	123
3739	133
3740	169
3741	139
3742	155
3743	180
3744	182
3745	181
3746	169
3747	157
3748	167
3749	150
3750	151
3751	161
3752	127
3753	121
3754	143
3755	153
3756	174
3757	169
3758	132
3759	148
3760	134
3761	145
3762	154
3763	112
3764	129
3765	170
3766	146
3767	145
3768	139
3769	140
3770	184
3771	142
3772	172
3773	157
3774	173
3775	184
3776	211
3777	159
3778	152
3779	152
3780	142
3781	124
3782	124
3783	135
3784	149
3785	146
3786	148
3787	141
3788	178
3789	145
3790	131
3791	166
3792	162
3793	110
3794	122
3795	140
3796	166
3797	162
3798	177
3799	201
3800	204
3801	175
3802	144
3803	138
3804	158
3805	176
3806	152
3807	151
3808	162
3809	183
3810	164
3811	123
3812	147
3813	159
3814	186
3815	154
3816	133
3817	181
3818	171
3819	178
3820	158
3821	157
3822	175
3823	142
3824	161
3825	157
3826	149
3827	151
3828	136
3829	133
3830	138
3831	131
3832	120
3833	138
3834	146
3835	140
3836	185
3837	138
3838	149
3839	152
3840	132
3841	123
3842	130
3843	151
3844	122
3845	115
3846	119
3847	137
3848	128
3849	144
3850	178
3851	165
3852	179
3853	132
3854	148
3855	142
3856	142
3857	177
3858	132
3859	150
3860	167
3861	155
3862	158
3863	134
3864	139
3865	181
3866	152
3867	153
3868	155
3869	158
3870	142
3871	150
3872	143
3873	153
3874	165
3875	128
3876	146
3877	154
3878	136
3879	175
3880	139
3881	158
3882	145
3883	166
3884	153
3885	175
3886	181
3887	175
3888	152
3889	215
3890	184
3891	196
3892	186
3893	192
3894	171
3895	209
3896	227
3897	201
3898	166
3899	187
3900	189
3901	181
3902	181
3903	201
3904	193
3905	176
3906	203
3907	196
3908	208
3909	193
3910	216
3911	173
3912	187
3913	184
3914	220
3915	250
3916	170
3917	199
3918	219
3919	226
3920	178
3921	183
3922	163
3923	187
3924	206
3925	146
3926	184
3927	173
3928	189
3929	191
3930	200
3931	177
3932	198
3933	222
3934	164
3935	190
3936	235
3937	192
3938	198
3939	179
3940	199
3941	209
3942	162
3943	189
3944	179
3945	167
3946	148
3947	174
3948	169
3949	218
3950	223
3951	174
3952	186
3953	173
3954	188
3955	168
3956	134
3957	154
3958	183
3959	147
3960	155
3961	208
3962	156
3963	155
3964	161
3965	141
3966	127
3967	144
3968	152
3969	218
3970	164
3971	161
3972	214
3973	189
3974	191
3975	156
3976	168
3977	153
3978	183
3979	162
3980	171
3981	189
3982	125
3983	145
3984	135
3985	156
3986	142
3987	154
3988	214
3989	163
3990	194
3991	186
3992	153
3993	155
3994	167
3995	153
3996	149
3997	173
3998	176
3999	171
4000	157
4001	162
4002	141
4003	136
4004	148
4005	135
4006	165
4007	158
4008	135
4009	141
4010	133
4011	128
4012	146
4013	142
4014	140
4015	161
4016	159
4017	167
4018	166
4019	148
4020	169
4021	178
4022	156
4023	188
4024	192
4025	191
4026	214
4027	182
4028	185
4029	167
4030	198
4031	164
4032	172
4033	194
4034	202
4035	206
4036	214
4037	167
4038	209
4039	191
4040	199
4041	196
4042	216
4043	195
4044	206
4045	176
4046	167
4047	184
4048	148
4049	164
4050	191
4051	180
4052	178
4053	172
4054	193
4055	190
4056	200
4057	194
4058	228
4059	186
4060	181
4061	221
4062	185
4063	174
4064	169
4065	186
4066	195
4067	159
4068	200
4069	147
4070	172
4071	157
4072	188
4073	181
4074	218
4075	180
4076	171
4077	217
4078	200
4079	183
4080	192
4081	196
4082	196
4083	190
4084	204
4085	233
4086	190
4087	193
4088	152
4089	199
4090	211
4091	188
4092	193
4093	192
4094	198
4095	209
4096	186
4097	225
4098	184
4099	219
4100	193
4101	196
4102	172
4103	128
4104	164
4105	145
4106	156
4107	175
4108	172
4109	144
4110	152
4111	162
4112	154
4113	171
4114	188
4115	172
4116	167
4117	202
4118	163
4119	149
4120	174
4121	149
4122	138
4123	199
4124	165
4125	155
4126	113
4127	186
4128	185
4129	131
4130	139
4131	120
4132	175
4133	157
4134	172
4135	156
4136	152
4137	152
4138	130
4139	168
4140	171
4141	160
4142	145
4143	149
4144	152
4145	174
4146	127
4147	155
4148	139
4149	144
4150	156
4151	146
4152	110
4153	161
4154	164
4155	145
4156	173
4157	126
4158	130
4159	153
4160	143
4161	148
4162	164
4163	161
4164	164
4165	116
4166	116
4167	134
4168	141
4169	134
4170	129
4171	135
4172	144
4173	145
4174	152
4175	161
4176	101
4177	118
4178	138
4179	127
4180	118
4181	133
4182	121
4183	114
4184	135
4185	146
4186	133
4187	126
4188	150
4189	160
4190	117
4191	141
4192	131
4193	111
4194	131
4195	102
4196	158
4197	119
4198	140
4199	135
4200	114
4201	135
4202	141
4203	117
4204	127
4205	118
4206	128
4207	101
4208	148
4209	120
4210	153
4211	162
4212	101
4213	111
4214	130
4215	107
4216	120
4217	125
4218	125
4219	149
4220	165
4221	134
4222	130
4223	120
4224	131
4225	159
4226	137
4227	167
4228	117
4229	153
4230	116
4231	136
4232	128
4233	119
4234	119
4235	122
4236	127
4237	147
4238	93
4239	117
4240	120
4241	106
4242	96
4243	126
4244	155
4245	118
4246	150
4247	123
4248	129
4249	137
4250	124
4251	102
4252	134
4253	116
4254	115
4255	126
4256	131
4257	137
4258	108
4259	118
4260	116
4261	114
4262	100
4263	127
4264	141
4265	118
4266	140
4267	135
4268	130
4269	135
4270	146
4271	101
4272	132
4273	142
4274	119
4275	142
4276	148
4277	84
4278	116
4279	135
4280	129
4281	130
4282	120
4283	99
4284	94
4285	135
4286	121
4287	116
4288	111
4289	80
4290	98
4291	95
4292	134
4293	96
4294	112
4295	107
4296	158
4297	135
4298	146
4299	113
4300	113
4301	139
4302	140
4303	118
4304	112
4305	141
4306	119
4307	135
4308	127
4309	168
4310	120
4311	122
4312	121
4313	129
4314	108
4315	135
4316	122
4317	92
4318	114
4319	132
4320	127
4321	122
4322	117
4323	121
4324	110
4325	140
4326	105
4327	98
4328	125
4329	126
4330	99
4331	105
4332	81
4333	114
4334	109
4335	138
4336	104
4337	158
4338	137
4339	141
4340	95
4341	126
4342	131
4343	125
4344	91
4345	88
4346	105
4347	119
4348	99
4349	139
4350	131
4351	126
4352	124
4353	118
4354	133
4355	150
4356	107
4357	104
4358	101
4359	110
4360	129
4361	110
4362	91
4363	151
4364	117
4365	100
4366	89
4367	133
4368	91
4369	104
4370	150
4371	118
4372	120
4373	135
4374	108
4375	139
4376	107
4377	103
4378	96
4379	101
4380	125
4381	137
4382	127
4383	127
4384	111
4385	130
4386	126
4387	96
4388	118
4389	119
4390	126
4391	138
4392	101
4393	118
4394	121
4395	142
4396	120
4397	128
4398	126
4399	98
4400	94
4401	91
4402	113
4403	126
4404	121
4405	104
4406	130
4407	103
4408	110
4409	108
4410	111
4411	117
4412	102
4413	107
4414	143
4415	92
4416	99
4417	118
4418	138
4419	129
4420	155
4421	127
4422	102
4423	89
4424	113
4425	128
4426	144
4427	125
4428	127
4429	150
4430	152
4431	107
4432	123
4433	94
4434	140
4435	107
4436	118
4437	109
4438	105
4439	99
4440	93
4441	109
4442	80
4443	112
4444	93
4445	101
4446	119
4447	94
4448	106
4449	89
4450	117
4451	100
4452	71
4453	98
4454	103
4455	96
4456	120
4457	93
4458	145
4459	103
4460	93
4461	118
4462	121
4463	116
4464	125
4465	118
4466	115
4467	115
4468	133
4469	110
4470	115
4471	102
4472	91
4473	92
4474	108
4475	106
4476	99
4477	76
4478	106
4479	104
4480	90
4481	112
4482	100
4483	110
4484	99
4485	129
4486	132
4487	123
4488	138
4489	135
4490	118
4491	95
4492	106
4493	119
4494	106
4495	96
4496	138
4497	89
4498	109
4499	118
4500	101
4501	113
4502	136
4503	100
4504	119
4505	151
4506	127
4507	137
4508	102
4509	111
4510	117
4511	135
4512	114
4513	121
4514	145
4515	149
4516	120
4517	117
4518	87
4519	91
4520	126
4521	105
4522	106
4523	123
4524	115
4525	133
4526	120
4527	112
4528	104
4529	131
4530	109
4531	141
4532	124
4533	103
4534	164
4535	124
4536	137
4537	144
4538	120
4539	132
4540	155
4541	127
4542	124
4543	156
4544	129
4545	124
4546	144
4547	109
4548	126
4549	146
4550	115
4551	110
4552	108
4553	109
4554	113
4555	127
4556	150
4557	121
4558	154
4559	152
4560	128
4561	145
4562	151
4563	122
4564	125
4565	134
4566	108
4567	109
4568	98
4569	158
4570	125
4571	107
4572	101
4573	135
4574	109
4575	129
4576	140
4577	141
4578	131
4579	131
4580	139
4581	130
4582	114
4583	147
4584	134
4585	103
4586	132
4587	142
4588	95
4589	99
4590	137
4591	130
4592	139
4593	146
4594	144
4595	122
4596	147
4597	133
4598	148
4599	103
4600	134
4601	130
4602	126
4603	121
4604	113
4605	137
4606	114
4607	143
4608	151
4609	107
4610	117
4611	112
4612	97
4613	120
4614	81
4615	123
4616	139
4617	109
4618	102
4619	113
4620	99
4621	110
4622	129
4623	107
4624	148
4625	112
4626	113
4627	111
4628	118
4629	146
4630	132
4631	140
4632	130
4633	113
4634	114
4635	116
4636	130
4637	110
4638	107
4639	120
4640	123
4641	106
4642	91
4643	100
4644	135
4645	128
4646	101
4647	98
4648	82
4649	117
4650	107
4651	111
4652	117
4653	106
4654	117
4655	118
4656	101
4657	124
4658	140
4659	135
4660	128
4661	107
4662	124
4663	127
4664	96
4665	117
4666	95
4667	108
4668	99
4669	101
4670	88
4671	119
4672	114
4673	101
4674	112
4675	128
4676	100
4677	103
4678	91
4679	120
4680	123
4681	74
4682	144
4683	142
4684	111
4685	96
4686	100
4687	126
4688	144
4689	117
4690	117
4691	114
4692	95
4693	142
4694	113
4695	124
4696	94
4697	93
4698	128
4699	97
4700	105
4701	116
4702	88
4703	80
4704	99
4705	98
4706	102
4707	93
4708	84
4709	86
4710	97
4711	116
4712	85
4713	102
4714	120
4715	88
4716	97
4717	128
4718	121
4719	111
4720	107
4721	120
4722	121
4723	96
4724	111
4725	125
4726	131
4727	134
4728	103
4729	126
4730	118
4731	134
4732	137
4733	109
4734	132
4735	141
4736	105
4737	99
4738	101
4739	130
4740	106
4741	120
4742	123
4743	108
4744	96
4745	141
4746	110
4747	113
4748	91
4749	120
4750	93
4751	115
4752	102
4753	108
4754	117
4755	132
4756	96
4757	87
4758	105
4759	123
4760	90
4761	102
4762	111
4763	152
4764	115
4765	105
4766	128
4767	124
4768	88
4769	97
4770	109
4771	145
4772	114
4773	113
4774	121
4775	107
4776	100
4777	115
4778	98
4779	124
4780	101
4781	122
4782	114
4783	124
4784	109
4785	107
4786	121
4787	131
4788	111
4789	96
4790	138
4791	124
4792	112
4793	117
4794	116
4795	110
4796	115
4797	110
4798	140
4799	107
4800	132
4801	166
4802	122
4803	135
4804	109
4805	89
4806	112
4807	95
4808	114
4809	103
4810	122
4811	123
4812	137
4813	111
4814	115
4815	103
4816	99
4817	114
4818	91
4819	87
4820	114
4821	119
4822	122
4823	103
4824	91
4825	123
4826	90
4827	109
4828	110
4829	116
4830	89
4831	96
4832	106
4833	110
4834	132
4835	114
4836	115
4837	88
4838	120
4839	101
4840	94
4841	95
4842	123
4843	66
4844	96
4845	100
4846	97
4847	104
4848	86
4849	105
4850	84
4851	96
4852	113
4853	70
4854	91
4855	80
4856	121
4857	127
4858	125
4859	99
4860	105
4861	107
4862	71
4863	113
4864	128
4865	120
4866	93
4867	101
4868	108
4869	89
4870	99
4871	92
4872	78
4873	74
4874	88
4875	84
4876	107
4877	95
4878	78
4879	102
4880	100
4881	99
4882	115
4883	96
4884	79
4885	68
4886	88
4887	92
4888	95
4889	109
4890	105
4891	103
4892	101
4893	83
4894	102
4895	91
4896	70
4897	98
4898	95
4899	68
4900	95
4901	83
4902	102
4903	103
4904	98
4905	81
4906	82
4907	89
4908	111
4909	102
4910	96
4911	108
4912	101
4913	92
4914	84
4915	122
4916	92
4917	76
4918	80
4919	90
4920	99
4921	99
4922	99
4923	95
4924	108
4925	101
4926	88
4927	107
4928	120
4929	89
4930	121
4931	116
4932	89
4933	119
4934	111
4935	84
4936	91
4937	85
4938	91
4939	87
4940	112
4941	130
4942	125
4943	90
4944	128
4945	73
4946	96
4947	103
4948	84
4949	120
4950	83
4951	128
4952	85
4953	111
4954	107
4955	93
4956	85
4957	108
4958	94
4959	110
4960	101
4961	68
4962	80
4963	97
4964	124
4965	127
4966	121
4967	103
4968	99
4969	114
4970	119
4971	81
4972	98
4973	83
4974	89
4975	102
4976	121
4977	83
4978	141
4979	119
4980	102
4981	104
4982	86
4983	86
4984	90
4985	110
4986	91
4987	102
4988	78
4989	97
4990	92
4991	123
4992	94
4993	105
4994	83
4995	113
4996	101
4997	124
4998	117
4999	122
5000	120
5001	126
5002	114
5003	98
5004	85
5005	100
5006	129
5007	115
5008	108
5009	82
5010	106
5011	92
5012	108
5013	118
5014	122
5015	109
5016	115
5017	113
5018	101
5019	122
5020	111
5021	108
5022	98
5023	87
5024	100
5025	122
5026	94
5027	103
5028	112
5029	110
5030	108
5031	143
5032	109
5033	133
5034	149
5035	109
5036	131
5037	125
5038	122
5039	107
5040	118
5041	112
5042	127
5043	94
5044	97
5045	105
5046	125
5047	124
5048	126
5049	119
5050	122
5051	126
5052	124
5053	126
5054	110
5055	99
5056	115
5057	122
5058	112
5059	124
5060	143
5061	123
5062	132
5063	104
5064	91
5065	116
5066	108
5067	101
5068	99
5069	105
5070	84
5071	88
5072	104
5073	114
5074	105
5075	106
5076	105
5077	127
5078	98
5079	90
5080	131
5081	114
5082	109
5083	114
5084	139
5085	113
5086	102
5087	112
5088	103
5089	85
5090	98
5091	79
5092	111
5093	112
5094	93
5095	98
5096	104
5097	109
5098	97
5099	100
5100	139
5101	97
5102	115
5103	117
5104	103
5105	108
5106	110
5107	88
5108	127
5109	106
5110	77
5111	103
5112	110
5113	118
5114	85
5115	91
5116	97
5117	97
5118	105
5119	98
5120	97
5121	102
5122	120
5123	85
5124	99
5125	94
5126	96
5127	87
5128	95
5129	93
5130	81
5131	102
5132	110
5133	70
5134	105
5135	71
5136	71
5137	73
5138	89
5139	101
5140	102
5141	92
5142	91
5143	82
5144	77
5145	83
5146	75
5147	110
5148	85
5149	79
5150	82
5151	81
5152	105
5153	115
5154	93
5155	94
5156	124
5157	105
5158	108
5159	87
5160	79
5161	110
5162	104
5163	109
5164	95
5165	95
5166	116
5167	102
5168	83
5169	103
5170	84
5171	104
5172	87
5173	94
5174	102
5175	90
5176	104
5177	97
5178	75
5179	87
5180	103
5181	106
5182	92
5183	101
5184	78
5185	93
5186	72
5187	113
5188	88
5189	122
5190	113
5191	100
5192	97
5193	77
5194	118
5195	113
5196	92
5197	79
5198	88
5199	90
5200	85
5201	81
5202	92
5203	81
5204	91
5205	94
5206	113
5207	88
5208	62
5209	119
5210	80
5211	82
5212	122
5213	56
5214	83
5215	76
5216	70
5217	84
5218	93
5219	75
5220	87
5221	56
5222	70
5223	77
5224	98
5225	97
5226	68
5227	97
5228	113
5229	87
5230	58
5231	94
5232	91
5233	82
5234	77
5235	111
5236	92
5237	68
5238	81
5239	94
5240	99
5241	66
5242	67
5243	72
5244	72
5245	91
5246	70
5247	74
5248	56
5249	83
5250	73
5251	85
5252	86
5253	96
5254	80
5255	94
5256	71
5257	88
5258	88
5259	98
5260	83
5261	81
5262	98
5263	94
5264	72
5265	75
5266	91
5267	77
5268	83
5269	104
5270	107
5271	99
5272	86
5273	82
5274	109
5275	91
5276	67
5277	81
5278	90
5279	97
5280	108
5281	117
5282	99
5283	96
5284	84
5285	116
5286	99
5287	110
5288	77
5289	97
5290	78
5291	96
5292	110
5293	90
5294	72
5295	105
5296	77
5297	85
5298	76
5299	63
5300	67
5301	83
5302	65
5303	74
5304	82
5305	82
5306	65
5307	102
5308	100
5309	99
5310	85
5311	117
5312	85
5313	87
5314	91
5315	92
5316	73
5317	88
5318	85
5319	77
5320	90
5321	98
5322	100
5323	75
5324	79
5325	85
5326	80
5327	85
5328	63
5329	95
5330	87
5331	84
5332	74
5333	81
5334	88
5335	84
5336	101
5337	98
5338	80
5339	80
5340	76
5341	85
5342	114
5343	83
5344	111
5345	83
5346	58
5347	100
5348	82
5349	83
5350	68
5351	60
5352	83
5353	73
5354	73
5355	76
5356	98
5357	112
5358	111
5359	107
5360	112
5361	94
5362	115
5363	112
5364	83
5365	83
5366	92
5367	95
5368	66
5369	85
5370	88
5371	80
5372	74
5373	103
5374	88
5375	88
5376	83
5377	114
5378	100
5379	96
5380	81
5381	88
5382	93
5383	98
5384	84
5385	88
5386	91
5387	95
5388	86
5389	89
5390	85
5391	69
5392	106
5393	72
5394	85
5395	99
5396	88
5397	99
5398	89
5399	93
5400	109
5401	103
5402	65
5403	85
5404	71
5405	104
5406	89
5407	98
5408	91
5409	94
5410	103
5411	99
5412	85
5413	91
5414	82
5415	86
5416	83
5417	107
5418	89
5419	91
5420	120
5421	69
5422	102
5423	96
5424	80
5425	112
5426	99
5427	102
5428	71
5429	88
5430	102
5431	129
5432	72
5433	93
5434	109
5435	84
5436	111
5437	68
5438	97
5439	100
5440	76
5441	69
5442	70
5443	60
5444	62
5445	85
5446	93
5447	75
5448	80
5449	83
5450	89
5451	102
5452	88
5453	81
5454	84
5455	122
5456	98
5457	94
5458	91
5459	83
5460	86
5461	96
5462	87
5463	91
5464	80
5465	84
5466	101
5467	62
5468	76
5469	120
5470	79
5471	80
5472	96
5473	93
5474	76
5475	83
5476	100
5477	114
5478	101
5479	86
5480	83
5481	101
5482	78
5483	99
5484	90
5485	101
5486	112
5487	94
5488	105
5489	90
5490	121
5491	109
5492	100
5493	101
5494	86
5495	127
5496	100
5497	95
5498	118
5499	88
5500	110
5501	111
5502	115
5503	96
5504	92
5505	107
5506	89
5507	90
5508	110
5509	113
5510	99
5511	91
5512	114
5513	98
5514	77
5515	104
5516	103
5517	103
5518	82
5519	88
5520	117
5521	85
5522	93
5523	125
5524	97
5525	102
5526	110
5527	115
5528	112
5529	97
5530	89
5531	106
5532	119
5533	116
5534	127
5535	115
5536	117
5537	132
5538	117
5539	109
5540	111
5541	117
5542	134
5543	105
5544	97
5545	97
5546	126
5547	114
5548	113
5549	104
5550	99
5551	109
5552	126
5553	90
5554	95
5555	113
5556	122
5557	124
5558	106
5559	124
5560	110
5561	147
5562	136
5563	110
5564	101
5565	97
5566	118
5567	88
5568	96
5569	93
5570	107
5571	98
5572	97
5573	85
5574	85
5575	107
5576	103
5577	140
5578	97
5579	73
5580	101
5581	91
5582	89
5583	106
5584	94
5585	98
5586	102
5587	108
5588	111
5589	81
5590	71
5591	107
5592	83
5593	89
5594	98
5595	93
5596	69
5597	64
5598	83
5599	110
5600	90
5601	98
5602	92
5603	101
5604	78
5605	81
5606	91
5607	82
5608	78
5609	76
5610	67
5611	94
5612	77
5613	75
5614	64
5615	53
5616	69
5617	55
5618	69
5619	70
5620	48
5621	58
5622	73
5623	87
5624	63
5625	91
5626	87
5627	81
5628	78
5629	70
5630	86
5631	99
5632	91
5633	92
5634	71
5635	112
5636	106
5637	72
5638	94
5639	93
5640	96
5641	102
5642	98
5643	91
5644	102
5645	83
5646	74
5647	70
5648	77
5649	96
5650	83
5651	97
5652	103
5653	86
5654	103
5655	82
5656	92
5657	98
5658	96
5659	83
5660	88
5661	73
5662	77
5663	94
5664	111
5665	93
5666	79
5667	94
5668	78
5669	102
5670	105
5671	90
5672	103
5673	94
5674	88
5675	81
5676	97
5677	79
5678	88
5679	83
5680	96
5681	128
5682	107
5683	93
5684	116
5685	113
5686	96
5687	111
5688	106
5689	128
5690	101
5691	83
5692	79
5693	108
5694	91
5695	98
5696	112
5697	102
5698	77
5699	84
5700	96
5701	129
5702	97
5703	103
5704	95
5705	95
5706	77
5707	102
5708	88
5709	114
5710	95
5711	90
5712	116
5713	109
5714	129
5715	95
5716	84
5717	88
5718	94
5719	99
5720	72
5721	68
5722	89
5723	85
5724	94
5725	104
5726	86
5727	99
5728	85
5729	95
5730	90
5731	81
5732	84
5733	98
5734	98
5735	100
5736	95
5737	79
5738	71
5739	72
5740	84
5741	99
5742	92
5743	86
5744	91
5745	55
5746	72
5747	116
5748	85
5749	103
5750	95
5751	86
5752	118
5753	119
5754	69
5755	75
5756	91
5757	71
5758	75
5759	88
5760	72
5761	62
5762	59
5763	80
5764	82
5765	94
5766	77
5767	96
5768	101
5769	86
5770	70
5771	101
5772	75
5773	114
5774	92
5775	105
5776	85
5777	72
5778	111
5779	62
5780	77
5781	104
5782	85
5783	65
5784	83
5785	86
5786	79
5787	80
5788	111
5789	100
5790	92
5791	82
5792	72
5793	89
5794	97
5795	109
5796	82
5797	86
5798	80
5799	78
5800	81
5801	76
5802	71
5803	58
5804	90
5805	87
5806	91
5807	72
5808	68
5809	80
5810	94
5811	58
5812	65
5813	80
5814	74
5815	76
5816	83
5817	89
5818	72
5819	82
5820	87
5821	85
5822	86
5823	76
5824	115
5825	97
5826	72
5827	82
5828	96
5829	61
5830	76
5831	76
5832	89
5833	105
5834	93
5835	93
5836	106
5837	71
5838	107
5839	108
5840	90
5841	105
5842	95
5843	69
5844	91
5845	94
5846	115
5847	87
5848	93
5849	73
5850	113
5851	82
5852	85
5853	92
5854	77
5855	100
5856	80
5857	80
5858	104
5859	111
5860	91
5861	127
5862	103
5863	79
5864	100
5865	73
5866	93
5867	81
5868	86
5869	78
5870	79
5871	92
5872	96
5873	80
5874	78
5875	78
5876	61
5877	89
5878	73
5879	68
5880	81
5881	77
5882	69
5883	88
5884	68
5885	58
5886	83
5887	84
5888	83
5889	89
5890	105
5891	83
5892	76
5893	80
5894	56
5895	83
5896	91
5897	84
5898	90
5899	91
5900	103
5901	71
5902	79
5903	78
5904	83
5905	87
5906	84
5907	95
5908	69
5909	85
5910	89
5911	78
5912	102
5913	82
5914	93
5915	89
5916	90
5917	119
5918	91
5919	75
5920	88
5921	86
5922	118
5923	82
5924	83
5925	81
5926	86
5927	107
5928	133
5929	108
5930	109
5931	90
5932	104
5933	61
5934	83
5935	79
5936	109
5937	105
5938	106
5939	112
5940	102
5941	99
5942	123
5943	100
5944	83
5945	94
5946	89
5947	84
5948	88
5949	73
5950	84
5951	93
5952	102
5953	74
5954	67
5955	108
5956	78
5957	85
5958	122
5959	115
5960	118
5961	105
5962	81
5963	92
5964	108
5965	86
5966	87
5967	120
5968	104
5969	89
5970	100
5971	88
5972	89
5973	85
5974	87
5975	84
5976	106
5977	82
5978	85
5979	88
5980	108
5981	75
5982	70
5983	106
5984	102
5985	118
5986	86
5987	85
5988	109
5989	89
5990	81
5991	133
5992	75
5993	81
5994	106
5995	81
5996	63
5997	96
5998	104
5999	81
6000	118
6001	90
6002	102
6003	109
6004	86
6005	77
6006	90
6007	56
6008	74
6009	55
6010	61
6011	74
6012	78
6013	101
6014	104
6015	85
6016	82
6017	67
6018	64
6019	88
6020	70
6021	71
6022	73
6023	98
6024	113
6025	89
6026	82
6027	90
6028	69
6029	77
6030	61
6031	101
6032	99
6033	98
6034	78
6035	88
6036	79
6037	84
6038	76
6039	86
6040	66
6041	100
6042	81
6043	102
6044	77
6045	69
6046	97
6047	104
6048	90
6049	47
6050	60
6051	69
6052	103
6053	94
6054	86
6055	78
6056	76
6057	54
6058	67
6059	82
6060	83
6061	71
6062	78
6063	85
6064	83
6065	76
6066	80
6067	65
6068	64
6069	90
6070	59
6071	73
6072	75
6073	82
6074	52
6075	80
6076	83
6077	102
6078	62
6079	77
6080	79
6081	76
6082	64
6083	74
6084	74
6085	82
6086	80
6087	79
6088	64
6089	69
6090	87
6091	69
6092	79
6093	88
6094	83
6095	57
6096	87
6097	59
6098	69
6099	68
6100	103
6101	95
6102	87
6103	90
6104	87
6105	106
6106	111
6107	88
6108	108
6109	78
6110	88
6111	74
6112	94
6113	83
6114	80
6115	61
6116	84
6117	99
6118	90
6119	89
6120	125
6121	108
6122	67
6123	73
6124	69
6125	88
6126	65
6127	60
6128	97
6129	70
6130	70
6131	85
6132	72
6133	70
6134	73
6135	83
6136	62
6137	78
6138	93
6139	98
6140	58
6141	75
6142	103
6143	84
6144	82
6145	70
6146	66
6147	82
6148	75
6149	71
6150	110
6151	78
6152	94
6153	104
6154	90
6155	85
6156	82
6157	81
6158	98
6159	90
6160	85
6161	98
6162	61
6163	84
6164	107
6165	93
6166	74
6167	82
6168	84
6169	108
6170	86
6171	60
6172	65
6173	48
6174	66
6175	90
6176	66
6177	86
6178	79
6179	78
6180	68
6181	85
6182	82
6183	85
6184	100
6185	62
6186	49
6187	67
6188	63
6189	63
6190	75
6191	93
6192	84
6193	62
6194	69
6195	82
6196	81
6197	63
6198	70
6199	84
6200	88
6201	93
6202	76
6203	71
6204	68
6205	79
6206	85
6207	57
6208	78
6209	69
6210	87
6211	88
6212	69
6213	76
6214	105
6215	102
6216	71
6217	86
6218	90
6219	70
6220	81
6221	74
6222	83
6223	68
6224	80
6225	84
6226	74
6227	71
6228	90
6229	81
6230	82
6231	46
6232	79
6233	70
6234	62
6235	68
6236	77
6237	67
6238	77
6239	65
6240	94
6241	69
6242	87
6243	113
6244	85
6245	72
6246	83
6247	82
6248	85
6249	94
6250	77
6251	95
6252	101
6253	80
6254	78
6255	84
6256	83
6257	82
6258	108
6259	97
6260	117
6261	87
6262	89
6263	82
6264	77
6265	85
6266	101
6267	102
6268	113
6269	88
6270	97
6271	78
6272	87
6273	72
6274	74
6275	108
6276	83
6277	90
6278	108
6279	82
6280	83
6281	76
6282	92
6283	86
6284	89
6285	126
6286	111
6287	104
6288	85
6289	70
6290	93
6291	74
6292	93
6293	98
6294	85
6295	85
6296	74
6297	105
6298	102
6299	93
6300	78
6301	66
6302	83
6303	62
6304	78
6305	70
6306	73
6307	58
6308	72
6309	81
6310	77
6311	69
6312	84
6313	72
6314	83
6315	85
6316	79
6317	86
6318	76
6319	75
6320	69
6321	79
6322	71
6323	91
6324	79
6325	104
6326	86
6327	68
6328	68
6329	73
6330	78
6331	97
6332	56
6333	67
6334	69
6335	80
6336	77
6337	88
6338	82
6339	71
6340	101
6341	71
6342	73
6343	53
6344	82
6345	107
6346	88
6347	71
6348	96
6349	98
6350	81
6351	76
6352	87
6353	75
6354	80
6355	74
6356	72
6357	99
6358	84
6359	81
6360	52
6361	66
6362	75
6363	71
6364	69
6365	74
6366	59
6367	63
6368	80
6369	83
6370	90
6371	75
6372	84
6373	67
6374	71
6375	84
6376	79
6377	67
6378	52
6379	86
6380	54
6381	60
6382	85
6383	86
6384	51
6385	83
6386	75
6387	62
6388	61
6389	48
6390	71
6391	79
6392	64
6393	75
6394	72
6395	86
6396	47
6397	51
6398	66
6399	81
6400	71
6401	51
6402	81
6403	66
6404	71
6405	71
6406	85
6407	76
6408	52
6409	50
6410	61
6411	78
6412	67
6413	53
6414	76
6415	84
6416	56
6417	62
6418	80
6419	80
6420	52
6421	49
6422	68
6423	86
6424	81
6425	70
6426	74
6427	65
6428	60
6429	70
6430	63
6431	51
6432	67
6433	71
6434	80
6435	64
6436	75
6437	67
6438	73
6439	34
6440	63
6441	62
6442	59
6443	59
6444	83
6445	46
6446	60
6447	89
6448	47
6449	56
6450	72
6451	78
6452	78
6453	67
6454	72
6455	64
6456	78
6457	80
6458	62
6459	66
6460	58
6461	73
6462	77
6463	92
6464	76
6465	75
6466	90
6467	74
6468	76
6469	75
6470	79
6471	91
6472	67
6473	72
6474	66
6475	60
6476	72
6477	84
6478	69
6479	59
6480	61
6481	86
6482	65
6483	64
6484	83
6485	74
6486	102
6487	56
6488	74
6489	67
6490	64
6491	76
6492	81
6493	54
6494	72
6495	63
6496	64
6497	81
6498	76
6499	81
6500	60
6501	70
6502	80
6503	73
6504	75
6505	83
6506	59
6507	57
6508	89
6509	76
6510	72
6511	77
6512	51
6513	72
6514	65
6515	85
6516	63
6517	67
6518	64
6519	53
6520	79
6521	82
6522	71
6523	113
6524	90
6525	86
6526	97
6527	52
6528	69
6529	71
6530	71
6531	77
6532	51
6533	97
6534	64
6535	94
6536	74
6537	70
6538	75
6539	113
6540	77
6541	89
6542	77
6543	71
6544	62
6545	63
6546	77
6547	61
6548	94
6549	86
6550	78
6551	91
6552	74
6553	66
6554	58
6555	63
6556	72
6557	56
6558	74
6559	73
6560	56
6561	99
6562	82
6563	61
6564	80
6565	50
6566	83
6567	60
6568	94
6569	79
6570	73
6571	84
6572	67
6573	72
6574	91
6575	80
6576	65
6577	104
6578	60
6579	69
6580	77
6581	74
6582	60
6583	54
6584	63
6585	64
6586	44
6587	87
6588	68
6589	65
6590	50
6591	70
6592	82
6593	90
6594	59
6595	62
6596	67
6597	72
6598	70
6599	58
6600	62
6601	67
6602	61
6603	63
6604	76
6605	52
6606	66
6607	47
6608	72
6609	71
6610	75
6611	94
6612	55
6613	62
6614	65
6615	68
6616	60
6617	75
6618	71
6619	64
6620	70
6621	69
6622	71
6623	54
6624	93
6625	58
6626	57
6627	59
6628	47
6629	63
6630	53
6631	79
6632	71
6633	69
6634	72
6635	66
6636	55
6637	54
6638	66
6639	63
6640	46
6641	45
6642	73
6643	73
6644	47
6645	66
6646	65
6647	52
6648	69
6649	60
6650	54
6651	67
6652	62
6653	46
6654	61
6655	56
6656	60
6657	57
6658	58
6659	39
6660	56
6661	59
6662	52
6663	57
6664	43
6665	44
6666	60
6667	63
6668	62
6669	63
6670	44
6671	67
6672	54
6673	58
6674	60
6675	55
6676	42
6677	59
6678	44
6679	55
6680	45
6681	45
6682	73
6683	65
6684	55
6685	41
6686	46
6687	45
6688	71
6689	70
6690	79
6691	59
6692	59
6693	63
6694	41
6695	67
6696	66
6697	88
6698	65
6699	81
6700	81
6701	54
6702	51
6703	81
6704	51
6705	63
6706	72
6707	65
6708	70
6709	87
6710	83
6711	72
6712	81
6713	51
6714	60
6715	70
6716	54
6717	67
6718	68
6719	42
6720	66
6721	58
6722	85
6723	30
6724	54
6725	66
6726	75
6727	75
6728	73
6729	87
6730	74
6731	66
6732	63
6733	62
6734	83
6735	65
6736	72
6737	69
6738	68
6739	85
6740	55
6741	53
6742	63
6743	54
6744	48
6745	39
6746	103
6747	69
6748	72
6749	75
6750	87
6751	58
6752	81
6753	80
6754	76
6755	88
6756	85
6757	80
6758	56
6759	70
6760	86
6761	69
6762	63
6763	68
6764	65
6765	75
6766	82
6767	53
6768	65
6769	73
6770	57
6771	43
6772	98
6773	63
6774	68
6775	68
6776	78
6777	42
6778	56
6779	77
6780	84
6781	79
6782	74
6783	56
6784	78
6785	80
6786	92
6787	29
6788	45
6789	60
6790	52
6791	94
6792	62
6793	77
6794	75
6795	71
6796	76
6797	69
6798	62
6799	75
6800	67
6801	44
6802	75
6803	69
6804	66
6805	79
6806	66
6807	84
6808	67
6809	74
6810	56
6811	64
6812	64
6813	95
6814	61
6815	76
6816	77
6817	67
6818	63
6819	81
6820	55
6821	62
6822	72
6823	59
6824	66
6825	70
6826	76
6827	56
6828	57
6829	66
6830	67
6831	41
6832	80
6833	75
6834	76
6835	53
6836	70
6837	72
6838	56
6839	66
6840	55
6841	78
6842	53
6843	70
6844	69
6845	63
6846	55
6847	74
6848	62
6849	57
6850	93
6851	86
6852	57
6853	68
6854	64
6855	57
6856	65
6857	69
6858	82
6859	60
6860	58
6861	75
6862	63
6863	73
6864	66
6865	80
6866	67
6867	69
6868	65
6869	66
6870	60
6871	54
6872	87
6873	75
6874	68
6875	82
6876	80
6877	84
6878	80
6879	49
6880	77
6881	66
6882	84
6883	101
6884	58
6885	81
6886	70
6887	66
6888	71
6889	79
6890	95
6891	94
6892	66
6893	67
6894	82
6895	77
6896	65
6897	72
6898	69
6899	88
6900	109
6901	78
6902	72
6903	72
6904	61
6905	69
6906	83
6907	65
6908	73
6909	61
6910	87
6911	59
6912	58
6913	74
6914	78
6915	58
6916	72
6917	65
6918	52
6919	79
6920	95
6921	69
6922	68
6923	85
6924	77
6925	71
6926	59
6927	68
6928	64
6929	73
6930	85
6931	66
6932	78
6933	58
6934	66
6935	64
6936	52
6937	57
6938	72
6939	51
6940	68
6941	81
6942	88
6943	63
6944	82
6945	86
6946	69
6947	90
6948	79
6949	73
6950	54
6951	68
6952	80
6953	62
6954	59
6955	47
6956	69
6957	57
6958	66
6959	80
6960	102
6961	95
6962	70
6963	86
6964	74
6965	68
6966	85
6967	57
6968	75
6969	81
6970	77
6971	86
6972	80
6973	71
6974	78
6975	84
6976	82
6977	69
6978	73
6979	83
6980	70
6981	88
6982	77
6983	76
6984	95
6985	67
6986	83
6987	88
6988	72
6989	61
6990	56
6991	86
6992	84
6993	84
6994	83
6995	82
6996	63
6997	87
6998	46
6999	82
7000	79
7001	53
7002	59
7003	77
7004	93
7005	85
7006	64
7007	90
7008	81
7009	76
7010	81
7011	58
7012	63
7013	59
7014	75
7015	81
7016	55
7017	88
7018	89
7019	67
7020	92
7021	59
7022	79
7023	91
7024	82
7025	76
7026	68
7027	62
7028	74
7029	81
7030	74
7031	89
7032	90
7033	71
7034	95
7035	65
7036	65
7037	76
7038	81
7039	67
7040	87
7041	71
7042	54
7043	72
7044	72
7045	52
7046	64
7047	47
7048	70
7049	100
7050	93
7051	85
7052	65
7053	60
7054	69
7055	76
7056	93
7057	61
7058	60
7059	69
7060	64
7061	77
7062	42
7063	55
7064	60
7065	75
7066	80
7067	70
7068	68
7069	57
7070	77
7071	60
7072	72
7073	61
7074	81
7075	78
7076	74
7077	59
7078	60
7079	74
7080	45
7081	44
7082	76
7083	46
7084	78
7085	47
7086	65
7087	48
7088	78
7089	60
7090	79
7091	72
7092	69
7093	52
7094	70
7095	74
7096	72
7097	88
7098	69
7099	92
7100	71
7101	75
7102	83
7103	61
7104	53
7105	78
7106	54
7107	73
7108	67
7109	71
7110	75
7111	70
7112	46
7113	73
7114	72
7115	80
7116	67
7117	75
7118	70
7119	62
7120	68
7121	82
7122	67
7123	57
7124	69
7125	61
7126	66
7127	67
7128	59
7129	46
7130	62
7131	91
7132	65
7133	68
7134	103
7135	58
7136	89
7137	71
7138	60
7139	54
7140	63
7141	72
7142	100
7143	68
7144	60
7145	46
7146	62
7147	100
7148	68
7149	44
7150	77
7151	67
7152	53
7153	76
7154	72
7155	83
7156	84
7157	56
7158	50
7159	58
7160	81
7161	70
7162	46
7163	91
7164	69
7165	58
7166	39
7167	52
7168	85
7169	67
7170	49
7171	82
7172	61
7173	59
7174	81
7175	71
7176	49
7177	69
7178	99
7179	76
7180	74
7181	68
7182	63
7183	44
7184	59
7185	63
7186	36
7187	65
7188	58
7189	55
7190	56
7191	53
7192	56
7193	79
7194	51
7195	56
7196	51
7197	68
7198	64
7199	65
7200	73
7201	71
7202	51
7203	74
7204	60
7205	82
7206	80
7207	75
7208	67
7209	62
7210	64
7211	87
7212	68
7213	72
7214	82
7215	53
7216	42
7217	52
7218	70
7219	71
7220	75
7221	79
7222	67
7223	64
7224	79
7225	87
7226	76
7227	109
7228	104
7229	68
7230	86
7231	83
7232	88
7233	76
7234	93
7235	86
7236	87
7237	85
7238	69
7239	105
7240	71
7241	80
7242	101
7243	93
7244	76
7245	78
7246	70
7247	95
7248	77
7249	90
7250	78
7251	85
7252	97
7253	90
7254	65
7255	59
7256	71
7257	75
7258	80
7259	77
7260	69
7261	87
7262	80
7263	96
7264	63
7265	76
7266	98
7267	88
7268	96
7269	78
7270	82
7271	95
7272	65
7273	77
7274	65
7275	73
7276	103
7277	105
7278	89
7279	84
7280	85
7281	88
7282	90
7283	55
7284	88
7285	69
7286	56
7287	70
7288	60
7289	67
7290	64
7291	68
7292	64
7293	75
7294	66
7295	80
7296	66
7297	79
7298	72
7299	85
7300	81
7301	45
7302	68
7303	76
7304	60
7305	76
7306	47
7307	92
7308	84
7309	60
7310	63
7311	61
7312	77
7313	48
7314	67
7315	98
7316	64
7317	67
7318	57
7319	90
7320	80
7321	79
7322	78
7323	76
7324	81
7325	41
7326	53
7327	66
7328	52
7329	46
7330	55
7331	75
7332	63
7333	68
7334	70
7335	73
7336	76
7337	89
7338	58
7339	83
7340	63
7341	44
7342	60
7343	58
7344	46
7345	65
7346	37
7347	65
7348	78
7349	67
7350	84
7351	83
7352	58
7353	57
7354	44
7355	56
7356	58
7357	48
7358	49
7359	70
7360	80
7361	60
7362	66
7363	60
7364	55
7365	83
7366	36
7367	58
7368	73
7369	63
7370	66
7371	42
7372	70
7373	68
7374	58
7375	67
7376	58
7377	40
7378	55
7379	39
7380	49
7381	59
7382	88
7383	70
7384	77
7385	56
7386	51
7387	74
7388	82
7389	69
7390	52
7391	65
7392	45
7393	35
7394	44
7395	50
7396	64
7397	58
7398	46
7399	65
7400	53
7401	46
7402	53
7403	62
7404	54
7405	46
7406	57
7407	63
7408	44
7409	51
7410	61
7411	54
7412	73
7413	45
7414	58
7415	32
7416	34
7417	40
7418	52
7419	51
7420	52
7421	44
7422	53
7423	59
7424	30
7425	47
7426	58
7427	36
7428	52
7429	32
7430	31
7431	43
7432	41
7433	53
7434	48
7435	60
7436	72
7437	102
7438	60
7439	65
7440	81
7441	63
7442	52
7443	70
7444	81
7445	75
7446	51
7447	43
7448	70
7449	51
7450	67
7451	74
7452	60
7453	73
7454	72
7455	54
7456	56
7457	43
7458	65
7459	78
7460	49
7461	73
7462	82
7463	54
7464	45
7465	58
7466	49
7467	64
7468	43
7469	58
7470	59
7471	40
7472	46
7473	39
7474	65
7475	51
7476	49
7477	51
7478	50
7479	50
7480	47
7481	49
7482	61
7483	47
7484	51
7485	74
7486	47
7487	74
7488	67
7489	46
7490	43
7491	49
7492	46
7493	64
7494	83
7495	61
7496	70
7497	47
7498	58
7499	76
7500	60
7501	64
7502	50
7503	51
7504	54
7505	52
7506	50
7507	52
7508	61
7509	54
7510	60
7511	57
7512	60
7513	50
7514	46
7515	51
7516	51
7517	61
7518	63
7519	65
7520	52
7521	51
7522	58
7523	65
7524	62
7525	60
7526	57
7527	82
7528	59
7529	73
7530	66
7531	55
7532	53
7533	52
7534	46
7535	39
7536	57
7537	48
7538	76
7539	59
7540	33
7541	53
7542	54
7543	52
7544	46
7545	37
7546	51
7547	64
7548	63
7549	77
7550	53
7551	60
7552	55
7553	68
7554	49
7555	54
7556	55
7557	64
7558	53
7559	62
7560	65
7561	63
7562	51
7563	51
7564	50
7565	45
7566	47
7567	49
7568	41
7569	36
7570	40
7571	61
7572	72
7573	77
7574	50
7575	41
7576	57
7577	58
7578	92
7579	71
7580	63
7581	67
7582	70
7583	46
7584	55
7585	54
7586	72
7587	74
7588	67
7589	49
7590	57
7591	38
7592	45
7593	70
7594	37
7595	62
7596	57
7597	65
7598	68
7599	72
7600	52
7601	32
7602	53
7603	63
7604	21
7605	31
7606	54
7607	44
7608	57
7609	57
7610	44
7611	56
7612	52
7613	52
7614	55
7615	51
7616	66
7617	53
7618	48
7619	53
7620	61
7621	54
7622	70
7623	42
7624	60
7625	49
7626	76
7627	51
7628	57
7629	45
7630	53
7631	39
7632	45
7633	42
7634	43
7635	53
7636	37
7637	64
7638	63
7639	57
7640	31
7641	45
7642	62
7643	41
7644	38
7645	50
7646	59
7647	32
7648	29
7649	80
7650	76
7651	40
7652	52
7653	52
7654	37
7655	31
7656	47
7657	49
7658	56
7659	49
7660	45
7661	68
7662	40
7663	36
7664	43
7665	57
7666	57
7667	36
7668	47
7669	68
7670	40
7671	44
7672	54
7673	28
7674	50
7675	58
7676	39
7677	49
7678	53
7679	54
7680	41
7681	41
7682	38
7683	38
7684	47
7685	33
7686	52
7687	61
7688	57
7689	45
7690	54
7691	60
7692	56
7693	46
7694	49
7695	41
7696	44
7697	39
7698	36
7699	58
7700	47
7701	52
7702	35
7703	69
7704	53
7705	55
7706	45
7707	77
7708	67
7709	60
7710	58
7711	34
7712	47
7713	59
7714	70
7715	52
7716	66
7717	39
7718	46
7719	83
7720	58
7721	52
7722	68
7723	43
7724	46
7725	59
7726	33
7727	24
7728	55
7729	39
7730	60
7731	63
7732	47
7733	55
7734	62
7735	26
7736	60
7737	51
7738	65
7739	55
7740	40
7741	59
7742	55
7743	43
7744	35
7745	43
7746	49
7747	43
7748	76
7749	46
7750	49
7751	59
7752	72
7753	56
7754	56
7755	69
7756	44
7757	41
7758	52
7759	48
7760	44
7761	56
7762	54
7763	55
7764	41
7765	62
7766	48
7767	34
7768	44
7769	42
7770	51
7771	67
7772	56
7773	60
7774	69
7775	43
7776	45
7777	58
7778	58
7779	61
7780	53
7781	47
7782	49
7783	41
7784	41
7785	34
7786	57
7787	51
7788	28
7789	46
7790	58
7791	41
7792	53
7793	41
7794	60
7795	33
7796	53
7797	62
7798	63
7799	56
7800	50
7801	55
7802	64
7803	48
7804	56
7805	57
7806	68
7807	59
7808	52
7809	78
7810	85
7811	71
7812	59
7813	54
7814	62
7815	39
7816	68
7817	54
7818	41
7819	59
7820	65
7821	56
7822	63
7823	75
7824	79
7825	54
7826	59
7827	64
7828	55
7829	55
7830	64
7831	76
7832	64
7833	50
7834	63
7835	53
7836	59
7837	65
7838	82
7839	74
7840	42
7841	52
7842	50
7843	71
7844	52
7845	78
7846	67
7847	76
7848	82
7849	74
7850	74
7851	87
7852	77
7853	78
7854	74
7855	57
7856	66
7857	79
7858	62
7859	65
7860	74
7861	67
7862	78
7863	46
7864	62
7865	75
7866	54
7867	75
7868	76
7869	73
7870	62
7871	47
7872	74
7873	70
7874	62
7875	58
7876	53
7877	54
7878	49
7879	60
7880	47
7881	66
7882	106
7883	90
7884	112
7885	102
7886	101
7887	85
7888	63
7889	73
7890	70
7891	59
7892	61
7893	63
7894	53
7895	74
7896	61
7897	70
7898	76
7899	77
7900	85
7901	57
7902	59
7903	76
7904	68
7905	70
7906	86
7907	67
7908	65
7909	64
7910	62
7911	56
7912	66
7913	77
7914	67
7915	69
7916	89
7917	106
7918	83
7919	93
7920	61
7921	70
7922	91
7923	58
7924	72
7925	56
7926	81
7927	103
7928	86
7929	89
7930	57
7931	52
7932	71
7933	80
7934	90
7935	53
7936	106
7937	99
7938	58
7939	65
7940	57
7941	60
7942	52
7943	76
7944	73
7945	85
7946	88
7947	65
7948	73
7949	73
7950	62
7951	72
7952	65
7953	63
7954	52
7955	53
7956	70
7957	90
7958	103
7959	105
7960	82
7961	58
7962	65
7963	73
7964	72
7965	90
7966	91
7967	83
7968	57
7969	57
7970	91
7971	61
7972	51
7973	55
7974	37
7975	41
7976	42
7977	33
7978	58
7979	50
7980	50
7981	81
7982	43
7983	56
7984	47
7985	43
7986	75
7987	63
7988	86
7989	70
7990	69
7991	67
7992	80
7993	48
7994	41
7995	35
7996	48
7997	73
7998	54
7999	65
8000	608169
