16	35
17	22
18	20
19	23
20	9
21	9
22	17
23	17
24	24
25	26
26	29
27	51
28	61
29	71
30	104
31	82
32	76
33	79
34	97
35	106
36	130
37	130
38	136
39	176
40	174
41	169
42	251
43	214
44	270
45	277
46	490
47	832
48	487
49	412
50	1262
51	4206
52	686
53	304
54	205
55	183
56	203
57	193
58	252
59	259
60	254
61	232
62	267
63	276
64	273
65	246
66	309
67	271
68	317
69	310
70	289
71	312
72	327
73	321
74	346
75	385
76	402
77	381
78	416
79	447
80	426
81	443
82	481
83	471
84	507
85	509
86	522
87	574
88	582
89	619
90	581
91	665
92	697
93	677
94	712
95	728
96	744
97	763
98	771
99	816
100	857
101	823
102	890
103	991
104	965
105	941
106	986
107	1017
108	1037
109	1104
110	1212
111	1166
112	1257
113	1201
114	1230
115	1294
116	1324
117	1397
118	1375
119	1357
120	1405
121	1405
122	1422
123	1449
124	1567
125	1707
126	1678
127	1670
128	1651
129	1762
130	1635
131	1740
132	1749
133	1782
134	1693
135	1950
136	1950
137	2041
138	2102
139	2296
140	2272
141	2394
142	2632
143	3024
144	3500
145	4566
146	7082
147	12304
148	11787
149	43051
150	94664
