16	99
17	140
18	185
19	192
20	209
21	235
22	265
23	263
24	305
25	350
26	416
27	445
28	567
29	696
30	885
31	1133
32	1319
33	1673
34	1921
35	2370
36	2640
37	3020
38	3275
39	3508
40	3913
41	4333
42	4695
43	5283
44	5798
45	6372
46	7029
47	7580
48	8166
49	8720
50	9355
51	10205
52	11158
53	11690
54	12010
55	12247
56	12986
57	12898
58	13675
59	13944
60	14096
61	14082
62	14794
63	14786
64	15277
65	15804
66	15901
67	16319
68	16680
69	17017
70	17374
71	17861
72	18054
73	18644
74	19125
75	19467
76	19685
77	20227
78	20740
79	20914
80	21673
81	22019
82	22787
83	23087
84	23487
85	23774
86	24486
87	24993
88	25658
89	26035
90	26261
91	27034
92	27696
93	27845
94	28682
95	29452
96	29302
97	30653
98	30576
99	31207
100	32140
101	33155
102	33615
103	34191
104	35115
105	35711
106	36580
107	37610
108	38068
109	38580
110	39940
111	39901
112	40855
113	41533
114	42133
115	43349
116	43506
117	44796
118	44791
119	46077
120	46283
121	46840
122	47770
123	47893
124	48560
125	50070
126	50399
127	51110
128	52211
129	52562
130	53196
131	54538
132	55017
133	55844
134	57392
135	58431
136	60505
137	63082
138	65657
139	68937
140	74146
141	79486
142	90140
143	111449
144	139318
145	186646
146	307008
147	593131
148	635040
149	2022881
150	3714379
