0	0
1	0
2	0
3	0
4	0
5	0
6	0
7	0
8	0
9	0
10	0
11	0
12	0
13	0
14	1
15	1
16	2
17	1
18	0
19	1
20	0
21	2
22	1
23	0
24	0
25	0
26	1
27	1
28	1
29	1
30	2
31	3
32	3
33	3
34	2
35	4
36	6
37	4
38	11
39	3
40	4
41	2
42	2
43	7
44	15
45	12
46	13
47	80
48	5
49	4
50	7
51	7
52	8
53	12
54	4
55	9
56	11
57	11
58	14
59	13
60	16
61	7
62	5
63	8
64	7
65	17
66	10
67	8
68	7
69	6
70	8
71	4
72	25
73	16
74	16
75	10
76	14
77	27
78	14
79	24
80	23
81	22
82	14
83	27
84	23
85	23
86	18
87	25
88	30
89	23
90	28
91	36
92	36
93	30
94	24
95	36
96	57
97	50
98	65
99	51
100	43
101	42
102	53
103	58
104	53
105	65
106	87
107	57
108	50
109	73
110	93
111	110
112	60
113	77
114	108
115	102
116	91
117	108
118	74
119	88
120	73
121	99
122	58
123	158
124	114
125	102
126	119
127	130
128	147
129	222
130	164
131	113
132	134
133	117
134	136
135	152
136	134
137	155
138	127
139	162
140	184
141	205
142	181
143	260
144	129
145	202
146	210
147	184
148	164
149	146
150	171
151	151
152	148
153	257
154	186
155	218
156	215
157	267
158	222
159	183
160	192
161	217
162	156
163	297
164	268
165	283
166	269
167	180
168	245
169	257
170	306
171	152
172	158
173	274
174	303
175	390
176	379
177	281
178	417
179	247
180	340
181	407
182	400
183	301
184	402
185	311
186	222
187	378
188	285
189	311
190	302
191	343
192	331
193	303
194	241
195	360
196	277
197	410
198	371
199	351
200	407
201	297
202	375
203	400
204	284
205	402
206	390
207	350
208	425
209	294
210	389
211	451
212	292
213	299
214	335
215	538
216	293
217	276
218	436
219	481
220	404
221	265
222	448
223	307
224	487
225	601
226	317
227	403
228	320
229	337
230	508
231	403
232	483
233	524
234	366
235	339
236	339
237	470
238	402
239	433
240	452
241	588
242	417
243	420
244	392
245	381
246	301
247	379
248	431
249	349
250	359
251	557
252	328
253	549
254	326
255	503
256	485
257	416
258	588
259	592
260	308
261	454
262	721
263	368
264	271
265	318
266	451
267	351
268	586
269	408
270	332
271	469
272	432
273	452
274	365
275	384
276	380
277	257
278	378
279	497
280	352
281	358
282	380
283	401
284	473
285	425
286	406
287	387
288	218
289	372
290	419
291	472
292	266
293	412
294	526
295	186
296	316
297	348
298	406
299	341
300	513
301	246
302	377
303	254
304	310
305	463
306	316
307	236
308	148
309	315
310	302
311	272
312	324
313	99
314	246
315	222
316	349
317	341
318	291
319	505
320	304
321	274
322	199
323	229
324	276
325	269
326	244
327	359
328	400
329	250
330	171
331	369
332	386
333	275
334	136
335	303
336	145
337	347
338	285
339	254
340	273
341	285
342	258
343	365
344	202
345	291
346	174
347	210
348	162
349	174
350	277
351	238
352	152
353	132
354	164
355	225
356	115
357	271
358	224
359	177
360	178
361	194
362	170
363	128
364	177
365	257
366	145
367	220
368	257
369	209
370	363
371	291
372	173
373	276
374	244
375	148
376	133
377	226
378	219
379	164
380	267
381	115
382	302
383	211
384	168
385	166
386	191
387	164
388	156
389	147
390	103
391	123
392	118
393	132
394	162
395	266
396	225
397	87
398	124
399	212
400	139
401	134
402	102
403	231
404	154
405	118
406	250
407	156
408	177
409	292
410	351
411	200
412	200
413	221
414	169
415	147
416	208
417	141
418	174
419	148
420	112
421	189
422	106
423	187
424	153
425	113
426	95
427	125
428	120
429	234
430	126
431	74
432	88
433	117
434	88
435	103
436	90
437	103
438	82
439	72
440	128
441	59
442	100
443	124
444	217
445	128
446	114
447	79
448	131
449	92
450	73
451	110
452	90
453	106
454	79
455	92
456	69
457	112
458	122
459	162
460	131
461	102
462	143
463	86
464	64
465	110
466	145
467	92
468	187
469	70
470	126
471	102
472	35
473	103
474	49
475	66
476	197
477	49
478	86
479	106
480	65
481	27
482	37
483	38
484	27
485	43
486	53
487	68
488	88
489	44
490	88
491	28
492	34
493	51
494	70
495	17
496	51
497	29
498	78
499	33
500	31
501	58
502	29
503	55
504	56
505	31
506	29
507	70
508	47
509	42
510	123
511	19
512	24
513	39
514	39
515	56
516	81
517	17
518	24
519	39
520	37
521	30
522	19
523	17
524	35
525	50
526	17
527	18
528	28
529	38
530	16
531	40
532	40
533	27
534	31
535	49
536	26
537	38
538	24
539	22
540	21
541	51
542	13
543	20
544	26
545	67
546	51
547	25
548	40
549	30
550	25
551	42
552	21
553	20
554	54
