0	0
1	0
2	0
3	0
4	0
5	0
6	0
7	0
8	0
9	0
10	0
11	0
12	0
13	0
14	1
15	1
16	2
17	1
18	0
19	1
20	0
21	2
22	1
23	0
24	0
25	0
26	1
27	1
28	1
29	1
30	2
31	3
32	3
33	2
34	2
35	4
36	6
37	4
38	10
39	3
40	4
41	2
42	2
43	7
44	13
45	11
46	12
47	13
48	5
49	3
50	5
51	7
52	6
53	10
54	4
55	8
56	10
57	8
58	11
59	13
60	11
61	7
62	3
63	7
64	7
65	13
66	8
67	8
68	7
69	6
70	6
71	4
72	17
73	14
74	13
75	9
76	14
77	23
78	13
79	19
80	22
81	15
82	12
83	24
84	20
85	20
86	15
87	24
88	25
89	21
90	22
91	30
92	29
93	25
94	23
95	29
96	37
97	37
98	38
99	46
100	35
101	35
102	43
103	46
104	38
105	49
106	60
107	39
108	25
109	49
110	44
111	75
112	44
113	51
114	52
115	65
116	69
117	70
118	52
119	59
120	51
121	65
122	48
123	80
124	79
125	69
126	85
127	88
128	95
129	103
130	113
131	64
132	88
133	81
134	86
135	95
136	81
137	98
138	77
139	105
140	106
141	104
142	100
143	129
144	82
145	108
146	99
147	85
148	73
149	69
150	71
151	78
152	77
153	83
154	79
155	97
156	95
157	111
158	98
159	96
160	96
161	95
162	77
163	109
164	113
165	99
166	104
167	79
168	88
169	98
170	98
171	75
172	58
173	111
174	111
175	132
176	143
177	121
178	125
179	96
180	106
181	115
182	130
183	107
184	134
185	110
186	83
187	110
188	93
189	100
190	91
191	82
192	96
193	92
194	92
195	114
196	96
197	117
198	105
199	129
200	121
201	100
202	122
203	131
204	106
205	126
206	105
207	106
208	109
209	87
210	96
211	96
212	99
213	76
214	103
215	134
216	91
217	107
218	132
219	127
220	122
221	88
222	105
223	99
224	156
225	154
226	99
227	107
228	96
229	98
230	128
231	123
232	112
233	129
234	117
235	111
236	111
237	110
238	121
239	140
240	142
241	126
242	123
243	117
244	113
245	106
246	87
247	101
248	102
249	114
250	126
251	150
252	113
253	130
254	107
255	121
256	99
257	96
258	135
259	140
260	101
261	137
262	131
263	100
264	108
265	92
266	143
267	110
268	122
269	94
270	96
271	116
272	107
273	95
274	113
275	102
276	102
277	97
278	110
279	134
280	113
281	97
282	119
283	121
284	124
285	101
286	109
287	115
288	94
289	125
290	119
291	125
292	79
293	117
294	109
295	89
296	87
297	104
298	114
299	94
300	123
301	80
302	100
303	85
304	103
305	102
306	77
307	75
308	58
309	103
310	103
311	96
312	82
313	63
314	77
315	82
316	108
317	96
318	105
319	132
320	83
321	96
322	70
323	61
324	102
325	102
326	95
327	109
328	110
329	99
330	72
331	102
332	112
333	88
334	62
335	107
336	77
337	102
338	104
339	87
340	89
341	89
342	89
343	84
344	59
345	91
346	66
347	65
348	70
349	73
350	84
351	70
352	64
353	71
354	71
355	71
356	60
357	68
358	69
359	65
360	82
361	72
362	83
363	62
364	79
365	86
366	64
367	100
368	92
369	78
370	111
371	90
372	67
373	77
374	97
375	74
376	54
377	67
378	78
379	71
380	81
381	66
382	91
383	67
384	71
385	57
386	79
387	71
388	63
389	72
390	47
391	64
392	59
393	80
394	67
395	105
396	77
397	36
398	52
399	65
400	79
401	60
402	44
403	79
404	68
405	58
406	90
407	80
408	72
409	106
410	107
411	80
412	77
413	74
414	62
415	61
416	64
417	66
418	70
419	59
420	58
421	76
422	53
423	77
424	76
425	61
426	52
427	63
428	64
429	71
430	46
431	44
432	52
433	53
434	37
435	44
436	46
437	57
438	49
439	44
440	57
441	41
442	52
443	63
444	73
445	67
446	54
447	41
448	64
449	50
450	39
451	42
452	50
453	46
454	46
455	47
456	48
457	44
458	55
459	53
460	47
461	45
462	72
463	43
464	35
465	48
466	53
467	43
468	72
469	48
470	47
471	42
472	24
473	35
474	35
475	31
476	51
477	32
478	45
479	36
480	36
481	24
482	29
483	25
484	20
485	30
486	34
487	28
488	21
489	26
490	44
491	21
492	26
493	19
494	34
495	16
496	26
497	23
498	32
499	25
500	25
501	35
502	19
503	33
504	34
505	24
506	19
507	38
508	31
509	26
510	44
511	17
512	21
513	25
514	26
515	30
516	24
517	17
518	23
519	27
520	25
521	20
522	12
523	14
524	22
525	26
526	12
527	16
528	20
529	23
530	12
531	17
532	20
533	17
534	18
535	27
536	19
537	26
538	17
539	16
540	17
541	22
542	12
543	15
544	22
545	18
546	14
547	15
548	22
549	17
550	15
551	18
552	18
553	15
554	24
555	17
556	9
557	12
558	7
559	23
560	16
561	22
562	16
563	8
564	11
565	9
566	16
567	24
