0	0
1	0
2	0
3	0
4	0
5	0
6	0
7	0
8	0
9	0
10	0
11	0
12	0
13	0
14	1
15	5
16	7
17	6
18	3
19	8
20	14
21	16
22	17
23	14
24	14
25	26
26	20
27	21
28	32
29	29
30	34
31	60
32	54
33	79
34	110
35	96
36	122
37	125
38	162
39	192
40	206
41	250
42	299
43	279
44	317
45	371
46	360
47	381
48	466
49	505
50	432
51	461
52	498
53	515
54	566
55	575
56	653
57	575
58	605
59	601
60	617
61	604
62	599
63	641
64	624
65	581
66	691
67	690
68	675
69	688
70	799
71	730
72	738
73	781
74	738
75	884
76	834
77	858
78	843
79	913
80	1008
81	908
82	1014
83	1271
84	1019
85	1268
86	1031
87	1046
88	1075
89	1331
90	3305
91	1929
92	1437
93	1362
94	1300
95	1278
96	1383
97	1336
98	1476
99	1389
100	1493
101	1599
102	1642
103	1681
104	1598
105	1699
106	1794
107	1874
108	1959
109	1944
110	2011
111	2045
112	2242
113	2127
114	2321
115	2304
116	2413
117	2486
118	2630
119	2671
120	2674
121	2879
122	2966
123	2982
124	2948
125	3110
126	3102
127	3206
128	3355
129	3281
130	3529
131	3408
132	3400
133	3626
134	3770
135	3818
136	3755
137	4012
138	3962
139	3880
140	4259
141	4149
142	4339
143	4469
144	4504
145	3967
146	4151
147	4720
148	5299
149	5633
150	5691
151	5760
152	5672
153	5811
154	5738
155	5891
156	6032
157	6062
158	6221
159	6196
160	6208
161	6470
162	6375
163	6477
164	6513
165	6573
166	6606
167	6567
168	6819
169	6791
170	7044
171	7131
172	7078
173	6948
174	6894
175	7067
176	6996
177	7167
178	7157
179	7309
180	7258
181	7173
182	7032
183	6996
184	7005
185	7381
186	7462
187	7536
188	7193
189	7303
190	7610
191	7373
192	7305
193	7544
194	7555
195	7275
196	7228
197	7389
198	7424
199	7575
200	7453
201	7028
202	7622
203	7256
204	7156
205	7342
206	7240
207	7290
208	7246
209	7043
210	6970
211	6733
212	6890
213	6775
214	6721
215	6785
216	6406
217	6893
218	6556
219	6314
220	6558
221	6593
222	6346
223	6594
224	6590
225	6522
226	6553
227	6463
228	6259
229	6396
230	6462
231	6206
232	6186
233	5937
234	5872
235	6123
236	6124
237	5586
238	6219
239	5930
240	5889
241	5805
242	5572
243	5551
244	5621
245	5559
246	5616
247	5715
248	5614
249	5496
250	5504
251	5288
252	5566
253	5572
254	5247
255	5412
256	5410
257	5264
258	5193
259	5344
260	5411
261	5150
262	4893
263	4913
264	4849
265	4857
266	5025
267	4740
268	4712
269	4990
270	4755
271	4733
272	4476
273	4486
274	4480
275	4560
276	4471
277	4300
278	4313
279	4441
280	4104
281	4429
282	4177
283	4207
284	4104
285	4131
286	3998
287	4023
288	4119
289	4190
290	3916
291	3724
292	3676
293	3693
294	3688
295	3824
296	3873
297	3769
298	3627
299	3855
300	3593
301	3679
302	3603
303	3553
304	3445
305	3693
306	3444
307	3336
308	3323
309	3429
310	3154
311	3241
312	3298
313	3223
314	3109
315	3311
316	3048
317	3076
318	2991
319	3022
320	2883
321	2955
322	3132
323	2898
324	2941
325	2828
326	2899
327	2694
328	2747
329	2709
330	2648
331	2766
332	2746
333	2703
334	2722
335	2708
336	2593
337	2606
338	2635
339	2408
340	2454
341	2385
342	2519
343	2569
344	2406
345	2454
346	2361
347	2339
348	2227
349	2308
350	2418
351	2326
352	2185
353	2324
354	2318
355	2347
356	2266
357	2213
358	2183
359	2071
360	2080
361	2222
362	2138
363	2146
364	2039
365	2112
366	2110
367	2235
368	2049
369	1929
370	2076
371	2088
372	2078
373	1953
374	2016
375	1996
376	1872
377	1887
378	1923
379	2001
380	1963
381	1824
382	1781
383	1785
384	1813
385	1698
386	1791
387	1649
388	1721
389	1593
390	1628
391	1735
392	1687
393	1657
394	1602
395	1622
396	1535
397	1510
398	1617
399	1657
400	1557
401	1625
402	1536
403	1535
404	1595
405	1584
406	1541
407	1416
408	1395
409	1489
410	1408
411	1418
412	1406
413	1406
414	1391
415	1419
416	1378
417	1452
418	1299
419	1334
420	1348
421	1253
422	1272
423	1289
424	1308
425	1325
426	1365
427	1226
428	1359
429	1285
430	1209
431	1260
432	1255
433	1244
434	1188
435	1117
436	1205
437	1211
438	1143
439	1155
440	1150
441	1103
442	1129
443	1169
444	1101
445	1126
446	1100
447	1102
448	1008
449	1084
450	1060
451	1025
452	1047
453	1048
454	929
455	1005
456	1069
457	1044
458	982
459	992
460	947
461	982
462	952
463	951
464	994
465	985
466	1083
467	970
468	934
469	1006
470	1022
471	963
472	893
473	973
474	918
475	849
476	864
477	904
478	933
479	863
480	779
481	992
482	941
483	968
484	921
485	844
486	930
487	893
488	977
489	902
490	828
491	896
492	862
493	846
494	915
495	896
496	952
497	869
498	912
499	918
500	885
501	835
502	858
503	876
504	886
505	797
506	793
507	792
508	928
509	791
510	828
511	838
512	801
513	849
514	826
515	782
516	809
517	777
518	799
519	903
520	786
521	805
522	766
523	794
524	799
525	833
526	920
527	903
528	860
529	810
530	765
531	863
532	822
533	796
534	803
535	804
536	849
537	781
538	769
539	705
540	747
541	788
542	750
543	825
544	713
545	731
546	885
547	749
548	729
549	796
550	771
551	752
552	826
553	837
554	748
555	848
556	812
557	840
558	854
559	904
560	849
561	806
562	813
563	854
564	747
565	783
566	739
567	735
568	782
569	841
570	779
571	722
572	767
573	738
574	704
575	793
576	837
577	792
578	804
579	765
580	796
581	703
582	693
583	751
584	738
585	760
586	712
587	752
588	805
589	698
590	697
591	672
592	693
593	754
594	666
595	736
596	772
597	727
598	712
599	731
600	708
601	663
602	639
603	614
604	754
605	841
606	699
607	711
608	702
609	734
610	722
611	813
612	732
613	707
614	745
615	639
616	714
617	687
618	766
619	614
620	720
621	704
622	628
623	636
624	657
625	634
626	634
627	744
628	673
629	711
630	612
631	737
632	661
633	656
634	589
635	664
636	580
637	577
638	656
639	752
640	706
641	650
642	688
643	703
644	629
645	618
646	649
647	692
648	686
649	590
650	580
651	665
652	620
653	639
654	587
655	598
656	594
657	655
658	560
659	634
660	594
661	539
662	614
663	573
664	611
665	639
666	507
667	634
668	602
669	614
670	615
671	556
672	635
673	637
674	657
675	716
676	609
677	624
678	558
679	575
680	593
681	618
682	683
683	633
684	644
685	698
686	629
687	594
688	633
689	553
690	585
691	557
692	630
693	588
694	601
695	628
696	635
697	632
698	576
699	621
700	623
701	679
702	604
703	642
704	596
705	595
706	566
707	553
708	543
709	580
710	557
711	589
712	578
713	604
714	622
715	571
716	592
717	566
718	609
719	618
720	652
721	555
722	520
723	588
724	592
725	524
726	590
727	598
728	538
729	603
730	571
731	608
732	554
733	584
734	643
735	627
736	567
737	556
738	513
739	525
740	594
741	573
742	642
743	640
744	556
745	523
746	608
747	499
748	500
749	521
750	582
751	470
752	451
753	486
754	484
755	460
756	459
757	474
758	509
759	457
760	471
761	479
762	445
763	478
764	508
765	513
766	518
767	520
768	472
769	447
770	495
771	505
772	511
773	540
774	506
775	604
776	467
777	510
778	394
779	482
780	462
781	454
782	418
783	491
784	490
785	572
786	498
787	444
788	486
789	425
790	477
791	445
792	486
793	479
794	461
795	516
796	471
797	535
798	469
799	461
800	483
801	471
802	429
803	499
804	446
805	465
806	488
807	496
808	478
809	437
810	445
811	551
812	422
813	586
814	534
815	471
816	514
817	490
818	501
819	512
820	488
821	513
822	460
823	487
824	548
825	548
826	466
827	409
828	417
829	407
830	553
831	524
832	538
833	509
834	484
835	472
836	490
837	426
838	472
839	492
840	473
841	462
842	524
843	548
844	516
845	402
846	425
847	438
848	414
849	558
850	492
851	476
852	512
853	479
854	458
855	426
856	499
857	496
858	516
859	455
860	454
861	539
862	537
863	439
864	469
865	492
866	473
867	504
868	433
869	495
870	495
871	489
872	484
873	470
874	507
875	477
876	464
877	440
878	467
879	427
880	498
881	496
882	423
883	515
884	481
885	519
886	459
887	579
888	432
889	449
890	456
891	420
892	439
893	489
894	398
895	465
896	501
897	456
898	483
899	517
900	475
901	464
902	457
903	436
904	431
905	475
906	438
907	464
908	425
909	439
910	452
911	423
912	387
913	422
914	438
915	448
916	407
917	421
918	459
919	411
920	429
921	426
922	459
923	418
924	404
925	470
926	401
927	422
928	399
929	418
930	388
931	493
932	441
933	435
934	471
935	457
936	397
937	384
938	412
939	407
940	424
941	412
942	446
943	418
944	429
945	501
946	497
947	459
948	418
949	429
950	498
951	468
952	502
953	540
954	525
955	448
956	442
957	487
958	498
959	432
960	463
961	462
962	473
963	469
964	476
965	544
966	515
967	522
968	477
969	474
970	435
971	375
972	447
973	400
974	478
975	470
976	447
977	499
978	487
979	475
980	461
981	419
982	476
983	467
984	423
985	440
986	444
987	491
988	469
989	463
990	468
991	487
992	439
993	516
994	493
995	474
996	435
997	477
998	502
999	443
1000	486
1001	437
1002	498
1003	491
1004	470
1005	415
1006	453
1007	448
1008	541
1009	444
1010	449
1011	464
1012	418
1013	396
1014	378
1015	441
1016	492
1017	456
1018	462
1019	428
1020	403
1021	394
1022	418
1023	410
1024	415
1025	409
1026	418
1027	414
1028	412
1029	437
1030	395
1031	373
1032	415
1033	381
1034	370
1035	417
1036	412
1037	410
1038	387
1039	393
1040	449
1041	466
1042	392
1043	440
1044	452
1045	436
1046	401
1047	355
1048	348
1049	412
1050	422
1051	408
1052	424
1053	447
1054	424
1055	420
1056	388
1057	444
1058	421
1059	425
1060	348
1061	383
1062	404
1063	417
1064	369
1065	450
1066	381
1067	391
1068	422
1069	376
1070	413
1071	427
1072	378
1073	324
1074	418
1075	382
1076	441
1077	458
1078	455
1079	331
1080	409
1081	412
1082	398
1083	381
1084	401
1085	424
1086	399
1087	368
1088	376
1089	372
1090	389
1091	432
1092	416
1093	399
1094	430
1095	388
1096	399
1097	386
1098	398
1099	393
1100	431
1101	410
1102	430
1103	435
1104	394
1105	396
1106	428
1107	383
1108	420
1109	376
1110	431
1111	421
1112	360
1113	401
1114	426
1115	404
1116	420
1117	438
1118	395
1119	456
1120	415
1121	386
1122	364
1123	425
1124	377
1125	455
1126	381
1127	398
1128	373
1129	352
1130	327
1131	416
1132	427
1133	384
1134	384
1135	383
1136	371
1137	412
1138	454
1139	387
1140	382
1141	357
1142	384
1143	447
1144	369
1145	388
1146	420
1147	443
1148	436
1149	414
1150	409
1151	431
1152	347
1153	355
1154	385
1155	394
1156	359
1157	416
1158	398
1159	398
1160	424
1161	412
1162	396
1163	421
1164	417
1165	341
1166	338
1167	371
1168	383
1169	413
1170	403
1171	432
1172	401
1173	392
1174	451
1175	477
1176	366
1177	331
1178	398
1179	407
1180	367
1181	435
1182	391
1183	393
1184	423
1185	426
1186	404
1187	367
1188	374
1189	300
1190	312
1191	311
1192	391
1193	333
1194	374
1195	312
1196	371
1197	341
1198	346
1199	388
1200	351
1201	355
1202	369
1203	413
1204	322
1205	362
1206	396
1207	375
1208	441
1209	401
1210	425
1211	399
1212	357
1213	377
1214	373
1215	386
1216	367
1217	358
1218	324
1219	358
1220	378
1221	367
1222	366
1223	384
1224	349
1225	385
1226	316
1227	335
1228	405
1229	339
1230	360
1231	366
1232	375
1233	342
1234	329
1235	345
1236	379
1237	349
1238	338
1239	344
1240	315
1241	388
1242	318
1243	346
1244	347
1245	351
1246	377
1247	382
1248	393
1249	373
1250	364
1251	327
1252	373
1253	362
1254	357
1255	410
1256	360
1257	401
1258	385
1259	388
1260	349
1261	397
1262	367
1263	344
1264	388
1265	377
1266	340
1267	384
1268	385
1269	423
1270	376
1271	394
1272	344
1273	374
1274	423
1275	393
1276	433
1277	378
1278	317
1279	296
1280	372
1281	372
1282	398
1283	421
1284	443
1285	416
1286	410
1287	425
1288	406
1289	335
1290	328
1291	308
1292	378
1293	357
1294	374
1295	419
1296	420
1297	407
1298	377
1299	429
1300	439
1301	382
1302	398
1303	353
1304	337
1305	367
1306	338
1307	350
1308	290
1309	314
1310	352
1311	354
1312	360
1313	349
1314	337
1315	301
1316	354
1317	376
1318	359
1319	386
1320	348
1321	402
1322	384
1323	351
1324	345
1325	362
1326	293
1327	312
1328	334
1329	339
1330	341
1331	401
1332	375
1333	325
1334	325
1335	442
1336	362
1337	348
1338	364
1339	327
1340	354
1341	342
1342	390
1343	351
1344	397
1345	350
1346	346
1347	423
1348	368
1349	322
1350	326
1351	319
1352	306
1353	348
1354	338
1355	330
1356	346
1357	341
1358	278
1359	309
1360	324
1361	329
1362	343
1363	324
1364	321
1365	301
1366	323
1367	331
1368	348
1369	352
1370	290
1371	291
1372	351
1373	315
1374	352
1375	265
1376	350
1377	324
1378	378
1379	331
1380	339
1381	336
1382	300
1383	353
1384	319
1385	310
1386	350
1387	303
1388	342
1389	328
1390	327
1391	306
1392	339
1393	318
1394	310
1395	292
1396	312
1397	312
1398	309
1399	295
1400	342
1401	335
1402	343
1403	358
1404	304
1405	364
1406	384
1407	402
1408	349
1409	347
1410	351
1411	354
1412	371
1413	322
1414	365
1415	342
1416	368
1417	327
1418	350
1419	321
1420	376
1421	322
1422	360
1423	365
1424	370
1425	313
1426	345
1427	373
1428	334
1429	338
1430	286
1431	338
1432	333
1433	312
1434	317
1435	375
1436	348
1437	293
1438	312
1439	334
1440	349
1441	342
1442	307
1443	314
1444	328
1445	295
1446	271
1447	301
1448	336
1449	367
1450	313
1451	313
1452	353
1453	370
1454	352
1455	282
1456	341
1457	328
1458	347
1459	299
1460	327
1461	383
1462	293
1463	302
1464	337
1465	271
1466	315
1467	296
1468	334
1469	340
1470	321
1471	362
1472	307
1473	323
1474	304
1475	353
1476	297
1477	351
1478	358
1479	330
1480	332
1481	329
1482	299
1483	313
1484	310
1485	327
1486	296
1487	288
1488	261
1489	295
1490	299
1491	312
1492	275
1493	316
1494	285
1495	296
1496	283
1497	248
1498	331
1499	324
1500	348
1501	336
1502	334
1503	334
1504	338
1505	324
1506	362
1507	309
1508	324
1509	316
1510	278
1511	306
1512	334
1513	343
1514	358
1515	330
1516	345
1517	341
1518	382
1519	411
1520	385
1521	346
1522	353
1523	329
1524	331
1525	305
1526	307
1527	321
1528	302
1529	363
1530	307
1531	344
1532	410
1533	342
1534	364
1535	355
1536	367
1537	318
1538	403
1539	345
1540	366
1541	320
1542	313
1543	307
1544	287
1545	375
1546	326
1547	313
1548	320
1549	270
1550	344
1551	326
1552	288
1553	296
1554	311
1555	377
1556	342
1557	308
1558	387
1559	369
1560	353
1561	419
1562	398
1563	307
1564	379
1565	337
1566	419
1567	344
1568	375
1569	354
1570	370
1571	347
1572	371
1573	328
1574	367
1575	318
1576	342
1577	315
1578	349
1579	366
1580	346
1581	350
1582	293
1583	383
1584	400
1585	385
1586	361
1587	368
1588	346
1589	343
1590	364
1591	374
1592	384
1593	380
1594	354
1595	357
1596	328
1597	351
1598	361
1599	351
1600	343
1601	329
1602	327
1603	367
1604	293
1605	300
1606	330
1607	317
1608	307
1609	273
1610	275
1611	288
1612	298
1613	328
1614	372
1615	339
1616	282
1617	319
1618	357
1619	290
1620	315
1621	286
1622	290
1623	293
1624	327
1625	308
1626	312
1627	294
1628	267
1629	336
1630	284
1631	305
1632	340
1633	280
1634	313
1635	294
1636	337
1637	306
1638	325
1639	344
1640	354
1641	301
1642	272
1643	311
1644	335
1645	342
1646	314
1647	314
1648	330
1649	373
1650	325
1651	392
1652	329
1653	290
1654	298
1655	299
1656	251
1657	310
1658	313
1659	267
1660	289
1661	257
1662	290
1663	257
1664	271
1665	289
1666	326
1667	332
1668	350
1669	303
1670	259
1671	296
1672	292
1673	279
1674	289
1675	314
1676	297
1677	298
1678	317
1679	299
1680	277
1681	315
1682	293
1683	275
1684	347
1685	333
1686	314
1687	328
1688	293
1689	316
1690	332
1691	295
1692	320
1693	313
1694	310
1695	299
1696	379
1697	317
1698	296
1699	284
1700	265
1701	254
1702	283
1703	312
1704	253
1705	322
1706	335
1707	294
1708	341
1709	385
1710	287
1711	307
1712	300
1713	298
1714	307
1715	295
1716	326
1717	343
1718	337
1719	301
1720	315
1721	333
1722	333
1723	282
1724	286
1725	337
1726	238
1727	318
1728	347
1729	316
1730	273
1731	291
1732	327
1733	389
1734	321
1735	360
1736	388
1737	309
1738	339
1739	365
1740	312
1741	299
1742	351
1743	319
1744	307
1745	285
1746	311
1747	307
1748	306
1749	321
1750	280
1751	263
1752	260
1753	263
1754	285
1755	280
1756	312
1757	324
1758	307
1759	303
1760	297
1761	267
1762	272
1763	327
1764	283
1765	297
1766	250
1767	345
1768	260
1769	256
1770	236
1771	295
1772	247
1773	297
1774	298
1775	317
1776	294
1777	320
1778	320
1779	275
1780	254
1781	249
1782	266
1783	301
1784	261
1785	291
1786	297
1787	327
1788	337
1789	330
1790	349
1791	321
1792	293
1793	250
1794	287
1795	320
1796	255
1797	298
1798	247
1799	286
1800	307
1801	265
1802	254
1803	262
1804	257
1805	298
1806	327
1807	242
1808	297
1809	256
1810	306
1811	272
1812	276
1813	286
1814	278
1815	299
1816	278
1817	259
1818	292
1819	276
1820	225
1821	234
1822	219
1823	273
1824	247
1825	235
1826	256
1827	243
1828	220
1829	269
1830	226
1831	263
1832	213
1833	283
1834	238
1835	213
1836	232
1837	221
1838	250
1839	274
1840	283
1841	246
1842	263
1843	271
1844	230
1845	245
1846	289
1847	244
1848	273
1849	279
1850	260
1851	301
1852	282
1853	262
1854	274
1855	279
1856	256
1857	276
1858	261
1859	243
1860	243
1861	231
1862	218
1863	228
1864	239
1865	228
1866	265
1867	251
1868	258
1869	255
1870	235
1871	242
1872	250
1873	258
1874	241
1875	251
1876	256
1877	304
1878	293
1879	297
1880	290
1881	270
1882	203
1883	302
1884	240
1885	277
1886	258
1887	267
1888	288
1889	310
1890	286
1891	232
1892	234
1893	249
1894	258
1895	231
1896	231
1897	240
1898	212
1899	270
1900	260
1901	226
1902	243
1903	260
1904	273
1905	249
1906	256
1907	235
1908	219
1909	243
1910	211
1911	298
1912	278
1913	227
1914	265
1915	221
1916	228
1917	264
1918	228
1919	260
1920	239
1921	220
1922	243
1923	251
1924	305
1925	275
1926	272
1927	264
1928	229
1929	228
1930	224
1931	269
1932	264
1933	292
1934	267
1935	275
1936	214
1937	243
1938	183
1939	243
1940	231
1941	249
1942	213
1943	225
1944	291
1945	263
1946	223
1947	256
1948	226
1949	225
1950	213
1951	245
1952	274
1953	247
1954	269
1955	194
1956	197
1957	264
1958	236
1959	288
1960	240
1961	232
1962	222
1963	214
1964	237
1965	237
1966	239
1967	261
1968	211
1969	238
1970	291
1971	259
1972	257
1973	259
1974	197
1975	228
1976	196
1977	239
1978	226
1979	235
1980	268
1981	250
1982	250
1983	285
1984	232
1985	224
1986	263
1987	255
1988	252
1989	244
1990	224
1991	281
1992	275
1993	312
1994	290
1995	285
1996	264
1997	239
1998	243
1999	272
2000	282
2001	309
2002	244
2003	229
2004	281
2005	262
2006	302
2007	268
2008	255
2009	273
2010	268
2011	249
2012	253
2013	353
2014	298
2015	251
2016	287
2017	261
2018	294
2019	244
2020	238
2021	310
2022	320
2023	264
2024	288
2025	272
2026	259
2027	264
2028	232
2029	288
2030	286
2031	261
2032	219
2033	257
2034	264
2035	278
2036	269
2037	232
2038	223
2039	258
2040	282
2041	282
2042	233
2043	233
2044	267
2045	301
2046	244
2047	276
2048	211
2049	276
2050	240
2051	251
2052	284
2053	256
2054	255
2055	246
2056	286
2057	248
2058	285
2059	262
2060	281
2061	258
2062	293
2063	289
2064	278
2065	269
2066	260
2067	221
2068	261
2069	276
2070	248
2071	244
2072	267
2073	288
2074	230
2075	225
2076	202
2077	256
2078	232
2079	249
2080	272
2081	272
2082	249
2083	306
2084	280
2085	239
2086	235
2087	226
2088	237
2089	245
2090	267
2091	301
2092	236
2093	227
2094	207
2095	257
2096	228
2097	229
2098	266
2099	259
2100	270
2101	270
2102	268
2103	206
2104	283
2105	295
2106	223
2107	227
2108	244
2109	237
2110	243
2111	239
2112	240
2113	276
2114	222
2115	260
2116	228
2117	200
2118	284
2119	296
2120	264
2121	235
2122	200
2123	259
2124	249
2125	225
2126	236
2127	229
2128	243
2129	265
2130	249
2131	194
2132	237
2133	208
2134	276
2135	227
2136	213
2137	214
2138	216
2139	241
2140	234
2141	261
2142	258
2143	239
2144	253
2145	250
2146	267
2147	231
2148	225
2149	259
2150	231
2151	228
2152	278
2153	286
2154	256
2155	247
2156	257
2157	219
2158	209
2159	233
2160	233
2161	214
2162	211
2163	197
2164	236
2165	254
2166	205
2167	250
2168	220
2169	190
2170	237
2171	253
2172	240
2173	235
2174	192
2175	199
2176	216
2177	180
2178	213
2179	230
2180	272
2181	231
2182	249
2183	234
2184	214
2185	229
2186	198
2187	232
2188	239
2189	187
2190	250
2191	248
2192	234
2193	209
2194	237
2195	227
2196	262
2197	247
2198	218
2199	270
2200	240
2201	232
2202	193
2203	217
2204	192
2205	224
2206	219
2207	239
2208	257
2209	228
2210	293
2211	220
2212	205
2213	199
2214	200
2215	212
2216	256
2217	230
2218	242
2219	248
2220	253
2221	216
2222	220
2223	285
2224	307
2225	238
2226	222
2227	211
2228	200
2229	280
2230	244
2231	273
2232	231
2233	279
2234	219
2235	245
2236	202
2237	232
2238	265
2239	259
2240	246
2241	253
2242	214
2243	259
2244	252
2245	258
2246	275
2247	249
2248	248
2249	238
2250	239
2251	223
2252	235
2253	218
2254	281
2255	235
2256	251
2257	232
2258	227
2259	301
2260	320
2261	291
2262	264
2263	263
2264	239
2265	227
2266	237
2267	249
2268	293
2269	257
2270	195
2271	253
2272	264
2273	261
2274	240
2275	255
2276	262
2277	241
2278	257
2279	214
2280	248
2281	263
2282	226
2283	206
2284	265
2285	269
2286	277
2287	260
2288	247
2289	254
2290	257
2291	219
2292	240
2293	221
2294	232
2295	248
2296	245
2297	231
2298	199
2299	265
2300	261
2301	275
2302	241
2303	246
2304	218
2305	267
2306	292
2307	210
2308	230
2309	243
2310	210
2311	225
2312	256
2313	239
2314	260
2315	254
2316	236
2317	213
2318	247
2319	254
2320	254
2321	283
2322	258
2323	281
2324	237
2325	195
2326	242
2327	207
2328	244
2329	214
2330	210
2331	219
2332	260
2333	215
2334	235
2335	201
2336	262
2337	225
2338	217
2339	187
2340	213
2341	213
2342	221
2343	170
2344	245
2345	191
2346	250
2347	195
2348	236
2349	230
2350	198
2351	236
2352	257
2353	253
2354	244
2355	239
2356	217
2357	186
2358	204
2359	200
2360	274
2361	254
2362	197
2363	252
2364	219
2365	209
2366	226
2367	256
2368	276
2369	223
2370	250
2371	211
2372	290
2373	218
2374	238
2375	210
2376	235
2377	182
2378	186
2379	223
2380	226
2381	282
2382	241
2383	231
2384	239
2385	224
2386	286
2387	247
2388	218
2389	222
2390	232
2391	256
2392	241
2393	263
2394	215
2395	223
2396	213
2397	212
2398	209
2399	212
2400	154
2401	210
2402	217
2403	207
2404	246
2405	267
2406	257
2407	273
2408	213
2409	222
2410	241
2411	225
2412	222
2413	219
2414	268
2415	214
2416	190
2417	185
2418	228
2419	229
2420	243
2421	214
2422	263
2423	273
2424	237
2425	227
2426	234
2427	260
2428	225
2429	244
2430	273
2431	247
2432	227
2433	246
2434	263
2435	216
2436	223
2437	244
2438	254
2439	251
2440	266
2441	256
2442	292
2443	244
2444	248
2445	282
2446	251
2447	262
2448	247
2449	246
2450	250
2451	269
2452	248
2453	260
2454	286
2455	271
2456	286
2457	283
2458	272
2459	239
2460	249
2461	293
2462	250
2463	226
2464	297
2465	255
2466	231
2467	275
2468	240
2469	238
2470	234
2471	257
2472	208
2473	254
2474	230
2475	246
2476	275
2477	189
2478	183
2479	251
2480	235
2481	230
2482	215
2483	256
2484	232
2485	227
2486	254
2487	269
2488	232
2489	251
2490	252
2491	228
2492	194
2493	211
2494	237
2495	190
2496	222
2497	272
2498	233
2499	246
2500	194
2501	239
2502	253
2503	199
2504	216
2505	223
2506	239
2507	205
2508	219
2509	237
2510	232
2511	218
2512	229
2513	215
2514	209
2515	208
2516	225
2517	234
2518	242
2519	215
2520	238
2521	242
2522	207
2523	179
2524	227
2525	225
2526	259
2527	153
2528	206
2529	198
2530	208
2531	223
2532	219
2533	217
2534	237
2535	203
2536	229
2537	214
2538	204
2539	195
2540	173
2541	194
2542	229
2543	194
2544	213
2545	209
2546	184
2547	148
2548	177
2549	188
2550	189
2551	167
2552	196
2553	242
2554	211
2555	200
2556	198
2557	197
2558	140
2559	217
2560	180
2561	175
2562	211
2563	201
2564	185
2565	178
2566	184
2567	135
2568	193
2569	165
2570	177
2571	183
2572	186
2573	165
2574	202
2575	232
2576	196
2577	192
2578	187
2579	190
2580	213
2581	222
2582	231
2583	224
2584	208
2585	186
2586	208
2587	205
2588	204
2589	198
2590	194
2591	203
2592	228
2593	195
2594	197
2595	193
2596	205
2597	212
2598	181
2599	195
2600	185
2601	194
2602	212
2603	171
2604	202
2605	173
2606	171
2607	186
2608	197
2609	187
2610	176
2611	187
2612	161
2613	191
2614	152
2615	161
2616	161
2617	200
2618	179
2619	158
2620	148
2621	159
2622	182
2623	173
2624	192
2625	190
2626	205
2627	158
2628	161
2629	153
2630	155
2631	186
2632	186
2633	214
2634	179
2635	216
2636	233
2637	201
2638	195
2639	216
2640	210
2641	220
2642	218
2643	213
2644	170
2645	184
2646	215
2647	203
2648	221
2649	236
2650	186
2651	188
2652	175
2653	183
2654	194
2655	203
2656	216
2657	208
2658	205
2659	213
2660	189
2661	179
2662	163
2663	182
2664	217
2665	203
2666	221
2667	176
2668	172
2669	146
2670	187
2671	157
2672	165
2673	183
2674	222
2675	208
2676	221
2677	200
2678	177
2679	165
2680	229
2681	187
2682	210
2683	203
2684	217
2685	212
2686	251
2687	191
2688	208
2689	204
2690	171
2691	199
2692	248
2693	230
2694	210
2695	170
2696	199
2697	198
2698	171
2699	231
2700	188
2701	208
2702	215
2703	179
2704	209
2705	241
2706	212
2707	223
2708	178
2709	202
2710	157
2711	189
2712	173
2713	233
2714	172
2715	196
2716	175
2717	208
2718	214
2719	208
2720	163
2721	193
2722	187
2723	196
2724	206
2725	222
2726	215
2727	162
2728	199
2729	240
2730	181
2731	185
2732	193
2733	173
2734	202
2735	201
2736	227
2737	235
2738	189
2739	228
2740	271
2741	192
2742	219
2743	222
2744	194
2745	236
2746	198
2747	227
2748	158
2749	175
2750	197
2751	208
2752	212
2753	203
2754	208
2755	172
2756	159
2757	200
2758	192
2759	187
2760	238
2761	194
2762	248
2763	183
2764	256
2765	217
2766	246
2767	221
2768	224
2769	196
2770	208
2771	203
2772	225
2773	205
2774	203
2775	228
2776	210
2777	224
2778	173
2779	190
2780	189
2781	188
2782	255
2783	181
2784	200
2785	213
2786	165
2787	181
2788	165
2789	194
2790	128
2791	178
2792	136
2793	194
2794	183
2795	206
2796	165
2797	178
2798	179
2799	190
2800	183
2801	201
2802	199
2803	174
2804	205
2805	187
2806	186
2807	215
2808	219
2809	164
2810	218
2811	171
2812	220
2813	187
2814	182
2815	212
2816	160
2817	141
2818	193
2819	186
2820	208
2821	197
2822	172
2823	184
2824	177
2825	174
2826	184
2827	192
2828	219
2829	199
2830	167
2831	216
2832	184
2833	200
2834	205
2835	150
2836	176
2837	206
2838	200
2839	200
2840	200
2841	173
2842	159
2843	159
2844	196
2845	178
2846	197
2847	178
2848	153
2849	139
2850	152
2851	173
2852	174
2853	177
2854	161
2855	163
2856	173
2857	186
2858	137
2859	154
2860	136
2861	158
2862	156
2863	180
2864	167
2865	184
2866	215
2867	188
2868	166
2869	168
2870	192
2871	156
2872	146
2873	175
2874	155
2875	177
2876	129
2877	156
2878	172
2879	137
2880	158
2881	157
2882	177
2883	198
2884	159
2885	178
2886	200
2887	175
2888	165
2889	167
2890	160
2891	171
2892	153
2893	139
2894	130
2895	164
2896	116
2897	180
2898	124
2899	145
2900	160
2901	195
2902	162
2903	152
2904	123
2905	143
2906	118
2907	136
2908	142
2909	128
2910	185
2911	181
2912	162
2913	139
2914	150
2915	152
2916	123
2917	178
2918	138
2919	117
2920	145
2921	142
2922	144
2923	129
2924	152
2925	117
2926	157
2927	152
2928	151
2929	113
2930	145
2931	158
2932	116
2933	150
2934	157
2935	146
2936	139
2937	163
2938	179
2939	151
2940	166
2941	142
2942	134
2943	140
2944	115
2945	138
2946	138
2947	149
2948	129
2949	144
2950	127
2951	97
2952	141
2953	130
2954	122
2955	182
2956	135
2957	165
2958	103
2959	146
2960	113
2961	124
2962	207
2963	164
2964	164
2965	111
2966	150
2967	148
2968	169
2969	133
2970	150
2971	131
2972	146
2973	113
2974	157
2975	129
2976	155
2977	173
2978	130
2979	184
2980	152
2981	155
2982	160
2983	144
2984	137
2985	160
2986	166
2987	136
2988	127
2989	151
2990	147
2991	123
2992	117
2993	109
2994	156
2995	139
2996	138
2997	141
2998	152
2999	152
3000	154
3001	158
3002	127
3003	160
3004	189
3005	183
3006	200
3007	118
3008	194
3009	164
3010	149
3011	176
3012	165
3013	147
3014	141
3015	167
3016	158
3017	153
3018	172
3019	159
3020	159
3021	192
3022	165
3023	148
3024	161
3025	125
3026	163
3027	171
3028	159
3029	160
3030	110
3031	140
3032	138
3033	166
3034	128
3035	144
3036	115
3037	164
3038	175
3039	157
3040	172
3041	155
3042	176
3043	158
3044	162
3045	145
3046	150
3047	180
3048	136
3049	120
3050	156
3051	181
3052	157
3053	163
3054	166
3055	197
3056	194
3057	156
3058	181
3059	211
3060	167
3061	158
3062	165
3063	201
3064	171
3065	160
3066	178
3067	149
3068	169
3069	207
3070	198
3071	186
3072	185
3073	208
3074	216
3075	216
3076	195
3077	172
3078	154
3079	143
3080	143
3081	137
3082	162
3083	167
3084	181
3085	174
3086	184
3087	169
3088	200
3089	174
3090	162
3091	166
3092	167
3093	175
3094	154
3095	148
3096	150
3097	162
3098	150
3099	163
3100	149
3101	171
3102	173
3103	179
3104	178
3105	145
3106	175
3107	158
3108	140
3109	156
3110	154
3111	168
3112	150
3113	142
3114	160
3115	138
3116	128
3117	159
3118	151
3119	144
3120	154
3121	160
3122	130
3123	132
3124	181
3125	123
3126	148
3127	138
3128	121
3129	115
3130	120
3131	141
3132	133
3133	112
3134	106
3135	141
3136	144
3137	131
3138	140
3139	141
3140	139
3141	168
3142	185
3143	193
3144	166
3145	172
3146	141
3147	134
3148	144
3149	132
3150	148
3151	177
3152	188
3153	162
3154	166
3155	183
3156	147
3157	165
3158	147
3159	147
3160	151
3161	173
3162	168
3163	123
3164	140
3165	127
3166	151
3167	142
3168	180
3169	157
3170	180
3171	149
3172	149
3173	191
3174	168
3175	150
3176	175
3177	134
3178	184
3179	155
3180	185
3181	190
3182	172
3183	186
3184	192
3185	112
3186	152
3187	174
3188	182
3189	186
3190	167
3191	166
3192	139
3193	140
3194	160
3195	185
3196	185
3197	150
3198	150
3199	148
3200	171
3201	162
3202	178
3203	139
3204	163
3205	149
3206	138
3207	130
3208	169
3209	159
3210	119
3211	126
3212	122
3213	142
3214	174
3215	132
3216	152
3217	135
3218	166
3219	173
3220	181
3221	178
3222	156
3223	142
3224	186
3225	155
3226	164
3227	183
3228	165
3229	148
3230	147
3231	155
3232	160
3233	169
3234	180
3235	151
3236	139
3237	196
3238	182
3239	155
3240	166
3241	171
3242	156
3243	158
3244	161
3245	190
3246	167
3247	136
3248	165
3249	181
3250	173
3251	164
3252	160
3253	154
3254	149
3255	203
3256	177
3257	198
3258	185
3259	139
3260	182
3261	180
3262	158
3263	168
3264	157
3265	153
3266	175
3267	138
3268	181
3269	147
3270	141
3271	158
3272	162
3273	179
3274	216
3275	181
3276	193
3277	167
3278	198
3279	200
3280	151
3281	166
3282	256
3283	223
3284	200
3285	181
3286	199
3287	197
3288	183
3289	176
3290	180
3291	175
3292	154
3293	129
3294	173
3295	127
3296	166
3297	212
3298	164
3299	168
3300	157
3301	145
3302	159
3303	186
3304	174
3305	170
3306	183
3307	184
3308	189
3309	218
3310	192
3311	214
3312	246
3313	159
3314	214
3315	199
3316	210
3317	150
3318	192
3319	199
3320	171
3321	211
3322	246
3323	217
3324	197
3325	204
3326	209
3327	172
3328	201
3329	172
3330	165
3331	143
3332	221
3333	199
3334	202
3335	210
3336	236
3337	196
3338	151
3339	166
3340	199
3341	232
3342	195
3343	180
3344	209
3345	128
3346	154
3347	174
3348	145
3349	189
3350	169
3351	189
3352	203
3353	203
3354	173
3355	167
3356	168
3357	214
3358	185
3359	216
3360	205
3361	172
3362	143
3363	125
3364	165
3365	160
3366	169
3367	143
3368	165
3369	142
3370	162
3371	162
3372	185
3373	153
3374	157
3375	143
3376	151
3377	206
3378	140
3379	151
3380	187
3381	141
3382	143
3383	130
3384	141
3385	133
3386	126
3387	148
3388	165
3389	174
3390	118
3391	168
3392	140
3393	164
3394	151
3395	168
3396	140
3397	191
3398	127
3399	127
3400	112
3401	126
3402	133
3403	172
3404	137
3405	122
3406	153
3407	153
3408	154
3409	212
3410	143
3411	158
3412	105
3413	159
3414	127
3415	163
3416	156
3417	119
3418	117
3419	135
3420	142
3421	124
3422	126
3423	116
3424	141
3425	166
3426	142
3427	142
3428	146
3429	111
3430	156
3431	101
3432	157
3433	182
3434	177
3435	150
3436	132
3437	121
3438	130
3439	117
3440	113
3441	127
3442	126
3443	129
3444	137
3445	165
3446	154
3447	126
3448	187
3449	158
3450	191
3451	167
3452	142
3453	198
3454	178
3455	152
3456	170
3457	166
3458	151
3459	182
3460	148
3461	148
3462	144
3463	158
3464	169
3465	121
3466	149
3467	141
3468	143
3469	146
3470	143
3471	148
3472	124
3473	134
3474	136
3475	136
3476	149
3477	109
3478	105
3479	156
3480	157
3481	140
3482	130
3483	132
3484	137
3485	126
3486	136
3487	155
3488	147
3489	123
3490	177
3491	163
3492	144
3493	134
3494	165
3495	128
3496	134
3497	118
3498	132
3499	151
3500	143
3501	97
3502	121
3503	156
3504	174
3505	161
3506	153
3507	145
3508	172
3509	149
3510	116
3511	109
3512	124
3513	117
3514	133
3515	133
3516	131
3517	118
3518	155
3519	120
3520	125
3521	149
3522	142
3523	143
3524	156
3525	123
3526	114
3527	105
3528	110
3529	122
3530	128
3531	169
3532	177
3533	131
3534	118
3535	123
3536	161
3537	117
3538	148
3539	122
3540	143
3541	161
3542	154
3543	180
3544	97
3545	107
3546	133
3547	101
3548	128
3549	129
3550	154
3551	125
3552	164
3553	132
3554	143
3555	131
3556	163
3557	139
3558	177
3559	159
3560	144
3561	132
3562	136
3563	156
3564	145
3565	167
3566	137
3567	135
3568	139
3569	145
3570	126
3571	118
3572	121
3573	149
3574	126
3575	116
3576	126
3577	127
3578	159
3579	102
3580	146
3581	126
3582	145
3583	110
3584	116
3585	87
3586	123
3587	137
3588	131
3589	146
3590	142
3591	122
3592	159
3593	138
3594	127
3595	112
3596	105
3597	155
3598	133
3599	136
3600	109
3601	128
3602	119
3603	107
3604	155
3605	107
3606	127
3607	131
3608	129
3609	152
3610	158
3611	142
3612	157
3613	154
3614	165
3615	167
3616	116
3617	166
3618	151
3619	171
3620	173
3621	154
3622	114
3623	131
3624	117
3625	107
3626	154
3627	155
3628	152
3629	140
3630	135
3631	153
3632	128
3633	132
3634	130
3635	144
3636	134
3637	166
3638	120
3639	163
3640	127
3641	116
3642	150
3643	118
3644	91
3645	140
3646	163
3647	138
3648	144
3649	174
3650	116
3651	181
3652	118
3653	128
3654	120
3655	100
3656	140
3657	121
3658	82
3659	129
3660	107
3661	113
3662	141
3663	131
3664	148
3665	113
3666	112
3667	136
3668	124
3669	162
3670	113
3671	123
3672	137
3673	130
3674	133
3675	148
3676	144
3677	125
3678	112
3679	127
3680	170
3681	128
3682	139
3683	139
3684	122
3685	149
3686	140
3687	125
3688	146
3689	124
3690	141
3691	125
3692	124
3693	147
3694	164
3695	120
3696	127
3697	140
3698	163
3699	136
3700	106
3701	124
3702	109
3703	99
3704	134
3705	149
3706	124
3707	120
3708	177
3709	201
3710	126
3711	146
3712	168
3713	135
3714	162
3715	157
3716	120
3717	147
3718	114
3719	90
3720	83
3721	97
3722	106
3723	111
3724	123
3725	97
3726	149
3727	106
3728	152
3729	106
3730	133
3731	148
3732	177
3733	167
3734	129
3735	91
3736	105
3737	104
3738	121
3739	176
3740	107
3741	125
3742	141
3743	155
3744	145
3745	128
3746	136
3747	144
3748	119
3749	131
3750	136
3751	150
3752	105
3753	130
3754	101
3755	149
3756	126
3757	133
3758	160
3759	122
3760	98
3761	104
3762	104
3763	96
3764	114
3765	133
3766	90
3767	102
3768	135
3769	94
3770	130
3771	150
3772	136
3773	160
3774	121
3775	129
3776	126
3777	133
3778	124
3779	115
3780	125
3781	106
3782	96
3783	115
3784	150
3785	138
3786	89
3787	111
3788	124
3789	112
3790	131
3791	125
3792	105
3793	102
3794	131
3795	156
3796	126
3797	106
3798	125
3799	140
3800	109
3801	136
3802	122
3803	136
3804	115
3805	100
3806	131
3807	102
3808	110
3809	129
3810	118
3811	133
3812	135
3813	106
3814	133
3815	151
3816	155
3817	148
3818	136
3819	104
3820	127
3821	124
3822	133
3823	101
3824	123
3825	137
3826	140
3827	117
3828	131
3829	95
3830	150
3831	138
3832	139
3833	142
3834	151
3835	121
3836	128
3837	144
3838	111
3839	114
3840	122
3841	162
3842	117
3843	130
3844	126
3845	129
3846	124
3847	135
3848	112
3849	107
3850	106
3851	153
3852	138
3853	106
3854	113
3855	127
3856	118
3857	99
3858	141
3859	86
3860	111
3861	92
3862	121
3863	131
3864	122
3865	124
3866	119
3867	106
3868	119
3869	115
3870	96
3871	121
3872	125
3873	110
3874	115
3875	114
3876	113
3877	140
3878	105
3879	165
3880	142
3881	107
3882	152
3883	131
3884	169
3885	142
3886	117
3887	115
3888	142
3889	118
3890	128
3891	112
3892	157
3893	106
3894	153
3895	113
3896	110
3897	125
3898	108
3899	138
3900	121
3901	135
3902	115
3903	159
3904	134
3905	110
3906	110
3907	132
3908	133
3909	111
3910	111
3911	122
3912	110
3913	90
3914	121
3915	115
3916	129
3917	137
3918	109
3919	125
3920	143
3921	121
3922	156
3923	168
3924	143
3925	153
3926	135
3927	143
3928	123
3929	149
3930	151
3931	138
3932	108
3933	113
3934	141
3935	151
3936	196
3937	173
3938	123
3939	182
3940	132
3941	157
3942	167
3943	121
3944	154
3945	175
3946	141
3947	164
3948	129
3949	118
3950	148
3951	127
3952	138
3953	142
3954	144
3955	152
3956	153
3957	137
3958	131
3959	100
3960	128
3961	190
3962	136
3963	133
3964	144
3965	150
3966	126
3967	117
3968	116
3969	129
3970	126
3971	90
3972	127
3973	165
3974	150
3975	148
3976	161
3977	194
3978	117
3979	123
3980	143
3981	149
3982	158
3983	113
3984	124
3985	158
3986	141
3987	140
3988	147
3989	132
3990	142
3991	138
3992	137
3993	119
3994	100
3995	111
3996	113
3997	122
3998	119
3999	119
4000	117
4001	108
4002	114
4003	122
4004	118
4005	141
4006	124
4007	162
4008	100
4009	153
4010	154
4011	116
4012	124
4013	141
4014	132
4015	132
4016	110
4017	164
4018	139
4019	186
4020	151
4021	133
4022	129
4023	95
4024	91
4025	138
4026	148
4027	145
4028	142
4029	126
4030	114
4031	153
4032	99
4033	142
4034	150
4035	142
4036	174
4037	145
4038	131
4039	129
4040	150
4041	158
4042	108
4043	136
4044	150
4045	170
4046	169
4047	158
4048	155
4049	201
4050	187
4051	129
4052	147
4053	128
4054	136
4055	177
4056	171
4057	178
4058	146
4059	183
4060	157
4061	140
4062	142
4063	132
4064	150
4065	156
4066	179
4067	178
4068	143
4069	154
4070	149
4071	145
4072	175
4073	161
4074	128
4075	148
4076	160
4077	196
4078	165
4079	136
4080	162
4081	137
4082	147
4083	143
4084	148
4085	168
4086	140
4087	187
4088	170
4089	158
4090	176
4091	105
4092	152
4093	137
4094	127
4095	146
4096	137
4097	150
4098	155
4099	149
4100	145
4101	174
4102	141
4103	119
4104	121
4105	145
4106	147
4107	129
4108	115
4109	164
4110	136
4111	154
4112	131
4113	137
4114	136
4115	152
4116	162
4117	141
4118	168
4119	147
4120	150
4121	128
4122	169
4123	140
4124	149
4125	122
4126	167
4127	125
4128	129
4129	154
4130	143
4131	136
4132	119
4133	119
4134	109
4135	165
4136	140
4137	117
4138	138
4139	119
4140	122
4141	145
4142	162
4143	162
4144	153
4145	148
4146	113
4147	160
4148	130
4149	133
4150	101
4151	128
4152	99
4153	146
4154	131
4155	131
4156	137
4157	133
4158	128
4159	119
4160	141
4161	92
4162	128
4163	88
4164	114
4165	98
4166	133
4167	110
4168	123
4169	110
4170	124
4171	141
4172	113
4173	99
4174	102
4175	113
4176	108
4177	147
4178	97
4179	119
4180	121
4181	129
4182	103
4183	105
4184	163
4185	102
4186	80
4187	114
4188	99
4189	102
4190	121
4191	108
4192	100
4193	103
4194	118
4195	102
4196	97
4197	91
4198	96
4199	123
4200	111
4201	129
4202	142
4203	134
4204	118
4205	97
4206	115
4207	91
4208	95
4209	116
4210	110
4211	138
4212	105
4213	68
4214	84
4215	82
4216	87
4217	97
4218	114
4219	99
4220	131
4221	107
4222	91
4223	92
4224	119
4225	92
4226	107
4227	120
4228	112
4229	106
4230	101
4231	116
4232	113
4233	102
4234	114
4235	92
4236	107
4237	78
4238	91
4239	92
4240	101
4241	110
4242	99
4243	112
4244	116
4245	159
4246	125
4247	104
4248	124
4249	97
4250	133
4251	77
4252	93
4253	144
4254	120
4255	107
4256	108
4257	91
4258	129
4259	93
4260	75
4261	100
4262	101
4263	131
4264	108
4265	94
4266	108
4267	113
4268	93
4269	103
4270	112
4271	119
4272	137
4273	126
4274	96
4275	101
4276	137
4277	103
4278	135
4279	104
4280	88
4281	106
4282	147
4283	152
4284	121
4285	120
4286	124
4287	97
4288	94
4289	84
4290	139
4291	121
4292	116
4293	138
4294	117
4295	114
4296	91
4297	128
4298	134
4299	124
4300	103
4301	102
4302	117
4303	107
4304	111
4305	115
4306	82
4307	92
4308	112
4309	121
4310	79
4311	97
4312	119
4313	80
4314	124
4315	133
4316	156
4317	110
4318	102
4319	107
4320	97
4321	54
4322	136
4323	104
4324	72
4325	90
4326	63
4327	67
4328	66
4329	76
4330	78
4331	97
4332	106
4333	93
4334	88
4335	111
4336	130
4337	95
4338	81
4339	112
4340	98
4341	116
4342	106
4343	85
4344	129
4345	93
4346	106
4347	116
4348	102
4349	102
4350	89
4351	91
4352	73
4353	65
4354	93
4355	65
4356	76
4357	57
4358	72
4359	87
4360	83
4361	96
4362	90
4363	105
4364	96
4365	51
4366	90
4367	75
4368	67
4369	84
4370	97
4371	94
4372	72
4373	63
4374	98
4375	89
4376	83
4377	100
4378	111
4379	98
4380	80
4381	85
4382	117
4383	104
4384	112
4385	84
4386	72
4387	117
4388	90
4389	87
4390	80
4391	92
4392	67
4393	72
4394	87
4395	89
4396	130
4397	68
4398	101
4399	95
4400	95
4401	119
4402	96
4403	93
4404	91
4405	88
4406	111
4407	116
4408	115
4409	115
4410	90
4411	107
4412	107
4413	85
4414	90
4415	119
4416	104
4417	97
4418	84
4419	105
4420	87
4421	97
4422	83
4423	67
4424	84
4425	71
4426	78
4427	101
4428	110
4429	92
4430	70
4431	93
4432	78
4433	77
4434	79
4435	75
4436	103
4437	102
4438	95
4439	88
4440	67
4441	84
4442	101
4443	97
4444	81
4445	84
4446	95
4447	125
4448	81
4449	62
4450	67
4451	71
4452	73
4453	100
4454	118
4455	102
4456	100
4457	105
4458	117
4459	114
4460	89
4461	104
4462	82
4463	123
4464	87
4465	91
4466	73
4467	93
4468	64
4469	92
4470	89
4471	94
4472	84
4473	106
4474	87
4475	96
4476	84
4477	95
4478	86
4479	90
4480	83
4481	72
4482	80
4483	65
4484	123
4485	97
4486	85
4487	104
4488	110
4489	100
4490	94
4491	59
4492	63
4493	76
4494	87
4495	101
4496	101
4497	121
4498	112
4499	123
4500	95
4501	106
4502	81
4503	88
4504	92
4505	116
4506	136
4507	127
4508	128
4509	118
4510	82
4511	92
4512	97
4513	85
4514	114
4515	101
4516	79
4517	80
4518	104
4519	93
4520	99
4521	125
4522	78
4523	71
4524	89
4525	106
4526	93
4527	94
4528	91
4529	77
4530	95
4531	87
4532	87
4533	90
4534	86
4535	88
4536	127
4537	79
4538	92
4539	101
4540	77
4541	109
4542	127
4543	104
4544	103
4545	84
4546	88
4547	119
4548	96
4549	95
4550	107
4551	121
4552	92
4553	116
4554	119
4555	124
4556	131
4557	145
4558	136
4559	137
4560	127
4561	156
4562	126
4563	123
4564	142
4565	138
4566	106
4567	141
4568	120
4569	123
4570	104
4571	122
4572	117
4573	129
4574	121
4575	103
4576	119
4577	94
4578	140
4579	127
4580	131
4581	101
4582	125
4583	127
4584	128
4585	104
4586	119
4587	115
4588	107
4589	100
4590	95
4591	100
4592	82
4593	103
4594	133
4595	120
4596	95
4597	83
4598	84
4599	133
4600	135
4601	84
4602	86
4603	98
4604	76
4605	113
4606	92
4607	113
4608	97
4609	103
4610	120
4611	100
4612	130
4613	129
4614	126
4615	92
4616	110
4617	111
4618	90
4619	88
4620	89
4621	105
4622	86
4623	88
4624	91
4625	103
4626	88
4627	111
4628	97
4629	104
4630	115
4631	89
4632	86
4633	78
4634	108
4635	78
4636	83
4637	64
4638	94
4639	88
4640	99
4641	89
4642	90
4643	113
4644	88
4645	70
4646	82
4647	99
4648	81
4649	82
4650	97
4651	114
4652	78
4653	99
4654	86
4655	103
4656	93
4657	91
4658	78
4659	106
4660	59
4661	87
4662	96
4663	87
4664	120
4665	101
4666	86
4667	91
4668	87
4669	108
4670	128
4671	90
4672	99
4673	82
4674	74
4675	83
4676	72
4677	106
4678	122
4679	92
4680	106
4681	124
4682	87
4683	85
4684	78
4685	64
4686	81
4687	76
4688	99
4689	108
4690	78
4691	98
4692	81
4693	85
4694	83
4695	90
4696	94
4697	88
4698	102
4699	81
4700	70
4701	75
4702	69
4703	85
4704	103
4705	94
4706	117
4707	119
4708	82
4709	86
4710	71
4711	87
4712	63
4713	85
4714	80
4715	74
4716	99
4717	111
4718	127
4719	86
4720	91
4721	98
4722	92
4723	87
4724	77
4725	89
4726	108
4727	85
4728	68
4729	53
4730	91
4731	98
4732	117
4733	99
4734	85
4735	85
4736	85
4737	97
4738	59
4739	90
4740	73
4741	123
4742	100
4743	111
4744	97
4745	118
4746	68
4747	72
4748	115
4749	100
4750	105
4751	78
4752	115
4753	85
4754	88
4755	106
4756	71
4757	67
4758	105
4759	101
4760	114
4761	88
4762	87
4763	103
4764	117
4765	86
4766	76
4767	87
4768	82
4769	100
4770	79
4771	70
4772	84
4773	64
4774	85
4775	95
4776	102
4777	93
4778	73
4779	83
4780	104
4781	94
4782	75
4783	94
4784	95
4785	122
4786	98
4787	92
4788	96
4789	74
4790	101
4791	60
4792	96
4793	87
4794	103
4795	105
4796	101
4797	105
4798	77
4799	105
4800	97
4801	56
4802	73
4803	117
4804	111
4805	92
4806	74
4807	74
4808	77
4809	72
4810	107
4811	98
4812	119
4813	81
4814	70
4815	91
4816	68
4817	112
4818	95
4819	53
4820	102
4821	96
4822	114
4823	76
4824	89
4825	91
4826	92
4827	103
4828	143
4829	117
4830	113
4831	124
4832	101
4833	76
4834	89
4835	85
4836	97
4837	108
4838	118
4839	57
4840	91
4841	120
4842	83
4843	78
4844	68
4845	97
4846	66
4847	115
4848	94
4849	88
4850	61
4851	106
4852	79
4853	77
4854	78
4855	65
4856	57
4857	71
4858	94
4859	93
4860	85
4861	105
4862	74
4863	82
4864	81
4865	75
4866	62
4867	60
4868	59
4869	87
4870	57
4871	84
4872	55
4873	59
4874	60
4875	51
4876	69
4877	86
4878	98
4879	88
4880	97
4881	93
4882	77
4883	73
4884	71
4885	106
4886	87
4887	71
4888	90
4889	84
4890	93
4891	60
4892	62
4893	92
4894	73
4895	78
4896	103
4897	71
4898	71
4899	81
4900	82
4901	71
4902	91
4903	88
4904	86
4905	98
4906	67
4907	102
4908	104
4909	81
4910	85
4911	72
4912	71
4913	88
4914	84
4915	112
4916	58
4917	66
4918	86
4919	70
4920	101
4921	64
4922	70
4923	69
4924	77
4925	90
4926	96
4927	72
4928	86
4929	86
4930	103
4931	66
4932	66
4933	90
4934	74
4935	63
4936	78
4937	77
4938	72
4939	78
4940	76
4941	96
4942	60
4943	86
4944	93
4945	113
4946	103
4947	88
4948	96
4949	79
4950	74
4951	50
4952	98
4953	66
4954	107
4955	113
4956	122
4957	97
4958	85
4959	80
4960	90
4961	113
4962	100
4963	98
4964	74
4965	80
4966	120
4967	116
4968	85
4969	90
4970	83
4971	133
4972	68
4973	86
4974	82
4975	82
4976	75
4977	68
4978	84
4979	98
4980	98
4981	104
4982	102
4983	97
4984	88
4985	92
4986	92
4987	88
4988	72
4989	85
4990	87
4991	58
4992	85
4993	90
4994	73
4995	102
4996	87
4997	114
4998	94
4999	70
5000	79
5001	74
5002	85
5003	99
5004	80
5005	79
5006	105
5007	128
5008	82
5009	96
5010	97
5011	117
5012	110
5013	110
5014	114
5015	138
5016	106
5017	116
5018	111
5019	120
5020	84
5021	122
5022	111
5023	98
5024	88
5025	70
5026	73
5027	76
5028	90
5029	96
5030	124
5031	118
5032	101
5033	101
5034	119
5035	89
5036	91
5037	97
5038	101
5039	106
5040	96
5041	78
5042	85
5043	81
5044	103
5045	90
5046	81
5047	61
5048	95
5049	71
5050	98
5051	99
5052	74
5053	80
5054	97
5055	87
5056	108
5057	126
5058	108
5059	130
5060	114
5061	85
5062	66
5063	95
5064	106
5065	95
5066	103
5067	96
5068	75
5069	126
5070	95
5071	80
5072	81
5073	100
5074	89
5075	104
5076	88
5077	121
5078	93
5079	80
5080	86
5081	90
5082	119
5083	123
5084	102
5085	98
5086	89
5087	98
5088	93
5089	103
5090	118
5091	104
5092	104
5093	77
5094	84
5095	86
5096	95
5097	78
5098	81
5099	75
5100	71
5101	86
5102	103
5103	89
5104	86
5105	70
5106	76
5107	69
5108	70
5109	108
5110	82
5111	92
5112	76
5113	85
5114	83
5115	96
5116	103
5117	107
5118	87
5119	94
5120	94
5121	129
5122	116
5123	91
5124	90
5125	85
5126	89
5127	91
5128	83
5129	89
5130	58
5131	75
5132	82
5133	79
5134	97
5135	80
5136	89
5137	77
5138	70
5139	94
5140	76
5141	85
5142	83
5143	69
5144	75
5145	86
5146	90
5147	116
5148	100
5149	112
5150	72
5151	104
5152	83
5153	83
5154	80
5155	62
5156	66
5157	94
5158	110
5159	109
5160	89
5161	97
5162	92
5163	98
5164	90
5165	98
5166	80
5167	82
5168	88
5169	73
5170	63
5171	56
5172	56
5173	76
5174	64
5175	71
5176	83
5177	61
5178	54
5179	82
5180	44
5181	63
5182	72
5183	75
5184	103
5185	114
5186	78
5187	71
5188	78
5189	108
5190	65
5191	92
5192	121
5193	93
5194	94
5195	89
5196	54
5197	78
5198	71
5199	63
5200	86
5201	57
5202	83
5203	67
5204	68
5205	74
5206	57
5207	44
5208	82
5209	95
5210	75
5211	68
5212	90
5213	96
5214	46
5215	56
5216	78
5217	63
5218	89
5219	74
5220	64
5221	57
5222	67
5223	40
5224	87
5225	47
5226	58
5227	59
5228	82
5229	81
5230	117
5231	78
5232	104
5233	99
5234	55
5235	95
5236	66
5237	77
5238	63
5239	87
5240	76
5241	62
5242	56
5243	59
5244	66
5245	77
5246	113
5247	64
5248	98
5249	80
5250	77
5251	100
5252	98
5253	51
5254	80
5255	85
5256	101
5257	81
5258	64
5259	75
5260	89
5261	77
5262	91
5263	74
5264	65
5265	83
5266	42
5267	49
5268	59
5269	65
5270	68
5271	72
5272	103
5273	63
5274	74
5275	75
5276	101
5277	66
5278	72
5279	46
5280	76
5281	88
5282	117
5283	66
5284	77
5285	74
5286	98
5287	84
5288	80
5289	62
5290	68
5291	81
5292	80
5293	64
5294	62
5295	70
5296	60
5297	49
5298	84
5299	87
5300	73
5301	70
5302	101
5303	86
5304	68
5305	61
5306	67
5307	59
5308	57
5309	67
5310	81
5311	83
5312	105
5313	101
5314	84
5315	100
5316	72
5317	98
5318	88
5319	77
5320	71
5321	101
5322	82
5323	80
5324	74
5325	76
5326	76
5327	76
5328	85
5329	79
5330	65
5331	71
5332	48
5333	44
5334	57
5335	43
5336	84
5337	97
5338	70
5339	87
5340	40
5341	73
5342	88
5343	81
5344	54
5345	64
5346	76
5347	55
5348	74
5349	62
5350	67
5351	75
5352	93
5353	101
5354	83
5355	101
5356	76
5357	93
5358	102
5359	89
5360	73
5361	95
5362	67
5363	70
5364	63
5365	68
5366	82
5367	74
5368	88
5369	57
5370	68
5371	72
5372	95
5373	93
5374	75
5375	77
5376	77
5377	67
5378	70
5379	95
5380	53
5381	76
5382	79
5383	59
5384	50
5385	61
5386	55
5387	58
5388	61
5389	69
5390	84
5391	73
5392	99
5393	94
5394	77
5395	99
5396	89
5397	95
5398	103
5399	81
5400	71
5401	92
5402	57
5403	78
5404	93
5405	67
5406	67
5407	70
5408	104
5409	86
5410	65
5411	68
5412	104
5413	65
5414	62
5415	72
5416	96
5417	79
5418	71
5419	64
5420	85
5421	82
5422	82
5423	91
5424	102
5425	69
5426	72
5427	65
5428	73
5429	76
5430	97
5431	96
5432	81
5433	77
5434	74
5435	65
5436	58
5437	58
5438	64
5439	63
5440	75
5441	56
5442	69
5443	71
5444	64
5445	56
5446	39
5447	45
5448	76
5449	70
5450	98
5451	60
5452	78
5453	67
5454	70
5455	112
5456	88
5457	81
5458	65
5459	80
5460	69
5461	66
5462	65
5463	53
5464	76
5465	68
5466	86
5467	88
5468	83
5469	91
5470	90
5471	59
5472	62
5473	83
5474	68
5475	88
5476	73
5477	45
5478	96
5479	104
5480	88
5481	65
5482	72
5483	89
5484	56
5485	74
5486	99
5487	91
5488	113
5489	107
5490	66
5491	65
5492	78
5493	64
5494	74
5495	64
5496	82
5497	89
5498	76
5499	74
5500	121
5501	108
5502	83
5503	80
5504	95
5505	68
5506	101
5507	70
5508	88
5509	95
5510	83
5511	89
5512	114
5513	95
5514	97
5515	78
5516	86
5517	73
5518	78
5519	82
5520	91
5521	129
5522	87
5523	89
5524	81
5525	100
5526	103
5527	83
5528	74
5529	108
5530	76
5531	66
5532	68
5533	70
5534	74
5535	70
5536	98
5537	61
5538	90
5539	96
5540	100
5541	94
5542	101
5543	87
5544	74
5545	83
5546	66
5547	82
5548	83
5549	81
5550	79
5551	74
5552	74
5553	93
5554	85
5555	86
5556	95
5557	94
5558	82
5559	96
5560	77
5561	96
5562	82
5563	78
5564	116
5565	98
5566	101
5567	93
5568	70
5569	86
5570	81
5571	64
5572	98
5573	84
5574	76
5575	73
5576	72
5577	58
5578	63
5579	80
5580	94
5581	81
5582	73
5583	82
5584	94
5585	87
5586	104
5587	57
5588	82
5589	55
5590	71
5591	90
5592	53
5593	75
5594	81
5595	69
5596	46
5597	81
5598	91
5599	107
5600	89
5601	66
5602	80
5603	86
5604	113
5605	78
5606	83
5607	85
5608	45
5609	68
5610	77
5611	90
5612	56
5613	47
5614	70
5615	70
5616	68
5617	95
5618	67
5619	78
5620	46
5621	60
5622	63
5623	60
5624	79
5625	68
5626	53
5627	101
5628	76
5629	88
5630	69
5631	83
5632	75
5633	82
5634	64
5635	87
5636	83
5637	80
5638	69
5639	63
5640	74
5641	81
5642	77
5643	75
5644	57
5645	108
5646	90
5647	97
5648	96
5649	86
5650	80
5651	93
5652	66
5653	56
5654	66
5655	66
5656	91
5657	78
5658	75
5659	85
5660	114
5661	77
5662	80
5663	77
5664	96
5665	92
5666	102
5667	89
5668	78
5669	73
5670	110
5671	65
5672	65
5673	101
5674	98
5675	72
5676	111
5677	100
5678	131
5679	104
5680	114
5681	68
5682	49
5683	78
5684	78
5685	86
5686	82
5687	78
5688	88
5689	73
5690	66
5691	79
5692	93
5693	80
5694	78
5695	107
5696	93
5697	94
5698	95
5699	71
5700	115
5701	100
5702	92
5703	98
5704	100
5705	77
5706	78
5707	66
5708	99
5709	95
5710	91
5711	99
5712	71
5713	86
5714	93
5715	44
5716	53
5717	61
5718	55
5719	75
5720	64
5721	74
5722	66
5723	57
5724	66
5725	71
5726	79
5727	80
5728	59
5729	88
5730	79
5731	84
5732	75
5733	115
5734	81
5735	80
5736	74
5737	71
5738	64
5739	61
5740	54
5741	68
5742	100
5743	71
5744	86
5745	95
5746	74
5747	67
5748	74
5749	65
5750	65
5751	111
5752	81
5753	61
5754	111
5755	68
5756	79
5757	55
5758	69
5759	84
5760	67
5761	43
5762	73
5763	69
5764	65
5765	62
5766	69
5767	56
5768	46
5769	65
5770	61
5771	86
5772	90
5773	91
5774	52
5775	59
5776	64
5777	97
5778	101
5779	93
5780	78
5781	106
5782	76
5783	91
5784	89
5785	88
5786	76
5787	80
5788	55
5789	61
5790	71
5791	46
5792	66
5793	71
5794	72
5795	123
5796	86
5797	78
5798	78
5799	62
5800	83
5801	59
5802	60
5803	74
5804	78
5805	82
5806	62
5807	40
5808	60
5809	67
5810	70
5811	63
5812	74
5813	80
5814	59
5815	73
5816	52
5817	70
5818	72
5819	84
5820	83
5821	72
5822	88
5823	82
5824	90
5825	70
5826	59
5827	84
5828	66
5829	49
5830	83
5831	65
5832	65
5833	72
5834	92
5835	79
5836	61
5837	91
5838	113
5839	85
5840	92
5841	88
5842	71
5843	69
5844	75
5845	67
5846	100
5847	56
5848	62
5849	60
5850	108
5851	55
5852	73
5853	65
5854	53
5855	63
5856	75
5857	99
5858	37
5859	66
5860	73
5861	88
5862	89
5863	79
5864	89
5865	61
5866	69
5867	73
5868	63
5869	86
5870	85
5871	94
5872	90
5873	78
5874	94
5875	79
5876	73
5877	67
5878	75
5879	54
5880	45
5881	52
5882	45
5883	76
5884	49
5885	66
5886	53
5887	76
5888	84
5889	94
5890	130
5891	100
5892	94
5893	67
5894	78
5895	87
5896	95
5897	92
5898	67
5899	73
5900	72
5901	105
5902	88
5903	75
5904	77
5905	86
5906	73
5907	59
5908	62
5909	55
5910	48
5911	58
5912	95
5913	94
5914	58
5915	55
5916	51
5917	70
5918	59
5919	97
5920	60
5921	41
5922	83
5923	78
5924	64
5925	78
5926	76
5927	63
5928	105
5929	103
5930	84
5931	52
5932	59
5933	61
5934	83
5935	56
5936	65
5937	83
5938	69
5939	76
5940	92
5941	85
5942	80
5943	89
5944	94
5945	72
5946	74
5947	104
5948	69
5949	114
5950	102
5951	90
5952	105
5953	73
5954	82
5955	74
5956	58
5957	68
5958	74
5959	80
5960	71
5961	79
5962	65
5963	62
5964	64
5965	68
5966	73
5967	71
5968	84
5969	67
5970	86
5971	70
5972	68
5973	72
5974	84
5975	109
5976	79
5977	115
5978	75
5979	99
5980	56
5981	84
5982	89
5983	106
5984	85
5985	91
5986	68
5987	71
5988	68
5989	77
5990	59
5991	73
5992	94
5993	108
5994	81
5995	81
5996	114
5997	106
5998	80
5999	75
6000	76
6001	58
6002	84
6003	72
6004	78
6005	84
6006	62
6007	60
6008	62
6009	89
6010	52
6011	62
6012	82
6013	77
6014	96
6015	84
6016	69
6017	97
6018	77
6019	64
6020	67
6021	48
6022	56
6023	62
6024	81
6025	82
6026	84
6027	105
6028	118
6029	69
6030	79
6031	83
6032	89
6033	79
6034	66
6035	68
6036	79
6037	68
6038	69
6039	71
6040	59
6041	117
6042	95
6043	63
6044	65
6045	64
6046	47
6047	83
6048	56
6049	60
6050	61
6051	62
6052	54
6053	84
6054	66
6055	72
6056	66
6057	57
6058	52
6059	49
6060	77
6061	52
6062	51
6063	76
6064	45
6065	57
6066	66
6067	94
6068	75
6069	44
6070	60
6071	61
6072	63
6073	101
6074	39
6075	70
6076	81
6077	73
6078	66
6079	67
6080	91
6081	84
6082	78
6083	52
6084	59
6085	41
6086	52
6087	49
6088	53
6089	52
6090	40
6091	58
6092	78
6093	66
6094	79
6095	84
6096	82
6097	69
6098	60
6099	70
6100	62
6101	71
6102	81
6103	78
6104	74
6105	62
6106	68
6107	65
6108	69
6109	53
6110	77
6111	69
6112	57
6113	86
6114	72
6115	79
6116	72
6117	52
6118	82
6119	74
6120	68
6121	85
6122	67
6123	80
6124	59
6125	83
6126	87
6127	74
6128	72
6129	91
6130	56
6131	70
6132	61
6133	57
6134	52
6135	74
6136	66
6137	72
6138	84
6139	105
6140	86
6141	62
6142	63
6143	52
6144	72
6145	83
6146	69
6147	57
6148	74
6149	79
6150	82
6151	60
6152	71
6153	62
6154	45
6155	53
6156	47
6157	52
6158	60
6159	87
6160	55
6161	66
6162	80
6163	62
6164	84
6165	57
6166	56
6167	80
6168	73
6169	67
6170	49
6171	82
6172	52
6173	52
6174	73
6175	73
6176	54
6177	62
6178	52
6179	59
6180	69
6181	83
6182	62
6183	68
6184	55
6185	85
6186	67
6187	49
6188	47
6189	73
6190	53
6191	53
6192	52
6193	49
6194	56
6195	41
6196	73
6197	59
6198	76
6199	53
6200	83
6201	62
6202	56
6203	56
6204	61
6205	53
6206	51
6207	86
6208	57
6209	68
6210	66
6211	45
6212	60
6213	75
6214	69
6215	56
6216	79
6217	78
6218	43
6219	71
6220	64
6221	67
6222	58
6223	36
6224	59
6225	42
6226	58
6227	35
6228	46
6229	70
6230	43
6231	55
6232	64
6233	46
6234	71
6235	69
6236	50
6237	42
6238	43
6239	61
6240	66
6241	77
6242	62
6243	67
6244	40
6245	60
6246	85
6247	69
6248	76
6249	46
6250	66
6251	56
6252	46
6253	66
6254	65
6255	63
6256	85
6257	69
6258	80
6259	60
6260	77
6261	91
6262	71
6263	86
6264	101
6265	97
6266	84
6267	79
6268	99
6269	104
6270	94
6271	73
6272	105
6273	75
6274	69
6275	66
6276	50
6277	67
6278	54
6279	76
6280	59
6281	66
6282	84
6283	61
6284	74
6285	77
6286	79
6287	103
6288	64
6289	60
6290	68
6291	42
6292	72
6293	67
6294	70
6295	67
6296	84
6297	74
6298	61
6299	87
6300	78
6301	75
6302	57
6303	77
6304	62
6305	63
6306	52
6307	57
6308	50
6309	58
6310	80
6311	90
6312	66
6313	55
6314	80
6315	50
6316	70
6317	71
6318	63
6319	71
6320	78
6321	73
6322	58
6323	62
6324	61
6325	85
6326	82
6327	62
6328	63
6329	63
6330	76
6331	55
6332	84
6333	79
6334	57
6335	70
6336	57
6337	57
6338	67
6339	69
6340	71
6341	69
6342	84
6343	81
6344	78
6345	84
6346	67
6347	67
6348	74
6349	97
6350	74
6351	78
6352	67
6353	54
6354	82
6355	85
6356	85
6357	68
6358	80
6359	77
6360	53
6361	48
6362	71
6363	63
6364	49
6365	73
6366	62
6367	57
6368	50
6369	49
6370	55
6371	57
6372	65
6373	60
6374	57
6375	42
6376	85
6377	41
6378	66
6379	49
6380	45
6381	52
6382	53
6383	70
6384	47
6385	77
6386	63
6387	65
6388	72
6389	54
6390	45
6391	49
6392	47
6393	50
6394	63
6395	42
6396	58
6397	37
6398	76
6399	69
6400	75
6401	60
6402	77
6403	61
6404	51
6405	72
6406	60
6407	48
6408	67
6409	50
6410	69
6411	49
6412	53
6413	61
6414	69
6415	95
6416	60
6417	49
6418	54
6419	69
6420	72
6421	75
6422	84
6423	46
6424	37
6425	70
6426	46
6427	42
6428	64
6429	73
6430	46
6431	48
6432	79
6433	57
6434	83
6435	48
6436	67
6437	63
6438	38
6439	42
6440	55
6441	70
6442	45
6443	48
6444	79
6445	43
6446	85
6447	57
6448	59
6449	57
6450	48
6451	43
6452	51
6453	79
6454	69
6455	56
6456	71
6457	57
6458	68
6459	66
6460	67
6461	45
6462	41
6463	48
6464	42
6465	48
6466	67
6467	78
6468	75
6469	65
6470	67
6471	52
6472	51
6473	61
6474	79
6475	51
6476	73
6477	40
6478	51
6479	30
6480	45
6481	28
6482	36
6483	43
6484	62
6485	42
6486	74
6487	73
6488	56
6489	46
6490	57
6491	69
6492	76
6493	44
6494	61
6495	55
6496	54
6497	73
6498	70
6499	74
6500	57
6501	60
6502	53
6503	77
6504	53
6505	71
6506	75
6507	51
6508	72
6509	53
6510	52
6511	66
6512	48
6513	46
6514	68
6515	64
6516	76
6517	76
6518	69
6519	44
6520	39
6521	53
6522	73
6523	81
6524	51
6525	36
6526	57
6527	67
6528	67
6529	87
6530	78
6531	83
6532	71
6533	41
6534	42
6535	66
6536	73
6537	59
6538	34
6539	51
6540	51
6541	90
6542	59
6543	65
6544	64
6545	54
6546	74
6547	53
6548	78
6549	65
6550	61
6551	46
6552	53
6553	68
6554	64
6555	71
6556	62
6557	63
6558	79
6559	63
6560	76
6561	70
6562	58
6563	38
6564	59
6565	83
6566	50
6567	46
6568	52
6569	47
6570	39
6571	74
6572	44
6573	65
6574	63
6575	48
6576	55
6577	55
6578	70
6579	96
6580	81
6581	40
6582	49
6583	82
6584	72
6585	42
6586	68
6587	49
6588	71
6589	72
6590	49
6591	55
6592	45
6593	52
6594	58
6595	47
6596	59
6597	81
6598	50
6599	77
6600	57
6601	49
6602	45
6603	49
6604	29
6605	56
6606	52
6607	52
6608	41
6609	55
6610	52
6611	57
6612	45
6613	51
6614	64
6615	45
6616	62
6617	63
6618	66
6619	37
6620	66
6621	50
6622	42
6623	29
6624	35
6625	38
6626	52
6627	57
6628	50
6629	42
6630	50
6631	32
6632	35
6633	48
6634	25
6635	44
6636	54
6637	59
6638	57
6639	49
6640	32
6641	46
6642	53
6643	40
6644	49
6645	57
6646	68
6647	47
6648	42
6649	32
6650	61
6651	43
6652	53
6653	80
6654	51
6655	24
6656	44
6657	33
6658	47
6659	63
6660	59
6661	42
6662	24
6663	48
6664	49
6665	50
6666	40
6667	41
6668	39
6669	42
6670	49
6671	50
6672	72
6673	75
6674	60
6675	39
6676	72
6677	54
6678	54
6679	34
6680	49
6681	54
6682	48
6683	61
6684	52
6685	61
6686	65
6687	50
6688	45
6689	57
6690	64
6691	61
6692	60
6693	69
6694	55
6695	63
6696	50
6697	83
6698	63
6699	77
6700	76
6701	68
6702	55
6703	60
6704	80
6705	58
6706	44
6707	73
6708	66
6709	62
6710	64
6711	67
6712	38
6713	75
6714	76
6715	67
6716	53
6717	61
6718	53
6719	51
6720	64
6721	70
6722	43
6723	64
6724	60
6725	54
6726	74
6727	69
6728	80
6729	58
6730	54
6731	63
6732	43
6733	48
6734	49
6735	50
6736	52
6737	38
6738	54
6739	51
6740	55
6741	54
6742	69
6743	43
6744	34
6745	49
6746	63
6747	49
6748	52
6749	54
6750	42
6751	42
6752	42
6753	54
6754	67
6755	45
6756	52
6757	55
6758	73
6759	66
6760	66
6761	76
6762	77
6763	68
6764	76
6765	70
6766	61
6767	59
6768	41
6769	46
6770	38
6771	60
6772	38
6773	53
6774	56
6775	48
6776	43
6777	51
6778	27
6779	56
6780	44
6781	42
6782	58
6783	65
6784	75
6785	79
6786	97
6787	38
6788	37
6789	72
6790	94
6791	62
6792	87
6793	57
6794	79
6795	64
6796	52
6797	33
6798	41
6799	57
6800	59
6801	91
6802	71
6803	86
6804	63
6805	54
6806	55
6807	76
6808	58
6809	30
6810	43
6811	41
6812	47
6813	65
6814	65
6815	47
6816	33
6817	63
6818	49
6819	49
6820	59
6821	55
6822	64
6823	56
6824	54
6825	58
6826	47
6827	51
6828	42
6829	51
6830	40
6831	51
6832	68
6833	45
6834	67
6835	52
6836	68
6837	36
6838	52
6839	51
6840	42
6841	42
6842	57
6843	40
6844	49
6845	56
6846	64
6847	63
6848	50
6849	43
6850	74
6851	31
6852	58
6853	57
6854	38
6855	42
6856	48
6857	39
6858	38
6859	66
6860	60
6861	65
6862	64
6863	67
6864	70
6865	50
6866	68
6867	58
6868	99
6869	49
6870	59
6871	67
6872	67
6873	55
6874	54
6875	46
6876	45
6877	60
6878	75
6879	63
6880	38
6881	59
6882	47
6883	52
6884	39
6885	46
6886	57
6887	45
6888	68
6889	77
6890	54
6891	55
6892	70
6893	65
6894	84
6895	82
6896	98
6897	54
6898	60
6899	70
6900	40
6901	58
6902	43
6903	41
6904	59
6905	57
6906	57
6907	49
6908	78
6909	61
6910	76
6911	58
6912	61
6913	77
6914	91
6915	71
6916	67
6917	78
6918	45
6919	48
6920	56
6921	51
6922	78
6923	80
6924	59
6925	50
6926	62
6927	67
6928	64
6929	49
6930	59
6931	39
6932	50
6933	84
6934	85
6935	82
6936	89
6937	54
6938	74
6939	62
6940	76
6941	43
6942	56
6943	73
6944	61
6945	61
6946	61
6947	59
6948	72
6949	58
6950	63
6951	70
6952	63
6953	55
6954	55
6955	67
6956	78
6957	59
6958	56
6959	54
6960	69
6961	64
6962	67
6963	100
6964	60
6965	67
6966	77
6967	41
6968	54
6969	85
6970	90
6971	85
6972	88
6973	63
6974	105
6975	72
6976	68
6977	93
6978	74
6979	84
6980	88
6981	84
6982	63
6983	77
6984	63
6985	79
6986	80
6987	56
6988	70
6989	75
6990	64
6991	62
6992	89
6993	66
6994	71
6995	83
6996	69
6997	75
6998	76
6999	62
7000	48
7001	44
7002	53
7003	80
7004	84
7005	67
7006	70
7007	67
7008	66
7009	53
7010	67
7011	66
7012	52
7013	55
7014	50
7015	47
7016	62
7017	61
7018	44
7019	49
7020	64
7021	32
7022	62
7023	52
7024	74
7025	71
7026	41
7027	77
7028	73
7029	53
7030	50
7031	53
7032	59
7033	80
7034	71
7035	50
7036	87
7037	71
7038	53
7039	69
7040	67
7041	67
7042	74
7043	69
7044	79
7045	62
7046	59
7047	68
7048	62
7049	66
7050	88
7051	70
7052	68
7053	45
7054	50
7055	76
7056	67
7057	71
7058	59
7059	61
7060	63
7061	63
7062	46
7063	47
7064	63
7065	66
7066	50
7067	50
7068	50
7069	57
7070	46
7071	79
7072	73
7073	63
7074	61
7075	60
7076	70
7077	66
7078	59
7079	65
7080	56
7081	80
7082	88
7083	64
7084	76
7085	47
7086	46
7087	61
7088	36
7089	33
7090	48
7091	57
7092	59
7093	62
7094	48
7095	83
7096	83
7097	60
7098	67
7099	53
7100	68
7101	42
7102	52
7103	64
7104	31
7105	42
7106	42
7107	82
7108	71
7109	48
7110	50
7111	40
7112	66
7113	75
7114	67
7115	66
7116	37
7117	38
7118	34
7119	43
7120	60
7121	57
7122	73
7123	74
7124	59
7125	84
7126	40
7127	41
7128	29
7129	63
7130	46
7131	60
7132	50
7133	54
7134	42
7135	53
7136	75
7137	85
7138	70
7139	59
7140	56
7141	49
7142	49
7143	44
7144	52
7145	68
7146	42
7147	22
7148	44
7149	55
7150	56
7151	46
7152	43
7153	34
7154	50
7155	71
7156	59
7157	60
7158	55
7159	60
7160	34
7161	39
7162	58
7163	51
7164	44
7165	38
7166	40
7167	59
7168	59
7169	62
7170	66
7171	73
7172	79
7173	74
7174	54
7175	60
7176	86
7177	77
7178	80
7179	62
7180	59
7181	52
7182	46
7183	30
7184	68
7185	39
7186	37
7187	69
7188	43
7189	62
7190	47
7191	44
7192	44
7193	84
7194	57
7195	79
7196	58
7197	96
7198	56
7199	57
7200	42
7201	64
7202	64
7203	34
7204	46
7205	66
7206	76
7207	35
7208	86
7209	37
7210	47
7211	56
7212	55
7213	36
7214	58
7215	45
7216	63
7217	58
7218	58
7219	76
7220	74
7221	86
7222	54
7223	58
7224	23
7225	56
7226	39
7227	70
7228	74
7229	85
7230	64
7231	77
7232	67
7233	48
7234	70
7235	78
7236	87
7237	66
7238	100
7239	68
7240	74
7241	39
7242	68
7243	71
7244	65
7245	83
7246	103
7247	94
7248	84
7249	40
7250	50
7251	60
7252	58
7253	39
7254	53
7255	65
7256	54
7257	79
7258	90
7259	66
7260	72
7261	96
7262	68
7263	73
7264	56
7265	76
7266	32
7267	51
7268	67
7269	81
7270	89
7271	70
7272	35
7273	64
7274	96
7275	61
7276	95
7277	72
7278	88
7279	81
7280	89
7281	74
7282	83
7283	99
7284	85
7285	70
7286	50
7287	67
7288	44
7289	55
7290	67
7291	36
7292	42
7293	70
7294	37
7295	64
7296	61
7297	61
7298	51
7299	51
7300	52
7301	56
7302	51
7303	57
7304	65
7305	60
7306	46
7307	89
7308	60
7309	60
7310	64
7311	45
7312	59
7313	58
7314	77
7315	54
7316	65
7317	54
7318	47
7319	56
7320	51
7321	46
7322	66
7323	71
7324	83
7325	84
7326	64
7327	76
7328	84
7329	36
7330	44
7331	63
7332	34
7333	54
7334	74
7335	56
7336	62
7337	68
7338	57
7339	45
7340	64
7341	80
7342	60
7343	59
7344	73
7345	52
7346	65
7347	35
7348	60
7349	56
7350	41
7351	57
7352	52
7353	66
7354	54
7355	62
7356	64
7357	49
7358	40
7359	52
7360	69
7361	69
7362	68
7363	62
7364	52
7365	45
7366	74
7367	76
7368	76
7369	34
7370	64
7371	44
7372	43
7373	36
7374	41
7375	60
7376	43
7377	73
7378	55
7379	43
7380	42
7381	66
7382	49
7383	56
7384	42
7385	56
7386	50
7387	59
7388	35
7389	48
7390	49
7391	61
7392	32
7393	55
7394	68
7395	43
7396	38
7397	31
7398	36
7399	42
7400	55
7401	39
7402	68
7403	40
7404	49
7405	53
7406	54
7407	58
7408	56
7409	65
7410	39
7411	54
7412	40
7413	56
7414	44
7415	43
7416	37
7417	45
7418	60
7419	53
7420	43
7421	54
7422	62
7423	59
7424	64
7425	61
7426	30
7427	43
7428	53
7429	62
7430	54
7431	31
7432	58
7433	61
7434	55
7435	51
7436	30
7437	46
7438	47
7439	48
7440	56
7441	57
7442	36
7443	48
7444	51
7445	36
7446	59
7447	50
7448	60
7449	53
7450	55
7451	49
7452	50
7453	44
7454	56
7455	37
7456	54
7457	61
7458	57
7459	52
7460	46
7461	50
7462	39
7463	53
7464	59
7465	52
7466	48
7467	78
7468	65
7469	30
7470	51
7471	60
7472	59
7473	47
7474	44
7475	59
7476	55
7477	45
7478	40
7479	63
7480	43
7481	46
7482	71
7483	56
7484	70
7485	44
7486	43
7487	39
7488	37
7489	35
7490	36
7491	41
7492	64
7493	54
7494	40
7495	36
7496	30
7497	20
7498	29
7499	26
7500	49
7501	38
7502	49
7503	35
7504	45
7505	42
7506	35
7507	47
7508	58
7509	57
7510	58
7511	51
7512	44
7513	32
7514	44
7515	27
7516	47
7517	44
7518	32
7519	40
7520	42
7521	50
7522	33
7523	43
7524	50
7525	47
7526	40
7527	46
7528	35
7529	48
7530	17
7531	32
7532	60
7533	41
7534	43
7535	59
7536	35
7537	23
7538	24
7539	58
7540	43
7541	41
7542	34
7543	53
7544	45
7545	36
7546	71
7547	63
7548	53
7549	68
7550	63
7551	34
7552	58
7553	59
7554	48
7555	63
7556	62
7557	64
7558	46
7559	60
7560	49
7561	53
7562	60
7563	50
7564	63
7565	44
7566	50
7567	35
7568	42
7569	65
7570	62
7571	54
7572	31
7573	38
7574	48
7575	35
7576	40
7577	51
7578	28
7579	39
7580	30
7581	30
7582	43
7583	40
7584	34
7585	39
7586	36
7587	44
7588	73
7589	60
7590	33
7591	30
7592	35
7593	46
7594	42
7595	44
7596	25
7597	51
7598	37
7599	42
7600	39
7601	41
7602	60
7603	57
7604	48
7605	44
7606	35
7607	42
7608	41
7609	22
7610	42
7611	46
7612	36
7613	48
7614	46
7615	40
7616	29
7617	16
7618	40
7619	39
7620	33
7621	33
7622	30
7623	48
7624	59
7625	26
7626	44
7627	51
7628	59
7629	52
7630	26
7631	50
7632	46
7633	30
7634	46
7635	48
7636	49
7637	34
7638	41
7639	34
7640	41
7641	40
7642	36
7643	52
7644	46
7645	61
7646	45
7647	48
7648	35
7649	51
7650	30
7651	46
7652	39
7653	65
7654	46
7655	46
7656	45
7657	37
7658	33
7659	49
7660	35
7661	61
7662	48
7663	37
7664	24
7665	35
7666	32
7667	41
7668	40
7669	63
7670	45
7671	40
7672	38
7673	34
7674	32
7675	49
7676	37
7677	46
7678	47
7679	95
7680	37
7681	54
7682	49
7683	47
7684	42
7685	53
7686	41
7687	46
7688	45
7689	69
7690	61
7691	26
7692	32
7693	29
7694	48
7695	56
7696	43
7697	38
7698	23
7699	65
7700	75
7701	41
7702	52
7703	37
7704	40
7705	48
7706	23
7707	29
7708	30
7709	39
7710	33
7711	49
7712	53
7713	45
7714	40
7715	42
7716	47
7717	44
7718	34
7719	24
7720	25
7721	34
7722	49
7723	41
7724	28
7725	33
7726	29
7727	48
7728	63
7729	38
7730	51
7731	55
7732	47
7733	56
7734	50
7735	42
7736	33
7737	23
7738	35
7739	42
7740	36
7741	57
7742	37
7743	41
7744	34
7745	40
7746	33
7747	29
7748	33
7749	46
7750	31
7751	44
7752	62
7753	49
7754	44
7755	43
7756	51
7757	50
7758	74
7759	34
7760	24
7761	29
7762	27
7763	32
7764	50
7765	40
7766	38
7767	39
7768	38
7769	34
7770	39
7771	36
7772	45
7773	43
7774	39
7775	52
7776	36
7777	49
7778	62
7779	51
7780	50
7781	46
7782	31
7783	46
7784	36
7785	36
7786	27
7787	23
7788	29
7789	25
7790	36
7791	43
7792	40
7793	29
7794	39
7795	40
7796	56
7797	33
7798	77
7799	52
7800	51
7801	45
7802	49
7803	58
7804	51
7805	58
7806	37
7807	49
7808	41
7809	57
7810	72
7811	56
7812	64
7813	66
7814	49
7815	38
7816	45
7817	30
7818	41
7819	48
7820	32
7821	56
7822	53
7823	52
7824	46
7825	59
7826	52
7827	56
7828	55
7829	58
7830	35
7831	55
7832	63
7833	48
7834	67
7835	79
7836	91
7837	36
7838	36
7839	36
7840	40
7841	40
7842	56
7843	63
7844	67
7845	66
7846	67
7847	76
7848	59
7849	52
7850	69
7851	41
7852	45
7853	48
7854	34
7855	55
7856	55
7857	32
7858	38
7859	34
7860	56
7861	59
7862	55
7863	45
7864	71
7865	60
7866	49
7867	46
7868	42
7869	47
7870	50
7871	47
7872	47
7873	49
7874	57
7875	65
7876	44
7877	53
7878	59
7879	34
7880	61
7881	38
7882	54
7883	74
7884	99
7885	127
7886	73
7887	58
7888	67
7889	74
7890	71
7891	64
7892	57
7893	69
7894	71
7895	64
7896	43
7897	64
7898	69
7899	57
7900	91
7901	52
7902	72
7903	58
7904	61
7905	62
7906	60
7907	61
7908	48
7909	45
7910	50
7911	41
7912	62
7913	45
7914	87
7915	67
7916	37
7917	48
7918	57
7919	63
7920	64
7921	44
7922	48
7923	45
7924	51
7925	60
7926	47
7927	60
7928	92
7929	53
7930	48
7931	59
7932	46
7933	27
7934	54
7935	58
7936	65
7937	62
7938	55
7939	80
7940	75
7941	46
7942	40
7943	78
7944	64
7945	41
7946	40
7947	62
7948	53
7949	75
7950	60
7951	65
7952	52
7953	60
7954	63
7955	72
7956	67
7957	67
7958	49
7959	68
7960	66
7961	55
7962	71
7963	68
7964	53
7965	51
7966	78
7967	63
7968	50
7969	19
7970	39
7971	67
7972	57
7973	58
7974	40
7975	41
7976	51
7977	63
7978	49
7979	50
7980	62
7981	58
7982	65
7983	62
7984	42
7985	61
7986	66
7987	59
7988	48
7989	56
7990	46
7991	29
7992	57
7993	33
7994	31
7995	57
7996	51
7997	59
7998	47
7999	37
8000	427413
