16	13
17	10
18	17
19	3
20	8
21	4
22	11
23	7
24	9
25	2
26	4
27	11
28	21
29	22
30	22
31	28
32	16
33	33
34	33
35	41
36	42
37	51
38	54
39	67
40	72
41	89
42	89
43	139
44	129
45	129
46	136
47	153
48	158
49	190
50	218
51	204
52	182
53	189
54	194
55	201
56	228
57	276
58	285
59	324
60	300
61	351
62	346
63	370
64	392
65	402
66	427
67	464
68	478
69	505
70	536
71	515
72	571
73	594
74	603
75	626
76	757
77	749
78	782
79	863
80	836
81	886
82	952
83	1008
84	990
85	1143
86	1074
87	1108
88	1221
89	1291
90	1355
91	1408
92	1431
93	1555
94	1536
95	1553
96	1598
97	1742
98	1723
99	1715
100	1727
101	1834
102	1873
103	1997
104	1925
105	2032
106	2075
107	2095
108	2102
109	2074
110	2158
111	2162
112	2371
113	2298
114	2394
115	2393
116	2485
117	2408
118	2436
119	2449
120	2472
121	2716
122	2619
123	2588
124	2750
125	2688
126	2734
127	2705
128	2726
129	2779
130	2912
131	2882
132	2770
133	2890
134	2866
135	2883
136	2907
137	2864
138	2945
139	2938
140	2928
141	3068
142	3361
143	3258
144	3601
145	4042
146	4876
147	8838
148	12843
149	20287
150	23783
