16	13
17	10
18	17
19	3
20	8
21	4
22	11
23	7
24	9
25	2
26	4
27	11
28	22
29	22
30	23
31	28
32	16
33	33
34	33
35	41
36	42
37	51
38	54
39	68
40	73
41	90
42	92
43	142
44	141
45	162
46	194
47	236
48	190
49	208
50	284
51	352
52	216
53	198
54	204
55	211
56	280
57	371
58	347
59	362
60	310
61	367
62	364
63	378
64	406
65	414
66	445
67	483
68	490
69	518
70	554
71	539
72	590
73	634
74	629
75	661
76	797
77	787
78	845
79	923
80	901
81	936
82	1025
83	1084
84	1075
85	1219
86	1150
87	1189
88	1304
89	1393
90	1477
91	1518
92	1570
93	1740
94	1681
95	1694
96	1784
97	1917
98	1920
99	1907
100	1904
101	2051
102	2136
103	2300
104	2229
105	2276
106	2305
107	2366
108	2413
109	2431
110	2462
111	2470
112	2679
113	2574
114	2772
115	2811
116	2943
117	2847
118	2859
119	2862
120	2859
121	3172
122	3041
123	3031
124	3358
125	3275
126	3300
127	3320
128	3308
129	3403
130	3659
131	3833
132	3526
133	3571
134	3546
135	3566
136	3513
137	3480
138	3620
139	3671
140	3687
141	3846
142	4191
143	4160
144	4515
145	5098
146	6223
147	10699
148	16139
149	27937
150	36702
