16	10
17	18
18	8
19	11
20	7
21	6
22	6
23	9
24	9
25	15
26	6
27	6
28	5
29	10
30	11
31	13
32	10
33	6
34	16
35	44
36	25
37	19
38	20
39	31
40	31
41	43
42	58
43	58
44	63
45	85
46	106
47	111
48	106
49	86
50	82
51	106
52	128
53	109
54	100
55	124
56	144
57	134
58	175
59	140
60	145
61	150
62	156
63	193
64	175
65	184
66	185
67	218
68	216
69	235
70	247
71	257
72	240
73	255
74	279
75	292
76	303
77	327
78	358
79	388
80	411
81	408
82	425
83	453
84	502
85	539
86	504
87	548
88	546
89	544
90	554
91	617
92	649
93	697
94	723
95	714
96	797
97	833
98	891
99	845
100	897
101	904
102	888
103	924
104	1044
105	1005
106	1094
107	1068
108	1052
109	1196
110	1175
111	1262
112	1287
113	1309
114	1375
115	1472
116	1502
117	1469
118	1553
119	1654
120	1627
121	1739
122	1714
123	1681
124	1913
125	1998
126	1988
127	2064
128	2058
129	2101
130	2138
131	2220
132	2257
133	2336
134	2334
135	2477
136	2556
137	2652
138	2581
139	2790
140	2944
141	3090
142	3331
143	3732
144	4644
145	6234
146	7733
147	14435
148	25706
149	30698
150	95294
