16	10
17	18
18	7
19	11
20	7
21	6
22	5
23	8
24	7
25	14
26	5
27	6
28	4
29	10
30	10
31	13
32	10
33	5
34	13
35	26
36	25
37	18
38	20
39	31
40	31
41	41
42	57
43	55
44	61
45	80
46	87
47	95
48	82
49	80
50	81
51	103
52	117
53	106
54	93
55	120
56	137
57	126
58	164
59	130
60	138
61	142
62	148
63	183
64	165
65	172
66	180
67	203
68	203
69	223
70	233
71	243
72	234
73	240
74	272
75	279
76	297
77	308
78	338
79	364
80	391
81	390
82	395
83	420
84	460
85	499
86	466
87	509
88	519
89	498
90	518
91	558
92	586
93	636
94	672
95	653
96	729
97	755
98	810
99	770
100	812
101	794
102	794
103	830
104	945
105	902
106	990
107	968
108	934
109	1063
110	1051
111	1126
112	1143
113	1175
114	1193
115	1281
116	1299
117	1295
118	1341
119	1415
120	1407
121	1460
122	1466
123	1460
124	1600
125	1639
126	1657
127	1688
128	1721
129	1709
130	1760
131	1839
132	1896
133	1950
134	1921
135	2056
136	2085
137	2146
138	2089
139	2251
140	2344
141	2457
142	2649
143	2928
144	3666
145	4827
146	5651
147	10381
148	17504
149	20844
150	47096
