16	28
17	35
18	37
19	52
20	57
21	65
22	74
23	75
24	62
25	68
26	83
27	93
28	116
29	137
30	120
31	188
32	235
33	261
34	328
35	471
36	569
37	734
38	878
39	1053
40	1306
41	1548
42	1834
43	2181
44	2464
45	2788
46	3033
47	3369
48	3642
49	3905
50	4123
51	4472
52	4716
53	4910
54	5274
55	5251
56	5723
57	5827
58	5914
59	6118
60	6121
61	6304
62	6461
63	6625
64	6825
65	7007
66	7110
67	7352
68	7786
69	7685
70	8069
71	8197
72	8501
73	8766
74	9092
75	9328
76	9670
77	9879
78	10019
79	10635
80	10840
81	11310
82	11870
83	12106
84	12699
85	13119
86	13945
87	14201
88	14388
89	15140
90	15437
91	16203
92	16790
93	17519
94	18249
95	18786
96	19319
97	20136
98	20834
99	21230
100	22465
101	22796
102	23779
103	24149
104	25643
105	26206
106	27783
107	28043
108	29065
109	30360
110	31085
111	32242
112	33058
113	33983
114	35182
115	35723
116	37067
117	37624
118	38374
119	39843
120	40204
121	41542
122	42382
123	43401
124	44248
125	45491
126	46182
127	47270
128	48120
129	49553
130	50847
131	52423
132	53665
133	55552
134	56715
135	58524
136	61187
137	65164
138	69314
139	76299
140	85504
141	100777
142	123640
143	157612
144	243456
145	388586
146	533856
147	1139437
148	2059326
149	2451779
150	5459888
