0	0
1	0
2	0
3	0
4	0
5	0
6	0
7	0
8	0
9	0
10	0
11	0
12	0
13	0
14	1
15	0
16	1
17	0
18	1
19	0
20	0
21	0
22	1
23	1
24	1
25	0
26	2
27	3
28	1
29	0
30	4
31	4
32	3
33	6
34	4
35	5
36	8
37	2
38	6
39	8
40	8
41	10
42	17
43	6
44	8
45	7
46	5
47	5
48	8
49	10
50	12
51	18
52	23
53	8
54	17
55	11
56	17
57	24
58	26
59	24
60	19
61	30
62	23
63	29
64	29
65	26
66	25
67	20
68	30
69	34
70	14
71	41
72	30
73	43
74	36
75	42
76	27
77	51
78	27
79	40
80	48
81	50
82	55
83	57
84	80
85	58
86	66
87	56
88	91
89	95
90	87
91	95
92	89
93	102
94	85
95	94
96	134
97	132
98	154
99	132
100	161
101	141
102	162
103	137
104	162
105	116
106	192
107	159
108	144
109	188
110	183
111	295
112	196
113	221
114	157
115	193
116	145
117	210
118	260
119	273
120	159
121	253
122	358
123	117
124	226
125	279
126	322
127	328
128	304
129	279
130	422
131	335
132	195
133	261
134	312
135	264
136	287
137	262
138	338
139	439
140	293
141	275
142	246
143	282
144	375
145	335
146	315
147	298
148	405
149	362
150	325
151	388
152	405
153	545
154	429
155	259
156	364
157	386
158	514
159	313
160	434
161	383
162	414
163	534
164	377
165	361
166	380
167	492
168	290
169	481
170	449
171	491
172	613
173	390
174	450
175	685
176	591
177	340
178	507
179	489
180	393
181	473
182	410
183	311
184	534
185	629
186	349
187	427
188	547
189	367
190	692
191	533
192	514
193	508
194	563
195	736
196	513
197	600
198	583
199	428
200	507
201	506
202	518
203	589
204	512
205	585
206	565
207	665
208	638
209	470
210	611
211	535
212	603
213	631
214	527
215	773
216	439
217	675
218	434
219	850
220	391
221	397
222	434
223	590
224	726
225	403
226	396
227	453
228	544
229	486
230	406
231	330
232	266
233	687
234	334
235	585
236	764
237	706
238	626
239	588
240	477
241	479
242	520
243	516
244	476
245	366
246	541
247	533
248	758
249	552
250	613
251	479
252	430
253	461
254	326
255	671
256	919
257	651
258	694
259	624
260	448
261	363
262	684
263	490
264	603
265	518
266	377
267	621
268	407
269	332
270	619
271	602
272	452
273	353
274	604
275	637
276	678
277	791
278	667
279	608
280	450
281	557
282	424
283	475
284	332
285	410
286	385
287	576
288	367
289	666
290	426
291	518
292	710
293	387
294	562
295	512
296	413
297	733
298	530
299	457
300	317
301	256
302	403
303	471
304	421
305	452
306	604
307	373
308	379
309	349
310	409
311	440
312	398
313	609
314	589
315	416
316	443
317	551
318	506
319	551
320	353
321	291
322	486
323	435
324	403
325	279
326	673
327	456
328	395
329	309
330	258
331	297
332	445
333	291
334	263
335	218
336	329
337	351
338	242
339	498
340	491
341	364
342	362
343	576
344	254
345	236
346	313
347	267
348	213
349	206
350	260
351	369
352	297
353	447
354	331
355	242
356	375
357	435
358	420
359	422
360	319
361	256
362	352
363	420
364	292
365	160
366	392
367	247
368	300
369	399
370	391
371	382
372	312
373	303
374	302
375	370
376	324
377	383
378	408
379	281
380	255
381	248
382	226
383	221
384	224
385	407
386	310
387	209
388	305
389	283
390	376
391	267
392	416
393	240
394	198
395	203
396	249
397	217
398	204
399	284
400	373
401	219
402	225
403	270
404	244
405	288
406	338
407	320
408	224
409	240
410	262
411	286
412	234
413	312
414	215
415	164
416	222
417	230
418	178
419	231
420	197
421	282
422	213
423	339
424	228
425	266
426	215
427	209
428	178
429	274
430	142
431	212
432	134
433	266
434	201
435	96
436	148
437	266
438	181
439	190
440	178
441	200
442	164
443	174
444	208
445	170
446	154
447	151
448	201
449	180
450	133
451	159
452	170
453	151
454	210
455	160
456	156
457	254
458	151
459	150
460	141
461	190
462	121
463	102
464	126
465	130
466	106
467	106
468	99
469	82
470	105
471	173
472	133
473	132
474	176
475	134
476	109
477	94
478	66
479	83
480	53
481	120
482	94
483	123
484	69
485	121
486	131
487	126
488	105
489	96
490	118
491	98
492	100
493	124
494	65
495	218
496	60
497	93
498	96
499	103
500	96
501	122
502	83
503	96
504	89
505	91
506	127
507	126
508	111
509	73
510	65
511	58
512	80
513	70
514	89
515	108
516	47
517	43
518	63
519	130
520	49
521	95
522	92
523	133
524	69
525	53
526	61
527	81
528	107
529	38
530	66
531	94
532	89
533	60
534	96
535	73
536	53
537	42
538	66
539	58
540	100
541	74
542	60
543	44
544	87
545	32
546	86
547	171
548	76
549	50
550	64
551	38
552	76
553	68
554	30
555	42
556	60
557	53
558	53
559	72
560	69
561	51
562	57
563	59
564	38
565	48
566	26
567	54
568	72
569	28
570	19
571	64
572	154
