0	0
1	0
2	0
3	0
4	0
5	0
6	0
7	0
8	0
9	0
10	0
11	0
12	0
13	0
14	0
15	0
16	1
17	0
18	1
19	1
20	0
21	0
22	0
23	1
24	1
25	0
26	2
27	0
28	4
29	1
30	2
31	1
32	3
33	4
34	4
35	0
36	3
37	5
38	2
39	7
40	6
41	12
42	4
43	2
44	2
45	7
46	3
47	7
48	5
49	2
50	7
51	9
52	6
53	6
54	9
55	5
56	9
57	16
58	12
59	6
60	8
61	8
62	12
63	5
64	4
65	8
66	0
67	5
68	5
69	7
70	9
71	11
72	10
73	10
74	15
75	20
76	15
77	21
78	28
79	8
80	23
81	10
82	24
83	32
84	33
85	23
86	12
87	29
88	26
89	34
90	39
91	30
92	45
93	46
94	27
95	32
96	43
97	61
98	51
99	35
100	50
101	62
102	43
103	57
104	59
105	52
106	54
107	56
108	65
109	52
110	77
111	74
112	64
113	77
114	77
115	76
116	83
117	84
118	97
119	80
120	100
121	90
122	62
123	69
124	75
125	113
126	87
127	106
128	125
129	89
130	113
131	92
132	104
133	95
134	113
135	129
136	120
137	92
138	132
139	107
140	132
141	104
142	156
143	139
144	98
145	86
146	101
147	87
148	56
149	81
150	72
151	74
152	75
153	98
154	69
155	67
156	93
157	87
158	109
159	92
160	105
161	91
162	83
163	80
164	119
165	84
166	91
167	93
168	87
169	98
170	71
171	126
172	87
173	72
174	103
175	129
176	74
177	73
178	81
179	97
180	97
181	121
182	88
183	112
184	101
185	114
186	101
187	93
188	108
189	84
190	73
191	70
192	87
193	71
194	91
195	96
196	110
197	106
198	88
199	97
200	90
201	64
202	102
203	94
204	78
205	70
206	105
207	84
208	107
209	89
210	83
211	91
212	80
213	86
214	96
215	82
216	76
217	70
218	86
219	78
220	63
221	88
222	69
223	89
224	72
225	73
226	95
227	103
228	57
229	88
230	68
231	63
232	60
233	80
234	77
235	50
236	58
237	68
238	72
239	91
240	78
241	67
242	75
243	73
244	101
245	101
246	71
247	94
248	76
249	83
250	44
251	81
252	84
253	86
254	67
255	52
256	56
257	73
258	78
259	75
260	65
261	71
262	71
263	90
264	87
265	84
266	71
267	85
268	85
269	63
270	68
271	54
272	68
273	109
274	88
275	94
276	73
277	75
278	83
279	53
280	41
281	67
282	75
283	68
284	62
285	75
286	65
287	74
288	78
289	81
290	90
291	79
292	82
293	76
294	82
295	83
296	81
297	82
298	80
299	66
300	69
301	69
302	106
303	67
304	77
305	63
306	51
307	85
308	79
309	99
310	85
311	89
312	75
313	91
314	64
315	71
316	78
317	63
318	60
319	67
320	81
321	62
322	74
323	70
324	76
325	81
326	71
327	76
328	64
329	70
330	48
331	79
332	53
333	54
334	65
335	84
336	83
337	55
338	65
339	91
340	62
341	68
342	86
343	73
344	53
345	66
346	52
347	70
348	69
349	60
350	55
351	62
352	54
353	73
354	75
355	81
356	57
357	37
358	54
359	36
360	51
361	59
362	49
363	55
364	50
365	104
366	69
367	42
368	56
369	84
370	67
371	67
372	74
373	55
374	66
375	50
376	71
377	62
378	74
379	47
380	40
381	48
382	31
383	39
384	50
385	63
386	53
387	59
388	58
389	53
390	52
391	47
392	48
393	58
394	47
395	56
396	47
397	46
398	50
399	64
400	65
401	61
402	88
403	54
404	47
405	48
406	47
407	50
408	86
409	61
410	67
411	59
412	76
413	34
414	65
415	46
416	44
417	55
418	60
419	60
420	47
421	55
422	53
423	66
424	46
425	30
426	68
427	72
428	50
429	42
430	47
431	42
432	28
433	46
434	45
435	47
436	41
437	36
438	53
439	53
440	58
441	52
442	43
443	58
444	54
445	50
446	50
447	37
448	60
449	55
450	48
451	53
452	50
453	38
454	52
455	46
456	44
457	39
458	30
459	33
460	47
461	63
462	38
463	24
464	48
465	41
466	18
467	41
468	31
469	35
470	31
471	26
472	40
473	21
474	27
475	22
476	23
477	45
478	26
479	32
480	35
481	30
482	39
483	53
484	18
485	28
486	28
487	27
488	35
489	33
490	17
491	30
492	27
493	19
494	29
495	24
496	36
497	20
498	31
499	27
500	25
501	35
502	14
503	12
504	33
505	25
506	27
507	30
508	43
509	30
510	21
511	17
512	30
513	16
514	33
515	35
516	27
517	18
518	26
519	25
520	23
521	21
522	19
523	26
524	25
525	15
526	14
527	10
528	12
529	21
530	42
531	13
532	24
533	16
534	18
535	10
536	18
537	17
538	19
539	15
540	20
541	26
542	10
543	15
544	13
545	16
546	17
547	23
548	12
549	21
550	18
551	8
552	9
553	14
554	10
555	20
556	12
557	19
558	9
559	6
560	22
561	30
562	30
563	16
564	8
565	9
566	11
567	10
568	9
569	16
570	7
571	11
572	16
573	13
574	14
575	9
576	10
