0	0
1	0
2	0
3	0
4	0
5	0
6	0
7	0
8	0
9	0
10	0
11	0
12	0
13	0
14	0
15	0
16	1
17	0
18	1
19	1
20	0
21	0
22	0
23	1
24	1
25	0
26	2
27	0
28	4
29	1
30	2
31	1
32	3
33	4
34	4
35	0
36	3
37	5
38	2
39	8
40	6
41	13
42	5
43	2
44	2
45	7
46	3
47	7
48	5
49	2
50	8
51	12
52	6
53	8
54	10
55	7
56	11
57	25
58	15
59	7
60	8
61	8
62	12
63	5
64	5
65	9
66	0
67	5
68	6
69	8
70	11
71	13
72	10
73	10
74	21
75	24
76	20
77	32
78	35
79	12
80	24
81	21
82	28
83	42
84	35
85	26
86	15
87	34
88	36
89	48
90	52
91	34
92	73
93	58
94	31
95	36
96	56
97	71
98	69
99	46
100	64
101	80
102	58
103	75
104	80
105	69
106	66
107	77
108	86
109	71
110	116
111	113
112	129
113	113
114	110
115	132
116	121
117	122
118	151
119	124
120	146
121	145
122	82
123	120
124	126
125	212
126	130
127	176
128	218
129	163
130	162
131	158
132	199
133	165
134	177
135	271
136	221
137	174
138	265
139	199
140	278
141	178
142	354
143	274
144	174
145	173
146	185
147	204
148	125
149	187
150	152
151	206
152	235
153	276
154	188
155	177
156	214
157	256
158	328
159	258
160	345
161	236
162	278
163	243
164	308
165	264
166	272
167	264
168	223
169	283
170	219
171	288
172	373
173	240
174	372
175	397
176	207
177	227
178	284
179	331
180	271
181	388
182	329
183	492
184	443
185	466
186	304
187	367
188	433
189	351
190	328
191	311
192	430
193	275
194	300
195	285
196	381
197	424
198	337
199	268
200	346
201	177
202	372
203	297
204	375
205	262
206	374
207	331
208	445
209	345
210	409
211	421
212	345
213	333
214	396
215	281
216	305
217	314
218	319
219	355
220	274
221	365
222	309
223	322
224	409
225	325
226	369
227	415
228	180
229	405
230	262
231	210
232	133
233	339
234	309
235	119
236	282
237	317
238	229
239	433
240	362
241	225
242	247
243	336
244	415
245	386
246	232
247	406
248	355
249	268
250	220
251	226
252	228
253	410
254	199
255	224
256	169
257	179
258	232
259	313
260	177
261	223
262	237
263	320
264	298
265	367
266	172
267	370
268	280
269	248
270	240
271	161
272	155
273	340
274	384
275	369
276	352
277	370
278	219
279	249
280	118
281	232
282	388
283	181
284	173
285	246
286	210
287	319
288	285
289	285
290	448
291	220
292	259
293	193
294	348
295	278
296	315
297	326
298	261
299	201
300	193
301	212
302	239
303	194
304	235
305	211
306	158
307	264
308	257
309	325
310	350
311	384
312	185
313	207
314	197
315	178
316	202
317	175
318	175
319	196
320	178
321	213
322	270
323	160
324	237
325	309
326	198
327	196
328	206
329	159
330	119
331	279
332	141
333	147
334	124
335	245
336	277
337	150
338	196
339	248
340	200
341	193
342	326
343	183
344	113
345	169
346	141
347	198
348	140
349	145
350	142
351	168
352	185
353	210
354	249
355	203
356	132
357	123
358	129
359	55
360	152
361	165
362	116
363	96
364	145
365	299
366	231
367	68
368	157
369	227
370	168
371	204
372	207
373	143
374	116
375	83
376	217
377	135
378	178
379	89
380	56
381	105
382	66
383	72
384	93
385	153
386	114
387	196
388	117
389	95
390	99
391	104
392	102
393	105
394	103
395	148
396	98
397	130
398	185
399	152
400	101
401	124
402	206
403	201
404	104
405	106
406	88
407	130
408	219
409	133
410	198
411	145
412	191
413	64
414	152
415	69
416	116
417	152
418	136
419	138
420	110
421	131
422	91
423	130
424	127
425	76
426	156
427	148
428	131
429	85
430	91
431	87
432	34
433	78
434	134
435	166
436	66
437	79
438	100
439	83
440	197
441	126
442	85
443	141
444	136
445	113
446	103
447	73
448	119
449	110
450	124
451	137
452	94
453	72
454	129
455	132
456	80
457	97
458	51
459	66
460	87
461	132
462	84
463	41
464	122
465	72
466	32
467	59
468	67
469	82
470	47
471	31
472	77
473	26
474	63
475	50
476	30
477	107
478	42
479	64
480	59
481	42
482	57
483	146
484	30
485	38
486	48
487	53
488	164
489	78
490	28
491	49
492	39
493	42
494	38
495	61
496	78
497	42
498	44
499	47
500	42
501	108
502	20
503	15
504	67
505	37
506	51
507	42
508	74
509	80
510	23
511	19
512	64
513	51
514	68
515	60
516	50
517	30
518	43
519	46
520	28
521	24
522	25
523	51
524	46
525	30
526	31
527	13
528	17
529	33
530	132
531	22
532	55
533	18
534	23
535	13
536	30
537	26
538	37
539	28
540	28
541	57
542	15
543	57
544	16
545	28
546	20
547	50
548	17
549	36
550	44
551	11
552	11
553	17
554	13
555	23
556	17
557	70
558	14
559	10
560	39
561	66
562	70
