0	0
1	0
2	0
3	0
4	0
5	0
6	0
7	0
8	0
9	0
10	0
11	0
12	0
13	0
14	5
15	11
16	12
17	5
18	6
19	4
20	6
21	8
22	7
23	6
24	12
25	9
26	16
27	20
28	16
29	27
30	52
31	78
32	82
33	106
34	137
35	148
36	175
37	222
38	278
39	305
40	293
41	382
42	483
43	467
44	512
45	554
46	587
47	693
48	637
49	701
50	753
51	783
52	843
53	855
54	988
55	944
56	1119
57	1033
58	1008
59	1057
60	1040
61	1052
62	1125
63	1185
64	1219
65	1189
66	1312
67	1247
68	1392
69	1455
70	1402
71	1495
72	1499
73	1663
74	1549
75	1693
76	1708
77	1662
78	1714
79	1954
80	1936
81	1971
82	1999
83	2307
84	2075
85	2512
86	2281
87	2450
88	2480
89	2690
90	4507
91	3320
92	2860
93	3013
94	3040
95	3040
96	2905
97	3134
98	3049
99	3391
100	3400
101	3561
102	3581
103	3699
104	4030
105	3830
106	3907
107	4103
108	4428
109	4437
110	4420
111	4512
112	4535
113	4912
114	4872
115	5205
116	5007
117	5264
118	5343
119	5511
120	5404
121	5666
122	5805
123	5625
124	5854
125	5942
126	5976
127	6071
128	6652
129	6350
130	6562
131	6430
132	6580
133	6788
134	6763
135	6770
136	7025
137	6947
138	7184
139	6900
140	7216
141	7121
142	7281
143	7071
144	7419
145	6878
146	6762
147	7572
148	7952
149	8206
150	8216
151	8323
152	8198
153	7930
154	8321
155	8474
156	8288
157	8611
158	8486
159	8519
160	8717
161	8350
162	9018
163	8707
164	8647
165	8928
166	8580
167	8599
168	8184
169	8712
170	8406
171	8422
172	8422
173	8412
174	8271
175	8397
176	8433
177	8742
178	8636
179	8387
180	8303
181	8224
182	8383
183	7993
184	8358
185	8007
186	8042
187	8175
188	8067
189	7912
190	8185
191	7949
192	7791
193	8099
194	7982
195	7803
196	7638
197	7810
198	7640
199	7325
200	7881
201	7384
202	7307
203	7460
204	7562
205	7341
206	7304
207	7572
208	7363
209	7229
210	7213
211	7176
212	6805
213	6782
214	6996
215	6857
216	7321
217	6624
218	6653
219	6808
220	6686
221	6402
222	6527
223	6466
224	6429
225	6512
226	6496
227	6354
228	6465
229	6367
230	5935
231	6214
232	6139
233	6092
234	6244
235	5959
236	6011
237	5945
238	5856
239	5795
240	5799
241	5827
242	5646
243	5681
244	5809
245	5354
246	5838
247	5530
248	5326
249	5403
250	5512
251	5588
252	5515
253	5270
254	5179
255	5236
256	5201
257	5053
258	5198
259	5254
260	5241
261	5074
262	4906
263	5038
264	5089
265	4989
266	4831
267	4813
268	4756
269	4734
270	4579
271	4722
272	4604
273	4444
274	4483
275	4483
276	4605
277	4574
278	4422
279	4436
280	4308
281	4363
282	4292
283	4246
284	4295
285	4144
286	4300
287	4264
288	4014
289	3997
290	3983
291	3888
292	4091
293	3858
294	3862
295	3832
296	3785
297	3877
298	3783
299	3785
300	3889
301	3549
302	3695
303	3480
304	3516
305	3474
306	3345
307	3389
308	3425
309	3335
310	3354
311	3419
312	3272
313	3337
314	3254
315	3199
316	3077
317	3086
318	3007
319	3217
320	3155
321	3066
322	3149
323	3016
324	3057
325	2817
326	3081
327	3004
328	2788
329	2882
330	2913
331	2814
332	2880
333	2748
334	2850
335	2884
336	2848
337	2630
338	2733
339	2595
340	2740
341	2538
342	2796
343	2709
344	2715
345	2619
346	2589
347	2505
348	2387
349	2610
350	2605
351	2598
352	2429
353	2353
354	2337
355	2436
356	2381
357	2403
358	2361
359	2502
360	2368
361	2230
362	2291
363	2295
364	2316
365	2290
366	2229
367	2113
368	2225
369	2226
370	2133
371	2147
372	2100
373	2244
374	2166
375	2168
376	2010
377	2083
378	2009
379	1989
380	1979
381	1997
382	2041
383	1898
384	2020
385	1958
386	1926
387	1859
388	1864
389	1809
390	1821
391	1843
392	1817
393	1857
394	1825
395	1707
396	1708
397	1666
398	1806
399	1713
400	1790
401	1784
402	1763
403	1756
404	1704
405	1574
406	1573
407	1572
408	1603
409	1511
410	1536
411	1557
412	1735
413	1587
414	1615
415	1553
416	1585
417	1626
418	1595
419	1556
420	1420
421	1507
422	1471
423	1404
424	1414
425	1421
426	1410
427	1440
428	1338
429	1333
430	1466
431	1465
432	1410
433	1397
434	1346
435	1350
436	1245
437	1301
438	1293
439	1378
440	1175
441	1306
442	1261
443	1283
444	1262
445	1209
446	1212
447	1163
448	1241
449	1197
450	1263
451	1071
452	1225
453	1142
454	1186
455	1102
456	1201
457	1210
458	1197
459	1145
460	1144
461	1098
462	1104
463	1079
464	1106
465	1070
466	1136
467	1011
468	1016
469	1073
470	1154
471	1056
472	1068
473	1082
474	1013
475	983
476	1031
477	1104
478	1054
479	1030
480	1040
481	919
482	935
483	975
484	962
485	973
486	1034
487	976
488	965
489	1093
490	1051
491	888
492	906
493	949
494	991
495	1004
496	1049
497	989
498	886
499	925
500	901
501	989
502	940
503	971
504	975
505	979
506	986
507	800
508	974
509	938
510	934
511	931
512	904
513	985
514	881
515	901
516	915
517	827
518	903
519	895
520	850
521	925
522	968
523	896
524	882
525	884
526	960
527	935
528	867
529	1017
530	849
531	840
532	838
533	846
534	832
535	903
536	911
537	860
538	832
539	816
540	868
541	843
542	849
543	883
544	862
545	871
546	871
547	963
548	780
549	916
550	916
551	837
552	900
553	838
554	888
555	790
556	734
557	831
558	887
559	924
560	863
561	848
562	787
563	840
564	804
565	751
566	809
567	787
568	741
569	737
570	780
571	769
572	784
573	816
574	792
575	809
576	801
577	853
578	795
579	811
580	798
581	761
582	733
583	890
584	769
585	811
586	733
587	804
588	734
589	824
590	749
591	729
592	708
593	704
594	752
595	626
596	734
597	653
598	744
599	673
600	724
601	690
602	686
603	678
604	733
605	730
606	698
607	710
608	672
609	732
610	709
611	791
612	642
613	651
614	683
615	705
616	694
617	651
618	678
619	725
620	665
621	577
622	652
623	667
624	697
625	701
626	701
627	702
628	738
629	777
630	746
631	713
632	631
633	704
634	649
635	671
636	702
637	640
638	781
639	716
640	617
641	673
642	626
643	753
644	726
645	628
646	712
647	620
648	628
649	633
650	722
651	770
652	687
653	643
654	694
655	650
656	731
657	624
658	637
659	668
660	643
661	615
662	672
663	591
664	531
665	670
666	592
667	636
668	693
669	647
670	684
671	635
672	634
673	654
674	643
675	616
676	631
677	694
678	695
679	686
680	604
681	567
682	630
683	617
684	645
685	609
686	622
687	681
688	641
689	622
690	623
691	664
692	635
693	612
694	590
695	679
696	580
697	583
698	591
699	721
700	753
701	659
702	651
703	609
704	568
705	635
706	662
707	568
708	660
709	639
710	643
711	642
712	613
713	622
714	599
715	589
716	571
717	626
718	628
719	652
720	565
721	656
722	692
723	589
724	585
725	625
726	552
727	539
728	556
729	649
730	619
731	599
732	562
733	568
734	640
735	609
736	598
737	590
738	563
739	489
740	588
741	548
742	622
743	637
744	571
745	645
746	564
747	577
748	592
749	590
750	511
751	520
752	521
753	562
754	499
755	567
756	461
757	536
758	523
759	528
760	478
761	482
762	513
763	524
764	531
765	525
766	457
767	502
768	477
769	395
770	428
771	435
772	521
773	425
774	549
775	522
776	499
777	535
778	496
779	500
780	519
781	465
782	484
783	519
784	477
785	575
786	482
787	502
788	496
789	485
790	545
791	460
792	537
793	527
794	518
795	509
796	463
797	490
798	447
799	528
800	586
801	551
802	441
803	498
804	507
805	536
806	474
807	487
808	489
809	499
810	453
811	520
812	394
813	421
814	457
815	464
816	464
817	465
818	471
819	403
820	434
821	469
822	494
823	474
824	405
825	422
826	480
827	442
828	458
829	490
830	451
831	483
832	546
833	498
834	486
835	499
836	545
837	483
838	510
839	487
840	417
841	456
842	500
843	485
844	465
845	403
846	428
847	419
848	488
849	482
850	454
851	456
852	451
853	480
854	514
855	419
856	455
857	505
858	488
859	432
860	493
861	468
862	452
863	472
864	551
865	445
866	511
867	443
868	419
869	466
870	460
871	473
872	423
873	449
874	458
875	484
876	461
877	534
878	467
879	475
880	491
881	498
882	405
883	417
884	453
885	482
886	465
887	439
888	523
889	488
890	462
891	435
892	463
893	445
894	433
895	386
896	464
897	511
898	421
899	517
900	469
901	421
902	406
903	414
904	456
905	420
906	451
907	449
908	529
909	505
910	427
911	390
912	390
913	396
914	390
915	435
916	458
917	361
918	445
919	438
920	500
921	420
922	460
923	499
924	402
925	450
926	441
927	396
928	400
929	433
930	440
931	378
932	456
933	454
934	486
935	451
936	475
937	495
938	475
939	441
940	439
941	420
942	444
943	437
944	429
945	466
946	449
947	452
948	455
949	418
950	431
951	454
952	425
953	395
954	435
955	438
956	488
957	470
958	440
959	420
960	473
961	460
962	443
963	428
964	394
965	419
966	448
967	400
968	420
969	470
970	473
971	543
972	515
973	461
974	451
975	474
976	465
977	403
978	464
979	454
980	405
981	372
982	467
983	473
984	414
985	470
986	442
987	473
988	467
989	432
990	431
991	422
992	442
993	506
994	453
995	433
996	519
997	444
998	508
999	504
1000	515
1001	511
1002	519
1003	504
1004	563
1005	509
1006	486
1007	468
1008	441
1009	494
1010	475
1011	478
1012	507
1013	466
1014	447
1015	422
1016	469
1017	489
1018	454
1019	438
1020	490
1021	491
1022	431
1023	447
1024	455
1025	415
1026	448
1027	410
1028	375
1029	407
1030	459
1031	424
1032	497
1033	413
1034	453
1035	445
1036	420
1037	428
1038	420
1039	433
1040	405
1041	434
1042	480
1043	395
1044	388
1045	436
1046	402
1047	469
1048	390
1049	373
1050	399
1051	434
1052	417
1053	427
1054	382
1055	394
1056	399
1057	421
1058	452
1059	395
1060	339
1061	400
1062	382
1063	400
1064	393
1065	438
1066	382
1067	413
1068	412
1069	399
1070	308
1071	372
1072	379
1073	360
1074	419
1075	400
1076	395
1077	369
1078	403
1079	362
1080	386
1081	417
1082	414
1083	379
1084	339
1085	396
1086	362
1087	419
1088	394
1089	384
1090	329
1091	400
1092	447
1093	343
1094	410
1095	394
1096	484
1097	424
1098	387
1099	428
1100	444
1101	421
1102	364
1103	439
1104	410
1105	438
1106	397
1107	373
1108	411
1109	432
1110	441
1111	411
1112	439
1113	419
1114	445
1115	398
1116	412
1117	445
1118	409
1119	421
1120	391
1121	360
1122	432
1123	438
1124	363
1125	430
1126	364
1127	432
1128	430
1129	423
1130	419
1131	458
1132	425
1133	428
1134	389
1135	436
1136	440
1137	474
1138	408
1139	446
1140	424
1141	492
1142	491
1143	437
1144	426
1145	385
1146	443
1147	454
1148	349
1149	402
1150	353
1151	476
1152	389
1153	409
1154	430
1155	397
1156	408
1157	385
1158	472
1159	414
1160	422
1161	440
1162	414
1163	448
1164	431
1165	359
1166	397
1167	370
1168	386
1169	425
1170	373
1171	352
1172	415
1173	404
1174	450
1175	403
1176	450
1177	466
1178	466
1179	405
1180	406
1181	394
1182	391
1183	395
1184	400
1185	366
1186	377
1187	329
1188	335
1189	411
1190	463
1191	401
1192	414
1193	382
1194	381
1195	386
1196	461
1197	404
1198	343
1199	368
1200	392
1201	386
1202	407
1203	394
1204	435
1205	355
1206	416
1207	390
1208	340
1209	376
1210	422
1211	339
1212	408
1213	474
1214	338
1215	388
1216	331
1217	386
1218	407
1219	370
1220	386
1221	431
1222	360
1223	391
1224	386
1225	382
1226	400
1227	365
1228	390
1229	397
1230	404
1231	400
1232	359
1233	353
1234	388
1235	333
1236	351
1237	307
1238	356
1239	391
1240	423
1241	381
1242	365
1243	386
1244	385
1245	394
1246	363
1247	374
1248	370
1249	360
1250	417
1251	435
1252	456
1253	360
1254	385
1255	391
1256	417
1257	413
1258	404
1259	380
1260	399
1261	387
1262	381
1263	391
1264	410
1265	392
1266	397
1267	467
1268	366
1269	429
1270	406
1271	406
1272	339
1273	420
1274	389
1275	405
1276	378
1277	335
1278	349
1279	367
1280	401
1281	391
1282	404
1283	369
1284	341
1285	352
1286	374
1287	303
1288	357
1289	407
1290	394
1291	395
1292	409
1293	382
1294	380
1295	386
1296	346
1297	396
1298	428
1299	401
1300	356
1301	378
1302	339
1303	366
1304	337
1305	349
1306	446
1307	412
1308	383
1309	372
1310	334
1311	338
1312	361
1313	397
1314	337
1315	315
1316	381
1317	381
1318	329
1319	362
1320	304
1321	404
1322	316
1323	382
1324	393
1325	361
1326	346
1327	323
1328	407
1329	359
1330	347
1331	315
1332	331
1333	268
1334	323
1335	350
1336	350
1337	324
1338	351
1339	283
1340	352
1341	230
1342	333
1343	312
1344	293
1345	300
1346	296
1347	370
1348	346
1349	327
1350	321
1351	459
1352	353
1353	297
1354	308
1355	290
1356	332
1357	334
1358	388
1359	321
1360	292
1361	287
1362	282
1363	370
1364	373
1365	308
1366	284
1367	308
1368	292
1369	337
1370	342
1371	331
1372	333
1373	337
1374	313
1375	281
1376	308
1377	358
1378	316
1379	279
1380	330
1381	316
1382	339
1383	344
1384	344
1385	326
1386	326
1387	273
1388	333
1389	344
1390	340
1391	360
1392	355
1393	365
1394	354
1395	255
1396	300
1397	328
1398	338
1399	333
1400	316
1401	322
1402	352
1403	316
1404	325
1405	350
1406	370
1407	338
1408	366
1409	270
1410	295
1411	327
1412	340
1413	388
1414	297
1415	312
1416	325
1417	324
1418	298
1419	371
1420	319
1421	320
1422	320
1423	266
1424	390
1425	287
1426	352
1427	345
1428	325
1429	349
1430	398
1431	326
1432	364
1433	337
1434	371
1435	351
1436	300
1437	372
1438	348
1439	362
1440	359
1441	333
1442	312
1443	315
1444	310
1445	366
1446	314
1447	283
1448	333
1449	290
1450	284
1451	284
1452	365
1453	353
1454	340
1455	348
1456	314
1457	249
1458	318
1459	298
1460	322
1461	325
1462	324
1463	363
1464	322
1465	333
1466	276
1467	319
1468	393
1469	290
1470	339
1471	359
1472	336
1473	331
1474	330
1475	347
1476	355
1477	318
1478	365
1479	394
1480	292
1481	313
1482	308
1483	309
1484	319
1485	263
1486	320
1487	321
1488	331
1489	344
1490	332
1491	318
1492	343
1493	373
1494	378
1495	311
1496	397
1497	379
1498	361
1499	354
1500	333
1501	322
1502	342
1503	380
1504	307
1505	309
1506	365
1507	358
1508	323
1509	364
1510	331
1511	353
1512	384
1513	323
1514	371
1515	357
1516	333
1517	358
1518	349
1519	365
1520	331
1521	364
1522	323
1523	340
1524	339
1525	322
1526	336
1527	334
1528	397
1529	321
1530	379
1531	366
1532	341
1533	355
1534	335
1535	343
1536	354
1537	359
1538	315
1539	355
1540	334
1541	367
1542	378
1543	378
1544	349
1545	383
1546	294
1547	332
1548	361
1549	363
1550	386
1551	328
1552	327
1553	350
1554	304
1555	328
1556	353
1557	332
1558	368
1559	364
1560	387
1561	357
1562	363
1563	403
1564	384
1565	365
1566	287
1567	318
1568	315
1569	405
1570	332
1571	304
1572	364
1573	293
1574	325
1575	337
1576	310
1577	333
1578	355
1579	389
1580	337
1581	324
1582	347
1583	373
1584	390
1585	281
1586	383
1587	263
1588	365
1589	291
1590	356
1591	321
1592	350
1593	352
1594	331
1595	340
1596	361
1597	319
1598	319
1599	305
1600	327
1601	343
1602	335
1603	316
1604	450
1605	318
1606	378
1607	365
1608	323
1609	331
1610	337
1611	344
1612	290
1613	331
1614	306
1615	337
1616	277
1617	273
1618	291
1619	314
1620	320
1621	270
1622	333
1623	359
1624	367
1625	342
1626	374
1627	317
1628	354
1629	314
1630	290
1631	361
1632	288
1633	314
1634	311
1635	320
1636	314
1637	325
1638	241
1639	324
1640	306
1641	336
1642	291
1643	305
1644	313
1645	377
1646	323
1647	320
1648	353
1649	333
1650	284
1651	305
1652	260
1653	217
1654	316
1655	315
1656	382
1657	356
1658	306
1659	299
1660	300
1661	315
1662	311
1663	296
1664	272
1665	278
1666	281
1667	266
1668	297
1669	249
1670	283
1671	308
1672	282
1673	348
1674	256
1675	310
1676	288
1677	303
1678	331
1679	302
1680	308
1681	354
1682	320
1683	360
1684	314
1685	290
1686	292
1687	348
1688	333
1689	337
1690	366
1691	288
1692	322
1693	309
1694	329
1695	334
1696	280
1697	309
1698	265
1699	356
1700	300
1701	316
1702	315
1703	352
1704	281
1705	270
1706	320
1707	362
1708	344
1709	271
1710	317
1711	333
1712	316
1713	339
1714	324
1715	327
1716	323
1717	318
1718	354
1719	311
1720	309
1721	348
1722	340
1723	334
1724	305
1725	343
1726	311
1727	325
1728	333
1729	354
1730	320
1731	374
1732	362
1733	334
1734	320
1735	377
1736	341
1737	273
1738	349
1739	342
1740	320
1741	279
1742	261
1743	313
1744	285
1745	343
1746	347
1747	330
1748	289
1749	246
1750	301
1751	258
1752	343
1753	286
1754	265
1755	237
1756	286
1757	224
1758	245
1759	279
1760	300
1761	306
1762	279
1763	253
1764	261
1765	256
1766	292
1767	266
1768	290
1769	298
1770	262
1771	275
1772	351
1773	341
1774	291
1775	256
1776	202
1777	268
1778	246
1779	278
1780	321
1781	285
1782	318
1783	314
1784	324
1785	213
1786	276
1787	259
1788	286
1789	259
1790	304
1791	262
1792	284
1793	312
1794	277
1795	269
1796	243
1797	313
1798	216
1799	212
1800	293
1801	286
1802	272
1803	210
1804	277
1805	254
1806	268
1807	251
1808	253
1809	254
1810	270
1811	257
1812	258
1813	265
1814	332
1815	265
1816	307
1817	241
1818	255
1819	247
1820	262
1821	274
1822	239
1823	288
1824	238
1825	253
1826	327
1827	318
1828	269
1829	284
1830	236
1831	248
1832	275
1833	225
1834	270
1835	246
1836	283
1837	266
1838	268
1839	268
1840	270
1841	252
1842	240
1843	264
1844	274
1845	244
1846	245
1847	252
1848	261
1849	286
1850	252
1851	284
1852	250
1853	251
1854	249
1855	209
1856	228
1857	288
1858	250
1859	262
1860	243
1861	225
1862	200
1863	245
1864	217
1865	231
1866	239
1867	243
1868	266
1869	251
1870	232
1871	231
1872	229
1873	243
1874	243
1875	264
1876	256
1877	246
1878	273
1879	250
1880	290
1881	255
1882	227
1883	276
1884	272
1885	235
1886	199
1887	214
1888	221
1889	229
1890	285
1891	251
1892	315
1893	220
1894	283
1895	277
1896	251
1897	247
1898	292
1899	257
1900	270
1901	229
1902	181
1903	196
1904	242
1905	244
1906	235
1907	234
1908	214
1909	261
1910	250
1911	228
1912	287
1913	208
1914	255
1915	229
1916	239
1917	248
1918	271
1919	271
1920	273
1921	250
1922	223
1923	244
1924	255
1925	204
1926	263
1927	282
1928	242
1929	227
1930	275
1931	262
1932	215
1933	187
1934	227
1935	194
1936	209
1937	226
1938	304
1939	240
1940	252
1941	255
1942	247
1943	227
1944	197
1945	220
1946	258
1947	262
1948	249
1949	185
1950	242
1951	206
1952	296
1953	260
1954	262
1955	246
1956	270
1957	303
1958	272
1959	215
1960	302
1961	261
1962	263
1963	231
1964	226
1965	222
1966	269
1967	309
1968	314
1969	272
1970	251
1971	276
1972	241
1973	275
1974	276
1975	229
1976	293
1977	272
1978	287
1979	263
1980	202
1981	239
1982	290
1983	274
1984	291
1985	227
1986	259
1987	229
1988	252
1989	273
1990	273
1991	261
1992	323
1993	315
1994	288
1995	285
1996	283
1997	200
1998	311
1999	246
2000	252
2001	258
2002	255
2003	234
2004	286
2005	258
2006	335
2007	266
2008	282
2009	257
2010	288
2011	303
2012	223
2013	275
2014	297
2015	253
2016	268
2017	237
2018	250
2019	225
2020	252
2021	252
2022	260
2023	262
2024	264
2025	279
2026	286
2027	286
2028	253
2029	223
2030	279
2031	225
2032	260
2033	233
2034	235
2035	193
2036	287
2037	243
2038	247
2039	236
2040	251
2041	248
2042	278
2043	224
2044	261
2045	290
2046	268
2047	239
2048	221
2049	280
2050	279
2051	294
2052	267
2053	267
2054	306
2055	268
2056	269
2057	274
2058	263
2059	248
2060	284
2061	254
2062	240
2063	286
2064	245
2065	211
2066	281
2067	277
2068	277
2069	250
2070	249
2071	262
2072	296
2073	266
2074	286
2075	290
2076	202
2077	256
2078	298
2079	291
2080	215
2081	157
2082	186
2083	256
2084	211
2085	283
2086	272
2087	213
2088	239
2089	236
2090	284
2091	230
2092	226
2093	227
2094	236
2095	282
2096	226
2097	245
2098	250
2099	281
2100	257
2101	261
2102	241
2103	259
2104	229
2105	249
2106	241
2107	160
2108	176
2109	233
2110	245
2111	206
2112	234
2113	230
2114	235
2115	246
2116	251
2117	277
2118	201
2119	257
2120	262
2121	216
2122	223
2123	230
2124	225
2125	209
2126	227
2127	247
2128	259
2129	248
2130	224
2131	242
2132	243
2133	201
2134	226
2135	259
2136	215
2137	237
2138	224
2139	243
2140	214
2141	185
2142	211
2143	244
2144	173
2145	180
2146	227
2147	246
2148	228
2149	265
2150	191
2151	259
2152	219
2153	251
2154	235
2155	218
2156	199
2157	203
2158	202
2159	201
2160	208
2161	226
2162	229
2163	230
2164	210
2165	257
2166	271
2167	224
2168	260
2169	187
2170	209
2171	227
2172	231
2173	227
2174	172
2175	160
2176	267
2177	205
2178	297
2179	211
2180	206
2181	237
2182	283
2183	228
2184	250
2185	255
2186	223
2187	235
2188	225
2189	184
2190	187
2191	197
2192	220
2193	206
2194	224
2195	233
2196	267
2197	219
2198	213
2199	231
2200	229
2201	231
2202	256
2203	232
2204	264
2205	228
2206	249
2207	196
2208	272
2209	201
2210	223
2211	276
2212	258
2213	250
2214	232
2215	261
2216	228
2217	220
2218	215
2219	215
2220	241
2221	239
2222	266
2223	235
2224	219
2225	225
2226	216
2227	246
2228	245
2229	258
2230	216
2231	240
2232	295
2233	225
2234	287
2235	247
2236	255
2237	214
2238	266
2239	270
2240	271
2241	248
2242	267
2243	309
2244	297
2245	260
2246	239
2247	241
2248	229
2249	209
2250	227
2251	257
2252	239
2253	220
2254	257
2255	305
2256	234
2257	292
2258	287
2259	244
2260	248
2261	272
2262	271
2263	317
2264	254
2265	257
2266	290
2267	254
2268	271
2269	307
2270	261
2271	262
2272	255
2273	299
2274	262
2275	236
2276	275
2277	233
2278	258
2279	298
2280	248
2281	292
2282	285
2283	298
2284	294
2285	247
2286	235
2287	258
2288	256
2289	253
2290	236
2291	275
2292	200
2293	222
2294	246
2295	283
2296	307
2297	273
2298	283
2299	280
2300	229
2301	256
2302	266
2303	284
2304	288
2305	252
2306	241
2307	219
2308	203
2309	242
2310	277
2311	255
2312	243
2313	209
2314	232
2315	225
2316	259
2317	246
2318	270
2319	253
2320	240
2321	259
2322	240
2323	255
2324	235
2325	274
2326	220
2327	249
2328	223
2329	227
2330	206
2331	231
2332	185
2333	204
2334	250
2335	173
2336	254
2337	252
2338	257
2339	217
2340	250
2341	232
2342	244
2343	196
2344	216
2345	207
2346	215
2347	203
2348	222
2349	250
2350	246
2351	210
2352	196
2353	233
2354	180
2355	215
2356	170
2357	218
2358	230
2359	254
2360	231
2361	190
2362	223
2363	250
2364	225
2365	208
2366	217
2367	251
2368	233
2369	223
2370	243
2371	239
2372	220
2373	152
2374	227
2375	221
2376	221
2377	242
2378	241
2379	268
2380	249
2381	225
2382	210
2383	229
2384	209
2385	221
2386	227
2387	239
2388	239
2389	216
2390	225
2391	186
2392	228
2393	236
2394	225
2395	235
2396	206
2397	215
2398	250
2399	219
2400	239
2401	254
2402	210
2403	230
2404	235
2405	187
2406	186
2407	193
2408	175
2409	159
2410	187
2411	205
2412	198
2413	252
2414	202
2415	229
2416	197
2417	254
2418	209
2419	199
2420	242
2421	199
2422	219
2423	239
2424	226
2425	258
2426	260
2427	252
2428	260
2429	264
2430	268
2431	245
2432	271
2433	215
2434	259
2435	232
2436	217
2437	228
2438	246
2439	250
2440	267
2441	271
2442	254
2443	248
2444	222
2445	238
2446	218
2447	252
2448	236
2449	216
2450	215
2451	212
2452	231
2453	267
2454	207
2455	288
2456	238
2457	259
2458	236
2459	177
2460	183
2461	265
2462	194
2463	204
2464	255
2465	201
2466	216
2467	239
2468	275
2469	263
2470	231
2471	244
2472	250
2473	196
2474	185
2475	198
2476	194
2477	238
2478	206
2479	240
2480	241
2481	241
2482	220
2483	189
2484	173
2485	254
2486	188
2487	189
2488	214
2489	192
2490	232
2491	187
2492	205
2493	202
2494	206
2495	183
2496	235
2497	218
2498	166
2499	173
2500	200
2501	180
2502	215
2503	221
2504	193
2505	245
2506	226
2507	253
2508	259
2509	222
2510	194
2511	203
2512	224
2513	201
2514	183
2515	210
2516	181
2517	178
2518	217
2519	200
2520	206
2521	238
2522	210
2523	198
2524	196
2525	255
2526	214
2527	198
2528	235
2529	183
2530	244
2531	230
2532	178
2533	196
2534	192
2535	206
2536	219
2537	170
2538	191
2539	238
2540	167
2541	191
2542	224
2543	192
2544	165
2545	179
2546	151
2547	175
2548	147
2549	141
2550	158
2551	154
2552	162
2553	161
2554	177
2555	195
2556	194
2557	196
2558	187
2559	175
2560	156
2561	166
2562	130
2563	183
2564	183
2565	190
2566	201
2567	140
2568	167
2569	182
2570	157
2571	165
2572	159
2573	180
2574	155
2575	163
2576	166
2577	181
2578	153
2579	151
2580	180
2581	184
2582	172
2583	181
2584	236
2585	160
2586	196
2587	200
2588	157
2589	176
2590	202
2591	181
2592	172
2593	210
2594	158
2595	182
2596	144
2597	194
2598	166
2599	188
2600	196
2601	165
2602	178
2603	162
2604	181
2605	173
2606	163
2607	171
2608	169
2609	147
2610	143
2611	161
2612	133
2613	219
2614	160
2615	175
2616	185
2617	207
2618	159
2619	159
2620	131
2621	156
2622	167
2623	201
2624	196
2625	174
2626	164
2627	113
2628	169
2629	179
2630	146
2631	165
2632	163
2633	166
2634	139
2635	154
2636	202
2637	132
2638	131
2639	190
2640	191
2641	204
2642	189
2643	203
2644	185
2645	197
2646	215
2647	197
2648	212
2649	182
2650	189
2651	189
2652	199
2653	189
2654	201
2655	152
2656	170
2657	216
2658	197
2659	191
2660	230
2661	177
2662	170
2663	175
2664	157
2665	207
2666	173
2667	211
2668	157
2669	162
2670	179
2671	158
2672	165
2673	180
2674	190
2675	191
2676	231
2677	149
2678	181
2679	197
2680	172
2681	149
2682	189
2683	177
2684	166
2685	186
2686	186
2687	181
2688	205
2689	161
2690	161
2691	186
2692	210
2693	221
2694	228
2695	193
2696	195
2697	172
2698	197
2699	171
2700	198
2701	202
2702	165
2703	206
2704	226
2705	179
2706	182
2707	204
2708	201
2709	177
2710	230
2711	147
2712	202
2713	182
2714	228
2715	234
2716	197
2717	167
2718	196
2719	178
2720	157
2721	193
2722	171
2723	161
2724	180
2725	216
2726	226
2727	155
2728	250
2729	182
2730	199
2731	216
2732	223
2733	183
2734	209
2735	192
2736	219
2737	153
2738	213
2739	167
2740	206
2741	178
2742	174
2743	222
2744	217
2745	211
2746	187
2747	202
2748	188
2749	204
2750	206
2751	222
2752	184
2753	214
2754	212
2755	247
2756	212
2757	256
2758	224
2759	196
2760	250
2761	189
2762	205
2763	183
2764	188
2765	164
2766	227
2767	210
2768	220
2769	187
2770	171
2771	207
2772	162
2773	206
2774	203
2775	209
2776	213
2777	151
2778	247
2779	153
2780	145
2781	190
2782	118
2783	159
2784	246
2785	171
2786	181
2787	174
2788	193
2789	160
2790	212
2791	175
2792	198
2793	194
2794	184
2795	194
2796	184
2797	175
2798	156
2799	203
2800	177
2801	163
2802	165
2803	139
2804	166
2805	202
2806	192
2807	153
2808	141
2809	160
2810	174
2811	164
2812	174
2813	183
2814	151
2815	232
2816	186
2817	189
2818	174
2819	182
2820	201
2821	166
2822	227
2823	169
2824	180
2825	146
2826	169
2827	249
2828	165
2829	184
2830	214
2831	189
2832	176
2833	155
2834	186
2835	181
2836	176
2837	135
2838	145
2839	183
2840	159
2841	150
2842	178
2843	172
2844	151
2845	168
2846	177
2847	155
2848	169
2849	125
2850	184
2851	180
2852	162
2853	232
2854	197
2855	175
2856	168
2857	178
2858	169
2859	182
2860	165
2861	160
2862	173
2863	139
2864	168
2865	159
2866	157
2867	139
2868	147
2869	141
2870	155
2871	129
2872	169
2873	177
2874	153
2875	147
2876	152
2877	163
2878	158
2879	160
2880	177
2881	165
2882	185
2883	168
2884	198
2885	245
2886	192
2887	149
2888	161
2889	189
2890	168
2891	125
2892	152
2893	165
2894	155
2895	164
2896	155
2897	151
2898	154
2899	155
2900	134
2901	184
2902	141
2903	125
2904	120
2905	101
2906	148
2907	112
2908	106
2909	136
2910	125
2911	140
2912	108
2913	148
2914	115
2915	144
2916	125
2917	153
2918	123
2919	124
2920	154
2921	107
2922	133
2923	124
2924	108
2925	111
2926	131
2927	167
2928	113
2929	144
2930	113
2931	169
2932	168
2933	154
2934	144
2935	127
2936	129
2937	132
2938	145
2939	179
2940	142
2941	127
2942	128
2943	130
2944	97
2945	175
2946	147
2947	135
2948	134
2949	156
2950	128
2951	147
2952	159
2953	128
2954	145
2955	132
2956	117
2957	153
2958	165
2959	166
2960	159
2961	135
2962	140
2963	87
2964	160
2965	116
2966	158
2967	117
2968	144
2969	173
2970	124
2971	122
2972	130
2973	143
2974	118
2975	129
2976	119
2977	132
2978	106
2979	84
2980	132
2981	102
2982	120
2983	153
2984	163
2985	157
2986	137
2987	149
2988	153
2989	150
2990	158
2991	141
2992	141
2993	155
2994	195
2995	149
2996	171
2997	166
2998	125
2999	182
3000	150
3001	142
3002	164
3003	138
3004	100
3005	139
3006	116
3007	142
3008	185
3009	142
3010	175
3011	156
3012	175
3013	137
3014	166
3015	119
3016	165
3017	143
3018	172
3019	147
3020	147
3021	175
3022	191
3023	171
3024	121
3025	142
3026	167
3027	154
3028	139
3029	138
3030	129
3031	167
3032	157
3033	194
3034	175
3035	180
3036	147
3037	152
3038	150
3039	183
3040	182
3041	160
3042	171
3043	133
3044	166
3045	213
3046	182
3047	166
3048	201
3049	168
3050	159
3051	197
3052	163
3053	171
3054	170
3055	154
3056	172
3057	168
3058	175
3059	168
3060	177
3061	187
3062	164
3063	157
3064	128
3065	137
3066	162
3067	172
3068	196
3069	161
3070	168
3071	172
3072	163
3073	159
3074	168
3075	173
3076	168
3077	161
3078	187
3079	150
3080	186
3081	162
3082	155
3083	175
3084	187
3085	187
3086	196
3087	165
3088	147
3089	148
3090	174
3091	194
3092	118
3093	188
3094	143
3095	159
3096	146
3097	131
3098	171
3099	160
3100	183
3101	143
3102	159
3103	179
3104	161
3105	143
3106	185
3107	170
3108	149
3109	152
3110	136
3111	150
3112	137
3113	138
3114	159
3115	133
3116	120
3117	141
3118	113
3119	157
3120	144
3121	137
3122	141
3123	153
3124	105
3125	128
3126	103
3127	113
3128	160
3129	120
3130	113
3131	120
3132	118
3133	109
3134	120
3135	115
3136	103
3137	137
3138	136
3139	151
3140	161
3141	172
3142	151
3143	130
3144	108
3145	90
3146	118
3147	136
3148	160
3149	214
3150	179
3151	115
3152	148
3153	127
3154	163
3155	125
3156	142
3157	147
3158	110
3159	153
3160	119
3161	101
3162	117
3163	133
3164	98
3165	156
3166	143
3167	131
3168	146
3169	134
3170	135
3171	137
3172	143
3173	178
3174	174
3175	144
3176	176
3177	166
3178	173
3179	173
3180	114
3181	121
3182	156
3183	165
3184	228
3185	186
3186	150
3187	151
3188	188
3189	189
3190	119
3191	144
3192	165
3193	133
3194	99
3195	138
3196	118
3197	139
3198	173
3199	127
3200	154
3201	179
3202	146
3203	144
3204	176
3205	168
3206	132
3207	126
3208	142
3209	157
3210	199
3211	180
3212	161
3213	151
3214	174
3215	195
3216	109
3217	154
3218	191
3219	131
3220	164
3221	162
3222	163
3223	160
3224	165
3225	163
3226	153
3227	162
3228	169
3229	163
3230	158
3231	138
3232	223
3233	196
3234	191
3235	189
3236	167
3237	155
3238	139
3239	154
3240	146
3241	150
3242	143
3243	155
3244	180
3245	168
3246	133
3247	175
3248	176
3249	161
3250	163
3251	175
3252	110
3253	144
3254	131
3255	158
3256	151
3257	169
3258	178
3259	144
3260	162
3261	158
3262	140
3263	127
3264	101
3265	108
3266	123
3267	155
3268	158
3269	157
3270	160
3271	162
3272	174
3273	175
3274	187
3275	197
3276	151
3277	220
3278	217
3279	143
3280	172
3281	188
3282	186
3283	189
3284	225
3285	213
3286	210
3287	221
3288	192
3289	171
3290	169
3291	181
3292	170
3293	188
3294	191
3295	144
3296	175
3297	165
3298	182
3299	199
3300	157
3301	165
3302	157
3303	170
3304	200
3305	186
3306	133
3307	165
3308	189
3309	159
3310	155
3311	186
3312	160
3313	164
3314	183
3315	188
3316	172
3317	153
3318	190
3319	229
3320	180
3321	212
3322	221
3323	203
3324	138
3325	150
3326	154
3327	210
3328	172
3329	149
3330	173
3331	221
3332	201
3333	196
3334	209
3335	235
3336	171
3337	159
3338	205
3339	189
3340	204
3341	202
3342	225
3343	197
3344	220
3345	195
3346	139
3347	191
3348	163
3349	158
3350	133
3351	123
3352	209
3353	245
3354	198
3355	187
3356	192
3357	202
3358	129
3359	173
3360	182
3361	188
3362	162
3363	166
3364	172
3365	186
3366	144
3367	166
3368	182
3369	148
3370	170
3371	175
3372	159
3373	173
3374	142
3375	196
3376	161
3377	122
3378	141
3379	140
3380	151
3381	136
3382	108
3383	142
3384	142
3385	151
3386	103
3387	146
3388	159
3389	161
3390	121
3391	126
3392	116
3393	142
3394	163
3395	120
3396	131
3397	144
3398	162
3399	116
3400	126
3401	125
3402	176
3403	138
3404	120
3405	120
3406	155
3407	150
3408	127
3409	149
3410	136
3411	123
3412	129
3413	95
3414	107
3415	97
3416	132
3417	126
3418	129
3419	133
3420	131
3421	142
3422	158
3423	130
3424	111
3425	127
3426	135
3427	123
3428	166
3429	133
3430	154
3431	136
3432	126
3433	153
3434	150
3435	144
3436	175
3437	160
3438	145
3439	144
3440	160
3441	156
3442	166
3443	161
3444	121
3445	120
3446	130
3447	157
3448	117
3449	126
3450	165
3451	172
3452	167
3453	147
3454	161
3455	158
3456	139
3457	169
3458	137
3459	155
3460	149
3461	189
3462	134
3463	140
3464	110
3465	147
3466	142
3467	142
3468	165
3469	189
3470	158
3471	125
3472	173
3473	200
3474	150
3475	131
3476	137
3477	109
3478	138
3479	152
3480	151
3481	147
3482	160
3483	151
3484	183
3485	149
3486	148
3487	147
3488	151
3489	113
3490	156
3491	170
3492	180
3493	138
3494	123
3495	151
3496	138
3497	138
3498	171
3499	182
3500	162
3501	185
3502	146
3503	159
3504	140
3505	100
3506	170
3507	134
3508	157
3509	120
3510	157
3511	110
3512	111
3513	107
3514	128
3515	141
3516	124
3517	114
3518	118
3519	128
3520	155
3521	137
3522	142
3523	128
3524	109
3525	106
3526	133
3527	146
3528	103
3529	161
3530	122
3531	134
3532	118
3533	146
3534	113
3535	90
3536	131
3537	140
3538	140
3539	127
3540	150
3541	110
3542	148
3543	130
3544	138
3545	156
3546	126
3547	175
3548	115
3549	119
3550	122
3551	81
3552	124
3553	95
3554	135
3555	146
3556	129
3557	130
3558	127
3559	152
3560	141
3561	116
3562	107
3563	145
3564	126
3565	136
3566	133
3567	130
3568	157
3569	132
3570	143
3571	134
3572	130
3573	106
3574	92
3575	123
3576	119
3577	118
3578	139
3579	127
3580	106
3581	114
3582	144
3583	121
3584	134
3585	139
3586	131
3587	113
3588	98
3589	131
3590	139
3591	154
3592	123
3593	153
3594	124
3595	133
3596	122
3597	142
3598	115
3599	123
3600	144
3601	135
3602	133
3603	129
3604	128
3605	123
3606	114
3607	123
3608	126
3609	147
3610	142
3611	140
3612	107
3613	158
3614	123
3615	112
3616	132
3617	123
3618	114
3619	136
3620	96
3621	138
3622	133
3623	111
3624	137
3625	125
3626	128
3627	111
3628	146
3629	135
3630	146
3631	178
3632	166
3633	111
3634	124
3635	151
3636	151
3637	123
3638	126
3639	102
3640	119
3641	129
3642	149
3643	94
3644	151
3645	104
3646	132
3647	118
3648	128
3649	135
3650	110
3651	128
3652	107
3653	89
3654	121
3655	164
3656	114
3657	153
3658	139
3659	108
3660	94
3661	90
3662	127
3663	124
3664	142
3665	108
3666	116
3667	141
3668	126
3669	139
3670	147
3671	124
3672	148
3673	124
3674	135
3675	127
3676	119
3677	138
3678	145
3679	147
3680	158
3681	110
3682	175
3683	103
3684	150
3685	91
3686	116
3687	126
3688	151
3689	94
3690	87
3691	122
3692	92
3693	118
3694	156
3695	167
3696	119
3697	120
3698	137
3699	105
3700	125
3701	148
3702	97
3703	127
3704	124
3705	98
3706	113
3707	107
3708	149
3709	142
3710	122
3711	115
3712	167
3713	132
3714	121
3715	113
3716	175
3717	135
3718	155
3719	129
3720	118
3721	116
3722	136
3723	139
3724	142
3725	168
3726	121
3727	140
3728	162
3729	113
3730	117
3731	132
3732	147
3733	134
3734	135
3735	111
3736	150
3737	124
3738	120
3739	102
3740	129
3741	122
3742	129
3743	161
3744	98
3745	118
3746	108
3747	113
3748	106
3749	131
3750	133
3751	115
3752	131
3753	122
3754	118
3755	115
3756	134
3757	130
3758	165
3759	117
3760	89
3761	114
3762	131
3763	123
3764	106
3765	151
3766	134
3767	119
3768	89
3769	121
3770	109
3771	145
3772	134
3773	127
3774	111
3775	86
3776	116
3777	130
3778	98
3779	105
3780	137
3781	100
3782	128
3783	116
3784	125
3785	159
3786	111
3787	144
3788	140
3789	119
3790	124
3791	118
3792	126
3793	110
3794	119
3795	117
3796	90
3797	141
3798	128
3799	127
3800	132
3801	111
3802	119
3803	134
3804	136
3805	150
3806	154
3807	139
3808	105
3809	95
3810	118
3811	98
3812	121
3813	132
3814	92
3815	138
3816	147
3817	130
3818	136
3819	124
3820	103
3821	127
3822	115
3823	115
3824	134
3825	122
3826	116
3827	134
3828	110
3829	77
3830	110
3831	102
3832	112
3833	87
3834	81
3835	112
3836	109
3837	133
3838	97
3839	98
3840	88
3841	101
3842	114
3843	101
3844	104
3845	120
3846	104
3847	139
3848	103
3849	110
3850	111
3851	132
3852	121
3853	134
3854	115
3855	110
3856	139
3857	123
3858	117
3859	82
3860	120
3861	95
3862	86
3863	94
3864	92
3865	117
3866	123
3867	115
3868	103
3869	76
3870	97
3871	93
3872	129
3873	127
3874	101
3875	116
3876	141
3877	127
3878	125
3879	110
3880	108
3881	111
3882	108
3883	111
3884	137
3885	128
3886	133
3887	126
3888	110
3889	128
3890	116
3891	119
3892	143
3893	137
3894	111
3895	125
3896	147
3897	116
3898	142
3899	157
3900	107
3901	118
3902	152
3903	150
3904	86
3905	140
3906	143
3907	133
3908	147
3909	134
3910	121
3911	129
3912	132
3913	115
3914	136
3915	162
3916	156
3917	132
3918	150
3919	137
3920	169
3921	104
3922	124
3923	135
3924	137
3925	148
3926	136
3927	173
3928	141
3929	129
3930	125
3931	165
3932	110
3933	145
3934	135
3935	114
3936	115
3937	153
3938	141
3939	180
3940	137
3941	119
3942	171
3943	151
3944	179
3945	145
3946	157
3947	118
3948	167
3949	150
3950	128
3951	119
3952	146
3953	140
3954	147
3955	186
3956	143
3957	153
3958	133
3959	149
3960	145
3961	119
3962	146
3963	130
3964	92
3965	96
3966	115
3967	118
3968	145
3969	115
3970	142
3971	126
3972	141
3973	118
3974	164
3975	144
3976	147
3977	143
3978	134
3979	142
3980	149
3981	132
3982	145
3983	130
3984	140
3985	125
3986	116
3987	97
3988	150
3989	86
3990	176
3991	152
3992	136
3993	121
3994	108
3995	96
3996	123
3997	131
3998	152
3999	133
4000	94
4001	143
4002	134
4003	141
4004	101
4005	122
4006	141
4007	177
4008	140
4009	120
4010	124
4011	166
4012	114
4013	140
4014	124
4015	133
4016	93
4017	106
4018	115
4019	131
4020	148
4021	133
4022	105
4023	126
4024	129
4025	149
4026	134
4027	155
4028	133
4029	102
4030	113
4031	130
4032	129
4033	135
4034	120
4035	137
4036	129
4037	139
4038	120
4039	154
4040	134
4041	114
4042	95
4043	136
4044	143
4045	162
4046	157
4047	157
4048	130
4049	106
4050	138
4051	128
4052	132
4053	126
4054	134
4055	186
4056	148
4057	136
4058	149
4059	160
4060	142
4061	191
4062	158
4063	142
4064	137
4065	144
4066	142
4067	177
4068	135
4069	176
4070	144
4071	108
4072	120
4073	149
4074	205
4075	210
4076	152
4077	125
4078	155
4079	145
4080	135
4081	151
4082	145
4083	126
4084	114
4085	147
4086	134
4087	130
4088	113
4089	114
4090	118
4091	134
4092	127
4093	137
4094	156
4095	116
4096	150
4097	193
4098	168
4099	164
4100	134
4101	165
4102	138
4103	126
4104	120
4105	114
4106	139
4107	122
4108	122
4109	153
4110	157
4111	155
4112	186
4113	119
4114	113
4115	107
4116	134
4117	132
4118	125
4119	184
4120	136
4121	98
4122	116
4123	144
4124	139
4125	126
4126	128
4127	155
4128	99
4129	130
4130	130
4131	153
4132	134
4133	111
4134	120
4135	122
4136	120
4137	92
4138	135
4139	150
4140	118
4141	135
4142	156
4143	131
4144	137
4145	171
4146	130
4147	131
4148	106
4149	82
4150	108
4151	120
4152	90
4153	147
4154	102
4155	104
4156	105
4157	109
4158	103
4159	116
4160	136
4161	132
4162	110
4163	103
4164	77
4165	98
4166	114
4167	115
4168	117
4169	97
4170	114
4171	76
4172	99
4173	108
4174	93
4175	90
4176	86
4177	86
4178	99
4179	106
4180	107
4181	107
4182	71
4183	94
4184	103
4185	104
4186	89
4187	114
4188	126
4189	105
4190	119
4191	74
4192	128
4193	99
4194	114
4195	79
4196	70
4197	108
4198	92
4199	108
4200	99
4201	76
4202	112
4203	114
4204	104
4205	123
4206	93
4207	111
4208	104
4209	101
4210	124
4211	94
4212	97
4213	97
4214	81
4215	74
4216	97
4217	104
4218	93
4219	108
4220	116
4221	95
4222	105
4223	89
4224	146
4225	103
4226	100
4227	110
4228	90
4229	113
4230	105
4231	97
4232	167
4233	89
4234	129
4235	110
4236	95
4237	98
4238	88
4239	78
4240	131
4241	89
4242	71
4243	100
4244	94
4245	123
4246	109
4247	84
4248	96
4249	106
4250	79
4251	124
4252	95
4253	125
4254	104
4255	97
4256	110
4257	95
4258	111
4259	107
4260	98
4261	72
4262	63
4263	76
4264	88
4265	85
4266	82
4267	83
4268	147
4269	125
4270	128
4271	103
4272	79
4273	111
4274	101
4275	96
4276	99
4277	107
4278	98
4279	110
4280	79
4281	79
4282	107
4283	110
4284	104
4285	145
4286	90
4287	119
4288	93
4289	95
4290	89
4291	115
4292	106
4293	84
4294	95
4295	82
4296	82
4297	86
4298	96
4299	66
4300	96
4301	107
4302	84
4303	136
4304	89
4305	101
4306	141
4307	94
4308	80
4309	93
4310	69
4311	110
4312	112
4313	97
4314	89
4315	103
4316	67
4317	109
4318	116
4319	101
4320	119
4321	111
4322	115
4323	92
4324	83
4325	69
4326	85
4327	97
4328	68
4329	101
4330	85
4331	111
4332	140
4333	116
4334	127
4335	96
4336	112
4337	100
4338	79
4339	87
4340	88
4341	118
4342	76
4343	108
4344	89
4345	88
4346	113
4347	82
4348	98
4349	99
4350	58
4351	56
4352	97
4353	52
4354	81
4355	83
4356	91
4357	70
4358	68
4359	95
4360	73
4361	113
4362	95
4363	91
4364	79
4365	98
4366	92
4367	80
4368	99
4369	123
4370	79
4371	71
4372	82
4373	105
4374	89
4375	96
4376	72
4377	78
4378	72
4379	86
4380	106
4381	97
4382	88
4383	98
4384	50
4385	64
4386	59
4387	101
4388	80
4389	76
4390	60
4391	79
4392	60
4393	110
4394	69
4395	63
4396	72
4397	112
4398	85
4399	70
4400	104
4401	87
4402	104
4403	71
4404	71
4405	66
4406	68
4407	77
4408	94
4409	84
4410	111
4411	99
4412	93
4413	70
4414	95
4415	76
4416	84
4417	86
4418	69
4419	101
4420	76
4421	53
4422	94
4423	97
4424	97
4425	85
4426	81
4427	91
4428	142
4429	106
4430	82
4431	107
4432	97
4433	80
4434	80
4435	112
4436	102
4437	96
4438	98
4439	93
4440	61
4441	86
4442	98
4443	61
4444	83
4445	71
4446	99
4447	94
4448	94
4449	66
4450	86
4451	85
4452	63
4453	118
4454	82
4455	82
4456	64
4457	107
4458	84
4459	71
4460	85
4461	84
4462	83
4463	99
4464	95
4465	71
4466	86
4467	69
4468	85
4469	81
4470	100
4471	88
4472	75
4473	74
4474	98
4475	89
4476	89
4477	86
4478	89
4479	65
4480	71
4481	94
4482	78
4483	70
4484	80
4485	57
4486	83
4487	79
4488	100
4489	82
4490	60
4491	110
4492	69
4493	85
4494	112
4495	93
4496	100
4497	103
4498	85
4499	81
4500	100
4501	65
4502	95
4503	65
4504	73
4505	84
4506	136
4507	106
4508	88
4509	93
4510	122
4511	91
4512	108
4513	110
4514	71
4515	101
4516	109
4517	96
4518	107
4519	92
4520	76
4521	108
4522	93
4523	80
4524	71
4525	55
4526	85
4527	96
4528	116
4529	102
4530	83
4531	79
4532	99
4533	93
4534	123
4535	107
4536	73
4537	98
4538	115
4539	103
4540	89
4541	79
4542	112
4543	118
4544	93
4545	63
4546	76
4547	108
4548	115
4549	124
4550	129
4551	109
4552	111
4553	123
4554	133
4555	111
4556	110
4557	118
4558	141
4559	102
4560	123
4561	95
4562	87
4563	110
4564	87
4565	88
4566	102
4567	98
4568	80
4569	85
4570	104
4571	96
4572	96
4573	74
4574	114
4575	98
4576	98
4577	112
4578	103
4579	110
4580	152
4581	104
4582	141
4583	99
4584	131
4585	127
4586	123
4587	108
4588	90
4589	111
4590	121
4591	99
4592	109
4593	106
4594	108
4595	112
4596	116
4597	93
4598	88
4599	155
4600	125
4601	70
4602	80
4603	123
4604	117
4605	99
4606	137
4607	101
4608	127
4609	112
4610	103
4611	110
4612	120
4613	107
4614	103
4615	84
4616	103
4617	92
4618	104
4619	90
4620	118
4621	68
4622	95
4623	113
4624	95
4625	69
4626	76
4627	86
4628	65
4629	76
4630	97
4631	129
4632	101
4633	86
4634	95
4635	68
4636	79
4637	78
4638	79
4639	81
4640	75
4641	68
4642	91
4643	98
4644	89
4645	91
4646	107
4647	91
4648	86
4649	99
4650	97
4651	72
4652	82
4653	105
4654	74
4655	88
4656	114
4657	81
4658	59
4659	125
4660	73
4661	89
4662	90
4663	90
4664	83
4665	115
4666	92
4667	87
4668	97
4669	105
4670	91
4671	96
4672	102
4673	93
4674	93
4675	89
4676	92
4677	95
4678	147
4679	115
4680	89
4681	96
4682	93
4683	74
4684	120
4685	61
4686	100
4687	102
4688	97
4689	84
4690	115
4691	95
4692	97
4693	87
4694	70
4695	70
4696	98
4697	110
4698	78
4699	113
4700	66
4701	69
4702	64
4703	86
4704	66
4705	92
4706	96
4707	96
4708	97
4709	79
4710	74
4711	129
4712	115
4713	95
4714	68
4715	99
4716	62
4717	98
4718	107
4719	97
4720	96
4721	133
4722	80
4723	86
4724	114
4725	67
4726	86
4727	91
4728	78
4729	84
4730	82
4731	93
4732	113
4733	97
4734	104
4735	117
4736	91
4737	107
4738	79
4739	102
4740	80
4741	108
4742	76
4743	93
4744	73
4745	108
4746	92
4747	111
4748	96
4749	92
4750	96
4751	65
4752	102
4753	75
4754	83
4755	74
4756	77
4757	69
4758	73
4759	107
4760	77
4761	91
4762	87
4763	107
4764	94
4765	120
4766	113
4767	70
4768	87
4769	86
4770	98
4771	105
4772	102
4773	103
4774	102
4775	75
4776	79
4777	72
4778	93
4779	67
4780	90
4781	95
4782	76
4783	85
4784	95
4785	64
4786	78
4787	89
4788	85
4789	84
4790	68
4791	81
4792	71
4793	114
4794	103
4795	84
4796	111
4797	69
4798	69
4799	102
4800	58
4801	88
4802	91
4803	59
4804	74
4805	69
4806	78
4807	72
4808	72
4809	84
4810	102
4811	89
4812	105
4813	88
4814	109
4815	120
4816	60
4817	76
4818	64
4819	98
4820	79
4821	50
4822	64
4823	75
4824	83
4825	65
4826	67
4827	64
4828	92
4829	70
4830	108
4831	106
4832	92
4833	98
4834	87
4835	92
4836	72
4837	93
4838	85
4839	79
4840	74
4841	98
4842	72
4843	68
4844	64
4845	76
4846	69
4847	74
4848	49
4849	71
4850	98
4851	89
4852	94
4853	91
4854	81
4855	76
4856	58
4857	79
4858	102
4859	86
4860	64
4861	74
4862	77
4863	79
4864	88
4865	79
4866	77
4867	81
4868	89
4869	60
4870	106
4871	84
4872	80
4873	70
4874	91
4875	52
4876	79
4877	93
4878	86
4879	92
4880	86
4881	79
4882	79
4883	72
4884	73
4885	90
4886	76
4887	71
4888	68
4889	89
4890	77
4891	84
4892	80
4893	96
4894	109
4895	80
4896	78
4897	68
4898	72
4899	86
4900	69
4901	57
4902	82
4903	76
4904	100
4905	69
4906	57
4907	113
4908	97
4909	97
4910	84
4911	102
4912	67
4913	76
4914	133
4915	71
4916	110
4917	90
4918	91
4919	83
4920	70
4921	84
4922	61
4923	90
4924	85
4925	96
4926	78
4927	61
4928	57
4929	70
4930	72
4931	99
4932	67
4933	61
4934	64
4935	83
4936	49
4937	78
4938	54
4939	76
4940	103
4941	65
4942	83
4943	92
4944	110
4945	113
4946	66
4947	75
4948	99
4949	88
4950	98
4951	103
4952	99
4953	78
4954	99
4955	89
4956	82
4957	69
4958	71
4959	116
4960	93
4961	115
4962	70
4963	60
4964	92
4965	75
4966	125
4967	70
4968	78
4969	113
4970	91
4971	100
4972	76
4973	94
4974	95
4975	88
4976	75
4977	103
4978	83
4979	87
4980	109
4981	88
4982	108
4983	78
4984	104
4985	110
4986	83
4987	74
4988	141
4989	107
4990	66
4991	110
4992	80
4993	98
4994	115
4995	77
4996	70
4997	100
4998	64
4999	87
5000	79
5001	74
5002	95
5003	115
5004	77
5005	85
5006	77
5007	67
5008	119
5009	83
5010	104
5011	81
5012	90
5013	109
5014	110
5015	106
5016	72
5017	87
5018	108
5019	69
5020	120
5021	46
5022	91
5023	101
5024	91
5025	80
5026	90
5027	117
5028	99
5029	92
5030	87
5031	76
5032	82
5033	72
5034	73
5035	79
5036	112
5037	141
5038	59
5039	102
5040	66
5041	113
5042	85
5043	91
5044	83
5045	99
5046	90
5047	87
5048	96
5049	84
5050	103
5051	112
5052	88
5053	86
5054	104
5055	84
5056	70
5057	71
5058	72
5059	85
5060	113
5061	88
5062	83
5063	106
5064	97
5065	61
5066	91
5067	91
5068	126
5069	86
5070	72
5071	68
5072	99
5073	93
5074	75
5075	83
5076	78
5077	94
5078	81
5079	90
5080	105
5081	102
5082	92
5083	92
5084	81
5085	95
5086	72
5087	90
5088	77
5089	94
5090	100
5091	109
5092	78
5093	70
5094	93
5095	105
5096	94
5097	76
5098	76
5099	88
5100	96
5101	78
5102	83
5103	84
5104	90
5105	87
5106	68
5107	72
5108	89
5109	71
5110	96
5111	97
5112	68
5113	107
5114	101
5115	74
5116	84
5117	92
5118	85
5119	91
5120	78
5121	79
5122	86
5123	90
5124	53
5125	83
5126	62
5127	54
5128	60
5129	85
5130	68
5131	84
5132	83
5133	61
5134	97
5135	79
5136	86
5137	113
5138	61
5139	71
5140	63
5141	73
5142	53
5143	65
5144	93
5145	96
5146	71
5147	91
5148	47
5149	76
5150	85
5151	97
5152	77
5153	86
5154	83
5155	93
5156	78
5157	110
5158	103
5159	111
5160	99
5161	61
5162	94
5163	110
5164	76
5165	119
5166	90
5167	73
5168	86
5169	92
5170	74
5171	72
5172	59
5173	90
5174	80
5175	62
5176	57
5177	91
5178	86
5179	97
5180	81
5181	57
5182	68
5183	79
5184	91
5185	82
5186	84
5187	84
5188	90
5189	74
5190	100
5191	86
5192	68
5193	64
5194	83
5195	60
5196	63
5197	73
5198	70
5199	62
5200	64
5201	63
5202	74
5203	66
5204	57
5205	60
5206	51
5207	79
5208	65
5209	78
5210	83
5211	91
5212	64
5213	72
5214	71
5215	54
5216	62
5217	66
5218	48
5219	63
5220	68
5221	60
5222	46
5223	55
5224	81
5225	44
5226	85
5227	60
5228	78
5229	79
5230	84
5231	85
5232	77
5233	84
5234	60
5235	70
5236	61
5237	67
5238	47
5239	87
5240	79
5241	64
5242	76
5243	67
5244	68
5245	73
5246	72
5247	56
5248	101
5249	71
5250	63
5251	57
5252	76
5253	70
5254	78
5255	70
5256	60
5257	74
5258	49
5259	67
5260	61
5261	65
5262	69
5263	66
5264	71
5265	47
5266	69
5267	68
5268	58
5269	62
5270	73
5271	53
5272	78
5273	78
5274	77
5275	60
5276	75
5277	98
5278	72
5279	51
5280	80
5281	64
5282	75
5283	63
5284	80
5285	72
5286	58
5287	104
5288	111
5289	75
5290	70
5291	59
5292	80
5293	78
5294	102
5295	97
5296	109
5297	52
5298	85
5299	72
5300	90
5301	72
5302	95
5303	73
5304	97
5305	106
5306	72
5307	78
5308	54
5309	63
5310	71
5311	95
5312	77
5313	87
5314	57
5315	71
5316	74
5317	76
5318	87
5319	72
5320	64
5321	50
5322	61
5323	87
5324	86
5325	82
5326	60
5327	53
5328	63
5329	85
5330	52
5331	90
5332	61
5333	91
5334	69
5335	85
5336	60
5337	97
5338	53
5339	52
5340	32
5341	45
5342	45
5343	51
5344	76
5345	61
5346	58
5347	49
5348	44
5349	54
5350	58
5351	71
5352	91
5353	64
5354	46
5355	64
5356	74
5357	101
5358	89
5359	57
5360	89
5361	83
5362	71
5363	77
5364	57
5365	80
5366	88
5367	92
5368	70
5369	75
5370	78
5371	57
5372	59
5373	63
5374	51
5375	75
5376	55
5377	56
5378	54
5379	76
5380	78
5381	60
5382	76
5383	78
5384	48
5385	79
5386	72
5387	40
5388	79
5389	69
5390	57
5391	70
5392	74
5393	49
5394	68
5395	67
5396	67
5397	82
5398	87
5399	67
5400	80
5401	70
5402	69
5403	69
5404	90
5405	61
5406	87
5407	116
5408	63
5409	75
5410	73
5411	83
5412	99
5413	80
5414	78
5415	74
5416	62
5417	75
5418	67
5419	82
5420	83
5421	86
5422	84
5423	69
5424	101
5425	79
5426	67
5427	80
5428	88
5429	66
5430	77
5431	58
5432	57
5433	100
5434	72
5435	101
5436	76
5437	59
5438	72
5439	64
5440	85
5441	73
5442	57
5443	93
5444	76
5445	43
5446	75
5447	82
5448	65
5449	58
5450	63
5451	71
5452	59
5453	60
5454	81
5455	68
5456	49
5457	41
5458	58
5459	55
5460	61
5461	56
5462	52
5463	58
5464	48
5465	65
5466	77
5467	66
5468	64
5469	51
5470	67
5471	55
5472	63
5473	76
5474	60
5475	50
5476	61
5477	63
5478	104
5479	88
5480	89
5481	86
5482	95
5483	81
5484	79
5485	94
5486	72
5487	54
5488	87
5489	69
5490	74
5491	81
5492	65
5493	66
5494	74
5495	70
5496	67
5497	70
5498	61
5499	59
5500	107
5501	120
5502	58
5503	64
5504	77
5505	82
5506	84
5507	102
5508	65
5509	107
5510	76
5511	81
5512	76
5513	94
5514	93
5515	101
5516	88
5517	81
5518	98
5519	94
5520	93
5521	75
5522	69
5523	96
5524	77
5525	90
5526	80
5527	68
5528	75
5529	66
5530	75
5531	91
5532	92
5533	95
5534	83
5535	119
5536	127
5537	93
5538	106
5539	99
5540	95
5541	74
5542	86
5543	94
5544	65
5545	73
5546	81
5547	82
5548	83
5549	96
5550	66
5551	62
5552	61
5553	77
5554	77
5555	113
5556	79
5557	99
5558	75
5559	105
5560	102
5561	84
5562	95
5563	126
5564	101
5565	125
5566	100
5567	101
5568	106
5569	46
5570	74
5571	61
5572	71
5573	50
5574	78
5575	85
5576	94
5577	83
5578	66
5579	91
5580	68
5581	80
5582	61
5583	63
5584	69
5585	66
5586	85
5587	63
5588	78
5589	76
5590	77
5591	79
5592	98
5593	79
5594	88
5595	92
5596	84
5597	94
5598	96
5599	78
5600	79
5601	60
5602	108
5603	58
5604	96
5605	85
5606	53
5607	64
5608	57
5609	61
5610	66
5611	56
5612	64
5613	82
5614	103
5615	67
5616	80
5617	44
5618	52
5619	73
5620	56
5621	69
5622	70
5623	90
5624	73
5625	67
5626	77
5627	64
5628	35
5629	92
5630	65
5631	63
5632	69
5633	38
5634	66
5635	73
5636	48
5637	64
5638	79
5639	46
5640	51
5641	67
5642	72
5643	57
5644	78
5645	71
5646	74
5647	66
5648	98
5649	68
5650	57
5651	93
5652	59
5653	57
5654	89
5655	60
5656	57
5657	67
5658	58
5659	79
5660	74
5661	94
5662	97
5663	87
5664	59
5665	62
5666	80
5667	64
5668	67
5669	102
5670	73
5671	56
5672	81
5673	74
5674	85
5675	109
5676	55
5677	76
5678	80
5679	70
5680	90
5681	62
5682	84
5683	80
5684	59
5685	83
5686	66
5687	54
5688	74
5689	53
5690	71
5691	78
5692	87
5693	74
5694	77
5695	78
5696	93
5697	124
5698	97
5699	83
5700	103
5701	61
5702	68
5703	75
5704	63
5705	71
5706	66
5707	81
5708	75
5709	83
5710	80
5711	90
5712	77
5713	60
5714	92
5715	73
5716	80
5717	52
5718	77
5719	50
5720	70
5721	56
5722	66
5723	63
5724	68
5725	62
5726	89
5727	71
5728	60
5729	51
5730	52
5731	77
5732	71
5733	56
5734	44
5735	101
5736	62
5737	44
5738	42
5739	41
5740	63
5741	66
5742	41
5743	34
5744	64
5745	68
5746	66
5747	82
5748	46
5749	53
5750	98
5751	90
5752	98
5753	85
5754	97
5755	55
5756	51
5757	46
5758	87
5759	96
5760	58
5761	60
5762	65
5763	58
5764	45
5765	57
5766	66
5767	52
5768	43
5769	66
5770	79
5771	68
5772	77
5773	62
5774	70
5775	72
5776	94
5777	66
5778	87
5779	73
5780	74
5781	64
5782	78
5783	93
5784	83
5785	60
5786	63
5787	60
5788	61
5789	56
5790	71
5791	57
5792	31
5793	48
5794	73
5795	59
5796	53
5797	58
5798	75
5799	45
5800	69
5801	61
5802	80
5803	89
5804	61
5805	70
5806	71
5807	53
5808	56
5809	46
5810	70
5811	66
5812	59
5813	76
5814	40
5815	43
5816	57
5817	53
5818	78
5819	60
5820	73
5821	85
5822	59
5823	67
5824	71
5825	100
5826	68
5827	114
5828	94
5829	67
5830	69
5831	57
5832	64
5833	69
5834	65
5835	43
5836	58
5837	70
5838	89
5839	73
5840	100
5841	87
5842	97
5843	65
5844	84
5845	55
5846	49
5847	52
5848	58
5849	87
5850	65
5851	66
5852	52
5853	63
5854	70
5855	53
5856	58
5857	57
5858	92
5859	80
5860	68
5861	37
5862	70
5863	58
5864	83
5865	94
5866	72
5867	82
5868	66
5869	69
5870	78
5871	51
5872	72
5873	72
5874	82
5875	75
5876	58
5877	74
5878	68
5879	70
5880	44
5881	64
5882	68
5883	101
5884	74
5885	92
5886	57
5887	64
5888	70
5889	107
5890	80
5891	87
5892	92
5893	91
5894	74
5895	57
5896	67
5897	104
5898	87
5899	65
5900	80
5901	77
5902	87
5903	58
5904	47
5905	56
5906	60
5907	57
5908	68
5909	66
5910	74
5911	64
5912	69
5913	37
5914	56
5915	50
5916	67
5917	38
5918	51
5919	64
5920	61
5921	56
5922	32
5923	64
5924	75
5925	61
5926	90
5927	76
5928	65
5929	52
5930	75
5931	72
5932	81
5933	79
5934	95
5935	91
5936	103
5937	95
5938	57
5939	88
5940	80
5941	101
5942	59
5943	79
5944	82
5945	67
5946	62
5947	79
5948	89
5949	69
5950	65
5951	72
5952	76
5953	65
5954	72
5955	56
5956	80
5957	61
5958	65
5959	65
5960	60
5961	52
5962	52
5963	51
5964	91
5965	81
5966	76
5967	53
5968	65
5969	90
5970	58
5971	55
5972	87
5973	67
5974	57
5975	91
5976	64
5977	92
5978	75
5979	63
5980	84
5981	94
5982	72
5983	78
5984	82
5985	81
5986	94
5987	51
5988	51
5989	55
5990	71
5991	62
5992	71
5993	49
5994	44
5995	69
5996	48
5997	89
5998	58
5999	59
6000	68
6001	58
6002	52
6003	65
6004	88
6005	102
6006	81
6007	80
6008	73
6009	53
6010	49
6011	49
6012	79
6013	63
6014	66
6015	81
6016	66
6017	73
6018	63
6019	88
6020	85
6021	45
6022	76
6023	66
6024	52
6025	64
6026	58
6027	73
6028	65
6029	51
6030	71
6031	61
6032	52
6033	56
6034	67
6035	48
6036	58
6037	72
6038	79
6039	60
6040	68
6041	50
6042	83
6043	72
6044	60
6045	75
6046	95
6047	50
6048	49
6049	65
6050	42
6051	47
6052	44
6053	50
6054	43
6055	34
6056	57
6057	62
6058	77
6059	49
6060	68
6061	51
6062	73
6063	61
6064	64
6065	72
6066	67
6067	72
6068	78
6069	75
6070	72
6071	72
6072	39
6073	65
6074	64
6075	57
6076	56
6077	60
6078	63
6079	49
6080	87
6081	58
6082	68
6083	69
6084	61
6085	58
6086	67
6087	68
6088	83
6089	80
6090	54
6091	61
6092	41
6093	51
6094	53
6095	62
6096	48
6097	66
6098	65
6099	52
6100	58
6101	57
6102	53
6103	54
6104	63
6105	70
6106	69
6107	54
6108	62
6109	59
6110	59
6111	76
6112	54
6113	50
6114	74
6115	76
6116	60
6117	54
6118	42
6119	59
6120	56
6121	69
6122	85
6123	58
6124	72
6125	56
6126	47
6127	63
6128	65
6129	54
6130	43
6131	66
6132	46
6133	54
6134	47
6135	40
6136	54
6137	71
6138	78
6139	83
6140	88
6141	76
6142	80
6143	64
6144	51
6145	77
6146	90
6147	90
6148	65
6149	60
6150	63
6151	71
6152	59
6153	66
6154	78
6155	64
6156	69
6157	76
6158	64
6159	81
6160	60
6161	75
6162	72
6163	63
6164	56
6165	76
6166	44
6167	52
6168	67
6169	57
6170	44
6171	40
6172	52
6173	47
6174	35
6175	42
6176	39
6177	42
6178	39
6179	71
6180	45
6181	61
6182	70
6183	64
6184	74
6185	51
6186	48
6187	47
6188	51
6189	87
6190	52
6191	56
6192	82
6193	87
6194	60
6195	76
6196	62
6197	31
6198	38
6199	33
6200	57
6201	46
6202	56
6203	66
6204	45
6205	62
6206	60
6207	71
6208	33
6209	65
6210	86
6211	65
6212	75
6213	80
6214	66
6215	59
6216	50
6217	51
6218	54
6219	66
6220	58
6221	82
6222	48
6223	85
6224	57
6225	68
6226	70
6227	63
6228	39
6229	60
6230	68
6231	60
6232	41
6233	50
6234	53
6235	47
6236	24
6237	41
6238	63
6239	43
6240	56
6241	69
6242	58
6243	55
6244	66
6245	61
6246	56
6247	102
6248	66
6249	77
6250	75
6251	52
6252	68
6253	71
6254	87
6255	81
6256	76
6257	93
6258	93
6259	94
6260	78
6261	79
6262	79
6263	93
6264	112
6265	70
6266	79
6267	60
6268	73
6269	60
6270	93
6271	67
6272	114
6273	47
6274	102
6275	78
6276	62
6277	81
6278	57
6279	78
6280	74
6281	50
6282	70
6283	76
6284	60
6285	84
6286	102
6287	99
6288	66
6289	73
6290	82
6291	82
6292	71
6293	68
6294	65
6295	78
6296	62
6297	76
6298	96
6299	64
6300	56
6301	52
6302	40
6303	71
6304	66
6305	87
6306	59
6307	67
6308	69
6309	68
6310	85
6311	104
6312	84
6313	58
6314	73
6315	70
6316	64
6317	61
6318	77
6319	65
6320	62
6321	61
6322	62
6323	40
6324	68
6325	59
6326	61
6327	74
6328	82
6329	63
6330	69
6331	63
6332	65
6333	85
6334	65
6335	69
6336	80
6337	79
6338	67
6339	73
6340	56
6341	44
6342	96
6343	57
6344	57
6345	62
6346	57
6347	36
6348	88
6349	56
6350	48
6351	75
6352	63
6353	82
6354	85
6355	35
6356	63
6357	60
6358	63
6359	76
6360	58
6361	57
6362	24
6363	47
6364	59
6365	52
6366	62
6367	69
6368	44
6369	76
6370	46
6371	62
6372	44
6373	47
6374	47
6375	48
6376	38
6377	64
6378	35
6379	51
6380	60
6381	52
6382	49
6383	52
6384	52
6385	53
6386	44
6387	48
6388	59
6389	43
6390	61
6391	51
6392	66
6393	66
6394	53
6395	40
6396	74
6397	54
6398	59
6399	31
6400	63
6401	45
6402	55
6403	78
6404	38
6405	51
6406	68
6407	63
6408	65
6409	39
6410	41
6411	45
6412	42
6413	39
6414	54
6415	47
6416	63
6417	50
6418	48
6419	87
6420	54
6421	61
6422	59
6423	79
6424	67
6425	71
6426	46
6427	72
6428	80
6429	40
6430	54
6431	37
6432	58
6433	46
6434	46
6435	52
6436	64
6437	35
6438	51
6439	54
6440	34
6441	78
6442	56
6443	41
6444	45
6445	57
6446	69
6447	41
6448	63
6449	45
6450	55
6451	57
6452	50
6453	34
6454	59
6455	82
6456	44
6457	66
6458	77
6459	69
6460	51
6461	58
6462	53
6463	45
6464	38
6465	56
6466	38
6467	69
6468	69
6469	40
6470	42
6471	79
6472	56
6473	73
6474	59
6475	56
6476	72
6477	61
6478	65
6479	49
6480	42
6481	51
6482	33
6483	62
6484	53
6485	67
6486	66
6487	73
6488	57
6489	38
6490	59
6491	62
6492	68
6493	45
6494	48
6495	49
6496	75
6497	43
6498	46
6499	58
6500	38
6501	57
6502	69
6503	82
6504	47
6505	48
6506	64
6507	71
6508	63
6509	55
6510	56
6511	56
6512	50
6513	50
6514	61
6515	87
6516	78
6517	45
6518	92
6519	80
6520	84
6521	80
6522	60
6523	54
6524	61
6525	62
6526	70
6527	45
6528	79
6529	72
6530	59
6531	69
6532	66
6533	64
6534	81
6535	47
6536	44
6537	53
6538	51
6539	62
6540	35
6541	33
6542	43
6543	43
6544	43
6545	61
6546	46
6547	69
6548	55
6549	74
6550	54
6551	59
6552	70
6553	73
6554	47
6555	68
6556	45
6557	51
6558	80
6559	53
6560	64
6561	66
6562	37
6563	38
6564	68
6565	50
6566	44
6567	43
6568	45
6569	41
6570	36
6571	45
6572	75
6573	44
6574	43
6575	63
6576	65
6577	45
6578	43
6579	66
6580	58
6581	37
6582	64
6583	46
6584	77
6585	68
6586	43
6587	70
6588	40
6589	46
6590	51
6591	46
6592	48
6593	46
6594	69
6595	42
6596	35
6597	36
6598	50
6599	38
6600	54
6601	49
6602	67
6603	63
6604	45
6605	43
6606	41
6607	31
6608	59
6609	71
6610	43
6611	47
6612	45
6613	77
6614	74
6615	30
6616	68
6617	62
6618	38
6619	59
6620	74
6621	51
6622	76
6623	65
6624	60
6625	49
6626	59
6627	50
6628	65
6629	46
6630	64
6631	33
6632	35
6633	55
6634	60
6635	46
6636	54
6637	38
6638	65
6639	44
6640	37
6641	56
6642	54
6643	59
6644	54
6645	46
6646	43
6647	54
6648	63
6649	40
6650	51
6651	53
6652	41
6653	39
6654	31
6655	40
6656	46
6657	39
6658	49
6659	42
6660	46
6661	43
6662	59
6663	38
6664	33
6665	35
6666	55
6667	63
6668	45
6669	71
6670	64
6671	57
6672	68
6673	49
6674	47
6675	40
6676	67
6677	64
6678	48
6679	44
6680	44
6681	47
6682	58
6683	49
6684	37
6685	36
6686	52
6687	60
6688	57
6689	30
6690	49
6691	50
6692	46
6693	61
6694	65
6695	67
6696	64
6697	46
6698	44
6699	50
6700	70
6701	54
6702	85
6703	26
6704	38
6705	53
6706	48
6707	42
6708	66
6709	62
6710	65
6711	39
6712	50
6713	50
6714	47
6715	54
6716	66
6717	40
6718	85
6719	44
6720	47
6721	61
6722	80
6723	51
6724	60
6725	71
6726	45
6727	56
6728	62
6729	49
6730	56
6731	23
6732	45
6733	60
6734	79
6735	56
6736	66
6737	48
6738	55
6739	98
6740	53
6741	91
6742	49
6743	53
6744	81
6745	68
6746	24
6747	35
6748	27
6749	46
6750	61
6751	59
6752	41
6753	51
6754	42
6755	50
6756	54
6757	50
6758	62
6759	64
6760	59
6761	94
6762	78
6763	62
6764	39
6765	54
6766	46
6767	65
6768	58
6769	71
6770	54
6771	48
6772	57
6773	39
6774	77
6775	33
6776	43
6777	33
6778	35
6779	73
6780	66
6781	51
6782	64
6783	76
6784	49
6785	59
6786	81
6787	58
6788	97
6789	78
6790	66
6791	64
6792	106
6793	56
6794	59
6795	67
6796	54
6797	56
6798	54
6799	44
6800	54
6801	39
6802	52
6803	66
6804	64
6805	37
6806	40
6807	60
6808	47
6809	47
6810	58
6811	69
6812	63
6813	41
6814	51
6815	61
6816	76
6817	76
6818	74
6819	63
6820	61
6821	65
6822	51
6823	51
6824	59
6825	69
6826	57
6827	64
6828	67
6829	45
6830	66
6831	60
6832	41
6833	36
6834	61
6835	44
6836	39
6837	34
6838	43
6839	60
6840	56
6841	35
6842	57
6843	40
6844	43
6845	49
6846	44
6847	41
6848	46
6849	44
6850	35
6851	44
6852	39
6853	30
6854	25
6855	53
6856	46
6857	49
6858	55
6859	34
6860	74
6861	56
6862	74
6863	59
6864	40
6865	32
6866	36
6867	37
6868	52
6869	46
6870	44
6871	36
6872	32
6873	28
6874	46
6875	46
6876	49
6877	40
6878	44
6879	45
6880	55
6881	58
6882	54
6883	56
6884	54
6885	32
6886	53
6887	66
6888	69
6889	55
6890	68
6891	78
6892	55
6893	93
6894	55
6895	72
6896	61
6897	40
6898	53
6899	52
6900	51
6901	50
6902	25
6903	68
6904	34
6905	73
6906	60
6907	62
6908	56
6909	38
6910	68
6911	47
6912	64
6913	64
6914	68
6915	71
6916	47
6917	60
6918	49
6919	57
6920	56
6921	42
6922	65
6923	67
6924	61
6925	45
6926	68
6927	80
6928	91
6929	51
6930	49
6931	60
6932	48
6933	54
6934	59
6935	36
6936	52
6937	44
6938	52
6939	51
6940	62
6941	83
6942	76
6943	76
6944	74
6945	52
6946	67
6947	55
6948	60
6949	49
6950	41
6951	69
6952	33
6953	52
6954	59
6955	44
6956	67
6957	55
6958	57
6959	52
6960	46
6961	41
6962	54
6963	66
6964	63
6965	47
6966	51
6967	45
6968	39
6969	35
6970	51
6971	74
6972	53
6973	64
6974	70
6975	62
6976	80
6977	56
6978	74
6979	57
6980	83
6981	67
6982	74
6983	46
6984	52
6985	34
6986	56
6987	54
6988	54
6989	41
6990	46
6991	57
6992	61
6993	72
6994	56
6995	52
6996	72
6997	50
6998	58
6999	60
7000	55
7001	55
7002	38
7003	62
7004	29
7005	49
7006	29
7007	39
7008	44
7009	42
7010	43
7011	56
7012	37
7013	57
7014	42
7015	70
7016	53
7017	43
7018	82
7019	56
7020	54
7021	52
7022	25
7023	42
7024	40
7025	47
7026	45
7027	46
7028	50
7029	45
7030	62
7031	46
7032	44
7033	36
7034	37
7035	59
7036	51
7037	35
7038	67
7039	50
7040	58
7041	40
7042	47
7043	68
7044	65
7045	47
7046	55
7047	52
7048	60
7049	45
7050	62
7051	63
7052	58
7053	47
7054	84
7055	56
7056	38
7057	55
7058	88
7059	72
7060	54
7061	58
7062	40
7063	53
7064	46
7065	58
7066	45
7067	59
7068	57
7069	74
7070	53
7071	53
7072	50
7073	72
7074	71
7075	77
7076	68
7077	38
7078	42
7079	34
7080	32
7081	51
7082	45
7083	53
7084	69
7085	25
7086	47
7087	44
7088	55
7089	64
7090	74
7091	45
7092	33
7093	58
7094	54
7095	68
7096	75
7097	76
7098	58
7099	47
7100	52
7101	42
7102	41
7103	57
7104	51
7105	58
7106	41
7107	54
7108	48
7109	32
7110	32
7111	41
7112	62
7113	40
7114	51
7115	53
7116	44
7117	42
7118	36
7119	52
7120	42
7121	32
7122	55
7123	41
7124	42
7125	83
7126	39
7127	39
7128	46
7129	65
7130	40
7131	59
7132	62
7133	40
7134	50
7135	72
7136	51
7137	56
7138	24
7139	31
7140	51
7141	27
7142	45
7143	49
7144	54
7145	41
7146	54
7147	43
7148	53
7149	66
7150	66
7151	46
7152	50
7153	37
7154	50
7155	53
7156	48
7157	63
7158	40
7159	41
7160	36
7161	44
7162	53
7163	56
7164	52
7165	55
7166	42
7167	49
7168	52
7169	47
7170	41
7171	65
7172	55
7173	54
7174	60
7175	29
7176	55
7177	42
7178	44
7179	70
7180	78
7181	52
7182	43
7183	51
7184	72
7185	57
7186	57
7187	54
7188	57
7189	73
7190	65
7191	61
7192	58
7193	55
7194	67
7195	58
7196	46
7197	34
7198	46
7199	62
7200	62
7201	41
7202	49
7203	46
7204	41
7205	51
7206	55
7207	63
7208	63
7209	52
7210	61
7211	75
7212	66
7213	55
7214	45
7215	60
7216	29
7217	72
7218	51
7219	55
7220	58
7221	70
7222	61
7223	64
7224	65
7225	62
7226	105
7227	87
7228	39
7229	66
7230	62
7231	50
7232	70
7233	55
7234	54
7235	61
7236	69
7237	52
7238	40
7239	59
7240	57
7241	70
7242	82
7243	71
7244	68
7245	78
7246	74
7247	56
7248	67
7249	83
7250	25
7251	63
7252	67
7253	60
7254	53
7255	70
7256	33
7257	50
7258	46
7259	34
7260	56
7261	59
7262	40
7263	75
7264	42
7265	47
7266	66
7267	91
7268	65
7269	102
7270	75
7271	60
7272	55
7273	53
7274	48
7275	65
7276	41
7277	62
7278	57
7279	55
7280	70
7281	55
7282	42
7283	55
7284	73
7285	84
7286	46
7287	66
7288	38
7289	45
7290	41
7291	44
7292	41
7293	60
7294	42
7295	50
7296	39
7297	57
7298	61
7299	60
7300	71
7301	55
7302	47
7303	65
7304	54
7305	57
7306	70
7307	39
7308	55
7309	59
7310	63
7311	39
7312	72
7313	76
7314	51
7315	59
7316	74
7317	75
7318	62
7319	40
7320	42
7321	69
7322	74
7323	44
7324	63
7325	60
7326	57
7327	71
7328	75
7329	49
7330	50
7331	58
7332	46
7333	41
7334	55
7335	28
7336	58
7337	38
7338	66
7339	50
7340	85
7341	83
7342	41
7343	78
7344	42
7345	41
7346	43
7347	44
7348	54
7349	47
7350	66
7351	49
7352	62
7353	50
7354	43
7355	53
7356	48
7357	64
7358	52
7359	26
7360	43
7361	25
7362	40
7363	46
7364	39
7365	53
7366	61
7367	53
7368	52
7369	47
7370	46
7371	42
7372	38
7373	59
7374	54
7375	61
7376	75
7377	57
7378	81
7379	65
7380	28
7381	54
7382	58
7383	44
7384	67
7385	63
7386	73
7387	58
7388	59
7389	47
7390	71
7391	44
7392	24
7393	51
7394	26
7395	35
7396	34
7397	30
7398	42
7399	30
7400	61
7401	61
7402	61
7403	43
7404	46
7405	40
7406	62
7407	45
7408	61
7409	39
7410	48
7411	53
7412	27
7413	20
7414	42
7415	46
7416	48
7417	54
7418	52
7419	79
7420	43
7421	20
7422	35
7423	36
7424	51
7425	51
7426	45
7427	27
7428	45
7429	28
7430	61
7431	49
7432	38
7433	31
7434	41
7435	56
7436	53
7437	49
7438	38
7439	45
7440	59
7441	43
7442	61
7443	34
7444	52
7445	32
7446	49
7447	31
7448	31
7449	44
7450	30
7451	31
7452	34
7453	37
7454	24
7455	52
7456	51
7457	31
7458	64
7459	32
7460	35
7461	42
7462	52
7463	43
7464	31
7465	40
7466	26
7467	33
7468	28
7469	43
7470	43
7471	42
7472	30
7473	29
7474	34
7475	43
7476	44
7477	32
7478	29
7479	39
7480	38
7481	21
7482	43
7483	25
7484	44
7485	49
7486	36
7487	40
7488	58
7489	47
7490	37
7491	30
7492	30
7493	27
7494	30
7495	63
7496	27
7497	30
7498	44
7499	26
7500	47
7501	37
7502	38
7503	26
7504	27
7505	34
7506	40
7507	61
7508	52
7509	52
7510	39
7511	48
7512	47
7513	36
7514	53
7515	39
7516	46
7517	37
7518	40
7519	51
7520	68
7521	46
7522	47
7523	49
7524	41
7525	42
7526	57
7527	51
7528	48
7529	83
7530	82
7531	39
7532	46
7533	32
7534	21
7535	34
7536	36
7537	38
7538	29
7539	41
7540	46
7541	54
7542	52
7543	51
7544	61
7545	53
7546	68
7547	60
7548	63
7549	31
7550	44
7551	42
7552	42
7553	33
7554	43
7555	27
7556	44
7557	50
7558	39
7559	35
7560	43
7561	34
7562	27
7563	40
7564	56
7565	19
7566	44
7567	54
7568	62
7569	42
7570	38
7571	37
7572	56
7573	47
7574	54
7575	32
7576	39
7577	34
7578	36
7579	65
7580	59
7581	57
7582	48
7583	58
7584	35
7585	58
7586	49
7587	49
7588	49
7589	46
7590	35
7591	63
7592	59
7593	26
7594	44
7595	39
7596	18
7597	53
7598	33
7599	54
7600	23
7601	30
7602	59
7603	48
7604	42
7605	57
7606	62
7607	66
7608	38
7609	27
7610	37
7611	38
7612	30
7613	32
7614	37
7615	42
7616	35
7617	48
7618	33
7619	34
7620	43
7621	36
7622	30
7623	23
7624	37
7625	40
7626	18
7627	64
7628	29
7629	50
7630	66
7631	71
7632	62
7633	51
7634	37
7635	50
7636	48
7637	24
7638	34
7639	45
7640	35
7641	44
7642	37
7643	33
7644	32
7645	50
7646	27
7647	38
7648	39
7649	35
7650	33
7651	43
7652	37
7653	47
7654	38
7655	34
7656	30
7657	41
7658	19
7659	25
7660	26
7661	29
7662	70
7663	51
7664	60
7665	42
7666	57
7667	46
7668	44
7669	52
7670	40
7671	40
7672	50
7673	40
7674	34
7675	39
7676	44
7677	43
7678	33
7679	45
7680	37
7681	39
7682	29
7683	40
7684	43
7685	30
7686	61
7687	33
7688	58
7689	49
7690	33
7691	36
7692	30
7693	47
7694	38
7695	48
7696	55
7697	60
7698	50
7699	53
7700	41
7701	47
7702	31
7703	45
7704	39
7705	29
7706	37
7707	25
7708	32
7709	21
7710	23
7711	21
7712	38
7713	56
7714	36
7715	49
7716	50
7717	35
7718	36
7719	33
7720	39
7721	44
7722	56
7723	46
7724	50
7725	44
7726	40
7727	25
7728	49
7729	41
7730	26
7731	41
7732	20
7733	63
7734	41
7735	28
7736	36
7737	42
7738	37
7739	25
7740	44
7741	49
7742	41
7743	41
7744	53
7745	29
7746	47
7747	31
7748	45
7749	28
7750	43
7751	50
7752	27
7753	34
7754	25
7755	36
7756	45
7757	39
7758	24
7759	13
7760	30
7761	22
7762	30
7763	29
7764	27
7765	31
7766	36
7767	21
7768	30
7769	29
7770	30
7771	28
7772	35
7773	39
7774	36
7775	26
7776	38
7777	64
7778	56
7779	38
7780	45
7781	46
7782	48
7783	28
7784	27
7785	49
7786	29
7787	45
7788	43
7789	46
7790	22
7791	36
7792	43
7793	59
7794	53
7795	55
7796	50
7797	74
7798	29
7799	49
7800	53
7801	40
7802	27
7803	21
7804	46
7805	31
7806	34
7807	53
7808	45
7809	34
7810	36
7811	22
7812	21
7813	22
7814	26
7815	27
7816	23
7817	43
7818	38
7819	42
7820	43
7821	37
7822	42
7823	48
7824	51
7825	41
7826	49
7827	42
7828	53
7829	54
7830	40
7831	45
7832	58
7833	55
7834	41
7835	55
7836	40
7837	43
7838	29
7839	30
7840	41
7841	46
7842	16
7843	24
7844	58
7845	49
7846	21
7847	50
7848	40
7849	48
7850	52
7851	49
7852	36
7853	39
7854	48
7855	47
7856	32
7857	23
7858	37
7859	36
7860	38
7861	33
7862	31
7863	34
7864	51
7865	48
7866	45
7867	65
7868	44
7869	43
7870	67
7871	64
7872	54
7873	56
7874	50
7875	44
7876	38
7877	49
7878	34
7879	61
7880	55
7881	54
7882	59
7883	47
7884	84
7885	84
7886	56
7887	62
7888	56
7889	60
7890	65
7891	48
7892	61
7893	50
7894	37
7895	36
7896	49
7897	39
7898	41
7899	44
7900	50
7901	64
7902	73
7903	33
7904	50
7905	50
7906	64
7907	45
7908	49
7909	54
7910	55
7911	48
7912	38
7913	63
7914	66
7915	55
7916	39
7917	20
7918	51
7919	54
7920	74
7921	31
7922	47
7923	42
7924	46
7925	44
7926	21
7927	50
7928	43
7929	29
7930	41
7931	48
7932	62
7933	70
7934	55
7935	53
7936	42
7937	63
7938	82
7939	48
7940	44
7941	41
7942	26
7943	16
7944	48
7945	36
7946	31
7947	58
7948	60
7949	54
7950	54
7951	48
7952	70
7953	49
7954	34
7955	52
7956	62
7957	51
7958	37
7959	21
7960	31
7961	32
7962	32
7963	37
7964	45
7965	58
7966	61
7967	29
7968	28
7969	36
7970	54
7971	30
7972	38
7973	43
7974	52
7975	35
7976	32
7977	42
7978	49
7979	55
7980	32
7981	57
7982	27
7983	30
7984	36
7985	33
7986	51
7987	82
7988	62
7989	48
7990	61
7991	37
7992	48
7993	46
7994	43
7995	27
7996	38
7997	35
7998	46
7999	31
8000	417140
