16	14
17	27
18	12
19	10
20	17
21	10
22	8
23	10
24	14
25	10
26	16
27	17
28	14
29	19
30	36
31	32
32	40
33	33
34	46
35	68
36	63
37	60
38	68
39	76
40	83
41	125
42	161
43	112
44	135
45	160
46	293
47	271
48	228
49	281
50	673
51	967
52	293
53	163
54	158
55	185
56	175
57	208
58	214
59	226
60	184
61	186
62	201
63	225
64	230
65	231
66	248
67	239
68	269
69	281
70	275
71	280
72	332
73	342
74	363
75	401
76	411
77	364
78	385
79	374
80	364
81	375
82	423
83	415
84	488
85	501
86	483
87	548
88	517
89	589
90	631
91	654
92	704
93	670
94	746
95	775
96	787
97	783
98	814
99	844
100	855
101	881
102	928
103	964
104	897
105	896
106	920
107	971
108	1079
109	1257
110	1272
111	1205
112	1133
113	1293
114	1351
115	1311
116	1356
117	1484
118	1491
119	1495
120	1650
121	1682
122	1664
123	1610
124	1665
125	1822
126	1913
127	1975
128	1946
129	1696
130	1723
131	1818
132	1946
133	1953
134	1931
135	1888
136	1859
137	1899
138	2072
139	2256
140	2469
141	2485
142	2605
143	2862
144	3750
145	4715
146	6285
147	10449
148	13818
149	25946
150	30380
