16	13
17	25
18	11
19	9
20	16
21	10
22	8
23	10
24	14
25	10
26	15
27	17
28	14
29	18
30	36
31	32
32	37
33	31
34	44
35	60
36	57
37	58
38	67
39	70
40	74
41	102
42	138
43	104
44	104
45	119
46	141
47	138
48	126
49	119
50	149
51	137
52	124
53	133
54	144
55	167
56	154
57	164
58	157
59	179
60	163
61	163
62	178
63	197
64	207
65	212
66	222
67	214
68	240
69	250
70	250
71	261
72	294
73	297
74	322
75	337
76	315
77	306
78	348
79	338
80	326
81	337
82	370
83	374
84	429
85	443
86	425
87	481
88	475
89	500
90	532
91	545
92	595
93	570
94	620
95	634
96	672
97	664
98	682
99	716
100	713
101	730
102	738
103	751
104	720
105	716
106	745
107	753
108	830
109	962
110	982
111	896
112	890
113	977
114	994
115	970
116	977
117	1056
118	1085
119	1073
120	1170
121	1159
122	1154
123	1103
124	1161
125	1188
126	1221
127	1254
128	1306
129	1133
130	1182
131	1197
132	1288
133	1236
134	1202
135	1260
136	1197
137	1183
138	1265
139	1342
140	1454
141	1448
142	1530
143	1653
144	2063
145	2352
146	3162
147	5201
148	6291
149	9199
150	9407
