16	1
19	2
21	1
24	2
25	1
26	1
27	3
28	2
29	6
30	5
31	6
32	6
33	6
34	6
35	7
36	13
37	14
38	15
39	13
40	16
41	15
42	12
43	26
44	24
45	17
46	26
47	29
48	26
49	28
50	40
51	44
52	31
53	38
54	35
55	42
56	53
57	69
58	70
59	51
60	68
61	55
62	84
63	77
64	73
65	66
66	65
67	89
68	89
69	110
70	111
71	110
72	122
73	144
74	158
75	138
76	154
77	182
78	194
79	204
80	196
81	220
82	178
83	227
84	262
85	264
86	273
87	310
88	312
89	298
90	365
91	361
92	388
93	376
94	429
95	415
96	478
97	434
98	501
99	597
100	595
101	574
102	618
103	667
104	646
105	655
106	734
107	854
108	782
109	898
110	889
111	949
112	1010
113	969
114	1009
115	1043
116	1071
117	1220
118	1251
119	1212
120	1230
121	1297
122	1375
123	1458
124	1490
125	1560
126	1557
127	1577
128	1591
129	1656
130	1779
131	1957
132	1921
133	1871
134	1943
135	2063
136	2086
137	2124
138	2357
139	2424
140	2564
141	2819
142	3066
143	3904
144	5175
145	6023
146	10306
147	25866
148	15707
149	58447
150	49294
