16	1
19	2
21	1
24	2
25	1
26	1
27	3
28	2
29	6
30	5
31	6
32	6
33	6
34	6
35	7
36	12
37	13
38	15
39	13
40	16
41	15
42	11
43	25
44	23
45	15
46	25
47	29
48	24
49	28
50	32
51	35
52	31
53	37
54	34
55	40
56	51
57	63
58	59
59	44
60	66
61	53
62	81
63	72
64	69
65	66
66	64
67	87
68	88
69	107
70	106
71	106
72	119
73	136
74	149
75	130
76	143
77	165
78	171
79	188
80	183
81	202
82	168
83	211
84	246
85	248
86	256
87	283
88	285
89	278
90	335
91	327
92	348
93	338
94	384
95	363
96	441
97	391
98	449
99	534
100	521
101	500
102	535
103	591
104	569
105	564
106	640
107	739
108	624
109	745
110	739
111	795
112	869
113	838
114	859
115	876
116	882
117	999
118	1036
119	998
120	1022
121	1035
122	1119
123	1186
124	1195
125	1257
126	1253
127	1254
128	1309
129	1330
130	1397
131	1496
132	1475
133	1486
134	1511
135	1572
136	1646
137	1593
138	1763
139	1811
140	1889
141	2035
142	2230
143	2823
144	3334
145	3934
146	6218
147	14482
148	9289
149	21024
150	17738
