0	0
1	0
2	0
3	0
4	0
5	0
6	0
7	0
8	0
9	0
10	0
11	0
12	0
13	0
14	3
15	0
16	2
17	1
18	1
19	0
20	0
21	2
22	0
23	2
24	1
25	2
26	2
27	1
28	3
29	7
30	3
31	11
32	6
33	11
34	13
35	12
36	21
37	8
38	14
39	15
40	16
41	17
42	23
43	14
44	14
45	18
46	19
47	25
48	26
49	26
50	36
51	36
52	27
53	36
54	30
55	33
56	41
57	34
58	33
59	49
60	32
61	52
62	38
63	48
64	44
65	49
66	43
67	41
68	48
69	35
70	49
71	54
72	51
73	53
74	59
75	50
76	73
77	69
78	68
79	66
80	80
81	82
82	69
83	70
84	99
85	107
86	77
87	87
88	89
89	121
90	127
91	104
92	131
93	109
94	98
95	97
96	121
97	121
98	135
99	138
100	158
101	142
102	136
103	170
104	148
105	157
106	173
107	139
108	152
109	175
110	158
111	175
112	173
113	171
114	143
115	206
116	215
117	204
118	161
119	182
120	168
121	166
122	204
123	198
124	187
125	196
126	178
127	188
128	207
129	199
130	169
131	178
132	211
133	187
134	198
135	176
136	223
137	198
138	198
139	245
140	192
141	203
142	207
143	202
144	205
145	160
146	146
147	224
148	142
149	146
150	129
151	133
152	158
153	208
154	173
155	140
156	113
157	115
158	133
159	123
160	120
161	136
162	146
163	164
164	170
165	143
166	181
167	155
168	161
169	146
170	145
171	128
172	154
173	156
174	150
175	152
176	145
177	165
178	153
179	155
180	125
181	142
182	168
183	170
184	180
185	152
186	170
187	145
188	161
189	117
190	131
191	139
192	192
193	118
194	154
195	162
196	160
197	133
198	173
199	135
200	129
201	121
202	148
203	151
204	133
205	131
206	151
207	174
208	142
209	133
210	190
211	146
212	149
213	149
214	141
215	117
216	150
217	138
218	155
219	145
220	162
221	157
222	117
223	131
224	146
225	138
226	148
227	155
228	131
229	141
230	149
231	136
232	131
233	169
234	157
235	122
236	138
237	149
238	112
239	120
240	157
241	133
242	133
243	157
244	99
245	143
246	130
247	142
248	124
249	147
250	133
251	150
252	160
253	163
254	144
255	140
256	179
257	144
258	186
259	173
260	186
261	155
262	166
263	189
264	170
265	154
266	150
267	190
268	176
269	167
270	158
271	172
272	191
273	176
274	174
275	173
276	163
277	154
278	177
279	189
280	212
281	192
282	180
283	152
284	147
285	122
286	142
287	183
288	160
289	130
290	158
291	164
292	149
293	165
294	158
295	147
296	168
297	199
298	171
299	207
300	173
301	157
302	156
303	161
304	139
305	116
306	121
307	129
308	134
309	116
310	156
311	173
312	159
313	201
314	181
315	175
316	196
317	152
318	131
319	125
320	134
321	144
322	148
323	168
324	152
325	166
326	159
327	171
328	142
329	161
330	163
331	186
332	143
333	156
334	157
335	167
336	147
337	154
338	147
339	156
340	149
341	134
342	137
343	165
344	153
345	153
346	129
347	120
348	124
349	130
350	152
351	149
352	126
353	137
354	136
355	182
356	138
357	146
358	132
359	137
360	121
361	151
362	141
363	139
364	153
365	188
366	159
367	145
368	169
369	170
370	186
371	180
372	156
373	177
374	153
375	138
376	151
377	143
378	147
379	139
380	162
381	147
382	140
383	145
384	141
385	154
386	147
387	143
388	151
389	149
390	132
391	137
392	155
393	149
394	136
395	156
396	139
397	137
398	134
399	155
400	122
401	133
402	140
403	156
404	148
405	150
406	164
407	138
408	134
409	159
410	125
411	142
412	169
413	140
414	122
415	136
416	146
417	134
418	158
419	132
420	107
421	129
422	121
423	106
424	113
425	136
426	119
427	110
428	131
429	122
430	113
431	123
432	109
433	134
434	93
435	103
436	140
437	97
438	107
439	98
440	94
441	123
442	134
443	113
444	139
445	109
446	99
447	135
448	127
449	112
450	130
451	116
452	126
453	109
454	121
455	107
456	101
457	85
458	112
459	86
460	86
461	80
462	84
463	86
464	84
465	91
466	86
467	98
468	90
469	85
470	76
471	88
472	85
473	93
474	95
475	72
476	73
477	91
478	75
479	74
480	62
481	68
482	89
483	63
484	76
485	88
486	87
487	64
488	88
489	70
490	62
491	72
492	61
493	52
494	59
495	69
496	55
497	77
498	60
499	57
500	88
501	68
502	72
503	62
504	71
505	61
506	57
507	75
508	90
509	60
510	50
511	41
512	44
513	67
514	62
515	71
516	61
517	77
518	68
519	75
520	47
521	49
522	61
523	46
524	54
525	41
526	35
527	47
528	43
529	48
530	50
531	45
532	39
533	52
534	37
535	68
536	38
537	48
538	39
539	47
540	30
541	51
542	51
543	35
544	36
545	28
546	41
547	48
548	55
549	35
550	44
551	42
552	22
553	25
554	37
555	39
556	27
557	28
558	27
559	41
560	46
561	27
562	23
563	30
564	23
565	39
566	24
567	33
568	46
569	29
570	34
571	26
572	21
573	19
574	21
575	34
576	36
577	32
