0	0
1	0
2	0
3	0
4	0
5	0
6	0
7	0
8	0
9	0
10	0
11	0
12	0
13	0
14	3
15	0
16	2
17	2
18	1
19	0
20	0
21	2
22	0
23	2
24	1
25	2
26	2
27	1
28	3
29	7
30	4
31	12
32	6
33	12
34	15
35	12
36	23
37	8
38	16
39	16
40	16
41	18
42	25
43	17
44	19
45	21
46	21
47	26
48	29
49	26
50	42
51	47
52	29
53	40
54	35
55	38
56	50
57	40
58	37
59	53
60	33
61	57
62	41
63	52
64	49
65	59
66	47
67	48
68	52
69	39
70	53
71	62
72	56
73	55
74	63
75	64
76	81
77	80
78	77
79	75
80	99
81	107
82	89
83	78
84	130
85	119
86	96
87	103
88	110
89	147
90	151
91	119
92	158
93	143
94	126
95	129
96	141
97	153
98	182
99	181
100	222
101	180
102	186
103	286
104	198
105	246
106	254
107	196
108	214
109	264
110	240
111	250
112	249
113	244
114	207
115	317
116	330
117	363
118	245
119	320
120	253
121	284
122	309
123	370
124	311
125	319
126	280
127	309
128	364
129	344
130	261
131	329
132	356
133	312
134	329
135	298
136	441
137	386
138	379
139	551
140	328
141	433
142	489
143	410
144	448
145	308
146	274
147	539
148	325
149	384
150	339
151	344
152	428
153	479
154	503
155	399
156	363
157	352
158	457
159	334
160	341
161	393
162	408
163	530
164	519
165	415
166	488
167	459
168	418
169	388
170	380
171	340
172	416
173	423
174	552
175	478
176	360
177	617
178	507
179	422
180	377
181	476
182	542
183	586
184	612
185	561
186	542
187	604
188	593
189	328
190	514
191	431
192	590
193	385
194	557
195	545
196	564
197	488
198	573
199	415
200	496
201	391
202	464
203	533
204	427
205	440
206	533
207	557
208	499
209	449
210	662
211	531
212	474
213	517
214	528
215	322
216	593
217	483
218	515
219	463
220	607
221	501
222	398
223	487
224	473
225	444
226	454
227	617
228	438
229	545
230	533
231	525
232	317
233	574
234	550
235	479
236	448
237	597
238	413
239	375
240	517
241	339
242	377
243	479
244	237
245	372
246	330
247	606
248	341
249	390
250	334
251	427
252	476
253	562
254	487
255	417
256	489
257	390
258	550
259	606
260	755
261	544
262	491
263	541
264	515
265	447
266	422
267	667
268	498
269	592
270	420
271	462
272	536
273	583
274	524
275	555
276	409
277	377
278	539
279	534
280	668
281	638
282	598
283	559
284	461
285	256
286	324
287	536
288	496
289	348
290	419
291	573
292	368
293	546
294	380
295	326
296	421
297	594
298	491
299	665
300	459
301	391
302	474
303	442
304	312
305	289
306	285
307	376
308	330
309	253
310	349
311	496
312	417
313	562
314	577
315	442
316	524
317	383
318	346
319	293
320	331
321	298
322	320
323	453
324	281
325	529
326	504
327	449
328	341
329	407
330	361
331	524
332	262
333	356
334	448
335	458
336	363
337	298
338	337
339	322
340	356
341	363
342	262
343	399
344	361
345	278
346	260
347	313
348	332
349	313
350	357
351	362
352	273
353	282
354	431
355	380
356	242
357	357
358	306
359	303
360	233
361	331
362	336
363	391
364	374
365	492
366	365
367	265
368	446
369	376
370	429
371	447
372	297
373	339
374	335
375	234
376	348
377	281
378	347
379	257
380	348
381	303
382	266
383	274
384	295
385	301
386	315
387	255
388	312
389	287
390	223
391	340
392	350
393	321
394	268
395	325
396	316
397	282
398	255
399	302
400	260
401	328
402	333
403	283
404	288
405	261
406	321
407	236
408	270
409	281
410	219
411	258
412	307
413	260
414	225
415	240
416	271
417	243
418	316
419	284
420	180
421	215
422	256
423	180
424	207
425	213
426	177
427	166
428	271
429	229
430	244
431	237
432	161
433	244
434	181
435	179
436	230
437	152
438	197
439	168
440	153
441	181
442	273
443	197
444	235
445	163
446	211
447	281
448	248
449	202
450	278
451	161
452	340
453	168
454	211
455	177
456	171
457	137
458	223
459	164
460	153
461	118
462	145
463	149
464	154
465	152
466	142
467	123
468	180
469	147
470	109
471	159
472	138
473	136
474	135
475	113
476	107
477	150
478	136
479	110
480	85
481	108
482	135
483	77
484	107
485	150
486	122
487	85
488	192
489	110
490	107
491	141
492	88
493	78
494	131
495	101
496	74
497	107
498	117
499	73
500	145
501	143
502	120
503	87
504	128
505	97
506	92
507	111
508	145
509	104
510	66
511	62
512	65
513	107
514	81
515	136
516	80
517	148
518	103
519	92
520	61
521	57
522	103
523	93
524	77
525	51
526	52
527	72
528	50
529	60
530	72
531	75
532	57
533	79
534	51
535	121
536	47
537	64
538	65
539	69
540	37
541	99
542	73
543	39
544	54
545	39
546	66
547	77
548	117
549	83
550	48
551	65
552	29
553	37
554	43
555	49
556	35
557	40
558	36
559	60
560	59
561	38
562	36
563	42
564	27
565	64
566	35
567	47
