16	4
17	2
28	8
29	5
30	7
31	7
32	7
33	14
34	8
35	10
36	10
37	8
38	4
39	11
40	16
41	14
42	21
43	22
44	12
45	26
46	28
47	24
48	21
49	23
50	33
51	32
52	34
53	32
54	29
55	32
56	35
57	51
58	58
59	52
60	42
61	40
62	47
63	54
64	66
65	74
66	72
67	85
68	89
69	91
70	91
71	95
72	115
73	107
74	110
75	118
76	129
77	120
78	133
79	163
80	164
81	177
82	152
83	169
84	178
85	208
86	203
87	225
88	218
89	251
90	265
91	272
92	281
93	299
94	290
95	316
96	319
97	383
98	386
99	439
100	412
101	408
102	389
103	412
104	473
105	407
106	513
107	542
108	548
109	537
110	551
111	565
112	610
113	575
114	646
115	653
116	605
117	683
118	742
119	725
120	686
121	698
122	786
123	815
124	747
125	799
126	815
127	855
128	890
129	828
130	873
131	863
132	903
133	917
134	971
135	983
136	977
137	938
138	1009
139	1007
140	1128
141	1181
142	1371
143	1488
144	1691
145	2050
146	3056
147	4807
148	7180
149	11659
150	24097
