16	4
17	2
28	8
29	5
30	7
31	7
32	7
33	14
34	8
35	10
36	10
37	8
38	4
39	11
40	18
41	14
42	25
43	23
44	12
45	34
46	29
47	27
48	23
49	27
50	48
51	75
52	36
53	32
54	30
55	33
56	35
57	54
58	58
59	60
60	44
61	41
62	47
63	62
64	68
65	76
66	74
67	88
68	90
69	91
70	96
71	96
72	121
73	111
74	116
75	121
76	135
77	126
78	136
79	163
80	174
81	190
82	157
83	182
84	195
85	226
86	213
87	244
88	231
89	273
90	276
91	287
92	297
93	319
94	306
95	343
96	342
97	418
98	414
99	474
100	457
101	457
102	435
103	458
104	507
105	448
106	553
107	596
108	631
109	625
110	619
111	635
112	689
113	649
114	738
115	812
116	699
117	813
118	865
119	841
120	818
121	832
122	903
123	991
124	898
125	973
126	1043
127	1056
128	1133
129	1026
130	1059
131	1101
132	1117
133	1140
134	1237
135	1261
136	1294
137	1219
138	1351
139	1319
140	1475
141	1585
142	1788
143	2022
144	2358
145	2949
146	4328
147	7178
148	10067
149	18288
150	54859
