16	5
17	2
18	2
19	1
21	1
23	2
24	1
25	1
26	1
27	1
29	7
30	8
31	6
32	5
33	3
34	7
35	9
36	4
37	10
38	5
39	9
40	11
41	17
42	12
43	9
44	15
45	22
46	19
47	18
48	18
49	20
50	29
51	17
52	17
53	18
54	29
55	20
56	21
57	36
58	37
59	31
60	34
61	32
62	31
63	23
64	41
65	49
66	59
67	47
68	34
69	48
70	56
71	65
72	51
73	52
74	59
75	60
76	45
77	69
78	60
79	59
80	83
81	80
82	89
83	94
84	111
85	146
86	113
87	126
88	131
89	122
90	134
91	134
92	139
93	146
94	183
95	191
96	193
97	217
98	244
99	240
100	177
101	204
102	196
103	251
104	277
105	246
106	272
107	276
108	279
109	286
110	325
111	314
112	346
113	341
114	349
115	406
116	419
117	417
118	423
119	421
120	431
121	402
122	426
123	430
124	439
125	435
126	484
127	494
128	515
129	493
130	518
131	540
132	566
133	559
134	592
135	621
136	619
137	634
138	653
139	740
140	712
141	935
142	967
143	1097
144	1436
145	1875
146	2863
147	3955
148	6611
149	12336
150	13108
