16	5
17	2
18	2
19	1
21	1
23	2
24	1
25	1
26	1
27	1
29	8
30	9
31	6
32	5
33	3
34	8
35	10
36	5
37	10
38	6
39	9
40	11
41	17
42	14
43	9
44	17
45	25
46	20
47	20
48	19
49	23
50	32
51	21
52	23
53	29
54	40
55	24
56	24
57	50
58	60
59	46
60	45
61	41
62	39
63	28
64	56
65	59
66	66
67	55
68	42
69	57
70	74
71	85
72	64
73	63
74	71
75	84
76	56
77	81
78	75
79	77
80	120
81	110
82	115
83	139
84	165
85	201
86	161
87	173
88	195
89	178
90	189
91	192
92	201
93	213
94	275
95	290
96	325
97	356
98	398
99	386
100	273
101	329
102	330
103	445
104	471
105	372
106	422
107	486
108	466
109	514
110	565
111	581
112	648
113	590
114	622
115	809
116	798
117	768
118	821
119	781
120	792
121	812
122	809
123	797
124	782
125	818
126	924
127	951
128	1096
129	964
130	1292
131	1239
132	1225
133	1102
134	1226
135	1327
136	1370
137	1381
138	1465
139	1527
140	1532
141	2168
142	2281
143	2724
144	3572
145	5500
146	9330
147	11878
148	20745
149	78478
150	94653
