16	4
17	9
18	12
19	11
20	15
21	13
22	14
23	22
24	17
25	7
26	8
27	23
28	28
29	23
30	32
31	46
32	59
33	64
34	95
35	147
36	203
37	227
38	288
39	315
40	349
41	407
42	536
43	622
44	726
45	821
46	962
47	1138
48	1174
49	1158
50	1337
51	1428
52	1579
53	1657
54	1745
55	1955
56	1987
57	2005
58	2341
59	2480
60	2353
61	2284
62	2408
63	2509
64	2596
65	2781
66	2800
67	2992
68	3087
69	3186
70	3272
71	3635
72	3514
73	3776
74	3979
75	3981
76	3852
77	4044
78	4243
79	4586
80	4867
81	5072
82	5405
83	5440
84	5658
85	6128
86	6300
87	6484
88	6915
89	7094
90	7150
91	7488
92	8033
93	8423
94	8724
95	9168
96	9922
97	10130
98	10909
99	11180
100	11440
101	12231
102	12322
103	12905
104	13510
105	13712
106	14743
107	15366
108	15678
109	16283
110	17282
111	17613
112	18306
113	18372
114	18626
115	19011
116	19961
117	20459
118	20523
119	21069
120	20886
121	21395
122	21828
123	21815
124	22741
125	22390
126	22958
127	22931
128	23562
129	23614
130	24159
131	24692
132	25083
133	26105
134	27252
135	28300
136	29621
137	32649
138	34943
139	38578
140	44196
141	52993
142	66538
143	84040
144	113737
145	169979
146	271271
147	433589
148	750431
149	1366584
150	1519323
