length	query	reference
0	0	0
1	0	0
2	0	0
3	0	0
4	0	0
5	0	0
6	0	0
7	0	0
8	0	0
9	0	0
10	0	0
11	0	0
12	0	0
13	0	0
14	0	0
15	0	0
16	1207	1207
17	2185	2185
18	1012	1012
19	691	691
20	888	888
21	964	964
22	1244	1244
23	1822	1833
24	1031	1042
25	978	966
26	1663	1681
27	14868	14852
28	6185	6144
29	4225	3003
30	3188	4497
31	2915	2888
32	1171	1177
33	2249	2249
34	2793	2783
35	2501	2519
36	6301	6317
37	3697	3746
38	3070	3074
39	3675	3680
40	2773	2736
41	2546	2536
42	2179	2208
43	1300	1943
44	1078	1195
45	1678	1558
46	2374	1805
47	1214	1126
48	979	965
49	1187	1186
50	1018	1027
51	1193	1189
52	1131	1147
53	1155	1181
54	845	841
55	837	952
56	1147	1097
57	2435	2422
58	4733	4638
59	7552	7448
60	5904	5875
61	68197	68326
62	75832	75439
63	61949	46884
64	22635	39194
65	43503	45764
66	75555	93383
67	209090	236022
68	98175	158624
69	109216	148037
70	22586	74120
71	108147	112978
72	95587	40903
73	89670	20641
74	72890	53744
75	87760	33600
76	20869	14477
77	22998	22883
78	20463	21049
79	8422	7877
80	6436	6588
81	8270	8931
82	7354	7640
83	33893	34250
84	1860	2074
85	2529	2198
86	3311	3322
87	4682	16054
88	5493	6357
89	20799	7594
90	1698	1719
91	4259	4204
92	772	567
93	1415	1347
94	3016	3042
95	616	501
96	337	258
97	4780	4942
98	5986	6788
99	3256	3776
100	1085	1448
101	2954	3351
102	3994	4201
103	4955	3278
104	2833	2299
105	1107	1038
106	961	779
107	571	495
108	473	726
109	554	598
110	502	234
111	254	175
112	240	255
113	137	148
114	107	91
115	133	49
116	39	50
117	44	36
118	46	31
119	22	38
120	44	47
121	53	46
122	57	56
123	470	466
124	51	50
125	42	43
126	86	115
127	115	100
128	75	92
129	95	256
130	43	100
131	54	1666
132	116	763
133	46	489
134	77	369
135	15	157
136	35	148
137	13	123
138	66	207
139	40	365
140	26	867
141	14	775
142	11	59
143	22	77
144	12	37
145	25	56
146	44	124
147	55	106
148	139	450
149	475	1062
150	7653	748
151	0	10
152	0	3
153	0	0
154	0	0
155	0	0
156	0	1
157	0	0
158	0	0
159	0	0
160	0	0
161	0	0
162	0	0
163	0	0
164	0	0
165	0	0
166	0	0
167	0	0
168	0	0
169	0	0
170	0	0
171	0	0
172	0	0
173	0	0
174	0	0
175	0	0
176	0	0
177	0	0
178	0	0
179	0	0
180	0	0
181	0	0
182	0	0
183	0	0
184	0	0
185	0	0
186	0	0
187	0	0
188	0	0
189	0	0
190	0	0
191	0	0
192	0	0
193	0	0
194	0	0
195	0	0
196	0	0
197	0	0
198	0	0
199	0	0
200	0	0
201	0	0
202	0	0
203	0	0
204	0	0
205	0	0
206	0	0
207	0	0
208	0	0
209	0	0
210	0	0
211	0	0
212	0	0
213	0	0
214	0	0
215	0	0
216	0	0
217	0	0
218	0	0
219	0	0
220	0	0
221	0	0
222	0	0
223	0	0
224	0	0
225	0	0
226	0	0
227	0	0
228	0	0
229	0	0
230	0	0
231	0	0
232	0	0
233	0	0
234	0	0
235	0	0
236	0	0
237	0	0
238	0	0
239	0	0
240	0	0
241	0	0
242	0	0
243	0	0
244	0	0
245	0	0
246	0	0
247	0	0
248	0	0
249	0	0
250	0	0
251	0	0
252	0	0
253	0	0
254	0	0
255	0	0
256	0	0
257	0	0
258	0	0
259	0	0
260	0	0
261	0	0
262	0	0
263	0	0
264	0	0
265	0	0
266	0	0
267	0	0
268	0	0
269	0	0
270	0	0
271	0	0
272	0	0
273	0	0
274	0	0
275	0	0
276	0	0
277	0	0
278	0	0
279	0	0
280	0	0
281	0	0
282	0	0
283	0	0
284	0	0
285	0	0
286	0	0
287	0	0
288	0	0
289	0	0
290	0	0
291	0	0
292	0	0
293	0	0
294	0	0
295	0	0
296	0	0
297	0	0
298	0	0
299	0	0
300	0	0
301	0	0
302	0	0
303	0	0
304	0	0
305	0	0
306	0	0
307	0	0
308	0	0
309	0	0
310	0	0
311	0	0
312	0	0
313	0	0
314	0	0
315	0	0
316	0	0
317	0	0
318	0	0
319	0	0
320	0	0
321	0	0
322	0	0
323	0	0
324	0	0
325	0	0
326	0	0
327	0	0
328	0	0
329	0	0
330	0	0
331	0	0
332	0	0
333	0	0
334	0	0
335	0	0
336	0	0
337	0	0
338	0	0
339	0	0
340	0	0
341	0	0
342	0	0
343	0	0
344	0	0
345	0	0
346	0	0
347	0	0
348	0	0
349	0	0
350	0	0
351	0	0
352	0	0
353	0	0
354	0	0
355	0	0
356	0	0
357	0	0
358	0	0
359	0	0
360	0	0
361	0	0
362	0	0
363	0	0
364	0	0
365	0	0
366	0	0
367	0	0
368	0	0
369	0	0
370	0	0
371	0	0
372	0	0
373	0	0
374	0	0
375	0	0
376	0	0
377	0	0
378	0	0
379	0	0
380	0	0
381	0	0
382	0	0
383	0	0
384	0	0
385	0	0
386	0	0
387	0	0
388	0	0
389	0	0
390	0	0
391	0	0
392	0	0
393	0	0
394	0	0
395	0	0
396	0	0
397	0	0
398	0	0
399	0	0
400	0	0
401	0	0
402	0	0
403	0	0
404	0	0
405	0	0
406	0	0
407	0	0
408	0	0
409	0	0
410	0	0
411	0	0
412	0	0
413	0	0
414	0	0
415	0	0
416	0	0
417	0	0
418	0	0
419	0	0
420	0	0
421	0	0
422	0	0
423	0	0
424	0	0
425	0	0
426	0	0
427	0	0
428	0	0
429	0	0
430	0	0
431	0	0
432	0	0
433	0	0
434	0	0
435	0	0
436	0	0
437	0	0
438	0	0
439	0	0
440	0	0
441	0	0
442	0	0
443	0	0
444	0	0
445	0	0
446	0	0
447	0	0
448	0	0
449	0	0
450	0	0
451	0	0
452	0	0
453	0	0
454	0	0
455	0	0
456	0	0
457	0	0
458	0	0
459	0	0
460	0	0
461	0	0
462	0	0
463	0	0
464	0	0
465	0	0
466	0	0
467	0	0
468	0	0
469	0	0
470	0	0
471	0	0
472	0	0
473	0	0
474	0	0
475	0	0
476	0	0
477	0	0
478	0	0
479	0	0
480	0	0
481	0	0
482	0	0
483	0	0
484	0	0
485	0	0
486	0	0
487	0	0
488	0	0
489	0	0
490	0	0
491	0	0
492	0	0
493	0	0
494	0	0
495	0	0
496	0	0
497	0	0
498	0	0
499	0	0
500	0	0
501	0	0
502	0	0
503	0	0
504	0	0
505	0	0
506	0	0
507	0	0
508	0	0
509	0	0
510	0	0
511	0	0
512	0	0
513	0	0
514	0	0
515	0	0
516	0	0
517	0	0
518	0	0
519	0	0
520	0	0
521	0	0
522	0	0
523	0	0
524	0	0
525	0	0
526	0	0
527	0	0
528	0	0
529	0	0
530	0	0
531	0	0
532	0	0
533	0	0
534	0	0
535	0	0
536	0	0
537	0	0
538	0	0
539	0	0
540	0	0
541	0	0
542	0	0
543	0	0
544	0	0
545	0	0
546	0	0
547	0	0
548	0	0
549	0	0
550	0	0
551	0	0
552	0	0
553	0	0
554	0	0
555	0	0
556	0	0
557	0	0
558	0	0
559	0	0
560	0	0
561	0	0
562	0	0
563	0	0
564	0	0
565	0	0
566	0	0
567	0	0
568	0	0
569	0	0
570	0	0
571	0	0
572	0	0
573	0	0
574	0	0
575	0	0
576	0	0
577	0	0
578	0	0
579	0	0
580	0	0
581	0	0
582	0	0
583	0	0
584	0	0
585	0	0
586	0	0
587	0	0
588	0	0
589	0	0
590	0	0
591	0	0
592	0	0
593	0	0
594	0	0
595	0	0
596	0	0
597	0	0
598	0	0
599	0	0
