length	query	reference
0	0	0
1	0	0
2	0	0
3	0	0
4	0	0
5	0	0
6	0	0
7	0	0
8	0	0
9	0	0
10	0	0
11	0	0
12	0	0
13	0	0
14	0	0
15	0	0
16	1108	1108
17	1639	1639
18	1643	1643
19	1472	1472
20	1736	1736
21	2085	2085
22	2627	2637
23	4154	4166
24	3135	3132
25	2667	2674
26	4001	4014
27	26005	26030
28	16157	16053
29	8504	6711
30	7775	9791
31	6887	6718
32	3166	3193
33	4553	4576
34	7893	7853
35	6116	6130
36	14041	14079
37	11394	11487
38	10501	10546
39	10624	10674
40	6748	6804
41	6926	6781
42	5905	5997
43	4210	5360
44	3477	3706
45	5319	5123
46	6423	5455
47	3807	3715
48	3488	3507
49	4441	4293
50	4359	4320
51	4008	4031
52	5071	5138
53	5479	5553
54	3925	4020
55	3819	3865
56	4568	4525
57	6023	6183
58	19010	18820
59	19246	19418
60	13675	13632
61	243903	243857
62	243530	243325
63	164299	130100
64	73006	111568
65	135925	145318
66	134181	154240
67	349862	461784
68	230702	408655
69	267698	369958
70	58452	132932
71	290547	294494
72	314513	118254
73	278664	107336
74	218623	193489
75	170164	66709
76	69236	61491
77	67254	67369
78	29665	29793
79	29243	29112
80	19777	19883
81	16999	17741
82	13162	14008
83	27945	28330
84	3842	5092
85	5717	5874
86	10762	9711
87	12059	23400
88	13937	15101
89	49023	39112
90	6968	6250
91	15029	11383
92	2420	1898
93	7660	7562
94	13266	13392
95	1922	1771
96	1249	645
97	45746	45976
98	15780	18812
99	10592	8078
100	2366	1723
101	2230	2201
102	695	623
103	381	262
104	1379	1382
105	4012	3943
106	2433	2420
107	693	702
108	156	185
109	524	517
110	2391	2332
111	191	236
112	279	341
113	414	412
114	243	344
115	352	268
116	475	510
117	385	461
118	1342	1336
119	592	559
120	645	939
121	784	618
122	417	555
123	731	869
124	749	718
125	1071	989
126	877	1015
127	774	791
128	1133	1820
129	4258	4075
130	2626	2784
131	2276	3144
132	9772	12182
133	4620	4010
134	9619	11405
135	2791	4054
136	5869	6191
137	5342	5365
138	4958	2973
139	14240	17722
140	1723	2608
141	8577	6875
142	3495	2231
143	1067	3214
144	814	1143
145	3399	820
146	706	864
147	762	1148
148	968	6448
149	2090	3702
150	17291	2831
151	0	24
152	0	28
153	0	0
154	0	0
155	0	0
156	0	0
157	0	0
158	0	0
159	0	0
160	0	0
161	0	0
162	0	1
163	0	0
164	0	0
165	0	0
166	0	0
167	0	0
168	0	0
169	0	0
170	0	0
171	0	0
172	0	0
173	0	0
174	0	0
175	0	0
176	0	0
177	0	0
178	0	0
179	0	0
180	0	0
181	0	0
182	0	0
183	0	0
184	0	0
185	0	0
186	0	0
187	0	0
188	0	0
189	0	0
190	0	0
191	0	0
192	0	0
193	0	0
194	0	0
195	0	0
196	0	0
197	0	0
198	0	0
199	0	0
200	0	0
201	0	0
202	0	0
203	0	0
204	0	0
205	0	0
206	0	0
207	0	0
208	0	0
209	0	0
210	0	0
211	0	0
212	0	0
213	0	0
214	0	0
215	0	0
216	0	0
217	0	0
218	0	0
219	0	0
220	0	0
221	0	0
222	0	0
223	0	0
224	0	0
225	0	0
226	0	0
227	0	0
228	0	0
229	0	0
230	0	0
231	0	0
232	0	0
233	0	0
234	0	0
235	0	0
236	0	0
237	0	0
238	0	0
239	0	0
240	0	0
241	0	0
242	0	0
243	0	0
244	0	0
245	0	0
246	0	0
247	0	0
248	0	0
249	0	0
250	0	0
251	0	0
252	0	0
253	0	0
254	0	0
255	0	0
256	0	0
257	0	0
258	0	0
259	0	0
260	0	0
261	0	0
262	0	0
263	0	0
264	0	0
265	0	0
266	0	0
267	0	0
268	0	0
269	0	0
270	0	0
271	0	0
272	0	0
273	0	0
274	0	0
275	0	0
276	0	0
277	0	0
278	0	0
279	0	0
280	0	0
281	0	0
282	0	0
283	0	0
284	0	0
285	0	0
286	0	0
287	0	0
288	0	0
289	0	0
290	0	0
291	0	0
292	0	0
293	0	0
294	0	0
295	0	0
296	0	0
297	0	0
298	0	0
299	0	0
300	0	0
301	0	0
302	0	0
303	0	0
304	0	0
305	0	0
306	0	0
307	0	0
308	0	0
309	0	0
310	0	0
311	0	0
312	0	0
313	0	0
314	0	0
315	0	0
316	0	0
317	0	0
318	0	0
319	0	0
320	0	0
321	0	0
322	0	0
323	0	0
324	0	0
325	0	0
326	0	0
327	0	0
328	0	0
329	0	0
330	0	0
331	0	0
332	0	0
333	0	0
334	0	0
335	0	0
336	0	0
337	0	0
338	0	0
339	0	0
340	0	0
341	0	0
342	0	0
343	0	0
344	0	0
345	0	0
346	0	0
347	0	0
348	0	0
349	0	0
350	0	0
351	0	0
352	0	0
353	0	0
354	0	0
355	0	0
356	0	0
357	0	0
358	0	0
359	0	0
360	0	0
361	0	0
362	0	0
363	0	0
364	0	0
365	0	0
366	0	0
367	0	0
368	0	0
369	0	0
370	0	0
371	0	0
372	0	0
373	0	0
374	0	0
375	0	0
376	0	0
377	0	0
378	0	0
379	0	0
380	0	0
381	0	0
382	0	0
383	0	0
384	0	0
385	0	0
386	0	0
387	0	0
388	0	0
389	0	0
390	0	0
391	0	0
392	0	0
393	0	0
394	0	0
395	0	0
396	0	0
397	0	0
398	0	0
399	0	0
400	0	0
401	0	0
402	0	0
403	0	0
404	0	0
405	0	0
406	0	0
407	0	0
408	0	0
409	0	0
410	0	0
411	0	0
412	0	0
413	0	0
414	0	0
415	0	0
416	0	0
417	0	0
418	0	0
419	0	0
420	0	0
421	0	0
422	0	0
423	0	0
424	0	0
425	0	0
426	0	0
427	0	0
428	0	0
429	0	0
430	0	0
431	0	0
432	0	0
433	0	0
434	0	0
435	0	0
436	0	0
437	0	0
438	0	0
439	0	0
440	0	0
441	0	0
442	0	0
443	0	0
444	0	0
445	0	0
446	0	0
447	0	0
448	0	0
449	0	0
450	0	0
451	0	0
452	0	0
453	0	0
454	0	0
455	0	0
456	0	0
457	0	0
458	0	0
459	0	0
460	0	0
461	0	0
462	0	0
463	0	0
464	0	0
465	0	0
466	0	0
467	0	0
468	0	0
469	0	0
470	0	0
471	0	0
472	0	0
473	0	0
474	0	0
475	0	0
476	0	0
477	0	0
478	0	0
479	0	0
480	0	0
481	0	0
482	0	0
483	0	0
484	0	0
485	0	0
486	0	0
487	0	0
488	0	0
489	0	0
490	0	0
491	0	0
492	0	0
493	0	0
494	0	0
495	0	0
496	0	0
497	0	0
498	0	0
499	0	0
500	0	0
501	0	0
502	0	0
503	0	0
504	0	0
505	0	0
506	0	0
507	0	0
508	0	0
509	0	0
510	0	0
511	0	0
512	0	0
513	0	0
514	0	0
515	0	0
516	0	0
517	0	0
518	0	0
519	0	0
520	0	0
521	0	0
522	0	0
523	0	0
524	0	0
525	0	0
526	0	0
527	0	0
528	0	0
529	0	0
530	0	0
531	0	0
532	0	0
533	0	0
534	0	0
535	0	0
536	0	0
537	0	0
538	0	0
539	0	0
540	0	0
541	0	0
542	0	0
543	0	0
544	0	0
545	0	0
546	0	0
547	0	0
548	0	0
549	0	0
550	0	0
551	0	0
552	0	0
553	0	0
554	0	0
555	0	0
556	0	0
557	0	0
558	0	0
559	0	0
560	0	0
561	0	0
562	0	0
563	0	0
564	0	0
565	0	0
566	0	0
567	0	0
568	0	0
569	0	0
570	0	0
571	0	0
572	0	0
573	0	0
574	0	0
575	0	0
576	0	0
577	0	0
578	0	0
579	0	0
580	0	0
581	0	0
582	0	0
583	0	0
584	0	0
585	0	0
586	0	0
587	0	0
588	0	0
589	0	0
590	0	0
591	0	0
592	0	0
593	0	0
594	0	0
595	0	0
596	0	0
597	0	0
598	0	0
599	0	0
