18	2
19	2
21	2
23	1
24	2
25	6
26	1
27	1
28	10
29	13
30	3
31	11
32	9
33	10
34	5
35	6
36	5
37	4
38	17
39	20
40	23
41	16
42	25
43	35
44	19
45	15
46	16
47	8
48	18
49	13
50	23
51	29
52	16
53	15
54	17
55	19
56	10
57	12
58	22
59	27
60	19
61	20
62	24
63	24
64	20
65	15
66	21
67	24
68	30
69	23
70	23
71	20
72	35
73	32
74	29
75	31
76	31
77	41
78	33
79	34
80	41
81	39
82	42
83	56
84	41
85	48
86	41
87	45
88	76
89	69
90	76
91	50
92	66
93	55
94	72
95	90
96	96
97	66
98	95
99	98
100	92
101	96
102	109
103	103
104	109
105	123
106	105
107	129
108	147
109	151
110	168
111	152
112	190
113	182
114	192
115	187
116	203
117	217
118	207
119	231
120	256
121	255
122	285
123	258
124	283
125	258
126	311
127	329
128	348
129	369
130	376
131	351
132	327
133	382
134	409
135	413
136	458
137	484
138	460
139	512
140	579
141	599
142	785
143	894
144	1229
145	1723
146	2827
147	5775
148	6121
149	17116
150	54104
