18	2
19	2
21	2
23	1
24	2
25	6
26	1
27	1
28	10
29	13
30	3
31	11
32	9
33	10
34	5
35	6
36	5
37	4
38	15
39	18
40	21
41	16
42	23
43	27
44	18
45	15
46	16
47	8
48	18
49	13
50	17
51	11
52	16
53	14
54	17
55	19
56	10
57	12
58	18
59	23
60	19
61	19
62	22
63	21
64	20
65	15
66	20
67	24
68	29
69	20
70	21
71	20
72	34
73	29
74	26
75	30
76	31
77	39
78	33
79	32
80	41
81	38
82	41
83	55
84	36
85	44
86	39
87	41
88	57
89	60
90	73
91	48
92	61
93	53
94	68
95	82
96	89
97	60
98	85
99	93
100	81
101	92
102	82
103	93
104	88
105	106
106	92
107	110
108	127
109	120
110	135
111	118
112	165
113	150
114	162
115	153
116	172
117	175
118	169
119	191
120	218
121	209
122	233
123	194
124	217
125	213
126	239
127	260
128	278
129	294
130	298
131	272
132	247
133	303
134	315
135	331
136	354
137	385
138	353
139	382
140	440
141	461
142	571
143	645
144	882
145	1197
146	1806
147	3607
148	3996
149	9659
150	19459
