16	10
17	10
18	14
19	4
20	3
21	3
22	6
23	5
24	6
25	7
26	6
27	3
28	1
29	2
30	6
31	8
32	8
33	11
34	8
35	23
36	12
37	2
38	9
39	16
40	11
41	24
42	15
43	19
44	26
45	25
46	36
47	35
48	43
49	37
50	52
51	37
52	41
53	55
54	42
55	43
56	48
57	46
58	48
59	45
60	39
61	54
62	58
63	75
64	68
65	73
66	83
67	80
68	81
69	88
70	84
71	117
72	103
73	108
74	97
75	105
76	98
77	137
78	135
79	104
80	124
81	146
82	175
83	150
84	174
85	158
86	178
87	201
88	214
89	236
90	246
91	243
92	294
93	293
94	320
95	296
96	319
97	343
98	361
99	377
100	410
101	403
102	443
103	405
104	459
105	473
106	466
107	503
108	520
109	558
110	553
111	565
112	558
113	690
114	643
115	723
116	748
117	755
118	770
119	757
120	799
121	822
122	784
123	904
124	933
125	934
126	968
127	1027
128	979
129	1036
130	1064
131	1157
132	1191
133	1091
134	1121
135	1121
136	1213
137	1286
138	1324
139	1410
140	1519
141	1638
142	1842
143	2195
144	2830
145	3766
146	5583
147	12015
148	15368
149	27682
150	82396
