16	11
17	10
18	14
19	5
20	3
21	4
22	7
23	6
24	8
25	10
26	7
27	3
28	1
29	3
30	6
31	10
32	8
33	11
34	9
35	35
36	14
37	4
38	9
39	18
40	12
41	26
42	16
43	20
44	26
45	25
46	40
47	63
48	68
49	38
50	61
51	46
52	47
53	68
54	51
55	48
56	51
57	51
58	52
59	50
60	48
61	60
62	61
63	79
64	73
65	74
66	88
67	89
68	86
69	101
70	92
71	123
72	111
73	122
74	105
75	116
76	107
77	142
78	149
79	113
80	133
81	154
82	195
83	168
84	198
85	178
86	201
87	230
88	248
89	271
90	275
91	271
92	333
93	338
94	363
95	350
96	376
97	396
98	412
99	429
100	463
101	471
102	515
103	467
104	528
105	564
106	565
107	587
108	608
109	680
110	679
111	708
112	694
113	805
114	790
115	874
116	923
117	970
118	937
119	908
120	935
121	1025
122	983
123	1111
124	1137
125	1157
126	1210
127	1274
128	1189
129	1311
130	1312
131	1431
132	1444
133	1366
134	1366
135	1395
136	1528
137	1630
138	1672
139	1815
140	2023
141	2193
142	2424
143	2931
144	3997
145	5311
146	8204
147	18106
148	21871
149	41572
150	178871
