16	17
17	22
18	30
19	40
20	38
21	66
22	40
23	43
24	60
25	64
26	57
27	79
28	71
29	104
30	115
31	144
32	180
33	215
34	297
35	303
36	402
37	495
38	615
39	625
40	818
41	967
42	1140
43	1305
44	1593
45	1786
46	1909
47	2266
48	2419
49	2698
50	3043
51	3307
52	3526
53	3613
54	3702
55	3882
56	4048
57	4106
58	4277
59	4675
60	4656
61	4695
62	5186
63	5234
64	5291
65	5536
66	5776
67	5786
68	6103
69	6264
70	6410
71	6761
72	7113
73	7279
74	7590
75	7565
76	7760
77	8098
78	8353
79	8427
80	9044
81	9237
82	9947
83	10500
84	10688
85	11428
86	11805
87	12152
88	12753
89	13331
90	13741
91	14359
92	14980
93	15642
94	15952
95	16755
96	17432
97	17901
98	19020
99	19116
100	19988
101	20630
102	21531
103	22247
104	23022
105	23878
106	24779
107	25444
108	26466
109	27460
110	29095
111	29624
112	30009
113	31472
114	32430
115	33619
116	34786
117	35357
118	35977
119	37321
120	38205
121	38814
122	40006
123	40368
124	41509
125	43246
126	43936
127	44230
128	45669
129	46723
130	47986
131	50161
132	50394
133	51634
134	54040
135	54384
136	56668
137	59426
138	61218
139	64953
140	70487
141	76781
142	88742
143	110397
144	150127
145	219338
146	343264
147	802903
148	1096166
149	1885905
150	5535011
