16	3
17	4
18	2
19	1
20	1
22	2
25	1
26	2
27	2
28	6
29	9
30	2
31	4
33	3
35	3
36	5
37	4
38	12
39	4
40	5
41	1
42	10
43	21
44	23
45	11
46	15
47	19
48	14
49	19
50	26
51	21
52	35
53	14
54	29
55	38
56	25
57	22
58	23
59	18
60	31
61	23
62	17
63	20
64	20
65	36
66	39
67	39
68	46
69	35
70	35
71	54
72	40
73	50
74	50
75	58
76	46
77	60
78	67
79	71
80	75
81	75
82	91
83	114
84	106
85	86
86	104
87	124
88	122
89	136
90	163
91	138
92	165
93	186
94	181
95	164
96	191
97	228
98	172
99	193
100	222
101	249
102	231
103	250
104	285
105	305
106	287
107	320
108	391
109	387
110	410
111	566
112	372
113	419
114	452
115	625
116	579
117	506
118	563
119	545
120	585
121	677
122	725
123	749
124	704
125	768
126	981
127	973
128	935
129	919
130	969
131	854
132	921
133	930
134	1048
135	921
136	1085
137	1117
138	1311
139	1288
140	1753
141	1799
142	1961
143	2380
144	3092
145	4347
146	6784
147	10998
148	14032
149	45069
150	106557
