16	3
17	4
18	2
19	1
20	1
22	2
25	1
26	2
27	2
28	6
29	9
30	2
31	4
33	3
35	3
36	5
37	4
38	12
39	4
40	5
41	1
42	10
43	19
44	19
45	11
46	14
47	19
48	13
49	17
50	25
51	16
52	27
53	14
54	25
55	33
56	24
57	19
58	16
59	16
60	29
61	22
62	16
63	19
64	19
65	31
66	33
67	37
68	38
69	32
70	31
71	40
72	36
73	48
74	46
75	50
76	36
77	51
78	58
79	59
80	61
81	62
82	74
83	91
84	87
85	67
86	87
87	104
88	95
89	105
90	117
91	107
92	114
93	140
94	146
95	131
96	138
97	153
98	138
99	140
100	165
101	171
102	175
103	172
104	179
105	203
106	198
107	212
108	267
109	271
110	282
111	298
112	238
113	254
114	274
115	354
116	299
117	293
118	327
119	335
120	374
121	392
122	403
123	380
124	388
125	405
126	458
127	450
128	446
129	469
130	447
131	464
132	484
133	470
134	505
135	468
136	519
137	594
138	602
139	618
140	735
141	768
142	911
143	1023
144	1322
145	1628
146	2245
147	3939
148	4440
149	9753
150	12919
