0	0
1	0
2	0
3	0
4	0
5	0
6	0
7	0
8	0
9	0
10	0
11	0
12	0
13	1
14	2
15	1
16	8
17	7
18	1
19	1
20	0
21	2
22	5
23	1
24	3
25	1
26	5
27	4
28	11
29	6
30	8
31	4
32	6
33	3
34	12
35	9
36	16
37	5
38	7
39	8
40	6
41	7
42	8
43	13
44	16
45	9
46	7
47	26
48	16
49	13
50	15
51	22
52	15
53	19
54	16
55	19
56	21
57	24
58	23
59	28
60	23
61	33
62	28
63	21
64	28
65	25
66	28
67	26
68	26
69	26
70	31
71	34
72	37
73	41
74	31
75	30
76	47
77	42
78	36
79	55
80	46
81	52
82	55
83	59
84	52
85	58
86	75
87	74
88	75
89	96
90	83
91	92
92	88
93	96
94	82
95	91
96	96
97	99
98	125
99	100
100	116
101	101
102	88
103	118
104	106
105	118
106	105
107	99
108	138
109	133
110	130
111	110
112	135
113	109
114	126
115	125
116	127
117	99
118	154
119	125
120	138
121	121
122	142
123	111
124	156
125	126
126	125
127	141
128	151
129	111
130	146
131	138
132	135
133	135
134	134
135	160
136	159
137	146
138	138
139	130
140	135
141	138
142	136
143	98
144	142
145	115
146	106
147	131
148	143
149	113
150	89
151	113
152	101
153	129
154	104
155	136
156	120
157	127
158	96
159	99
160	124
161	128
162	131
163	139
164	116
165	97
166	111
167	118
168	106
169	122
170	113
171	110
172	109
173	120
174	98
175	116
176	87
177	106
178	83
179	84
180	125
181	101
182	116
183	134
184	101
185	121
186	78
187	84
188	99
189	106
190	93
191	91
192	95
193	99
194	95
195	103
196	125
197	122
198	125
199	123
200	116
201	137
202	101
203	102
204	119
205	95
206	72
207	92
208	85
209	100
210	112
211	123
212	110
213	98
214	98
215	127
216	77
217	131
218	125
219	89
220	108
221	106
222	100
223	130
224	108
225	91
226	126
227	107
228	105
229	112
230	87
231	77
232	72
233	88
234	83
235	61
236	66
237	107
238	118
239	99
240	79
241	90
242	80
243	78
244	87
245	64
246	79
247	97
248	101
249	121
250	115
251	134
252	106
253	108
254	114
255	95
256	104
257	88
258	90
259	104
260	121
261	100
262	86
263	128
264	120
265	133
266	107
267	113
268	112
269	121
270	109
271	111
272	107
273	136
274	116
275	115
276	140
277	83
278	116
279	108
280	129
281	111
282	122
283	101
284	127
285	102
286	113
287	153
288	139
289	150
290	124
291	151
292	125
293	133
294	110
295	105
296	111
297	146
298	150
299	116
300	124
301	121
302	121
303	115
304	108
305	122
306	128
307	112
308	135
309	131
310	120
311	105
312	102
313	115
314	110
315	120
316	110
317	111
318	126
319	144
320	144
321	142
322	155
323	142
324	120
325	120
326	135
327	120
328	110
329	106
330	114
331	130
332	128
333	132
334	130
335	97
336	129
337	125
338	115
339	127
340	133
341	110
342	123
343	127
344	120
345	141
346	145
347	136
348	112
349	120
350	98
351	114
352	104
353	126
354	110
355	120
356	116
357	134
358	122
359	109
360	123
361	141
362	107
363	119
364	115
365	114
366	125
367	125
368	140
369	127
370	103
371	115
372	131
373	126
374	126
375	120
376	138
377	102
378	129
379	117
380	137
381	122
382	150
383	139
384	107
385	138
386	135
387	123
388	143
389	133
390	115
391	134
392	131
393	159
394	115
395	101
396	108
397	141
398	112
399	130
400	123
401	134
402	118
403	117
404	140
405	122
406	105
407	105
408	110
409	133
410	149
411	153
412	101
413	117
414	117
415	129
416	127
417	112
418	107
419	120
420	124
421	134
422	115
423	113
424	127
425	117
426	122
427	87
428	117
429	127
430	109
431	110
432	121
433	104
434	83
435	109
436	99
437	114
438	93
439	90
440	94
441	99
442	106
443	86
444	121
445	120
446	89
447	132
448	125
449	101
450	111
451	94
452	103
453	93
454	89
455	109
456	101
457	77
458	80
459	76
460	81
461	89
462	91
463	91
464	86
465	87
466	87
467	69
468	63
469	67
470	61
471	69
472	69
473	66
474	74
475	72
476	65
477	77
478	49
479	57
480	65
481	46
482	72
483	71
484	68
485	49
486	57
487	65
488	55
489	47
490	69
491	57
492	56
493	50
494	58
495	73
496	50
497	61
498	52
499	72
500	52
501	58
502	66
503	52
504	71
505	56
506	54
507	58
508	70
509	54
510	57
511	50
512	35
513	58
514	76
515	62
516	43
517	47
518	47
519	57
520	48
521	51
522	35
523	54
524	48
525	49
526	42
527	42
528	37
529	40
530	38
531	42
532	46
533	36
534	50
535	53
536	52
537	28
538	48
539	28
540	50
541	27
542	41
543	28
544	36
545	30
546	30
547	33
548	42
549	45
550	40
551	32
552	35
553	29
554	31
555	36
556	51
557	30
558	26
559	57
560	32
561	31
562	41
563	36
564	36
565	24
566	33
567	28
568	38
569	39
570	24
571	38
572	22
573	19
574	16
575	21
576	27
577	22
578	20
579	26
580	21
