0	0
1	0
2	0
3	0
4	0
5	0
6	0
7	0
8	0
9	0
10	0
11	0
12	0
13	1
14	2
15	1
16	8
17	12
18	1
19	1
20	0
21	2
22	5
23	1
24	3
25	1
26	5
27	4
28	11
29	6
30	8
31	4
32	6
33	3
34	13
35	9
36	17
37	5
38	8
39	8
40	8
41	7
42	10
43	16
44	24
45	9
46	10
47	174
48	18
49	13
50	29
51	23
52	16
53	19
54	16
55	19
56	23
57	25
58	23
59	28
60	28
61	38
62	30
63	23
64	29
65	26
66	29
67	28
68	31
69	27
70	32
71	38
72	44
73	45
74	33
75	37
76	53
77	47
78	41
79	60
80	53
81	59
82	60
83	68
84	59
85	62
86	82
87	84
88	77
89	106
90	98
91	99
92	98
93	111
94	97
95	116
96	111
97	127
98	146
99	120
100	132
101	119
102	105
103	139
104	132
105	142
106	143
107	132
108	174
109	194
110	176
111	143
112	191
113	157
114	182
115	160
116	178
117	150
118	214
119	170
120	190
121	174
122	212
123	156
124	258
125	193
126	186
127	196
128	238
129	175
130	216
131	221
132	218
133	195
134	206
135	275
136	286
137	272
138	192
139	212
140	226
141	214
142	247
143	151
144	244
145	179
146	189
147	238
148	277
149	239
150	182
151	232
152	215
153	263
154	246
155	293
156	278
157	281
158	179
159	203
160	250
161	261
162	280
163	291
164	247
165	173
166	228
167	320
168	266
169	283
170	258
171	253
172	281
173	284
174	231
175	290
176	186
177	255
178	174
179	155
180	295
181	205
182	312
183	330
184	257
185	291
186	195
187	197
188	213
189	226
190	190
191	218
192	213
193	219
194	219
195	221
196	334
197	304
198	294
199	267
200	323
201	315
202	235
203	227
204	228
205	243
206	171
207	180
208	186
209	266
210	311
211	266
212	322
213	230
214	235
215	313
216	163
217	292
218	321
219	184
220	260
221	231
222	224
223	297
224	209
225	201
226	252
227	284
228	273
229	251
230	210
231	142
232	206
233	157
234	187
235	123
236	147
237	258
238	272
239	219
240	143
241	182
242	205
243	134
244	210
245	116
246	197
247	187
248	187
249	284
250	249
251	306
252	206
253	203
254	258
255	181
256	198
257	220
258	210
259	233
260	270
261	222
262	172
263	280
264	201
265	259
266	211
267	227
268	186
269	227
270	231
271	205
272	180
273	239
274	209
275	238
276	289
277	187
278	261
279	179
280	278
281	196
282	281
283	220
284	236
285	153
286	205
287	340
288	237
289	307
290	219
291	292
292	223
293	268
294	223
295	166
296	199
297	248
298	268
299	259
300	192
301	213
302	188
303	193
304	223
305	247
306	254
307	245
308	242
309	217
310	194
311	180
312	204
313	225
314	207
315	185
316	186
317	182
318	212
319	247
320	262
321	255
322	280
323	255
324	193
325	229
326	254
327	179
328	169
329	179
330	184
331	218
332	251
333	251
334	224
335	161
336	265
337	240
338	213
339	211
340	261
341	147
342	203
343	203
344	179
345	240
346	257
347	283
348	172
349	207
350	142
351	203
352	190
353	180
354	194
355	179
356	206
357	232
358	173
359	160
360	206
361	225
362	191
363	188
364	159
365	179
366	189
367	211
368	224
369	191
370	145
371	184
372	192
373	182
374	197
375	187
376	210
377	170
378	213
379	175
380	212
381	199
382	218
383	193
384	157
385	205
386	222
387	178
388	253
389	196
390	168
391	213
392	198
393	294
394	181
395	148
396	156
397	193
398	158
399	169
400	197
401	191
402	171
403	176
404	219
405	170
406	154
407	149
408	150
409	185
410	225
411	232
412	149
413	161
414	192
415	180
416	192
417	168
418	142
419	165
420	220
421	211
422	185
423	186
424	160
425	165
426	150
427	132
428	212
429	190
430	171
431	151
432	192
433	172
434	103
435	174
436	144
437	174
438	119
439	119
440	132
441	134
442	164
443	129
444	186
445	175
446	117
447	183
448	221
449	150
450	172
451	147
452	166
453	133
454	125
455	157
456	144
457	104
458	119
459	99
460	96
461	113
462	141
463	118
464	118
465	125
466	108
467	100
468	81
469	97
470	76
471	93
472	96
473	110
474	102
475	91
476	82
477	117
478	58
479	91
480	104
481	57
482	106
483	96
484	85
485	64
486	77
487	84
488	90
489	62
490	82
491	70
492	72
493	68
494	82
495	88
496	61
497	77
498	62
499	91
500	75
501	72
502	88
503	69
504	96
505	66
506	62
507	83
508	99
509	72
510	82
511	65
512	38
513	82
514	109
515	101
516	46
517	58
518	59
519	69
520	60
521	63
522	44
523	76
524	76
525	74
526	53
527	53
528	55
529	47
530	45
531	51
532	59
533	45
534	70
535	69
536	72
537	29
538	57
539	36
540	56
541	35
542	46
543	29
544	62
545	32
546	41
547	36
548	47
549	64
550	65
551	43
552	42
553	32
554	36
555	49
556	67
557	44
558	27
559	76
560	48
561	47
562	50
563	39
564	50
565	29
566	38
567	33
568	48
569	65
570	39
571	50
572	27
573	20
574	17
575	27
