16	14
17	17
18	14
19	10
20	12
21	9
22	7
23	9
24	9
25	11
26	10
27	10
28	10
29	9
30	7
31	8
32	12
33	13
34	15
35	36
36	20
37	17
38	10
39	30
40	15
41	24
42	32
43	47
44	49
45	46
46	58
47	55
48	65
49	77
50	59
51	73
52	63
53	61
54	61
55	63
56	74
57	67
58	89
59	108
60	89
61	79
62	75
63	84
64	85
65	113
66	99
67	108
68	100
69	125
70	109
71	138
72	136
73	143
74	140
75	167
76	147
77	202
78	196
79	183
80	199
81	236
82	225
83	236
84	249
85	276
86	277
87	300
88	277
89	286
90	383
91	376
92	401
93	414
94	438
95	430
96	452
97	494
98	560
99	501
100	590
101	561
102	566
103	636
104	669
105	690
106	732
107	742
108	786
109	805
110	882
111	924
112	949
113	903
114	989
115	1031
116	1082
117	1191
118	1131
119	1197
120	1128
121	1206
122	1258
123	1228
124	1344
125	1358
126	1417
127	1444
128	1479
129	1395
130	1439
131	1643
132	1691
133	1580
134	1665
135	1645
136	1830
137	1944
138	2040
139	2179
140	2354
141	2700
142	3099
143	3960
144	5500
145	8313
146	13073
147	29769
148	35718
149	69142
150	280854
