16	12
17	15
18	14
19	10
20	12
21	5
22	5
23	9
24	7
25	10
26	8
27	8
28	10
29	9
30	7
31	7
32	12
33	12
34	9
35	23
36	14
37	16
38	10
39	30
40	15
41	23
42	32
43	43
44	41
45	44
46	53
47	48
48	55
49	65
50	55
51	64
52	59
53	57
54	55
55	57
56	71
57	63
58	79
59	97
60	80
61	75
62	72
63	77
64	75
65	107
66	93
67	103
68	86
69	118
70	104
71	132
72	128
73	136
74	130
75	148
76	139
77	191
78	183
79	166
80	181
81	220
82	207
83	209
84	215
85	256
86	258
87	272
88	245
89	250
90	339
91	341
92	359
93	378
94	397
95	385
96	413
97	449
98	496
99	451
100	524
101	504
102	510
103	562
104	592
105	591
106	633
107	640
108	686
109	700
110	773
111	772
112	802
113	766
114	843
115	876
116	919
117	1022
118	991
119	1022
120	973
121	1026
122	1070
123	1004
124	1141
125	1143
126	1212
127	1207
128	1274
129	1187
130	1217
131	1359
132	1415
133	1379
134	1418
135	1387
136	1539
137	1621
138	1700
139	1807
140	1922
141	2229
142	2551
143	3279
144	4517
145	6809
146	10329
147	23391
148	28653
149	53607
150	181110
