16	29
17	32
18	43
19	92
20	64
21	102
22	103
23	89
24	118
25	114
26	137
27	123
28	141
29	158
30	187
31	226
32	328
33	353
34	401
35	499
36	637
37	781
38	894
39	1029
40	1173
41	1438
42	1685
43	1894
44	2107
45	2419
46	2639
47	2894
48	3209
49	3426
50	3645
51	3970
52	4141
53	4405
54	4547
55	4627
56	4990
57	4969
58	5029
59	5398
60	5470
61	5453
62	5752
63	5890
64	6069
65	6374
66	6484
67	6784
68	7041
69	7141
70	7388
71	7609
72	7949
73	8200
74	8251
75	8516
76	8337
77	8896
78	9375
79	9409
80	10020
81	10430
82	10858
83	11283
84	11973
85	12134
86	12886
87	13515
88	14152
89	14337
90	15088
91	15643
92	16516
93	17072
94	17721
95	18460
96	19578
97	19843
98	20704
99	21618
100	22648
101	23599
102	24127
103	24974
104	25649
105	26244
106	27915
107	28773
108	29314
109	30625
110	32480
111	32912
112	33465
113	34971
114	36255
115	37165
116	38781
117	39160
118	40336
119	41617
120	42281
121	43283
122	44146
123	45166
124	46577
125	48378
126	49162
127	50206
128	51669
129	52974
130	54286
131	56581
132	58000
133	58858
134	61338
135	64107
136	66682
137	70898
138	75293
139	81812
140	91097
141	105460
142	127023
143	167082
144	240803
145	389598
146	608852
147	1459058
148	1947050
149	3429475
150	11252657
