16	11
17	11
18	3
19	16
20	9
21	7
22	8
23	11
24	20
25	8
26	14
27	25
28	33
29	36
30	46
31	39
32	45
33	57
34	60
35	47
36	57
37	53
38	76
39	86
40	99
41	124
42	154
43	152
44	147
45	173
46	240
47	444
48	267
49	280
50	942
51	3244
52	713
53	217
54	107
55	74
56	87
57	97
58	117
59	114
60	103
61	120
62	134
63	114
64	120
65	125
66	137
67	145
68	134
69	120
70	127
71	167
72	170
73	197
74	205
75	169
76	250
77	214
78	202
79	174
80	209
81	185
82	220
83	214
84	234
85	267
86	235
87	246
88	249
89	277
90	352
91	333
92	298
93	333
94	355
95	373
96	345
97	405
98	408
99	527
100	528
101	592
102	596
103	564
104	455
105	427
106	454
107	443
108	547
109	776
110	738
111	688
112	582
113	562
114	531
115	608
116	690
117	674
118	647
119	681
120	686
121	748
122	746
123	799
124	1013
125	1464
126	1148
127	942
128	801
129	838
130	879
131	875
132	811
133	855
134	871
135	848
136	816
137	923
138	992
139	1023
140	1054
141	1032
142	1173
143	1354
144	1571
145	1990
146	2857
147	4533
148	5943
149	16051
150	33828
