16	2
17	2
18	4
19	4
20	2
23	3
24	3
27	9
28	8
29	5
30	9
31	3
32	7
33	11
34	19
35	14
36	10
37	20
38	11
39	17
40	24
41	41
42	54
43	44
44	46
45	52
46	76
47	96
48	67
49	60
50	67
51	54
52	54
53	62
54	80
55	87
56	68
57	105
58	117
59	138
60	113
61	100
62	122
63	116
64	113
65	90
66	133
67	125
68	121
69	139
70	153
71	166
72	177
73	162
74	182
75	195
76	204
77	214
78	254
79	260
80	279
81	281
82	339
83	308
84	334
85	358
86	332
87	372
88	371
89	427
90	488
91	466
92	545
93	578
94	542
95	602
96	674
97	644
98	754
99	791
100	877
101	945
102	895
103	987
104	1057
105	1032
106	1138
107	1207
108	1265
109	1311
110	1326
111	1425
112	1490
113	1487
114	1548
115	1665
116	1777
117	1696
118	1719
119	1889
120	2047
121	1947
122	2207
123	2082
124	2079
125	2328
126	2394
127	2439
128	2441
129	2568
130	2598
131	2773
132	2663
133	2852
134	2951
135	2871
136	3273
137	3373
138	3556
139	3803
140	4253
141	4700
142	5472
143	6723
144	8887
145	13735
146	20048
147	35359
148	45506
149	127838
150	214763
