16	2
17	2
18	4
19	4
20	2
23	3
24	3
27	9
28	8
29	5
30	9
31	3
32	7
33	11
34	19
35	14
36	9
37	20
38	11
39	17
40	24
41	40
42	54
43	43
44	45
45	50
46	57
47	69
48	64
49	57
50	62
51	50
52	54
53	58
54	77
55	86
56	67
57	92
58	88
59	111
60	100
61	97
62	117
63	114
64	111
65	87
66	129
67	122
68	117
69	133
70	149
71	163
72	167
73	156
74	173
75	180
76	190
77	204
78	240
79	242
80	263
81	263
82	313
83	278
84	310
85	337
86	304
87	342
88	347
89	406
90	444
91	430
92	480
93	521
94	506
95	552
96	622
97	585
98	709
99	697
100	779
101	855
102	775
103	849
104	924
105	900
106	996
107	1055
108	1133
109	1135
110	1152
111	1231
112	1276
113	1298
114	1357
115	1400
116	1509
117	1437
118	1512
119	1608
120	1751
121	1661
122	1827
123	1738
124	1782
125	1954
126	2026
127	2059
128	2043
129	2150
130	2179
131	2324
132	2237
133	2413
134	2483
135	2414
136	2732
137	2791
138	2931
139	3058
140	3425
141	3804
142	4427
143	5321
144	7079
145	10737
146	15177
147	27456
148	34886
149	89265
150	133829
