0	0
1	0
2	0
3	0
4	0
5	0
6	0
7	0
8	0
9	0
10	0
11	0
12	0
13	1
14	0
15	0
16	0
17	0
18	0
19	0
20	0
21	0
22	0
23	0
24	1
25	0
26	1
27	0
28	1
29	1
30	3
31	1
32	0
33	1
34	3
35	3
36	1
37	1
38	2
39	3
40	3
41	7
42	3
43	3
44	3
45	5
46	6
47	4
48	1
49	2
50	6
51	4
52	6
53	6
54	4
55	5
56	3
57	8
58	6
59	7
60	6
61	8
62	8
63	5
64	7
65	15
66	9
67	11
68	9
69	9
70	14
71	8
72	11
73	9
74	26
75	18
76	18
77	12
78	23
79	17
80	17
81	27
82	20
83	26
84	17
85	27
86	28
87	23
88	30
89	23
90	43
91	33
92	38
93	32
94	46
95	49
96	45
97	41
98	40
99	53
100	53
101	51
102	52
103	66
104	54
105	52
106	68
107	67
108	59
109	64
110	41
111	65
112	51
113	49
114	77
115	56
116	54
117	51
118	65
119	55
120	72
121	68
122	69
123	78
124	62
125	57
126	88
127	69
128	91
129	73
130	59
131	66
132	71
133	65
134	80
135	52
136	76
137	94
138	74
139	72
140	84
141	93
142	84
143	72
144	77
145	103
146	72
147	84
148	84
149	70
150	70
151	106
152	82
153	94
154	73
155	78
156	73
157	104
158	79
159	95
160	88
161	105
162	112
163	61
164	95
165	87
166	104
167	107
168	95
169	95
170	114
171	114
172	131
173	117
174	103
175	110
176	105
177	132
178	119
179	107
180	112
181	55
182	84
183	78
184	93
185	89
186	67
187	116
188	75
189	104
190	90
191	93
192	72
193	83
194	123
195	102
196	94
197	77
198	96
199	82
200	92
201	100
202	91
203	115
204	110
205	107
206	120
207	122
208	107
209	109
210	113
211	97
212	91
213	123
214	133
215	103
216	108
217	109
218	89
219	80
220	107
221	97
222	129
223	73
224	87
225	85
226	77
227	88
228	64
229	90
230	65
231	96
232	76
233	79
234	64
235	62
236	65
237	89
238	93
239	86
240	71
241	77
242	120
243	76
244	104
245	74
246	80
247	95
248	106
249	96
250	94
251	95
252	94
253	113
254	102
255	65
256	91
257	91
258	55
259	81
260	93
261	75
262	81
263	112
264	79
265	107
266	101
267	103
268	115
269	90
270	117
271	99
272	102
273	141
274	99
275	67
276	97
277	98
278	111
279	113
280	115
281	119
282	103
283	83
284	117
285	114
286	95
287	104
288	102
289	98
290	102
291	122
292	95
293	123
294	103
295	97
296	110
297	113
298	101
299	108
300	108
301	90
302	104
303	85
304	117
305	116
306	107
307	98
308	96
309	99
310	103
311	89
312	111
313	94
314	109
315	84
316	91
317	125
318	112
319	137
320	82
321	121
322	135
323	111
324	112
325	123
326	135
327	94
328	90
329	104
330	79
331	91
332	91
333	80
334	66
335	96
336	96
337	107
338	77
339	110
340	124
341	88
342	77
343	85
344	77
345	88
346	83
347	80
348	88
349	100
350	120
351	79
352	84
353	86
354	101
355	85
356	128
357	113
358	112
359	129
360	131
361	84
362	86
363	86
364	98
365	88
366	112
367	73
368	77
369	98
370	113
371	100
372	88
373	114
374	84
375	94
376	79
377	108
378	134
379	113
380	94
381	93
382	104
383	108
384	94
385	89
386	77
387	88
388	105
389	106
390	132
391	110
392	99
393	120
394	103
395	83
396	106
397	99
398	81
399	128
400	105
401	98
402	91
403	116
404	102
405	99
406	92
407	68
408	96
409	98
410	82
411	85
412	87
413	96
414	95
415	74
416	93
417	109
418	117
419	97
420	101
421	84
422	72
423	87
424	115
425	85
426	79
427	79
428	66
429	98
430	93
431	90
432	74
433	92
434	74
435	87
436	91
437	66
438	103
439	74
440	77
441	96
442	83
443	98
444	75
445	60
446	54
447	81
448	88
449	67
450	75
451	69
452	69
453	69
454	69
455	54
456	74
457	70
458	73
459	62
460	53
461	68
462	63
463	62
464	63
465	68
466	58
467	40
468	53
469	48
470	42
471	50
472	51
473	53
474	71
475	53
476	44
477	54
478	48
479	38
480	47
481	56
482	64
483	67
484	53
485	44
486	61
487	60
488	45
489	54
490	51
491	46
492	36
493	32
494	47
495	39
496	41
497	43
498	43
499	63
500	46
501	50
502	49
503	36
504	39
505	51
506	39
507	60
508	51
509	38
510	36
511	39
512	40
513	39
514	46
515	42
516	39
517	40
518	32
519	39
520	52
521	47
522	32
523	38
524	32
525	46
526	34
527	35
528	48
529	15
530	29
531	24
532	31
533	23
534	38
535	30
536	37
537	32
538	20
539	26
540	41
541	29
542	30
543	25
544	15
545	13
546	19
547	20
548	42
549	29
550	25
551	24
552	19
553	23
554	21
555	21
556	33
557	22
558	19
559	30
560	31
561	19
562	26
563	9
564	26
565	33
566	36
567	25
568	18
569	21
570	24
571	19
572	13
573	25
574	19
575	14
576	21
577	14
578	16
579	22
