0	0
1	0
2	0
3	0
4	0
5	0
6	0
7	0
8	0
9	0
10	0
11	0
12	0
13	1
14	0
15	0
16	0
17	0
18	0
19	0
20	0
21	0
22	0
23	0
24	1
25	0
26	1
27	0
28	1
29	1
30	4
31	1
32	0
33	1
34	3
35	3
36	1
37	1
38	2
39	3
40	3
41	7
42	3
43	3
44	3
45	7
46	6
47	4
48	1
49	2
50	7
51	5
52	7
53	6
54	5
55	7
56	3
57	8
58	6
59	8
60	6
61	9
62	8
63	5
64	7
65	16
66	10
67	16
68	9
69	9
70	15
71	10
72	11
73	10
74	29
75	21
76	21
77	12
78	27
79	19
80	21
81	30
82	21
83	35
84	19
85	30
86	30
87	30
88	35
89	27
90	54
91	39
92	40
93	34
94	58
95	53
96	52
97	47
98	50
99	71
100	79
101	66
102	64
103	98
104	66
105	83
106	95
107	89
108	78
109	86
110	47
111	83
112	62
113	65
114	112
115	78
116	90
117	66
118	105
119	83
120	122
121	106
122	92
123	138
124	96
125	94
126	138
127	121
128	205
129	130
130	81
131	102
132	108
133	121
134	120
135	82
136	127
137	160
138	146
139	128
140	152
141	191
142	156
143	130
144	147
145	193
146	179
147	225
148	192
149	151
150	149
151	222
152	202
153	213
154	153
155	158
156	182
157	289
158	205
159	273
160	209
161	307
162	243
163	100
164	248
165	189
166	323
167	265
168	296
169	253
170	298
171	288
172	376
173	339
174	272
175	326
176	308
177	405
178	318
179	306
180	325
181	159
182	226
183	259
184	262
185	294
186	188
187	444
188	231
189	338
190	249
191	326
192	218
193	247
194	400
195	324
196	246
197	264
198	340
199	341
200	286
201	329
202	308
203	391
204	278
205	382
206	389
207	361
208	311
209	370
210	387
211	346
212	305
213	478
214	429
215	390
216	324
217	418
218	307
219	255
220	390
221	308
222	467
223	247
224	293
225	262
226	255
227	314
228	226
229	273
230	278
231	344
232	264
233	275
234	202
235	167
236	169
237	260
238	247
239	342
240	201
241	273
242	412
243	234
244	363
245	232
246	262
247	255
248	394
249	257
250	291
251	447
252	316
253	422
254	388
255	229
256	310
257	264
258	145
259	274
260	210
261	248
262	235
263	324
264	214
265	261
266	294
267	347
268	376
269	299
270	348
271	403
272	292
273	414
274	340
275	222
276	308
277	304
278	346
279	369
280	357
281	274
282	260
283	271
284	340
285	355
286	173
287	249
288	279
289	245
290	298
291	386
292	458
293	359
294	299
295	317
296	307
297	294
298	236
299	389
300	423
301	212
302	282
303	227
304	309
305	345
306	369
307	286
308	231
309	274
310	385
311	200
312	364
313	228
314	331
315	144
316	199
317	382
318	297
319	384
320	249
321	339
322	321
323	180
324	208
325	309
326	349
327	267
328	269
329	279
330	174
331	222
332	192
333	197
334	134
335	234
336	193
337	279
338	155
339	242
340	279
341	207
342	205
343	201
344	149
345	211
346	212
347	219
348	172
349	214
350	301
351	216
352	194
353	242
354	270
355	139
356	336
357	275
358	333
359	394
360	359
361	180
362	205
363	160
364	236
365	171
366	308
367	185
368	164
369	228
370	278
371	162
372	180
373	237
374	153
375	205
376	150
377	235
378	350
379	264
380	183
381	155
382	219
383	222
384	186
385	235
386	161
387	164
388	259
389	232
390	309
391	256
392	259
393	186
394	210
395	165
396	217
397	209
398	147
399	315
400	231
401	189
402	180
403	269
404	236
405	185
406	190
407	125
408	200
409	198
410	150
411	131
412	149
413	208
414	161
415	134
416	156
417	193
418	297
419	243
420	174
421	152
422	135
423	129
424	228
425	161
426	163
427	165
428	101
429	206
430	177
431	203
432	131
433	196
434	103
435	148
436	169
437	122
438	146
439	140
440	114
441	171
442	165
443	179
444	140
445	98
446	73
447	122
448	150
449	133
450	103
451	123
452	161
453	107
454	115
455	94
456	102
457	150
458	149
459	114
460	62
461	120
462	99
463	127
464	134
465	146
466	130
467	73
468	91
469	89
470	48
471	89
472	79
473	70
474	138
475	90
476	99
477	90
478	96
479	65
480	83
481	104
482	106
483	141
484	68
485	87
486	117
487	112
488	88
489	90
490	69
491	93
492	51
493	48
494	92
495	63
496	50
497	64
498	61
499	104
500	134
501	78
502	129
503	56
504	51
505	78
506	52
507	78
508	104
509	48
510	51
511	69
512	50
513	55
514	82
515	70
516	57
517	60
518	45
519	59
520	75
521	82
522	47
523	53
524	40
525	82
526	57
527	58
528	78
529	22
530	39
531	31
532	42
533	31
534	53
535	44
536	56
537	46
538	31
539	36
540	70
541	31
542	37
543	35
544	28
545	17
546	21
547	26
548	61
549	36
550	33
551	28
552	24
553	30
554	31
555	21
556	47
557	31
558	25
559	53
560	51
561	35
562	33
563	12
564	40
565	65
566	48
567	38
568	33
569	43
