0	0
1	0
2	0
3	0
4	0
5	0
6	0
7	0
8	0
9	0
10	0
11	0
12	0
13	2
14	10
15	20
16	22
17	14
18	10
19	3
20	4
21	3
22	3
23	3
24	6
25	3
26	3
27	8
28	10
29	15
30	22
31	23
32	27
33	36
34	58
35	61
36	58
37	71
38	91
39	104
40	129
41	134
42	140
43	161
44	188
45	182
46	193
47	253
48	247
49	260
50	273
51	313
52	296
53	371
54	329
55	342
56	426
57	370
58	420
59	443
60	405
61	431
62	410
63	474
64	426
65	445
66	538
67	542
68	602
69	596
70	613
71	622
72	673
73	680
74	705
75	776
76	811
77	752
78	894
79	921
80	853
81	920
82	977
83	1140
84	1036
85	1268
86	1078
87	1081
88	1187
89	1364
90	2729
91	1932
92	1572
93	1442
94	1540
95	1534
96	1500
97	1589
98	1636
99	1692
100	1790
101	1838
102	2002
103	1956
104	2003
105	2031
106	2264
107	2250
108	2337
109	2431
110	2378
111	2510
112	2459
113	2594
114	2709
115	2671
116	2873
117	2854
118	3043
119	3262
120	3147
121	3191
122	3594
123	3393
124	3474
125	3668
126	3526
127	3714
128	3757
129	3899
130	3938
131	3854
132	3936
133	4055
134	4122
135	4196
136	4332
137	4239
138	4396
139	4416
140	4660
141	4532
142	4594
143	4410
144	4753
145	4421
146	4482
147	5435
148	5615
149	5873
150	5840
151	6116
152	6075
153	6084
154	6197
155	6266
156	6253
157	6389
158	6362
159	6368
160	6575
161	6470
162	6596
163	6448
164	6470
165	6376
166	6541
167	6548
168	6637
169	6708
170	6619
171	6377
172	6551
173	6697
174	6525
175	6487
176	6868
177	6574
178	6597
179	6831
180	6775
181	6535
182	6515
183	6480
184	6530
185	6438
186	6302
187	6482
188	6316
189	6389
190	6405
191	6214
192	6497
193	6338
194	6307
195	6339
196	6233
197	6038
198	6053
199	6244
200	6246
201	6151
202	6057
203	6068
204	5993
205	6063
206	5971
207	6068
208	6040
209	5669
210	5451
211	5792
212	5520
213	5597
214	5618
215	5565
216	5516
217	5699
218	5354
219	5358
220	5556
221	5325
222	5316
223	5289
224	5525
225	5039
226	5029
227	5172
228	5277
229	5000
230	5193
231	4924
232	5005
233	5117
234	4767
235	4905
236	4793
237	4702
238	4838
239	4819
240	4832
241	4895
242	4837
243	4628
244	4540
245	4557
246	4634
247	4602
248	4583
249	4600
250	4402
251	4285
252	4379
253	4302
254	4676
255	4439
256	4348
257	4211
258	4423
259	4069
260	3997
261	4106
262	3901
263	4158
264	3947
265	3936
266	3808
267	3981
268	3984
269	3794
270	3788
271	3857
272	3777
273	3832
274	3873
275	3946
276	3807
277	3753
278	3754
279	3701
280	3700
281	3706
282	3544
283	3513
284	3646
285	3527
286	3571
287	3511
288	3513
289	3305
290	3302
291	3447
292	3483
293	3260
294	3324
295	3148
296	3179
297	3226
298	3127
299	3165
300	3050
301	3160
302	3103
303	3062
304	2983
305	3050
306	2976
307	3018
308	2975
309	2926
310	2741
311	2747
312	2827
313	2880
314	2628
315	2755
316	2692
317	2805
318	2485
319	2615
320	2667
321	2673
322	2590
323	2447
324	2680
325	2451
326	2509
327	2599
328	2513
329	2556
330	2372
331	2414
332	2421
333	2489
334	2274
335	2366
336	2419
337	2331
338	2284
339	2249
340	2408
341	2393
342	2207
343	2205
344	2369
345	2354
346	2322
347	2250
348	2205
349	2074
350	2376
351	2217
352	2082
353	2077
354	2007
355	2007
356	2127
357	2062
358	1875
359	1957
360	1947
361	1958
362	2002
363	1995
364	1962
365	1861
366	1755
367	1858
368	2066
369	1882
370	1869
371	1725
372	1793
373	1856
374	1838
375	1945
376	1860
377	1778
378	1891
379	1875
380	1846
381	1673
382	1711
383	1687
384	1677
385	1524
386	1667
387	1591
388	1637
389	1764
390	1689
391	1612
392	1605
393	1564
394	1431
395	1444
396	1537
397	1509
398	1542
399	1346
400	1448
401	1443
402	1530
403	1509
404	1359
405	1332
406	1323
407	1423
408	1332
409	1340
410	1261
411	1393
412	1393
413	1328
414	1368
415	1327
416	1271
417	1261
418	1326
419	1262
420	1323
421	1286
422	1290
423	1306
424	1275
425	1302
426	1351
427	1285
428	1274
429	1248
430	1320
431	1197
432	1239
433	1236
434	1238
435	1179
436	1141
437	1155
438	1175
439	1164
440	1059
441	1055
442	1083
443	1109
444	1091
445	1115
446	1071
447	1080
448	1163
449	1136
450	1097
451	970
452	983
453	975
454	973
455	1061
456	1065
457	1020
458	1063
459	1052
460	1058
461	1009
462	1055
463	934
464	1056
465	865
466	978
467	957
468	977
469	1094
470	919
471	873
472	1004
473	1015
474	946
475	983
476	965
477	937
478	894
479	943
480	948
481	906
482	915
483	924
484	872
485	961
486	922
487	877
488	804
489	889
490	867
491	899
492	918
493	924
494	952
495	872
496	846
497	834
498	875
499	804
500	844
501	968
502	906
503	867
504	908
505	939
506	867
507	853
508	895
509	919
510	939
511	900
512	866
513	805
514	859
515	814
516	830
517	884
518	894
519	859
520	857
521	830
522	800
523	936
524	863
525	845
526	860
527	807
528	849
529	785
530	862
531	806
532	918
533	953
534	855
535	762
536	789
537	864
538	874
539	843
540	826
541	886
542	767
543	807
544	805
545	806
546	807
547	818
548	766
549	721
550	803
551	812
552	831
553	738
554	755
555	785
556	861
557	773
558	812
559	836
560	800
561	877
562	733
563	793
564	812
565	819
566	780
567	802
568	739
569	725
570	750
571	722
572	744
573	688
574	718
575	674
576	691
577	754
578	698
579	750
580	740
581	713
582	697
583	756
584	694
585	699
586	729
587	748
588	746
589	791
590	744
591	791
592	715
593	723
594	711
595	707
596	744
597	689
598	656
599	748
600	715
601	651
602	719
603	716
604	676
605	704
606	713
607	713
608	739
609	686
610	729
611	708
612	678
613	696
614	611
615	657
616	655
617	573
618	674
619	617
620	614
621	560
622	608
623	693
624	651
625	608
626	623
627	631
628	695
629	732
630	604
631	589
632	579
633	655
634	655
635	670
636	669
637	636
638	642
639	739
640	661
641	613
642	696
643	671
644	599
645	616
646	658
647	577
648	647
649	671
650	595
651	613
652	690
653	603
654	586
655	593
656	626
657	584
658	568
659	612
660	599
661	620
662	642
663	611
664	623
665	611
666	618
667	632
668	651
669	638
670	636
671	605
672	604
673	613
674	731
675	638
676	619
677	660
678	634
679	658
680	663
681	654
682	552
683	614
684	618
685	605
686	576
687	567
688	627
689	571
690	646
691	578
692	627
693	609
694	650
695	691
696	576
697	665
698	554
699	586
700	561
701	647
702	626
703	679
704	699
705	685
706	653
707	567
708	642
709	674
710	602
711	617
712	647
713	638
714	597
715	582
716	585
717	582
718	628
719	593
720	537
721	572
722	630
723	586
724	592
725	599
726	574
727	575
728	560
729	560
730	638
731	614
732	629
733	592
734	641
735	596
736	527
737	572
738	549
739	465
740	585
741	574
742	540
743	560
744	588
745	495
746	557
747	492
748	516
749	501
750	432
751	438
752	515
753	422
754	515
755	517
756	481
757	451
758	417
759	519
760	508
761	544
762	493
763	478
764	474
765	398
766	432
767	486
768	435
769	591
770	541
771	479
772	500
773	496
774	488
775	528
776	572
777	457
778	481
779	469
780	475
781	437
782	499
783	517
784	444
785	523
786	518
787	557
788	467
789	495
790	477
791	424
792	472
793	459
794	493
795	521
796	505
797	496
798	445
799	471
800	551
801	431
802	486
803	434
804	503
805	442
806	477
807	513
808	485
809	464
810	523
811	501
812	508
813	451
814	379
815	443
816	459
817	490
818	473
819	617
820	484
821	527
822	530
823	435
824	414
825	477
826	419
827	428
828	462
829	412
830	468
831	447
832	456
833	405
834	390
835	451
836	429
837	492
838	485
839	468
840	470
841	431
842	456
843	438
844	466
845	417
846	457
847	436
848	472
849	479
850	446
851	478
852	493
853	428
854	459
855	447
856	466
857	497
858	485
859	503
860	448
861	467
862	432
863	405
864	427
865	406
866	411
867	443
868	403
869	514
870	502
871	463
872	451
873	497
874	487
875	454
876	473
877	445
878	476
879	483
880	469
881	488
882	527
883	521
884	427
885	492
886	495
887	482
888	445
889	538
890	426
891	411
892	461
893	409
894	453
895	447
896	471
897	481
898	466
899	447
900	450
901	418
902	469
903	459
904	475
905	413
906	463
907	461
908	424
909	398
910	384
911	432
912	429
913	375
914	360
915	375
916	393
917	391
918	440
919	409
920	424
921	399
922	443
923	446
924	388
925	374
926	424
927	372
928	381
929	461
930	444
931	372
932	397
933	416
934	471
935	406
936	430
937	425
938	422
939	385
940	390
941	521
942	435
943	454
944	461
945	412
946	441
947	449
948	499
949	430
950	469
951	412
952	481
953	445
954	448
955	459
956	474
957	393
958	463
959	458
960	462
961	475
962	426
963	493
964	407
965	424
966	460
967	440
968	455
969	440
970	392
971	503
972	449
973	453
974	514
975	449
976	514
977	511
978	506
979	492
980	504
981	489
982	465
983	462
984	428
985	446
986	383
987	454
988	481
989	431
990	459
991	493
992	366
993	476
994	468
995	469
996	464
997	450
998	462
999	448
1000	486
1001	451
1002	441
1003	444
1004	456
1005	492
1006	471
1007	455
1008	448
1009	416
1010	433
1011	445
1012	444
1013	397
1014	435
1015	387
1016	380
1017	439
1018	425
1019	408
1020	421
1021	391
1022	495
1023	445
1024	405
1025	404
1026	401
1027	329
1028	380
1029	395
1030	353
1031	411
1032	408
1033	433
1034	387
1035	377
1036	386
1037	394
1038	364
1039	386
1040	399
1041	341
1042	376
1043	365
1044	365
1045	386
1046	380
1047	421
1048	382
1049	355
1050	377
1051	322
1052	384
1053	364
1054	362
1055	341
1056	398
1057	364
1058	345
1059	329
1060	370
1061	328
1062	341
1063	335
1064	377
1065	386
1066	341
1067	410
1068	352
1069	347
1070	343
1071	390
1072	403
1073	366
1074	369
1075	387
1076	402
1077	367
1078	378
1079	366
1080	370
1081	383
1082	402
1083	390
1084	303
1085	373
1086	371
1087	354
1088	368
1089	390
1090	414
1091	348
1092	345
1093	327
1094	367
1095	357
1096	359
1097	440
1098	356
1099	343
1100	379
1101	375
1102	342
1103	323
1104	360
1105	368
1106	355
1107	358
1108	371
1109	369
1110	395
1111	409
1112	385
1113	410
1114	405
1115	417
1116	398
1117	383
1118	354
1119	390
1120	363
1121	366
1122	370
1123	435
1124	365
1125	370
1126	394
1127	393
1128	397
1129	454
1130	353
1131	391
1132	450
1133	351
1134	428
1135	426
1136	440
1137	416
1138	377
1139	384
1140	401
1141	376
1142	387
1143	419
1144	423
1145	390
1146	373
1147	356
1148	410
1149	406
1150	432
1151	390
1152	388
1153	396
1154	389
1155	389
1156	423
1157	421
1158	423
1159	370
1160	389
1161	403
1162	361
1163	438
1164	338
1165	364
1166	393
1167	380
1168	377
1169	354
1170	391
1171	393
1172	401
1173	353
1174	388
1175	373
1176	400
1177	345
1178	399
1179	408
1180	413
1181	345
1182	381
1183	373
1184	417
1185	399
1186	374
1187	356
1188	310
1189	331
1190	319
1191	401
1192	330
1193	346
1194	338
1195	429
1196	330
1197	375
1198	383
1199	355
1200	365
1201	412
1202	375
1203	399
1204	404
1205	441
1206	446
1207	411
1208	331
1209	390
1210	339
1211	331
1212	334
1213	291
1214	341
1215	361
1216	322
1217	370
1218	369
1219	333
1220	324
1221	373
1222	292
1223	354
1224	342
1225	300
1226	293
1227	303
1228	330
1229	351
1230	352
1231	330
1232	366
1233	316
1234	363
1235	367
1236	372
1237	348
1238	306
1239	361
1240	304
1241	388
1242	360
1243	346
1244	355
1245	369
1246	386
1247	398
1248	395
1249	409
1250	407
1251	351
1252	373
1253	392
1254	356
1255	373
1256	375
1257	367
1258	360
1259	426
1260	416
1261	413
1262	401
1263	405
1264	360
1265	400
1266	406
1267	347
1268	374
1269	403
1270	347
1271	401
1272	373
1273	401
1274	361
1275	356
1276	414
1277	379
1278	361
1279	338
1280	343
1281	388
1282	432
1283	376
1284	384
1285	387
1286	387
1287	416
1288	371
1289	350
1290	363
1291	366
1292	410
1293	380
1294	361
1295	347
1296	377
1297	386
1298	352
1299	365
1300	352
1301	415
1302	334
1303	358
1304	319
1305	373
1306	362
1307	380
1308	330
1309	361
1310	371
1311	347
1312	314
1313	323
1314	282
1315	304
1316	306
1317	356
1318	360
1319	299
1320	334
1321	356
1322	325
1323	357
1324	278
1325	295
1326	357
1327	366
1328	389
1329	355
1330	360
1331	348
1332	336
1333	335
1334	333
1335	335
1336	344
1337	386
1338	374
1339	299
1340	341
1341	325
1342	307
1343	307
1344	299
1345	300
1346	303
1347	345
1348	353
1349	349
1350	397
1351	384
1352	319
1353	364
1354	355
1355	328
1356	324
1357	343
1358	313
1359	327
1360	353
1361	297
1362	341
1363	325
1364	344
1365	319
1366	297
1367	312
1368	255
1369	304
1370	288
1371	294
1372	328
1373	318
1374	348
1375	341
1376	353
1377	316
1378	299
1379	277
1380	272
1381	297
1382	347
1383	299
1384	298
1385	340
1386	336
1387	326
1388	350
1389	343
1390	320
1391	324
1392	390
1393	325
1394	324
1395	365
1396	316
1397	286
1398	280
1399	273
1400	276
1401	287
1402	311
1403	360
1404	345
1405	330
1406	341
1407	358
1408	323
1409	354
1410	401
1411	306
1412	362
1413	333
1414	256
1415	262
1416	332
1417	284
1418	275
1419	344
1420	320
1421	325
1422	332
1423	315
1424	373
1425	257
1426	316
1427	325
1428	303
1429	322
1430	310
1431	287
1432	268
1433	277
1434	358
1435	290
1436	320
1437	373
1438	304
1439	324
1440	329
1441	336
1442	293
1443	333
1444	354
1445	323
1446	274
1447	227
1448	325
1449	336
1450	356
1451	392
1452	354
1453	369
1454	310
1455	308
1456	322
1457	360
1458	312
1459	317
1460	369
1461	331
1462	303
1463	323
1464	344
1465	296
1466	310
1467	342
1468	324
1469	308
1470	333
1471	317
1472	329
1473	308
1474	313
1475	278
1476	278
1477	300
1478	366
1479	343
1480	337
1481	315
1482	361
1483	355
1484	336
1485	348
1486	366
1487	347
1488	368
1489	304
1490	343
1491	388
1492	311
1493	325
1494	302
1495	330
1496	318
1497	391
1498	404
1499	335
1500	362
1501	354
1502	379
1503	333
1504	361
1505	318
1506	350
1507	296
1508	315
1509	378
1510	371
1511	335
1512	324
1513	346
1514	418
1515	399
1516	348
1517	354
1518	361
1519	360
1520	388
1521	290
1522	369
1523	337
1524	317
1525	300
1526	308
1527	332
1528	349
1529	334
1530	399
1531	371
1532	328
1533	331
1534	339
1535	374
1536	352
1537	315
1538	327
1539	339
1540	368
1541	363
1542	352
1543	306
1544	343
1545	328
1546	345
1547	393
1548	330
1549	307
1550	328
1551	319
1552	337
1553	349
1554	347
1555	348
1556	366
1557	336
1558	324
1559	353
1560	309
1561	272
1562	319
1563	283
1564	322
1565	354
1566	359
1567	341
1568	306
1569	354
1570	359
1571	404
1572	338
1573	345
1574	289
1575	378
1576	309
1577	253
1578	356
1579	319
1580	318
1581	365
1582	360
1583	376
1584	318
1585	327
1586	317
1587	381
1588	332
1589	345
1590	389
1591	331
1592	312
1593	372
1594	416
1595	321
1596	355
1597	409
1598	325
1599	363
1600	406
1601	358
1602	379
1603	403
1604	347
1605	355
1606	356
1607	326
1608	366
1609	364
1610	309
1611	294
1612	298
1613	341
1614	285
1615	350
1616	340
1617	309
1618	303
1619	308
1620	295
1621	315
1622	299
1623	293
1624	312
1625	272
1626	320
1627	283
1628	317
1629	349
1630	292
1631	318
1632	275
1633	276
1634	318
1635	299
1636	316
1637	341
1638	341
1639	297
1640	224
1641	262
1642	293
1643	293
1644	325
1645	327
1646	332
1647	349
1648	309
1649	319
1650	344
1651	291
1652	298
1653	278
1654	306
1655	314
1656	331
1657	266
1658	322
1659	343
1660	311
1661	278
1662	314
1663	274
1664	314
1665	268
1666	299
1667	322
1668	301
1669	326
1670	347
1671	265
1672	296
1673	325
1674	336
1675	319
1676	293
1677	289
1678	247
1679	290
1680	277
1681	292
1682	294
1683	324
1684	332
1685	335
1686	273
1687	280
1688	285
1689	317
1690	329
1691	356
1692	294
1693	328
1694	332
1695	335
1696	305
1697	317
1698	253
1699	311
1700	294
1701	269
1702	328
1703	293
1704	327
1705	264
1706	251
1707	322
1708	338
1709	296
1710	316
1711	272
1712	287
1713	335
1714	299
1715	307
1716	259
1717	323
1718	327
1719	291
1720	314
1721	314
1722	284
1723	297
1724	288
1725	292
1726	331
1727	269
1728	256
1729	271
1730	297
1731	360
1732	292
1733	316
1734	358
1735	330
1736	293
1737	317
1738	358
1739	369
1740	341
1741	282
1742	319
1743	315
1744	283
1745	318
1746	330
1747	334
1748	301
1749	311
1750	285
1751	314
1752	287
1753	287
1754	295
1755	271
1756	283
1757	300
1758	300
1759	304
1760	313
1761	274
1762	324
1763	288
1764	313
1765	293
1766	281
1767	251
1768	280
1769	315
1770	287
1771	278
1772	245
1773	274
1774	310
1775	252
1776	239
1777	275
1778	286
1779	282
1780	317
1781	268
1782	240
1783	282
1784	265
1785	276
1786	302
1787	278
1788	265
1789	282
1790	252
1791	277
1792	283
1793	269
1794	289
1795	300
1796	260
1797	236
1798	245
1799	250
1800	246
1801	259
1802	268
1803	270
1804	294
1805	276
1806	239
1807	248
1808	267
1809	242
1810	280
1811	238
1812	243
1813	284
1814	283
1815	235
1816	241
1817	242
1818	226
1819	226
1820	247
1821	220
1822	188
1823	215
1824	190
1825	216
1826	238
1827	228
1828	266
1829	250
1830	244
1831	244
1832	238
1833	204
1834	209
1835	240
1836	304
1837	247
1838	240
1839	264
1840	253
1841	263
1842	331
1843	279
1844	282
1845	245
1846	245
1847	238
1848	290
1849	272
1850	282
1851	279
1852	269
1853	221
1854	266
1855	321
1856	254
1857	249
1858	244
1859	228
1860	242
1861	217
1862	204
1863	238
1864	247
1865	235
1866	298
1867	263
1868	249
1869	248
1870	261
1871	226
1872	238
1873	246
1874	293
1875	212
1876	308
1877	261
1878	254
1879	234
1880	221
1881	224
1882	227
1883	301
1884	278
1885	259
1886	269
1887	264
1888	242
1889	218
1890	239
1891	276
1892	262
1893	258
1894	227
1895	278
1896	276
1897	255
1898	250
1899	267
1900	290
1901	242
1902	247
1903	259
1904	248
1905	242
1906	207
1907	220
1908	193
1909	232
1910	225
1911	245
1912	208
1913	207
1914	234
1915	285
1916	291
1917	233
1918	325
1919	254
1920	240
1921	253
1922	257
1923	272
1924	204
1925	221
1926	266
1927	208
1928	214
1929	273
1930	285
1931	255
1932	229
1933	226
1934	292
1935	234
1936	243
1937	198
1938	240
1939	251
1940	234
1941	204
1942	271
1943	251
1944	224
1945	221
1946	168
1947	243
1948	254
1949	250
1950	224
1951	245
1952	217
1953	245
1954	267
1955	288
1956	222
1957	270
1958	292
1959	244
1960	229
1961	226
1962	248
1963	257
1964	255
1965	256
1966	215
1967	208
1968	223
1969	225
1970	205
1971	280
1972	256
1973	250
1974	216
1975	220
1976	212
1977	237
1978	233
1979	269
1980	238
1981	245
1982	277
1983	231
1984	255
1985	250
1986	233
1987	237
1988	202
1989	201
1990	160
1991	242
1992	221
1993	223
1994	264
1995	259
1996	258
1997	271
1998	317
1999	262
2000	228
2001	240
2002	281
2003	277
2004	282
2005	287
2006	274
2007	307
2008	280
2009	289
2010	282
2011	215
2012	247
2013	276
2014	246
2015	303
2016	305
2017	245
2018	228
2019	221
2020	231
2021	221
2022	304
2023	291
2024	264
2025	279
2026	344
2027	305
2028	233
2029	301
2030	275
2031	262
2032	260
2033	256
2034	252
2035	262
2036	208
2037	251
2038	233
2039	214
2040	237
2041	271
2042	305
2043	296
2044	257
2045	284
2046	312
2047	261
2048	242
2049	284
2050	234
2051	238
2052	248
2053	265
2054	257
2055	232
2056	286
2057	269
2058	255
2059	277
2060	269
2061	251
2062	304
2063	309
2064	291
2065	283
2066	277
2067	283
2068	275
2069	221
2070	242
2071	245
2072	229
2073	293
2074	271
2075	252
2076	245
2077	223
2078	235
2079	267
2080	260
2081	225
2082	258
2083	243
2084	261
2085	272
2086	226
2087	280
2088	239
2089	206
2090	217
2091	192
2092	241
2093	235
2094	241
2095	238
2096	292
2097	333
2098	257
2099	233
2100	227
2101	248
2102	211
2103	264
2104	260
2105	278
2106	285
2107	286
2108	253
2109	278
2110	271
2111	223
2112	256
2113	236
2114	223
2115	239
2116	219
2117	216
2118	186
2119	176
2120	234
2121	235
2122	264
2123	263
2124	226
2125	246
2126	233
2127	200
2128	239
2129	182
2130	254
2131	193
2132	242
2133	207
2134	229
2135	185
2136	189
2137	184
2138	218
2139	278
2140	215
2141	199
2142	228
2143	249
2144	231
2145	213
2146	219
2147	193
2148	231
2149	214
2150	251
2151	230
2152	269
2153	261
2154	238
2155	282
2156	270
2157	241
2158	209
2159	254
2160	219
2161	204
2162	189
2163	220
2164	210
2165	230
2166	210
2167	256
2168	214
2169	175
2170	213
2171	204
2172	216
2173	195
2174	255
2175	206
2176	224
2177	230
2178	194
2179	196
2180	217
2181	203
2182	216
2183	257
2184	190
2185	186
2186	226
2187	204
2188	240
2189	209
2190	158
2191	198
2192	213
2193	237
2194	222
2195	201
2196	195
2197	224
2198	249
2199	224
2200	220
2201	228
2202	220
2203	232
2204	206
2205	244
2206	250
2207	261
2208	193
2209	207
2210	232
2211	214
2212	202
2213	224
2214	257
2215	258
2216	237
2217	204
2218	255
2219	237
2220	295
2221	216
2222	241
2223	246
2224	237
2225	207
2226	211
2227	209
2228	192
2229	208
2230	199
2231	216
2232	204
2233	215
2234	225
2235	283
2236	224
2237	254
2238	252
2239	206
2240	239
2241	228
2242	280
2243	250
2244	234
2245	253
2246	232
2247	252
2248	276
2249	250
2250	263
2251	215
2252	222
2253	205
2254	234
2255	260
2256	254
2257	264
2258	267
2259	259
2260	316
2261	260
2262	230
2263	225
2264	306
2265	236
2266	267
2267	264
2268	288
2269	306
2270	278
2271	245
2272	239
2273	264
2274	234
2275	243
2276	280
2277	244
2278	248
2279	241
2280	256
2281	223
2282	238
2283	287
2284	259
2285	294
2286	244
2287	254
2288	220
2289	259
2290	262
2291	238
2292	266
2293	232
2294	233
2295	233
2296	224
2297	243
2298	272
2299	211
2300	260
2301	248
2302	274
2303	237
2304	290
2305	290
2306	251
2307	245
2308	275
2309	225
2310	218
2311	214
2312	201
2313	234
2314	270
2315	259
2316	245
2317	264
2318	222
2319	198
2320	254
2321	300
2322	279
2323	249
2324	235
2325	279
2326	208
2327	240
2328	242
2329	236
2330	238
2331	246
2332	241
2333	210
2334	205
2335	200
2336	195
2337	211
2338	241
2339	203
2340	236
2341	221
2342	205
2343	208
2344	236
2345	231
2346	213
2347	228
2348	287
2349	248
2350	241
2351	258
2352	233
2353	227
2354	205
2355	189
2356	188
2357	180
2358	184
2359	206
2360	181
2361	164
2362	181
2363	204
2364	264
2365	219
2366	190
2367	176
2368	181
2369	201
2370	189
2371	235
2372	220
2373	229
2374	227
2375	230
2376	218
2377	238
2378	224
2379	183
2380	217
2381	214
2382	234
2383	237
2384	248
2385	229
2386	219
2387	225
2388	209
2389	209
2390	241
2391	242
2392	193
2393	206
2394	232
2395	200
2396	217
2397	213
2398	174
2399	176
2400	154
2401	197
2402	241
2403	224
2404	214
2405	220
2406	173
2407	208
2408	202
2409	230
2410	210
2411	207
2412	213
2413	201
2414	209
2415	234
2416	202
2417	186
2418	194
2419	206
2420	201
2421	274
2422	207
2423	234
2424	219
2425	234
2426	212
2427	231
2428	238
2429	229
2430	251
2431	293
2432	237
2433	204
2434	183
2435	269
2436	241
2437	271
2438	235
2439	258
2440	268
2441	272
2442	212
2443	279
2444	273
2445	235
2446	277
2447	243
2448	211
2449	221
2450	213
2451	268
2452	232
2453	283
2454	237
2455	254
2456	261
2457	234
2458	193
2459	211
2460	198
2461	206
2462	210
2463	218
2464	234
2465	283
2466	204
2467	174
2468	238
2469	238
2470	209
2471	206
2472	225
2473	193
2474	200
2475	243
2476	231
2477	204
2478	200
2479	239
2480	195
2481	203
2482	208
2483	195
2484	229
2485	254
2486	200
2487	215
2488	213
2489	181
2490	194
2491	252
2492	235
2493	226
2494	214
2495	182
2496	167
2497	199
2498	193
2499	208
2500	221
2501	211
2502	180
2503	223
2504	202
2505	208
2506	225
2507	204
2508	252
2509	211
2510	198
2511	208
2512	170
2513	178
2514	185
2515	160
2516	169
2517	199
2518	224
2519	238
2520	210
2521	239
2522	222
2523	235
2524	232
2525	205
2526	197
2527	250
2528	218
2529	170
2530	243
2531	201
2532	228
2533	187
2534	192
2535	203
2536	209
2537	220
2538	183
2539	215
2540	197
2541	227
2542	219
2543	186
2544	236
2545	140
2546	206
2547	186
2548	198
2549	210
2550	158
2551	198
2552	162
2553	194
2554	159
2555	142
2556	186
2557	162
2558	168
2559	211
2560	214
2561	183
2562	162
2563	188
2564	183
2565	147
2566	219
2567	209
2568	188
2569	168
2570	180
2571	151
2572	152
2573	163
2574	196
2575	163
2576	145
2577	165
2578	148
2579	201
2580	135
2581	146
2582	161
2583	203
2584	191
2585	210
2586	160
2587	181
2588	153
2589	197
2590	194
2591	171
2592	176
2593	156
2594	161
2595	191
2596	168
2597	153
2598	194
2599	176
2600	194
2601	168
2602	181
2603	179
2604	141
2605	147
2606	158
2607	170
2608	183
2609	187
2610	227
2611	177
2612	205
2613	182
2614	175
2615	200
2616	243
2617	190
2618	214
2619	213
2620	174
2621	216
2622	157
2623	180
2624	184
2625	176
2626	218
2627	186
2628	207
2629	167
2630	170
2631	183
2632	175
2633	195
2634	188
2635	174
2636	149
2637	143
2638	160
2639	174
2640	189
2641	170
2642	196
2643	209
2644	180
2645	183
2646	128
2647	154
2648	183
2649	194
2650	220
2651	164
2652	191
2653	169
2654	194
2655	173
2656	189
2657	202
2658	179
2659	178
2660	184
2661	229
2662	179
2663	174
2664	200
2665	176
2666	191
2667	209
2668	185
2669	157
2670	190
2671	142
2672	185
2673	154
2674	197
2675	187
2676	180
2677	195
2678	191
2679	200
2680	166
2681	169
2682	194
2683	169
2684	179
2685	186
2686	234
2687	250
2688	236
2689	201
2690	218
2691	235
2692	186
2693	185
2694	227
2695	188
2696	154
2697	180
2698	208
2699	197
2700	174
2701	183
2702	201
2703	180
2704	193
2705	205
2706	210
2707	213
2708	158
2709	166
2710	203
2711	194
2712	184
2713	179
2714	179
2715	193
2716	213
2717	197
2718	180
2719	167
2720	195
2721	182
2722	221
2723	203
2724	269
2725	165
2726	195
2727	210
2728	208
2729	194
2730	196
2731	204
2732	199
2733	233
2734	229
2735	173
2736	246
2737	191
2738	224
2739	213
2740	198
2741	192
2742	190
2743	197
2744	203
2745	215
2746	189
2747	188
2748	228
2749	183
2750	212
2751	222
2752	226
2753	213
2754	289
2755	248
2756	208
2757	163
2758	204
2759	210
2760	186
2761	229
2762	224
2763	220
2764	181
2765	185
2766	216
2767	191
2768	224
2769	194
2770	198
2771	167
2772	175
2773	228
2774	182
2775	186
2776	137
2777	169
2778	158
2779	192
2780	146
2781	161
2782	182
2783	160
2784	136
2785	150
2786	152
2787	197
2788	199
2789	153
2790	166
2791	215
2792	170
2793	189
2794	173
2795	169
2796	193
2797	189
2798	167
2799	192
2800	189
2801	187
2802	191
2803	177
2804	174
2805	144
2806	119
2807	145
2808	143
2809	149
2810	152
2811	151
2812	136
2813	151
2814	145
2815	156
2816	158
2817	148
2818	159
2819	181
2820	160
2821	120
2822	114
2823	164
2824	150
2825	224
2826	175
2827	174
2828	154
2829	148
2830	159
2831	169
2832	173
2833	154
2834	178
2835	173
2836	186
2837	208
2838	139
2839	167
2840	171
2841	193
2842	195
2843	183
2844	205
2845	201
2846	200
2847	160
2848	144
2849	140
2850	163
2851	159
2852	165
2853	145
2854	142
2855	153
2856	132
2857	132
2858	135
2859	150
2860	184
2861	205
2862	188
2863	187
2864	145
2865	187
2866	202
2867	174
2868	170
2869	158
2870	123
2871	170
2872	175
2873	156
2874	174
2875	131
2876	125
2877	98
2878	114
2879	141
2880	142
2881	143
2882	174
2883	134
2884	146
2885	169
2886	169
2887	174
2888	142
2889	141
2890	130
2891	111
2892	136
2893	142
2894	149
2895	152
2896	129
2897	139
2898	127
2899	147
2900	198
2901	152
2902	165
2903	185
2904	111
2905	149
2906	134
2907	143
2908	161
2909	148
2910	173
2911	167
2912	137
2913	138
2914	155
2915	99
2916	118
2917	87
2918	118
2919	113
2920	126
2921	144
2922	116
2923	161
2924	118
2925	106
2926	105
2927	150
2928	145
2929	154
2930	190
2931	163
2932	149
2933	118
2934	108
2935	129
2936	147
2937	155
2938	174
2939	116
2940	149
2941	127
2942	145
2943	124
2944	125
2945	127
2946	147
2947	163
2948	126
2949	144
2950	134
2951	151
2952	123
2953	186
2954	149
2955	108
2956	139
2957	126
2958	139
2959	124
2960	103
2961	115
2962	128
2963	117
2964	108
2965	129
2966	113
2967	121
2968	139
2969	138
2970	126
2971	127
2972	99
2973	105
2974	151
2975	117
2976	113
2977	135
2978	131
2979	144
2980	158
2981	126
2982	141
2983	122
2984	131
2985	120
2986	107
2987	138
2988	117
2989	101
2990	136
2991	118
2992	134
2993	112
2994	138
2995	120
2996	146
2997	135
2998	143
2999	125
3000	102
3001	121
3002	125
3003	148
3004	142
3005	133
3006	115
3007	135
3008	115
3009	118
3010	116
3011	126
3012	124
3013	111
3014	93
3015	115
3016	148
3017	127
3018	161
3019	167
3020	132
3021	182
3022	139
3023	136
3024	158
3025	122
3026	137
3027	129
3028	134
3029	166
3030	124
3031	131
3032	127
3033	169
3034	179
3035	174
3036	165
3037	129
3038	142
3039	155
3040	140
3041	153
3042	202
3043	151
3044	178
3045	165
3046	146
3047	188
3048	186
3049	155
3050	196
3051	187
3052	217
3053	181
3054	174
3055	203
3056	157
3057	165
3058	148
3059	179
3060	137
3061	155
3062	142
3063	158
3064	133
3065	178
3066	152
3067	192
3068	195
3069	187
3070	150
3071	146
3072	168
3073	160
3074	178
3075	170
3076	169
3077	151
3078	184
3079	149
3080	127
3081	152
3082	178
3083	121
3084	152
3085	183
3086	165
3087	151
3088	135
3089	119
3090	147
3091	143
3092	152
3093	154
3094	170
3095	140
3096	147
3097	163
3098	185
3099	132
3100	133
3101	212
3102	170
3103	147
3104	125
3105	163
3106	172
3107	184
3108	225
3109	181
3110	155
3111	138
3112	156
3113	155
3114	162
3115	180
3116	156
3117	111
3118	144
3119	168
3120	143
3121	106
3122	98
3123	103
3124	102
3125	102
3126	109
3127	127
3128	120
3129	63
3130	121
3131	123
3132	142
3133	116
3134	108
3135	176
3136	178
3137	124
3138	131
3139	169
3140	144
3141	158
3142	166
3143	155
3144	147
3145	130
3146	130
3147	114
3148	147
3149	125
3150	145
3151	155
3152	121
3153	155
3154	142
3155	141
3156	120
3157	120
3158	157
3159	94
3160	144
3161	128
3162	115
3163	149
3164	136
3165	148
3166	108
3167	117
3168	129
3169	139
3170	121
3171	91
3172	127
3173	164
3174	130
3175	156
3176	138
3177	161
3178	154
3179	169
3180	134
3181	110
3182	132
3183	139
3184	162
3185	139
3186	131
3187	114
3188	114
3189	164
3190	114
3191	162
3192	145
3193	135
3194	165
3195	154
3196	147
3197	125
3198	103
3199	141
3200	184
3201	164
3202	123
3203	168
3204	162
3205	197
3206	123
3207	139
3208	143
3209	143
3210	148
3211	169
3212	155
3213	225
3214	161
3215	168
3216	180
3217	148
3218	127
3219	201
3220	157
3221	145
3222	143
3223	137
3224	133
3225	138
3226	137
3227	150
3228	181
3229	147
3230	178
3231	141
3232	118
3233	148
3234	154
3235	137
3236	148
3237	177
3238	185
3239	145
3240	149
3241	130
3242	161
3243	137
3244	151
3245	158
3246	180
3247	182
3248	179
3249	155
3250	147
3251	167
3252	191
3253	183
3254	202
3255	209
3256	176
3257	134
3258	157
3259	158
3260	183
3261	155
3262	163
3263	162
3264	161
3265	142
3266	136
3267	168
3268	143
3269	190
3270	183
3271	190
3272	182
3273	153
3274	190
3275	166
3276	144
3277	162
3278	197
3279	155
3280	143
3281	181
3282	197
3283	185
3284	203
3285	194
3286	164
3287	205
3288	185
3289	161
3290	166
3291	160
3292	159
3293	152
3294	164
3295	122
3296	132
3297	120
3298	151
3299	148
3300	179
3301	188
3302	165
3303	198
3304	170
3305	214
3306	174
3307	186
3308	193
3309	190
3310	166
3311	175
3312	147
3313	179
3314	153
3315	166
3316	158
3317	212
3318	192
3319	174
3320	166
3321	173
3322	191
3323	198
3324	209
3325	211
3326	196
3327	183
3328	190
3329	203
3330	179
3331	211
3332	194
3333	206
3334	164
3335	159
3336	123
3337	158
3338	181
3339	194
3340	141
3341	178
3342	192
3343	188
3344	197
3345	187
3346	206
3347	196
3348	184
3349	185
3350	162
3351	203
3352	197
3353	223
3354	184
3355	181
3356	190
3357	180
3358	166
3359	137
3360	135
3361	139
3362	147
3363	169
3364	168
3365	169
3366	155
3367	164
3368	158
3369	146
3370	167
3371	171
3372	167
3373	171
3374	163
3375	146
3376	186
3377	203
3378	160
3379	152
3380	170
3381	139
3382	154
3383	142
3384	125
3385	118
3386	125
3387	155
3388	172
3389	119
3390	130
3391	166
3392	147
3393	140
3394	133
3395	97
3396	126
3397	145
3398	157
3399	118
3400	120
3401	125
3402	131
3403	143
3404	200
3405	161
3406	113
3407	141
3408	132
3409	154
3410	131
3411	122
3412	121
3413	115
3414	146
3415	124
3416	142
3417	149
3418	113
3419	144
3420	135
3421	114
3422	136
3423	104
3424	125
3425	134
3426	116
3427	105
3428	99
3429	136
3430	129
3431	157
3432	140
3433	120
3434	126
3435	152
3436	136
3437	116
3438	147
3439	174
3440	154
3441	176
3442	119
3443	98
3444	107
3445	97
3446	98
3447	108
3448	149
3449	120
3450	150
3451	153
3452	111
3453	146
3454	142
3455	137
3456	128
3457	117
3458	149
3459	136
3460	111
3461	116
3462	136
3463	133
3464	138
3465	131
3466	137
3467	157
3468	155
3469	154
3470	156
3471	187
3472	106
3473	139
3474	137
3475	141
3476	124
3477	118
3478	99
3479	118
3480	102
3481	117
3482	137
3483	102
3484	133
3485	141
3486	138
3487	125
3488	130
3489	159
3490	165
3491	144
3492	132
3493	96
3494	127
3495	127
3496	114
3497	125
3498	121
3499	119
3500	119
3501	104
3502	95
3503	136
3504	185
3505	134
3506	93
3507	109
3508	145
3509	116
3510	124
3511	135
3512	128
3513	169
3514	141
3515	134
3516	154
3517	126
3518	116
3519	125
3520	150
3521	124
3522	147
3523	158
3524	158
3525	111
3526	129
3527	120
3528	113
3529	134
3530	124
3531	114
3532	117
3533	119
3534	105
3535	130
3536	112
3537	149
3538	116
3539	145
3540	129
3541	160
3542	118
3543	155
3544	144
3545	134
3546	148
3547	135
3548	124
3549	115
3550	149
3551	116
3552	113
3553	120
3554	136
3555	131
3556	105
3557	113
3558	125
3559	144
3560	147
3561	124
3562	144
3563	157
3564	167
3565	114
3566	144
3567	165
3568	105
3569	172
3570	151
3571	155
3572	148
3573	126
3574	138
3575	131
3576	126
3577	148
3578	150
3579	135
3580	134
3581	118
3582	137
3583	115
3584	137
3585	177
3586	133
3587	107
3588	178
3589	114
3590	156
3591	98
3592	137
3593	145
3594	110
3595	123
3596	136
3597	116
3598	113
3599	124
3600	141
3601	108
3602	130
3603	119
3604	114
3605	132
3606	113
3607	119
3608	117
3609	122
3610	122
3611	103
3612	118
3613	155
3614	139
3615	116
3616	101
3617	110
3618	124
3619	123
3620	119
3621	149
3622	103
3623	109
3624	117
3625	122
3626	114
3627	147
3628	118
3629	128
3630	124
3631	111
3632	103
3633	139
3634	141
3635	144
3636	130
3637	138
3638	140
3639	118
3640	131
3641	83
3642	105
3643	133
3644	101
3645	83
3646	123
3647	108
3648	94
3649	112
3650	123
3651	106
3652	116
3653	121
3654	115
3655	133
3656	113
3657	119
3658	95
3659	130
3660	106
3661	121
3662	144
3663	101
3664	115
3665	122
3666	114
3667	103
3668	117
3669	129
3670	115
3671	78
3672	132
3673	123
3674	123
3675	158
3676	150
3677	130
3678	115
3679	108
3680	146
3681	160
3682	140
3683	130
3684	140
3685	128
3686	141
3687	135
3688	114
3689	115
3690	107
3691	154
3692	114
3693	152
3694	135
3695	137
3696	109
3697	115
3698	97
3699	102
3700	134
3701	131
3702	128
3703	109
3704	128
3705	130
3706	134
3707	131
3708	106
3709	114
3710	80
3711	107
3712	120
3713	141
3714	125
3715	109
3716	133
3717	131
3718	136
3719	89
3720	117
3721	126
3722	123
3723	98
3724	121
3725	110
3726	139
3727	118
3728	100
3729	118
3730	132
3731	88
3732	95
3733	114
3734	127
3735	112
3736	97
3737	125
3738	124
3739	134
3740	111
3741	97
3742	112
3743	127
3744	125
3745	106
3746	139
3747	105
3748	108
3749	110
3750	124
3751	113
3752	142
3753	112
3754	105
3755	137
3756	92
3757	82
3758	119
3759	94
3760	107
3761	104
3762	128
3763	150
3764	117
3765	143
3766	87
3767	92
3768	124
3769	114
3770	121
3771	137
3772	114
3773	76
3774	100
3775	108
3776	153
3777	134
3778	126
3779	139
3780	100
3781	137
3782	97
3783	128
3784	158
3785	137
3786	111
3787	131
3788	116
3789	91
3790	118
3791	142
3792	128
3793	111
3794	117
3795	129
3796	96
3797	87
3798	106
3799	128
3800	91
3801	103
3802	135
3803	137
3804	125
3805	141
3806	117
3807	134
3808	122
3809	117
3810	90
3811	124
3812	119
3813	78
3814	149
3815	122
3816	141
3817	176
3818	151
3819	123
3820	148
3821	127
3822	121
3823	110
3824	151
3825	140
3826	145
3827	151
3828	178
3829	120
3830	147
3831	95
3832	143
3833	106
3834	153
3835	85
3836	116
3837	102
3838	95
3839	110
3840	102
3841	102
3842	102
3843	77
3844	87
3845	109
3846	124
3847	106
3848	123
3849	135
3850	112
3851	106
3852	106
3853	112
3854	105
3855	100
3856	102
3857	110
3858	139
3859	101
3860	103
3861	116
3862	111
3863	127
3864	120
3865	92
3866	128
3867	103
3868	112
3869	102
3870	97
3871	91
3872	124
3873	123
3874	115
3875	131
3876	149
3877	99
3878	109
3879	105
3880	114
3881	132
3882	156
3883	130
3884	116
3885	127
3886	134
3887	174
3888	168
3889	119
3890	126
3891	117
3892	107
3893	156
3894	147
3895	146
3896	131
3897	154
3898	182
3899	144
3900	115
3901	96
3902	128
3903	129
3904	126
3905	121
3906	140
3907	138
3908	119
3909	136
3910	131
3911	127
3912	130
3913	136
3914	159
3915	129
3916	121
3917	132
3918	130
3919	117
3920	142
3921	147
3922	152
3923	149
3924	122
3925	126
3926	113
3927	181
3928	107
3929	134
3930	151
3931	140
3932	143
3933	109
3934	127
3935	156
3936	151
3937	154
3938	121
3939	137
3940	119
3941	140
3942	141
3943	127
3944	182
3945	142
3946	140
3947	201
3948	140
3949	143
3950	149
3951	157
3952	148
3953	164
3954	169
3955	115
3956	151
3957	158
3958	118
3959	127
3960	137
3961	120
3962	125
3963	124
3964	114
3965	93
3966	114
3967	126
3968	111
3969	135
3970	152
3971	161
3972	122
3973	120
3974	102
3975	116
3976	93
3977	141
3978	131
3979	146
3980	118
3981	145
3982	160
3983	138
3984	135
3985	127
3986	136
3987	113
3988	130
3989	101
3990	114
3991	125
3992	112
3993	126
3994	128
3995	136
3996	93
3997	90
3998	119
3999	111
4000	118
4001	111
4002	126
4003	115
4004	116
4005	112
4006	125
4007	134
4008	92
4009	108
4010	119
4011	92
4012	94
4013	127
4014	98
4015	121
4016	93
4017	152
4018	125
4019	106
4020	100
4021	113
4022	106
4023	161
4024	140
4025	113
4026	115
4027	139
4028	139
4029	144
4030	102
4031	98
4032	109
4033	140
4034	147
4035	143
4036	113
4037	109
4038	127
4039	120
4040	139
4041	140
4042	108
4043	138
4044	113
4045	113
4046	143
4047	120
4048	98
4049	133
4050	132
4051	119
4052	129
4053	126
4054	162
4055	157
4056	171
4057	150
4058	148
4059	127
4060	155
4061	139
4062	143
4063	140
4064	126
4065	152
4066	111
4067	130
4068	102
4069	112
4070	124
4071	124
4072	116
4073	111
4074	112
4075	124
4076	125
4077	160
4078	121
4079	127
4080	139
4081	139
4082	139
4083	134
4084	126
4085	132
4086	163
4087	176
4088	171
4089	100
4090	109
4091	118
4092	135
4093	111
4094	120
4095	135
4096	148
4097	184
4098	173
4099	152
4100	151
4101	152
4102	166
4103	98
4104	96
4105	118
4106	109
4107	131
4108	103
4109	136
4110	152
4111	155
4112	164
4113	154
4114	150
4115	138
4116	139
4117	124
4118	128
4119	137
4120	114
4121	118
4122	102
4123	119
4124	121
4125	144
4126	111
4127	122
4128	124
4129	100
4130	112
4131	117
4132	159
4133	108
4134	127
4135	90
4136	90
4137	93
4138	146
4139	107
4140	137
4141	129
4142	140
4143	116
4144	97
4145	120
4146	100
4147	122
4148	109
4149	126
4150	103
4151	99
4152	125
4153	117
4154	82
4155	100
4156	98
4157	133
4158	111
4159	111
4160	93
4161	126
4162	86
4163	92
4164	121
4165	91
4166	77
4167	83
4168	105
4169	100
4170	102
4171	102
4172	102
4173	113
4174	90
4175	75
4176	83
4177	108
4178	103
4179	85
4180	122
4181	133
4182	126
4183	137
4184	108
4185	105
4186	123
4187	102
4188	98
4189	115
4190	81
4191	129
4192	99
4193	92
4194	88
4195	104
4196	95
4197	109
4198	118
4199	84
4200	88
4201	116
4202	94
4203	132
4204	122
4205	126
4206	128
4207	92
4208	101
4209	89
4210	96
4211	88
4212	94
4213	112
4214	75
4215	54
4216	92
4217	70
4218	97
4219	88
4220	106
4221	111
4222	103
4223	83
4224	136
4225	81
4226	102
4227	88
4228	98
4229	111
4230	107
4231	73
4232	102
4233	69
4234	110
4235	108
4236	117
4237	118
4238	133
4239	129
4240	139
4241	129
4242	94
4243	108
4244	104
4245	100
4246	89
4247	96
4248	78
4249	96
4250	81
4251	101
4252	108
4253	103
4254	117
4255	95
4256	84
4257	89
4258	77
4259	81
4260	86
4261	90
4262	99
4263	96
4264	87
4265	127
4266	91
4267	113
4268	97
4269	121
4270	142
4271	119
4272	114
4273	90
4274	96
4275	112
4276	109
4277	118
4278	113
4279	104
4280	132
4281	102
4282	103
4283	93
4284	106
4285	113
4286	147
4287	120
4288	94
4289	99
4290	97
4291	90
4292	115
4293	99
4294	116
4295	126
4296	142
4297	84
4298	96
4299	128
4300	116
4301	126
4302	96
4303	106
4304	120
4305	103
4306	128
4307	89
4308	111
4309	75
4310	116
4311	122
4312	118
4313	120
4314	141
4315	98
4316	107
4317	121
4318	106
4319	111
4320	108
4321	84
4322	114
4323	79
4324	83
4325	64
4326	76
4327	95
4328	121
4329	92
4330	124
4331	111
4332	104
4333	103
4334	85
4335	140
4336	123
4337	98
4338	75
4339	81
4340	88
4341	89
4342	108
4343	70
4344	93
4345	90
4346	84
4347	70
4348	94
4349	92
4350	63
4351	75
4352	85
4353	82
4354	83
4355	89
4356	61
4357	84
4358	79
4359	112
4360	78
4361	94
4362	127
4363	106
4364	123
4365	92
4366	100
4367	97
4368	97
4369	75
4370	68
4371	97
4372	80
4373	91
4374	100
4375	83
4376	57
4377	83
4378	84
4379	76
4380	93
4381	89
4382	85
4383	88
4384	70
4385	63
4386	82
4387	91
4388	103
4389	79
4390	91
4391	95
4392	69
4393	81
4394	85
4395	77
4396	102
4397	113
4398	94
4399	77
4400	69
4401	87
4402	68
4403	75
4404	63
4405	90
4406	113
4407	73
4408	76
4409	100
4410	92
4411	98
4412	98
4413	73
4414	86
4415	53
4416	69
4417	86
4418	96
4419	92
4420	96
4421	78
4422	83
4423	72
4424	56
4425	66
4426	80
4427	101
4428	95
4429	66
4430	93
4431	110
4432	75
4433	89
4434	72
4435	82
4436	89
4437	83
4438	76
4439	92
4440	78
4441	71
4442	89
4443	58
4444	93
4445	74
4446	73
4447	90
4448	86
4449	56
4450	71
4451	85
4452	79
4453	86
4454	82
4455	105
4456	115
4457	90
4458	72
4459	95
4460	81
4461	59
4462	86
4463	84
4464	83
4465	83
4466	82
4467	72
4468	74
4469	78
4470	60
4471	78
4472	88
4473	63
4474	43
4475	65
4476	58
4477	72
4478	82
4479	66
4480	92
4481	82
4482	115
4483	85
4484	94
4485	87
4486	84
4487	62
4488	68
4489	78
4490	81
4491	71
4492	63
4493	76
4494	80
4495	94
4496	128
4497	140
4498	119
4499	84
4500	143
4501	67
4502	100
4503	78
4504	78
4505	87
4506	111
4507	73
4508	71
4509	48
4510	73
4511	95
4512	89
4513	94
4514	71
4515	77
4516	67
4517	84
4518	107
4519	62
4520	78
4521	59
4522	81
4523	104
4524	89
4525	70
4526	92
4527	71
4528	86
4529	96
4530	99
4531	93
4532	93
4533	82
4534	74
4535	96
4536	56
4537	75
4538	106
4539	88
4540	107
4541	138
4542	112
4543	92
4544	107
4545	107
4546	100
4547	73
4548	94
4549	120
4550	109
4551	122
4552	115
4553	103
4554	114
4555	132
4556	93
4557	102
4558	121
4559	119
4560	114
4561	106
4562	97
4563	94
4564	94
4565	123
4566	102
4567	117
4568	96
4569	92
4570	131
4571	77
4572	117
4573	110
4574	137
4575	95
4576	111
4577	97
4578	112
4579	105
4580	107
4581	109
4582	113
4583	119
4584	97
4585	92
4586	115
4587	95
4588	96
4589	94
4590	121
4591	108
4592	75
4593	98
4594	111
4595	98
4596	114
4597	90
4598	96
4599	135
4600	96
4601	85
4602	103
4603	119
4604	117
4605	73
4606	93
4607	92
4608	151
4609	99
4610	120
4611	105
4612	114
4613	89
4614	116
4615	130
4616	121
4617	96
4618	115
4619	93
4620	104
4621	136
4622	93
4623	97
4624	88
4625	110
4626	105
4627	97
4628	119
4629	123
4630	134
4631	126
4632	99
4633	85
4634	86
4635	110
4636	94
4637	100
4638	85
4639	93
4640	92
4641	92
4642	78
4643	72
4644	98
4645	99
4646	106
4647	78
4648	87
4649	96
4650	122
4651	78
4652	90
4653	103
4654	95
4655	79
4656	91
4657	117
4658	89
4659	106
4660	88
4661	88
4662	99
4663	100
4664	106
4665	78
4666	124
4667	91
4668	103
4669	80
4670	74
4671	87
4672	90
4673	98
4674	79
4675	120
4676	88
4677	80
4678	105
4679	86
4680	92
4681	81
4682	85
4683	78
4684	77
4685	100
4686	104
4687	93
4688	78
4689	102
4690	77
4691	94
4692	95
4693	73
4694	90
4695	88
4696	87
4697	108
4698	79
4699	74
4700	86
4701	88
4702	68
4703	76
4704	82
4705	96
4706	66
4707	88
4708	99
4709	66
4710	86
4711	73
4712	82
4713	86
4714	90
4715	64
4716	91
4717	101
4718	112
4719	66
4720	76
4721	69
4722	68
4723	77
4724	93
4725	89
4726	82
4727	69
4728	96
4729	121
4730	76
4731	99
4732	94
4733	102
4734	99
4735	115
4736	91
4737	91
4738	97
4739	99
4740	82
4741	87
4742	79
4743	81
4744	74
4745	75
4746	62
4747	103
4748	97
4749	95
4750	107
4751	64
4752	72
4753	83
4754	106
4755	70
4756	129
4757	109
4758	96
4759	87
4760	84
4761	98
4762	84
4763	89
4764	98
4765	103
4766	91
4767	99
4768	90
4769	83
4770	85
4771	69
4772	74
4773	83
4774	80
4775	83
4776	78
4777	77
4778	78
4779	98
4780	92
4781	67
4782	98
4783	90
4784	96
4785	109
4786	67
4787	82
4788	92
4789	65
4790	81
4791	85
4792	100
4793	91
4794	78
4795	83
4796	106
4797	61
4798	79
4799	78
4800	100
4801	71
4802	117
4803	108
4804	87
4805	86
4806	91
4807	61
4808	113
4809	88
4810	50
4811	83
4812	111
4813	60
4814	70
4815	82
4816	117
4817	102
4818	82
4819	133
4820	74
4821	82
4822	95
4823	57
4824	75
4825	78
4826	72
4827	80
4828	71
4829	83
4830	90
4831	87
4832	94
4833	86
4834	49
4835	92
4836	92
4837	73
4838	113
4839	74
4840	63
4841	63
4842	75
4843	90
4844	70
4845	58
4846	62
4847	36
4848	81
4849	77
4850	70
4851	66
4852	56
4853	69
4854	82
4855	55
4856	71
4857	66
4858	69
4859	59
4860	51
4861	76
4862	55
4863	73
4864	58
4865	42
4866	75
4867	67
4868	85
4869	76
4870	67
4871	50
4872	66
4873	68
4874	83
4875	88
4876	97
4877	73
4878	82
4879	61
4880	63
4881	56
4882	61
4883	71
4884	77
4885	73
4886	95
4887	93
4888	88
4889	65
4890	99
4891	73
4892	91
4893	74
4894	89
4895	57
4896	66
4897	82
4898	58
4899	61
4900	65
4901	75
4902	79
4903	113
4904	52
4905	57
4906	58
4907	72
4908	59
4909	71
4910	68
4911	44
4912	84
4913	78
4914	101
4915	70
4916	94
4917	82
4918	94
4919	71
4920	75
4921	75
4922	82
4923	103
4924	83
4925	82
4926	102
4927	86
4928	81
4929	63
4930	96
4931	60
4932	94
4933	73
4934	68
4935	79
4936	76
4937	72
4938	80
4939	98
4940	98
4941	86
4942	69
4943	73
4944	86
4945	72
4946	70
4947	99
4948	61
4949	71
4950	69
4951	68
4952	76
4953	95
4954	97
4955	83
4956	60
4957	71
4958	80
4959	114
4960	81
4961	84
4962	88
4963	72
4964	92
4965	54
4966	95
4967	114
4968	97
4969	92
4970	106
4971	100
4972	101
4973	94
4974	67
4975	70
4976	104
4977	92
4978	127
4979	89
4980	64
4981	64
4982	71
4983	89
4984	123
4985	84
4986	75
4987	90
4988	110
4989	73
4990	82
4991	62
4992	109
4993	90
4994	80
4995	68
4996	56
4997	62
4998	86
4999	75
5000	114
5001	78
5002	96
5003	65
5004	98
5005	111
5006	86
5007	72
5008	93
5009	89
5010	90
5011	97
5012	69
5013	60
5014	53
5015	67
5016	96
5017	72
5018	70
5019	90
5020	95
5021	102
5022	76
5023	66
5024	84
5025	67
5026	68
5027	94
5028	92
5029	79
5030	93
5031	89
5032	96
5033	63
5034	84
5035	87
5036	71
5037	94
5038	81
5039	77
5040	115
5041	80
5042	93
5043	83
5044	91
5045	114
5046	88
5047	122
5048	81
5049	72
5050	95
5051	93
5052	98
5053	117
5054	84
5055	91
5056	91
5057	75
5058	76
5059	83
5060	81
5061	102
5062	86
5063	83
5064	87
5065	92
5066	82
5067	92
5068	84
5069	98
5070	102
5071	97
5072	90
5073	75
5074	85
5075	96
5076	100
5077	80
5078	118
5079	104
5080	97
5081	78
5082	91
5083	75
5084	80
5085	69
5086	83
5087	90
5088	81
5089	108
5090	99
5091	84
5092	68
5093	75
5094	79
5095	86
5096	69
5097	85
5098	69
5099	61
5100	101
5101	85
5102	90
5103	79
5104	56
5105	110
5106	84
5107	117
5108	79
5109	89
5110	109
5111	91
5112	99
5113	81
5114	96
5115	64
5116	73
5117	64
5118	74
5119	79
5120	57
5121	72
5122	59
5123	67
5124	92
5125	79
5126	96
5127	68
5128	84
5129	75
5130	95
5131	90
5132	69
5133	91
5134	75
5135	90
5136	86
5137	78
5138	85
5139	70
5140	57
5141	61
5142	64
5143	104
5144	105
5145	77
5146	62
5147	73
5148	65
5149	107
5150	98
5151	113
5152	118
5153	96
5154	70
5155	79
5156	109
5157	63
5158	100
5159	90
5160	74
5161	92
5162	78
5163	71
5164	77
5165	74
5166	90
5167	70
5168	62
5169	97
5170	63
5171	57
5172	79
5173	69
5174	104
5175	108
5176	114
5177	85
5178	74
5179	59
5180	67
5181	61
5182	57
5183	77
5184	85
5185	70
5186	50
5187	54
5188	64
5189	52
5190	58
5191	81
5192	50
5193	67
5194	100
5195	60
5196	73
5197	62
5198	89
5199	85
5200	67
5201	45
5202	63
5203	48
5204	45
5205	75
5206	65
5207	60
5208	63
5209	68
5210	67
5211	80
5212	63
5213	85
5214	78
5215	66
5216	68
5217	52
5218	39
5219	57
5220	59
5221	81
5222	93
5223	72
5224	78
5225	56
5226	82
5227	96
5228	76
5229	65
5230	76
5231	76
5232	43
5233	55
5234	70
5235	64
5236	76
5237	63
5238	63
5239	71
5240	82
5241	50
5242	57
5243	56
5244	46
5245	53
5246	60
5247	54
5248	67
5249	63
5250	38
5251	61
5252	71
5253	53
5254	86
5255	59
5256	65
5257	70
5258	107
5259	62
5260	67
5261	73
5262	47
5263	83
5264	79
5265	33
5266	52
5267	36
5268	72
5269	46
5270	70
5271	67
5272	52
5273	56
5274	44
5275	37
5276	49
5277	42
5278	52
5279	79
5280	43
5281	66
5282	69
5283	45
5284	133
5285	65
5286	49
5287	57
5288	59
5289	75
5290	76
5291	61
5292	86
5293	65
5294	64
5295	62
5296	89
5297	86
5298	70
5299	60
5300	80
5301	60
5302	58
5303	75
5304	77
5305	68
5306	68
5307	68
5308	75
5309	76
5310	69
5311	83
5312	81
5313	66
5314	47
5315	63
5316	64
5317	62
5318	79
5319	78
5320	64
5321	71
5322	54
5323	81
5324	52
5325	50
5326	50
5327	77
5328	85
5329	53
5330	49
5331	62
5332	61
5333	77
5334	57
5335	91
5336	35
5337	68
5338	67
5339	57
5340	81
5341	74
5342	63
5343	54
5344	69
5345	71
5346	65
5347	68
5348	48
5349	72
5350	95
5351	77
5352	75
5353	65
5354	39
5355	60
5356	74
5357	71
5358	102
5359	74
5360	80
5361	83
5362	81
5363	62
5364	68
5365	90
5366	55
5367	49
5368	69
5369	57
5370	68
5371	75
5372	83
5373	87
5374	83
5375	63
5376	65
5377	42
5378	57
5379	62
5380	71
5381	81
5382	58
5383	52
5384	46
5385	72
5386	79
5387	51
5388	46
5389	57
5390	35
5391	43
5392	52
5393	54
5394	66
5395	110
5396	94
5397	85
5398	76
5399	47
5400	69
5401	80
5402	50
5403	32
5404	41
5405	60
5406	74
5407	69
5408	70
5409	93
5410	44
5411	57
5412	85
5413	103
5414	82
5415	62
5416	75
5417	64
5418	87
5419	73
5420	111
5421	90
5422	89
5423	70
5424	88
5425	59
5426	71
5427	62
5428	55
5429	53
5430	55
5431	67
5432	74
5433	67
5434	68
5435	54
5436	56
5437	60
5438	68
5439	60
5440	54
5441	62
5442	69
5443	73
5444	54
5445	68
5446	64
5447	44
5448	56
5449	53
5450	70
5451	89
5452	69
5453	78
5454	92
5455	75
5456	62
5457	94
5458	70
5459	86
5460	60
5461	75
5462	63
5463	56
5464	59
5465	68
5466	74
5467	55
5468	67
5469	64
5470	71
5471	52
5472	65
5473	100
5474	91
5475	83
5476	59
5477	67
5478	67
5479	79
5480	62
5481	69
5482	85
5483	82
5484	78
5485	81
5486	84
5487	75
5488	70
5489	75
5490	78
5491	99
5492	70
5493	77
5494	82
5495	82
5496	69
5497	63
5498	83
5499	93
5500	64
5501	56
5502	83
5503	85
5504	70
5505	59
5506	90
5507	84
5508	82
5509	94
5510	64
5511	74
5512	90
5513	86
5514	96
5515	104
5516	89
5517	89
5518	75
5519	67
5520	71
5521	89
5522	86
5523	65
5524	95
5525	88
5526	101
5527	122
5528	83
5529	93
5530	45
5531	64
5532	102
5533	114
5534	92
5535	93
5536	87
5537	72
5538	74
5539	92
5540	88
5541	81
5542	84
5543	82
5544	73
5545	89
5546	84
5547	75
5548	93
5549	84
5550	79
5551	101
5552	84
5553	101
5554	73
5555	79
5556	77
5557	102
5558	92
5559	89
5560	97
5561	84
5562	89
5563	87
5564	115
5565	97
5566	91
5567	62
5568	81
5569	108
5570	90
5571	96
5572	101
5573	116
5574	78
5575	66
5576	79
5577	85
5578	107
5579	87
5580	78
5581	80
5582	80
5583	78
5584	65
5585	83
5586	86
5587	72
5588	83
5589	63
5590	62
5591	84
5592	54
5593	69
5594	70
5595	49
5596	62
5597	82
5598	79
5599	44
5600	78
5601	67
5602	67
5603	93
5604	69
5605	62
5606	80
5607	56
5608	57
5609	79
5610	88
5611	52
5612	56
5613	71
5614	88
5615	88
5616	62
5617	63
5618	74
5619	55
5620	67
5621	83
5622	50
5623	77
5624	58
5625	74
5626	49
5627	64
5628	63
5629	60
5630	70
5631	65
5632	90
5633	90
5634	61
5635	62
5636	62
5637	38
5638	44
5639	60
5640	47
5641	59
5642	49
5643	86
5644	68
5645	55
5646	50
5647	68
5648	70
5649	103
5650	85
5651	83
5652	83
5653	58
5654	69
5655	78
5656	55
5657	66
5658	75
5659	81
5660	94
5661	75
5662	68
5663	78
5664	61
5665	70
5666	50
5667	48
5668	62
5669	55
5670	73
5671	67
5672	69
5673	54
5674	62
5675	66
5676	49
5677	58
5678	70
5679	55
5680	60
5681	74
5682	95
5683	121
5684	75
5685	86
5686	74
5687	65
5688	62
5689	58
5690	78
5691	64
5692	45
5693	71
5694	77
5695	59
5696	79
5697	91
5698	58
5699	68
5700	70
5701	95
5702	59
5703	83
5704	83
5705	55
5706	98
5707	70
5708	64
5709	70
5710	64
5711	74
5712	55
5713	70
5714	83
5715	70
5716	94
5717	76
5718	77
5719	90
5720	89
5721	63
5722	79
5723	110
5724	66
5725	68
5726	61
5727	70
5728	81
5729	64
5730	80
5731	86
5732	69
5733	85
5734	92
5735	66
5736	48
5737	57
5738	89
5739	71
5740	56
5741	73
5742	93
5743	65
5744	88
5745	56
5746	58
5747	62
5748	75
5749	68
5750	95
5751	75
5752	69
5753	61
5754	62
5755	67
5756	64
5757	55
5758	72
5759	73
5760	44
5761	71
5762	55
5763	50
5764	44
5765	65
5766	78
5767	72
5768	56
5769	83
5770	94
5771	83
5772	56
5773	58
5774	48
5775	54
5776	52
5777	68
5778	42
5779	53
5780	57
5781	52
5782	64
5783	54
5784	58
5785	60
5786	61
5787	68
5788	51
5789	42
5790	48
5791	72
5792	67
5793	87
5794	68
5795	76
5796	94
5797	61
5798	52
5799	59
5800	67
5801	42
5802	46
5803	75
5804	62
5805	68
5806	74
5807	86
5808	55
5809	62
5810	59
5811	70
5812	82
5813	82
5814	91
5815	69
5816	69
5817	71
5818	61
5819	50
5820	48
5821	45
5822	64
5823	53
5824	50
5825	49
5826	39
5827	80
5828	71
5829	55
5830	42
5831	74
5832	70
5833	80
5834	72
5835	70
5836	88
5837	71
5838	50
5839	63
5840	75
5841	76
5842	47
5843	80
5844	69
5845	67
5846	80
5847	68
5848	44
5849	64
5850	56
5851	66
5852	71
5853	61
5854	73
5855	49
5856	68
5857	61
5858	68
5859	64
5860	61
5861	38
5862	56
5863	58
5864	43
5865	65
5866	61
5867	58
5868	77
5869	60
5870	51
5871	59
5872	61
5873	88
5874	62
5875	70
5876	69
5877	40
5878	58
5879	53
5880	67
5881	51
5882	44
5883	56
5884	63
5885	61
5886	60
5887	49
5888	62
5889	71
5890	53
5891	73
5892	57
5893	54
5894	65
5895	70
5896	89
5897	75
5898	91
5899	78
5900	70
5901	53
5902	61
5903	54
5904	74
5905	35
5906	50
5907	52
5908	65
5909	57
5910	50
5911	61
5912	64
5913	73
5914	89
5915	82
5916	52
5917	46
5918	71
5919	61
5920	64
5921	88
5922	77
5923	63
5924	71
5925	57
5926	77
5927	63
5928	83
5929	65
5930	75
5931	72
5932	60
5933	75
5934	84
5935	80
5936	72
5937	63
5938	75
5939	105
5940	63
5941	97
5942	78
5943	59
5944	63
5945	73
5946	103
5947	74
5948	50
5949	85
5950	68
5951	70
5952	87
5953	75
5954	97
5955	100
5956	104
5957	66
5958	55
5959	71
5960	75
5961	77
5962	68
5963	54
5964	57
5965	67
5966	62
5967	68
5968	83
5969	63
5970	86
5971	61
5972	67
5973	114
5974	110
5975	60
5976	55
5977	92
5978	68
5979	68
5980	63
5981	64
5982	76
5983	69
5984	56
5985	79
5986	86
5987	73
5988	84
5989	79
5990	55
5991	72
5992	74
5993	99
5994	85
5995	55
5996	54
5997	51
5998	61
5999	50
6000	48
6001	90
6002	94
6003	67
6004	84
6005	77
6006	94
6007	80
6008	62
6009	54
6010	58
6011	88
6012	70
6013	64
6014	87
6015	77
6016	81
6017	79
6018	75
6019	87
6020	88
6021	67
6022	70
6023	78
6024	78
6025	66
6026	77
6027	57
6028	62
6029	64
6030	68
6031	75
6032	73
6033	66
6034	50
6035	57
6036	59
6037	73
6038	63
6039	70
6040	77
6041	59
6042	45
6043	87
6044	52
6045	66
6046	63
6047	58
6048	35
6049	44
6050	58
6051	49
6052	51
6053	50
6054	61
6055	59
6056	79
6057	69
6058	70
6059	46
6060	51
6061	61
6062	82
6063	65
6064	52
6065	42
6066	41
6067	51
6068	33
6069	50
6070	55
6071	49
6072	60
6073	49
6074	40
6075	59
6076	55
6077	87
6078	86
6079	68
6080	72
6081	68
6082	41
6083	51
6084	71
6085	61
6086	71
6087	46
6088	64
6089	51
6090	48
6091	44
6092	43
6093	57
6094	50
6095	29
6096	54
6097	56
6098	48
6099	71
6100	73
6101	77
6102	69
6103	35
6104	51
6105	67
6106	82
6107	69
6108	60
6109	53
6110	80
6111	63
6112	50
6113	46
6114	55
6115	43
6116	71
6117	78
6118	70
6119	76
6120	84
6121	67
6122	72
6123	59
6124	59
6125	54
6126	39
6127	50
6128	53
6129	40
6130	57
6131	76
6132	61
6133	57
6134	57
6135	59
6136	75
6137	91
6138	61
6139	69
6140	81
6141	64
6142	57
6143	54
6144	68
6145	72
6146	103
6147	79
6148	58
6149	66
6150	73
6151	53
6152	81
6153	72
6154	91
6155	68
6156	48
6157	75
6158	78
6159	60
6160	52
6161	42
6162	69
6163	60
6164	49
6165	70
6166	54
6167	51
6168	57
6169	64
6170	57
6171	57
6172	51
6173	52
6174	50
6175	32
6176	42
6177	61
6178	58
6179	42
6180	58
6181	41
6182	56
6183	48
6184	48
6185	74
6186	64
6187	45
6188	68
6189	41
6190	54
6191	42
6192	41
6193	48
6194	47
6195	52
6196	42
6197	49
6198	51
6199	55
6200	34
6201	62
6202	51
6203	76
6204	41
6205	50
6206	38
6207	45
6208	67
6209	49
6210	39
6211	59
6212	66
6213	56
6214	43
6215	66
6216	69
6217	67
6218	81
6219	42
6220	55
6221	49
6222	51
6223	37
6224	48
6225	56
6226	46
6227	47
6228	46
6229	34
6230	47
6231	40
6232	42
6233	52
6234	45
6235	88
6236	67
6237	58
6238	78
6239	50
6240	49
6241	40
6242	42
6243	46
6244	59
6245	49
6246	42
6247	70
6248	65
6249	52
6250	43
6251	58
6252	49
6253	41
6254	67
6255	51
6256	63
6257	51
6258	73
6259	63
6260	88
6261	116
6262	88
6263	66
6264	63
6265	89
6266	50
6267	59
6268	67
6269	75
6270	56
6271	65
6272	89
6273	76
6274	73
6275	75
6276	59
6277	56
6278	55
6279	43
6280	48
6281	70
6282	73
6283	55
6284	48
6285	60
6286	63
6287	57
6288	66
6289	76
6290	74
6291	66
6292	62
6293	51
6294	61
6295	67
6296	75
6297	58
6298	55
6299	63
6300	60
6301	67
6302	69
6303	63
6304	90
6305	59
6306	57
6307	76
6308	64
6309	68
6310	68
6311	68
6312	65
6313	83
6314	68
6315	88
6316	73
6317	74
6318	50
6319	87
6320	71
6321	62
6322	63
6323	58
6324	60
6325	43
6326	42
6327	44
6328	70
6329	50
6330	73
6331	56
6332	55
6333	70
6334	73
6335	84
6336	74
6337	51
6338	51
6339	47
6340	55
6341	31
6342	57
6343	59
6344	43
6345	52
6346	57
6347	51
6348	90
6349	55
6350	64
6351	65
6352	68
6353	62
6354	55
6355	55
6356	56
6357	59
6358	60
6359	52
6360	49
6361	57
6362	62
6363	62
6364	63
6365	42
6366	47
6367	37
6368	53
6369	48
6370	58
6371	50
6372	46
6373	51
6374	52
6375	60
6376	46
6377	50
6378	50
6379	56
6380	51
6381	42
6382	71
6383	55
6384	47
6385	50
6386	35
6387	50
6388	41
6389	58
6390	44
6391	41
6392	41
6393	36
6394	32
6395	44
6396	41
6397	49
6398	35
6399	35
6400	60
6401	37
6402	54
6403	51
6404	71
6405	42
6406	61
6407	29
6408	24
6409	42
6410	42
6411	50
6412	68
6413	51
6414	58
6415	51
6416	42
6417	40
6418	46
6419	51
6420	50
6421	52
6422	70
6423	52
6424	46
6425	60
6426	57
6427	41
6428	48
6429	60
6430	49
6431	50
6432	34
6433	45
6434	33
6435	58
6436	52
6437	53
6438	39
6439	72
6440	51
6441	49
6442	69
6443	64
6444	57
6445	47
6446	53
6447	61
6448	61
6449	47
6450	52
6451	52
6452	43
6453	43
6454	44
6455	52
6456	45
6457	52
6458	59
6459	50
6460	42
6461	77
6462	54
6463	56
6464	40
6465	28
6466	41
6467	47
6468	59
6469	37
6470	43
6471	51
6472	36
6473	51
6474	62
6475	56
6476	41
6477	53
6478	61
6479	42
6480	37
6481	33
6482	47
6483	44
6484	31
6485	52
6486	35
6487	32
6488	59
6489	65
6490	45
6491	46
6492	74
6493	55
6494	55
6495	49
6496	42
6497	34
6498	33
6499	40
6500	35
6501	38
6502	46
6503	48
6504	30
6505	68
6506	48
6507	47
6508	64
6509	65
6510	77
6511	86
6512	60
6513	50
6514	42
6515	62
6516	49
6517	63
6518	50
6519	51
6520	69
6521	89
6522	72
6523	49
6524	52
6525	58
6526	53
6527	73
6528	35
6529	38
6530	54
6531	79
6532	63
6533	74
6534	49
6535	48
6536	43
6537	39
6538	31
6539	69
6540	37
6541	41
6542	51
6543	41
6544	53
6545	36
6546	63
6547	56
6548	52
6549	62
6550	55
6551	61
6552	66
6553	56
6554	34
6555	39
6556	52
6557	58
6558	46
6559	62
6560	37
6561	43
6562	30
6563	56
6564	54
6565	58
6566	67
6567	63
6568	39
6569	28
6570	37
6571	38
6572	28
6573	74
6574	45
6575	53
6576	41
6577	54
6578	50
6579	63
6580	60
6581	54
6582	49
6583	45
6584	46
6585	54
6586	54
6587	52
6588	41
6589	49
6590	58
6591	62
6592	56
6593	69
6594	68
6595	57
6596	53
6597	48
6598	42
6599	56
6600	47
6601	59
6602	70
6603	65
6604	50
6605	44
6606	47
6607	44
6608	36
6609	34
6610	53
6611	28
6612	37
6613	59
6614	44
6615	49
6616	47
6617	55
6618	38
6619	48
6620	38
6621	44
6622	39
6623	34
6624	36
6625	36
6626	48
6627	48
6628	48
6629	49
6630	39
6631	45
6632	37
6633	43
6634	43
6635	45
6636	30
6637	37
6638	39
6639	41
6640	72
6641	44
6642	57
6643	51
6644	55
6645	66
6646	47
6647	50
6648	49
6649	51
6650	38
6651	62
6652	54
6653	22
6654	40
6655	54
6656	56
6657	65
6658	41
6659	51
6660	48
6661	39
6662	49
6663	63
6664	44
6665	33
6666	32
6667	50
6668	40
6669	68
6670	46
6671	64
6672	45
6673	52
6674	54
6675	48
6676	34
6677	30
6678	51
6679	50
6680	42
6681	50
6682	49
6683	34
6684	34
6685	42
6686	44
6687	56
6688	45
6689	54
6690	46
6691	33
6692	69
6693	60
6694	65
6695	46
6696	47
6697	57
6698	45
6699	75
6700	62
6701	49
6702	69
6703	59
6704	47
6705	69
6706	45
6707	38
6708	44
6709	58
6710	65
6711	56
6712	59
6713	47
6714	47
6715	54
6716	68
6717	58
6718	38
6719	54
6720	57
6721	35
6722	49
6723	70
6724	44
6725	92
6726	53
6727	46
6728	46
6729	35
6730	37
6731	32
6732	61
6733	53
6734	61
6735	48
6736	65
6737	40
6738	58
6739	59
6740	59
6741	93
6742	70
6743	56
6744	42
6745	45
6746	40
6747	35
6748	57
6749	34
6750	49
6751	50
6752	49
6753	57
6754	68
6755	63
6756	73
6757	62
6758	67
6759	58
6760	57
6761	31
6762	51
6763	36
6764	45
6765	79
6766	56
6767	59
6768	50
6769	58
6770	49
6771	41
6772	59
6773	35
6774	52
6775	53
6776	58
6777	44
6778	55
6779	36
6780	70
6781	72
6782	42
6783	57
6784	35
6785	54
6786	59
6787	35
6788	45
6789	44
6790	36
6791	42
6792	35
6793	72
6794	59
6795	52
6796	66
6797	54
6798	38
6799	45
6800	43
6801	54
6802	54
6803	40
6804	56
6805	31
6806	40
6807	33
6808	32
6809	37
6810	46
6811	48
6812	64
6813	55
6814	44
6815	49
6816	61
6817	58
6818	31
6819	59
6820	41
6821	63
6822	58
6823	58
6824	54
6825	82
6826	59
6827	49
6828	40
6829	56
6830	59
6831	51
6832	41
6833	57
6834	52
6835	60
6836	72
6837	56
6838	44
6839	49
6840	50
6841	47
6842	49
6843	38
6844	33
6845	58
6846	47
6847	46
6848	57
6849	75
6850	41
6851	61
6852	50
6853	60
6854	63
6855	50
6856	53
6857	37
6858	43
6859	45
6860	46
6861	56
6862	43
6863	59
6864	45
6865	41
6866	40
6867	36
6868	50
6869	47
6870	66
6871	69
6872	50
6873	28
6874	53
6875	40
6876	51
6877	56
6878	52
6879	31
6880	52
6881	46
6882	50
6883	70
6884	47
6885	37
6886	47
6887	50
6888	40
6889	73
6890	76
6891	49
6892	45
6893	65
6894	55
6895	55
6896	65
6897	57
6898	49
6899	42
6900	59
6901	44
6902	40
6903	46
6904	48
6905	49
6906	58
6907	40
6908	67
6909	33
6910	55
6911	66
6912	47
6913	52
6914	57
6915	72
6916	41
6917	68
6918	46
6919	64
6920	57
6921	66
6922	54
6923	53
6924	42
6925	62
6926	47
6927	28
6928	58
6929	44
6930	55
6931	67
6932	46
6933	43
6934	46
6935	61
6936	63
6937	66
6938	59
6939	51
6940	52
6941	67
6942	50
6943	61
6944	39
6945	58
6946	31
6947	33
6948	43
6949	37
6950	75
6951	62
6952	87
6953	80
6954	68
6955	64
6956	55
6957	61
6958	64
6959	78
6960	44
6961	61
6962	60
6963	51
6964	55
6965	55
6966	48
6967	54
6968	41
6969	54
6970	46
6971	51
6972	58
6973	62
6974	43
6975	78
6976	76
6977	62
6978	59
6979	59
6980	60
6981	45
6982	66
6983	52
6984	42
6985	50
6986	49
6987	50
6988	40
6989	58
6990	31
6991	63
6992	60
6993	40
6994	49
6995	41
6996	71
6997	67
6998	74
6999	59
7000	54
7001	52
7002	47
7003	43
7004	49
7005	47
7006	45
7007	63
7008	44
7009	76
7010	72
7011	34
7012	43
7013	55
7014	55
7015	37
7016	47
7017	45
7018	32
7019	67
7020	50
7021	77
7022	50
7023	48
7024	47
7025	65
7026	52
7027	42
7028	38
7029	55
7030	63
7031	43
7032	47
7033	48
7034	31
7035	27
7036	45
7037	55
7038	34
7039	54
7040	36
7041	38
7042	44
7043	63
7044	37
7045	36
7046	47
7047	40
7048	51
7049	46
7050	52
7051	58
7052	48
7053	58
7054	52
7055	61
7056	47
7057	46
7058	47
7059	49
7060	46
7061	49
7062	42
7063	48
7064	40
7065	42
7066	54
7067	40
7068	46
7069	64
7070	39
7071	42
7072	38
7073	55
7074	65
7075	67
7076	66
7077	56
7078	59
7079	49
7080	40
7081	56
7082	43
7083	46
7084	39
7085	39
7086	36
7087	36
7088	29
7089	47
7090	32
7091	43
7092	48
7093	60
7094	37
7095	47
7096	37
7097	45
7098	53
7099	75
7100	58
7101	55
7102	60
7103	54
7104	57
7105	45
7106	52
7107	47
7108	66
7109	41
7110	50
7111	36
7112	47
7113	49
7114	44
7115	42
7116	60
7117	55
7118	43
7119	37
7120	42
7121	54
7122	48
7123	53
7124	49
7125	64
7126	47
7127	41
7128	47
7129	44
7130	38
7131	43
7132	39
7133	36
7134	41
7135	31
7136	54
7137	61
7138	60
7139	36
7140	31
7141	35
7142	52
7143	40
7144	42
7145	40
7146	45
7147	66
7148	50
7149	53
7150	40
7151	29
7152	48
7153	47
7154	32
7155	36
7156	23
7157	26
7158	35
7159	45
7160	57
7161	34
7162	45
7163	55
7164	44
7165	58
7166	31
7167	59
7168	41
7169	54
7170	40
7171	61
7172	36
7173	32
7174	74
7175	39
7176	43
7177	62
7178	41
7179	45
7180	59
7181	47
7182	52
7183	61
7184	33
7185	54
7186	49
7187	44
7188	65
7189	62
7190	52
7191	63
7192	56
7193	75
7194	53
7195	44
7196	53
7197	61
7198	48
7199	62
7200	48
7201	79
7202	64
7203	55
7204	30
7205	47
7206	42
7207	42
7208	61
7209	40
7210	49
7211	78
7212	45
7213	57
7214	85
7215	68
7216	56
7217	65
7218	45
7219	62
7220	64
7221	75
7222	72
7223	42
7224	51
7225	65
7226	59
7227	77
7228	79
7229	57
7230	55
7231	60
7232	65
7233	69
7234	48
7235	66
7236	53
7237	83
7238	73
7239	50
7240	67
7241	44
7242	62
7243	71
7244	60
7245	65
7246	82
7247	71
7248	62
7249	59
7250	81
7251	58
7252	51
7253	38
7254	57
7255	57
7256	60
7257	62
7258	65
7259	57
7260	62
7261	71
7262	61
7263	58
7264	41
7265	53
7266	65
7267	74
7268	72
7269	57
7270	50
7271	54
7272	58
7273	41
7274	60
7275	106
7276	41
7277	67
7278	61
7279	41
7280	38
7281	47
7282	61
7283	57
7284	45
7285	43
7286	53
7287	59
7288	55
7289	41
7290	52
7291	62
7292	53
7293	62
7294	53
7295	51
7296	47
7297	47
7298	65
7299	52
7300	55
7301	62
7302	47
7303	37
7304	48
7305	82
7306	46
7307	68
7308	73
7309	36
7310	43
7311	41
7312	57
7313	54
7314	51
7315	47
7316	47
7317	55
7318	49
7319	70
7320	47
7321	65
7322	87
7323	67
7324	64
7325	56
7326	44
7327	52
7328	43
7329	48
7330	31
7331	47
7332	53
7333	45
7334	39
7335	32
7336	57
7337	62
7338	73
7339	52
7340	44
7341	51
7342	56
7343	48
7344	34
7345	55
7346	53
7347	39
7348	45
7349	65
7350	44
7351	47
7352	66
7353	52
7354	39
7355	49
7356	42
7357	46
7358	23
7359	46
7360	31
7361	57
7362	40
7363	36
7364	66
7365	41
7366	46
7367	41
7368	29
7369	36
7370	38
7371	30
7372	33
7373	45
7374	50
7375	37
7376	48
7377	35
7378	31
7379	34
7380	42
7381	48
7382	64
7383	64
7384	64
7385	51
7386	42
7387	42
7388	40
7389	32
7390	40
7391	57
7392	50
7393	50
7394	48
7395	48
7396	61
7397	52
7398	43
7399	38
7400	48
7401	40
7402	41
7403	51
7404	43
7405	33
7406	35
7407	40
7408	38
7409	47
7410	35
7411	41
7412	28
7413	53
7414	22
7415	20
7416	25
7417	50
7418	34
7419	32
7420	17
7421	35
7422	50
7423	45
7424	43
7425	42
7426	51
7427	62
7428	27
7429	48
7430	25
7431	33
7432	28
7433	34
7434	31
7435	45
7436	42
7437	58
7438	57
7439	35
7440	32
7441	48
7442	42
7443	46
7444	42
7445	42
7446	40
7447	40
7448	51
7449	46
7450	41
7451	53
7452	40
7453	29
7454	33
7455	37
7456	52
7457	35
7458	41
7459	54
7460	32
7461	48
7462	35
7463	32
7464	43
7465	34
7466	36
7467	34
7468	51
7469	40
7470	40
7471	53
7472	45
7473	48
7474	45
7475	44
7476	37
7477	47
7478	35
7479	36
7480	40
7481	77
7482	45
7483	58
7484	55
7485	42
7486	46
7487	21
7488	23
7489	40
7490	41
7491	23
7492	28
7493	21
7494	37
7495	38
7496	42
7497	48
7498	25
7499	40
7500	37
7501	52
7502	43
7503	43
7504	42
7505	51
7506	40
7507	38
7508	36
7509	33
7510	32
7511	55
7512	32
7513	20
7514	22
7515	39
7516	36
7517	35
7518	20
7519	51
7520	28
7521	27
7522	45
7523	31
7524	36
7525	39
7526	59
7527	50
7528	50
7529	53
7530	43
7531	46
7532	34
7533	45
7534	42
7535	34
7536	43
7537	37
7538	24
7539	25
7540	44
7541	53
7542	39
7543	63
7544	18
7545	25
7546	78
7547	61
7548	40
7549	29
7550	44
7551	45
7552	38
7553	30
7554	39
7555	45
7556	60
7557	37
7558	32
7559	38
7560	48
7561	25
7562	35
7563	34
7564	35
7565	37
7566	38
7567	55
7568	33
7569	43
7570	22
7571	25
7572	19
7573	46
7574	34
7575	28
7576	26
7577	56
7578	52
7579	59
7580	52
7581	36
7582	41
7583	40
7584	42
7585	51
7586	59
7587	41
7588	40
7589	49
7590	37
7591	39
7592	46
7593	55
7594	34
7595	56
7596	25
7597	27
7598	47
7599	46
7600	44
7601	60
7602	33
7603	37
7604	26
7605	50
7606	35
7607	25
7608	30
7609	34
7610	31
7611	32
7612	40
7613	40
7614	40
7615	24
7616	30
7617	35
7618	35
7619	35
7620	22
7621	40
7622	42
7623	48
7624	39
7625	38
7626	48
7627	49
7628	45
7629	33
7630	29
7631	36
7632	40
7633	33
7634	23
7635	38
7636	30
7637	27
7638	44
7639	22
7640	27
7641	36
7642	38
7643	56
7644	50
7645	28
7646	49
7647	30
7648	33
7649	40
7650	42
7651	41
7652	38
7653	29
7654	36
7655	23
7656	42
7657	35
7658	60
7659	48
7660	64
7661	41
7662	32
7663	33
7664	37
7665	40
7666	44
7667	20
7668	43
7669	42
7670	49
7671	31
7672	34
7673	34
7674	33
7675	46
7676	47
7677	30
7678	28
7679	43
7680	50
7681	48
7682	53
7683	24
7684	28
7685	53
7686	43
7687	50
7688	32
7689	34
7690	27
7691	37
7692	35
7693	30
7694	37
7695	47
7696	57
7697	57
7698	34
7699	31
7700	36
7701	25
7702	50
7703	25
7704	30
7705	22
7706	50
7707	46
7708	13
7709	22
7710	19
7711	24
7712	38
7713	33
7714	43
7715	43
7716	30
7717	30
7718	27
7719	51
7720	42
7721	35
7722	26
7723	39
7724	33
7725	47
7726	28
7727	42
7728	31
7729	31
7730	32
7731	28
7732	33
7733	29
7734	25
7735	42
7736	29
7737	40
7738	43
7739	47
7740	45
7741	56
7742	44
7743	53
7744	34
7745	42
7746	34
7747	32
7748	27
7749	28
7750	39
7751	68
7752	38
7753	51
7754	31
7755	20
7756	35
7757	33
7758	37
7759	32
7760	42
7761	36
7762	33
7763	32
7764	42
7765	35
7766	50
7767	56
7768	42
7769	41
7770	53
7771	24
7772	17
7773	24
7774	32
7775	20
7776	19
7777	32
7778	42
7779	45
7780	45
7781	31
7782	47
7783	41
7784	36
7785	38
7786	31
7787	50
7788	29
7789	39
7790	46
7791	29
7792	25
7793	15
7794	18
7795	24
7796	38
7797	44
7798	35
7799	27
7800	31
7801	40
7802	33
7803	41
7804	28
7805	31
7806	47
7807	20
7808	30
7809	31
7810	33
7811	46
7812	23
7813	30
7814	27
7815	43
7816	49
7817	34
7818	51
7819	58
7820	36
7821	28
7822	45
7823	38
7824	41
7825	25
7826	19
7827	32
7828	42
7829	55
7830	28
7831	44
7832	22
7833	23
7834	46
7835	46
7836	29
7837	54
7838	33
7839	35
7840	42
7841	62
7842	39
7843	51
7844	31
7845	37
7846	35
7847	53
7848	15
7849	35
7850	39
7851	36
7852	31
7853	41
7854	36
7855	38
7856	40
7857	48
7858	33
7859	39
7860	35
7861	34
7862	21
7863	33
7864	43
7865	33
7866	35
7867	43
7868	37
7869	58
7870	27
7871	45
7872	59
7873	37
7874	62
7875	46
7876	44
7877	41
7878	24
7879	32
7880	34
7881	46
7882	49
7883	38
7884	91
7885	82
7886	75
7887	63
7888	51
7889	50
7890	60
7891	59
7892	79
7893	45
7894	39
7895	51
7896	50
7897	34
7898	48
7899	70
7900	51
7901	40
7902	33
7903	47
7904	57
7905	46
7906	66
7907	36
7908	30
7909	46
7910	30
7911	53
7912	33
7913	41
7914	54
7915	66
7916	43
7917	56
7918	38
7919	55
7920	60
7921	41
7922	62
7923	50
7924	42
7925	39
7926	51
7927	48
7928	41
7929	41
7930	63
7931	66
7932	55
7933	56
7934	47
7935	32
7936	70
7937	45
7938	38
7939	28
7940	52
7941	54
7942	61
7943	61
7944	31
7945	68
7946	37
7947	48
7948	50
7949	47
7950	54
7951	45
7952	37
7953	43
7954	40
7955	45
7956	51
7957	39
7958	46
7959	51
7960	28
7961	52
7962	42
7963	59
7964	45
7965	38
7966	51
7967	50
7968	54
7969	77
7970	59
7971	40
7972	43
7973	56
7974	58
7975	40
7976	40
7977	41
7978	46
7979	54
7980	59
7981	26
7982	43
7983	41
7984	43
7985	53
7986	36
7987	42
7988	40
7989	34
7990	55
7991	36
7992	32
7993	42
7994	32
7995	44
7996	46
7997	35
7998	80
7999	46
8000	412101
