16	1
17	4
18	1
19	1
20	3
21	2
24	1
25	1
26	2
27	2
28	3
29	3
30	3
31	5
32	5
33	4
34	4
35	9
36	10
37	6
38	3
39	8
40	8
41	8
42	17
43	17
44	23
45	26
46	25
47	22
48	21
49	18
50	16
51	27
52	20
53	20
54	27
55	24
56	29
57	30
58	31
59	23
60	40
61	42
62	29
63	27
64	34
65	28
66	36
67	36
68	35
69	48
70	55
71	58
72	73
73	65
74	67
75	70
76	75
77	81
78	71
79	100
80	108
81	87
82	123
83	124
84	105
85	113
86	115
87	122
88	137
89	156
90	175
91	183
92	176
93	177
94	218
95	226
96	198
97	267
98	261
99	302
100	270
101	326
102	348
103	355
104	393
105	343
106	392
107	419
108	481
109	510
110	530
111	565
112	583
113	573
114	659
115	691
116	751
117	740
118	759
119	867
120	790
121	847
122	888
123	961
124	1024
125	1045
126	1046
127	1097
128	1067
129	1099
130	1157
131	1115
132	1166
133	1223
134	1200
135	1273
136	1368
137	1471
138	1513
139	1680
140	1879
141	2083
142	2525
143	3323
144	5005
145	6813
146	11427
147	28502
148	32345
149	81633
150	93153
