16	1
17	4
18	1
19	1
20	3
21	2
24	1
25	1
26	2
27	2
28	2
29	3
30	3
31	5
32	5
33	4
34	4
35	9
36	10
37	6
38	3
39	8
40	8
41	8
42	17
43	17
44	20
45	26
46	24
47	20
48	20
49	17
50	16
51	24
52	19
53	19
54	25
55	24
56	27
57	25
58	25
59	22
60	37
61	39
62	28
63	26
64	32
65	27
66	35
67	31
68	31
69	43
70	48
71	57
72	59
73	56
74	60
75	63
76	63
77	74
78	57
79	86
80	92
81	78
82	100
83	105
84	83
85	96
86	103
87	110
88	117
89	133
90	150
91	150
92	149
93	148
94	182
95	188
96	151
97	215
98	213
99	251
100	208
101	245
102	266
103	257
104	297
105	269
106	301
107	314
108	348
109	370
110	369
111	407
112	396
113	408
114	435
115	483
116	488
117	493
118	506
119	588
120	547
121	610
122	613
123	627
124	675
125	671
126	701
127	713
128	690
129	719
130	797
131	714
132	778
133	804
134	829
135	844
136	866
137	957
138	959
139	1052
140	1114
141	1229
142	1427
143	1880
144	2545
145	3348
146	5092
147	12565
148	13653
149	20924
150	27560
