0	0
1	0
2	0
3	0
4	0
5	0
6	0
7	0
8	0
9	0
10	0
11	0
12	1
13	3
14	7
15	2
16	4
17	4
18	0
19	3
20	2
21	3
22	3
23	5
24	12
25	21
26	15
27	24
28	13
29	12
30	16
31	10
32	16
33	29
34	19
35	17
36	19
37	19
38	26
39	26
40	22
41	24
42	32
43	29
44	25
45	36
46	30
47	51
48	37
49	35
50	34
51	44
52	50
53	36
54	41
55	46
56	37
57	61
58	57
59	51
60	53
61	46
62	76
63	64
64	67
65	56
66	88
67	72
68	59
69	117
70	91
71	92
72	101
73	100
74	96
75	93
76	82
77	138
78	139
79	147
80	130
81	158
82	156
83	182
84	170
85	197
86	230
87	168
88	173
89	277
90	224
91	260
92	283
93	218
94	251
95	330
96	237
97	296
98	409
99	298
100	354
101	317
102	246
103	358
104	381
105	350
106	398
107	429
108	415
109	489
110	342
111	530
112	358
113	470
114	455
115	389
116	404
117	432
118	499
119	460
120	348
121	400
122	471
123	610
124	424
125	500
126	435
127	491
128	464
129	432
130	567
131	510
132	388
133	516
134	611
135	498
136	582
137	637
138	419
139	516
140	712
141	493
142	477
143	431
144	450
145	388
146	562
147	527
148	384
149	445
150	221
151	290
152	442
153	471
154	485
155	402
156	496
157	395
158	396
159	410
160	459
161	666
162	408
163	576
164	498
165	595
166	535
167	516
168	414
169	464
170	364
171	372
172	447
173	612
174	358
175	519
176	358
177	394
178	475
179	337
180	538
181	359
182	401
183	380
184	421
185	429
186	544
187	654
188	386
189	352
190	304
191	506
192	524
193	468
194	418
195	331
196	584
197	379
198	345
199	419
200	411
201	462
202	417
203	335
204	529
205	480
206	602
207	323
208	562
209	425
210	504
211	543
212	379
213	432
214	493
215	476
216	383
217	305
218	368
219	627
220	306
221	380
222	383
223	258
224	311
225	377
226	392
227	476
228	316
229	397
230	459
231	259
232	400
233	277
234	419
235	397
236	340
237	336
238	293
239	437
240	277
241	267
242	318
243	349
244	398
245	401
246	493
247	437
248	300
249	396
250	343
251	446
252	513
253	709
254	549
255	543
256	458
257	263
258	405
259	632
260	633
261	868
262	342
263	429
264	399
265	460
266	503
267	639
268	465
269	454
270	378
271	327
272	302
273	442
274	295
275	275
276	410
277	392
278	544
279	444
280	482
281	496
282	416
283	547
284	442
285	397
286	453
287	504
288	401
289	439
290	501
291	415
292	393
293	222
294	441
295	376
296	307
297	501
298	400
299	410
300	355
301	468
302	358
303	359
304	416
305	425
306	326
307	441
308	457
309	492
310	504
311	348
312	342
313	353
314	246
315	314
316	357
317	539
318	454
319	338
320	392
321	266
322	432
323	402
324	357
325	483
326	511
327	353
328	306
329	351
330	449
331	347
332	518
333	305
334	322
335	493
336	401
337	576
338	362
339	358
340	457
341	539
342	365
343	394
344	400
345	364
346	320
347	431
348	394
349	362
350	284
351	371
352	430
353	340
354	369
355	311
356	391
357	432
358	432
359	385
360	406
361	471
362	391
363	413
364	383
365	365
366	350
367	444
368	420
369	427
370	361
371	457
372	341
373	415
374	344
375	228
376	313
377	391
378	229
379	481
380	383
381	404
382	371
383	392
384	374
385	297
386	376
387	436
388	266
389	285
390	274
391	396
392	368
393	487
394	390
395	313
396	330
397	385
398	249
399	353
400	374
401	249
402	412
403	345
404	466
405	403
406	434
407	412
408	472
409	278
410	339
411	409
412	309
413	288
414	303
415	279
416	435
417	346
418	273
419	261
420	287
421	322
422	332
423	328
424	466
425	318
426	359
427	356
428	292
429	200
430	327
431	270
432	429
433	416
434	235
435	322
436	426
437	278
438	274
439	366
440	263
441	328
442	348
443	423
444	257
445	261
446	270
447	252
448	257
449	232
450	223
451	293
452	176
453	210
454	283
455	194
456	239
457	184
458	172
459	203
460	242
461	210
462	188
463	220
464	165
465	299
466	230
467	236
468	259
469	288
470	181
471	146
472	167
473	204
474	173
475	257
476	191
477	184
478	186
479	176
480	194
481	155
482	130
483	182
484	157
485	120
486	124
487	144
488	271
489	155
490	174
491	124
492	143
493	146
494	109
495	165
496	146
497	156
498	134
499	108
500	118
501	174
502	214
503	195
504	152
505	222
506	138
507	290
508	225
509	191
510	100
511	118
512	97
513	116
514	107
515	214
516	125
517	132
518	78
519	119
520	161
521	171
522	173
523	162
524	131
525	177
526	178
527	111
528	130
529	127
530	133
531	202
532	93
533	89
534	146
535	131
536	205
537	118
538	111
539	93
540	126
541	90
542	112
543	199
544	101
545	82
546	143
547	104
548	121
549	120
550	118
551	91
552	125
553	89
554	189
555	53
556	58
557	53
558	89
559	137
560	85
561	85
562	152
563	123
564	60
565	102
566	87
567	100
568	97
569	44
570	74
571	48
572	51
573	72
574	127
575	75
576	96
577	94
578	72
579	102
580	56
581	53
