0	0
1	0
2	0
3	0
4	0
5	0
6	0
7	0
8	0
9	0
10	0
11	0
12	1
13	3
14	7
15	2
16	4
17	4
18	0
19	3
20	2
21	3
22	3
23	5
24	11
25	17
26	15
27	17
28	12
29	12
30	16
31	10
32	15
33	26
34	18
35	17
36	19
37	19
38	25
39	22
40	21
41	21
42	29
43	27
44	25
45	34
46	22
47	31
48	35
49	32
50	27
51	29
52	33
53	26
54	37
55	42
56	37
57	55
58	55
59	47
60	52
61	43
62	67
63	55
64	63
65	50
66	75
67	67
68	50
69	89
70	79
71	86
72	82
73	94
74	83
75	80
76	69
77	119
78	118
79	119
80	115
81	127
82	139
83	153
84	130
85	151
86	175
87	139
88	139
89	209
90	181
91	195
92	197
93	163
94	195
95	246
96	179
97	227
98	281
99	215
100	247
101	235
102	176
103	242
104	258
105	243
106	266
107	283
108	267
109	266
110	223
111	283
112	222
113	282
114	270
115	241
116	259
117	276
118	300
119	233
120	242
121	257
122	272
123	318
124	231
125	293
126	248
127	262
128	243
129	240
130	271
131	265
132	208
133	265
134	310
135	226
136	287
137	295
138	193
139	225
140	308
141	238
142	227
143	194
144	221
145	200
146	246
147	208
148	155
149	164
150	93
151	122
152	145
153	176
154	141
155	140
156	166
157	134
158	159
159	173
160	166
161	202
162	159
163	189
164	170
165	183
166	176
167	144
168	139
169	145
170	128
171	122
172	169
173	150
174	117
175	164
176	127
177	139
178	127
179	101
180	149
181	117
182	161
183	147
184	145
185	146
186	165
187	186
188	138
189	117
190	129
191	157
192	152
193	147
194	142
195	117
196	148
197	134
198	115
199	125
200	155
201	140
202	140
203	114
204	165
205	147
206	174
207	126
208	151
209	146
210	151
211	151
212	136
213	123
214	153
215	151
216	123
217	116
218	135
219	189
220	117
221	159
222	120
223	104
224	107
225	120
226	121
227	132
228	131
229	129
230	125
231	115
232	134
233	115
234	144
235	115
236	142
237	129
238	114
239	156
240	115
241	118
242	129
243	129
244	164
245	127
246	160
247	159
248	121
249	156
250	142
251	147
252	161
253	198
254	161
255	192
256	192
257	161
258	162
259	202
260	204
261	195
262	133
263	150
264	150
265	213
266	223
267	214
268	166
269	184
270	152
271	164
272	148
273	170
274	147
275	159
276	178
277	182
278	208
279	218
280	183
281	205
282	177
283	223
284	198
285	191
286	176
287	181
288	195
289	132
290	205
291	177
292	160
293	129
294	174
295	184
296	176
297	195
298	188
299	187
300	179
301	230
302	168
303	188
304	178
305	165
306	144
307	173
308	219
309	192
310	218
311	168
312	166
313	181
314	153
315	183
316	187
317	214
318	190
319	193
320	178
321	159
322	214
323	181
324	169
325	203
326	183
327	179
328	138
329	158
330	195
331	181
332	220
333	163
334	173
335	183
336	206
337	250
338	204
339	199
340	225
341	237
342	206
343	202
344	209
345	182
346	177
347	192
348	231
349	189
350	165
351	191
352	190
353	182
354	187
355	167
356	205
357	244
358	216
359	194
360	214
361	226
362	208
363	217
364	200
365	190
366	196
367	235
368	221
369	204
370	229
371	235
372	223
373	222
374	199
375	158
376	188
377	208
378	161
379	222
380	217
381	196
382	215
383	217
384	207
385	187
386	182
387	191
388	183
389	188
390	196
391	202
392	209
393	265
394	244
395	177
396	209
397	203
398	163
399	223
400	223
401	181
402	226
403	195
404	228
405	212
406	222
407	231
408	236
409	160
410	216
411	240
412	173
413	180
414	186
415	187
416	238
417	208
418	191
419	156
420	177
421	187
422	213
423	214
424	241
425	183
426	223
427	192
428	183
429	124
430	193
431	184
432	223
433	229
434	169
435	212
436	211
437	155
438	180
439	203
440	160
441	175
442	191
443	221
444	174
445	178
446	151
447	170
448	178
449	141
450	143
451	182
452	132
453	134
454	157
455	128
456	147
457	108
458	120
459	137
460	141
461	140
462	145
463	147
464	112
465	137
466	141
467	138
468	150
469	151
470	118
471	102
472	110
473	139
474	121
475	142
476	106
477	142
478	114
479	101
480	130
481	111
482	98
483	118
484	115
485	92
486	97
487	108
488	146
489	84
490	131
491	104
492	90
493	108
494	90
495	115
496	96
497	114
498	102
499	87
500	86
501	96
502	129
503	128
504	120
505	139
506	108
507	155
508	156
509	106
510	81
511	82
512	74
513	88
514	83
515	97
516	92
517	89
518	70
519	91
520	98
521	107
522	122
523	111
524	83
525	98
526	88
527	77
528	82
529	91
530	93
531	84
532	75
533	70
534	100
535	91
536	91
537	84
538	77
539	70
540	91
541	68
542	76
543	98
544	78
545	67
546	99
547	69
548	84
549	83
550	85
551	71
552	92
553	63
554	84
555	43
556	43
557	36
558	58
559	94
560	58
561	49
562	68
563	52
564	47
565	64
566	62
567	60
568	67
569	33
570	39
571	40
572	43
573	48
574	73
575	51
576	67
577	52
578	47
579	57
580	40
581	39
582	52
583	59
584	43
585	47
