0	0
1	0
2	0
3	0
4	0
5	0
6	0
7	0
8	0
9	0
10	0
11	0
12	1
13	6
14	31
15	45
16	53
17	46
18	29
19	30
20	40
21	47
22	27
23	47
24	42
25	46
26	41
27	72
28	78
29	110
30	134
31	158
32	190
33	236
34	284
35	325
36	361
37	431
38	506
39	496
40	631
41	658
42	837
43	824
44	1007
45	1006
46	1036
47	1306
48	1470
49	1508
50	1493
51	1757
52	1821
53	2013
54	2138
55	2199
56	2475
57	2348
58	2305
59	2517
60	2468
61	2658
62	2774
63	2807
64	2869
65	3066
66	3259
67	3405
68	3474
69	3493
70	3641
71	3810
72	3854
73	4254
74	4373
75	4264
76	4399
77	4589
78	4816
79	4845
80	5143
81	5002
82	5509
83	5900
84	5587
85	6141
86	6032
87	6124
88	6269
89	6478
90	8383
91	7205
92	7172
93	6998
94	6964
95	7195
96	7192
97	7369
98	7642
99	7333
100	7703
101	8060
102	8128
103	8251
104	8791
105	8403
106	8611
107	8830
108	8487
109	8869
110	8681
111	8870
112	9052
113	9125
114	9217
115	9191
116	9617
117	9346
118	9415
119	9442
120	9425
121	9422
122	9859
123	9615
124	9260
125	9624
126	9441
127	9481
128	9397
129	9327
130	9429
131	9566
132	9302
133	9376
134	8984
135	9233
136	9382
137	9507
138	9218
139	9212
140	9293
141	9188
142	9598
143	9308
144	9113
145	8321
146	9314
147	9725
148	9927
149	10241
150	10211
151	10383
152	10722
153	10483
154	10216
155	10107
156	10285
157	10292
158	10135
159	9621
160	9870
161	9795
162	9582
163	9858
164	9805
165	9868
166	9596
167	9373
168	9010
169	9205
170	9218
171	9494
172	9022
173	8944
174	9078
175	8948
176	9046
177	8794
178	8917
179	8636
180	8521
181	8612
182	8460
183	8225
184	8228
185	8190
186	8267
187	8041
188	8068
189	8204
190	7738
191	7967
192	7837
193	7842
194	7757
195	7487
196	7838
197	7652
198	7633
199	7140
200	7577
201	7374
202	7185
203	7116
204	7112
205	6953
206	6635
207	7003
208	6964
209	7106
210	6900
211	6881
212	6560
213	6561
214	6690
215	6374
216	6491
217	6154
218	6477
219	6226
220	6225
221	6512
222	6082
223	5981
224	6207
225	6031
226	6086
227	5898
228	5786
229	5798
230	5559
231	5662
232	5702
233	5562
234	5652
235	5519
236	5295
237	5593
238	5389
239	5293
240	5423
241	5417
242	5260
243	4926
244	4903
245	5203
246	5247
247	5165
248	4939
249	4970
250	5011
251	5144
252	4877
253	4872
254	5060
255	5039
256	4775
257	4707
258	4701
259	4769
260	4769
261	4580
262	4632
263	4685
264	4703
265	4402
266	4571
267	4599
268	4407
269	4301
270	4299
271	4393
272	4485
273	4132
274	4138
275	4131
276	4298
277	4111
278	4206
279	4143
280	3904
281	4126
282	4241
283	4033
284	3968
285	4057
286	3856
287	3826
288	3852
289	3801
290	3701
291	3846
292	4119
293	3926
294	3798
295	3751
296	3455
297	3552
298	3634
299	3401
300	3424
301	3439
302	3506
303	3290
304	3377
305	3275
306	3360
307	3323
308	3363
309	3358
310	3480
311	3324
312	3317
313	3105
314	3149
315	3154
316	3014
317	2909
318	2988
319	3062
320	3089
321	3047
322	2832
323	2948
324	2971
325	2827
326	2778
327	2891
328	2962
329	2851
330	2840
331	2626
332	2769
333	2698
334	2849
335	2776
336	2865
337	2716
338	2773
339	2776
340	2746
341	2719
342	2609
343	2671
344	2761
345	2570
346	2505
347	2429
348	2696
349	2535
350	2449
351	2487
352	2533
353	2620
354	2583
355	2506
356	2431
357	2410
358	2451
359	2586
360	2432
361	2534
362	2412
363	2233
364	2349
365	2322
366	2385
367	2338
368	2398
369	2368
370	2273
371	2348
372	2288
373	2364
374	2322
375	2192
376	2177
377	2244
378	2206
379	2152
380	2158
381	2237
382	2200
383	2037
384	2085
385	2100
386	2091
387	2119
388	2042
389	1938
390	2133
391	1902
392	1932
393	1872
394	1972
395	1929
396	2031
397	1962
398	1909
399	1804
400	1759
401	1869
402	1702
403	1883
404	1754
405	1821
406	1756
407	1817
408	1707
409	1720
410	1763
411	1516
412	1653
413	1689
414	1795
415	1723
416	1602
417	1644
418	1597
419	1535
420	1503
421	1640
422	1629
423	1525
424	1660
425	1612
426	1547
427	1577
428	1564
429	1599
430	1610
431	1534
432	1538
433	1637
434	1482
435	1445
436	1480
437	1516
438	1287
439	1470
440	1534
441	1461
442	1414
443	1428
444	1426
445	1616
446	1628
447	1489
448	1397
449	1422
450	1318
451	1410
452	1260
453	1322
454	1303
455	1280
456	1308
457	1428
458	1251
459	1326
460	1373
461	1253
462	1275
463	1236
464	1348
465	1248
466	1264
467	1302
468	1171
469	1255
470	1296
471	1226
472	1191
473	1132
474	1253
475	1186
476	1173
477	1189
478	1249
479	1229
480	1197
481	1278
482	1300
483	1200
484	1192
485	1090
486	1237
487	1192
488	1135
489	1163
490	1206
491	1203
492	1280
493	1148
494	1168
495	1217
496	1125
497	1090
498	1209
499	1154
500	1083
501	1219
502	1164
503	1209
504	1173
505	1217
506	1164
507	1228
508	1236
509	1097
510	1237
511	1132
512	1203
513	1144
514	1085
515	1131
516	1073
517	1043
518	1073
519	1158
520	1255
521	1141
522	1203
523	1238
524	1092
525	1110
526	1094
527	1130
528	1067
529	1096
530	1097
531	1111
532	1155
533	1071
534	1135
535	1053
536	1161
537	1042
538	1206
539	1104
540	1055
541	1134
542	1078
543	1127
544	1074
545	1040
546	1126
547	968
548	1056
549	975
550	1008
551	947
552	1128
553	1009
554	917
555	996
556	923
557	972
558	1006
559	1051
560	973
561	960
562	976
563	994
564	1063
565	1036
566	969
567	867
568	962
569	943
570	1108
571	994
572	951
573	837
574	1007
575	995
576	951
577	988
578	1041
579	963
580	1002
581	958
582	974
583	953
584	903
585	1013
586	979
587	946
588	929
589	924
590	894
591	838
592	939
593	868
594	851
595	923
596	963
597	917
598	856
599	842
600	906
601	861
602	851
603	862
604	1032
605	968
606	862
607	906
608	890
609	879
610	909
611	895
612	808
613	823
614	787
615	846
616	895
617	863
618	935
619	852
620	885
621	850
622	840
623	816
624	902
625	892
626	913
627	892
628	818
629	835
630	805
631	840
632	852
633	826
634	874
635	817
636	804
637	852
638	878
639	827
640	787
641	900
642	809
643	730
644	793
645	781
646	884
647	881
648	833
649	852
650	824
651	774
652	775
653	741
654	743
655	781
656	752
657	670
658	699
659	764
660	793
661	786
662	748
663	775
664	730
665	893
666	794
667	824
668	800
669	851
670	832
671	883
672	780
673	876
674	798
675	765
676	781
677	864
678	882
679	799
680	783
681	730
682	742
683	772
684	728
685	751
686	757
687	817
688	824
689	879
690	753
691	772
692	798
693	771
694	844
695	824
696	790
697	811
698	783
699	852
700	751
701	622
702	742
703	755
704	799
705	827
706	814
707	762
708	739
709	894
710	815
711	805
712	822
713	767
714	709
715	766
716	687
717	850
718	764
719	753
720	780
721	784
722	726
723	714
724	774
725	777
726	721
727	716
728	682
729	746
730	801
731	784
732	773
733	724
734	670
735	755
736	698
737	740
738	758
739	713
740	780
741	707
742	763
743	751
744	793
745	732
746	659
747	677
748	627
749	648
750	677
751	640
752	742
753	642
754	669
755	671
756	528
757	689
758	667
759	638
760	663
761	713
762	547
763	662
764	567
765	669
766	681
767	801
768	654
769	606
770	631
771	681
772	665
773	736
774	710
775	651
776	694
777	624
778	628
779	647
780	564
781	612
782	586
783	750
784	749
785	647
786	637
787	693
788	702
789	603
790	718
791	625
792	586
793	612
794	605
795	581
796	486
797	517
798	577
799	622
800	591
801	622
802	600
803	586
804	626
805	621
806	563
807	649
808	619
809	602
810	638
811	534
812	637
813	577
814	636
815	514
816	530
817	549
818	596
819	538
820	522
821	577
822	598
823	661
824	628
825	638
826	699
827	604
828	519
829	576
830	635
831	598
832	607
833	562
834	565
835	618
836	528
837	600
838	575
839	613
840	587
841	536
842	602
843	586
844	535
845	605
846	579
847	658
848	560
849	582
850	549
851	586
852	556
853	609
854	606
855	605
856	597
857	494
858	613
859	557
860	528
861	591
862	561
863	679
864	590
865	618
866	600
867	584
868	645
869	734
870	555
871	626
872	599
873	610
874	550
875	597
876	579
877	620
878	628
879	645
880	663
881	613
882	637
883	623
884	628
885	616
886	662
887	652
888	677
889	629
890	578
891	588
892	611
893	630
894	576
895	577
896	582
897	510
898	552
899	559
900	569
901	603
902	553
903	586
904	577
905	540
906	528
907	523
908	607
909	521
910	540
911	466
912	539
913	467
914	522
915	531
916	480
917	529
918	543
919	655
920	566
921	569
922	542
923	588
924	601
925	551
926	551
927	544
928	600
929	546
930	500
931	507
932	632
933	661
934	588
935	626
936	632
937	634
938	643
939	618
940	572
941	537
942	576
943	559
944	541
945	527
946	531
947	497
948	437
949	545
950	610
951	608
952	526
953	575
954	533
955	539
956	549
957	598
958	490
959	559
960	630
961	515
962	623
963	612
964	630
965	582
966	615
967	524
968	640
969	614
970	588
971	573
972	671
973	591
974	642
975	547
976	599
977	579
978	517
979	536
980	529
981	631
982	602
983	569
984	665
985	637
986	583
987	651
988	564
989	571
990	634
991	536
992	546
993	573
994	548
995	618
996	569
997	611
998	598
999	629
1000	595
1001	529
1002	513
1003	577
1004	492
1005	567
1006	578
1007	566
1008	603
1009	594
1010	555
1011	546
1012	593
1013	527
1014	583
1015	535
1016	565
1017	476
1018	594
1019	536
1020	573
1021	625
1022	567
1023	559
1024	481
1025	516
1026	415
1027	490
1028	472
1029	479
1030	509
1031	490
1032	544
1033	447
1034	526
1035	534
1036	500
1037	579
1038	554
1039	483
1040	517
1041	522
1042	478
1043	539
1044	546
1045	449
1046	516
1047	522
1048	494
1049	469
1050	454
1051	480
1052	474
1053	539
1054	538
1055	499
1056	500
1057	535
1058	444
1059	463
1060	475
1061	482
1062	498
1063	501
1064	554
1065	489
1066	496
1067	514
1068	594
1069	513
1070	534
1071	536
1072	568
1073	521
1074	459
1075	472
1076	515
1077	474
1078	507
1079	473
1080	480
1081	526
1082	506
1083	549
1084	576
1085	528
1086	508
1087	483
1088	485
1089	516
1090	517
1091	524
1092	546
1093	529
1094	578
1095	552
1096	531
1097	507
1098	625
1099	581
1100	520
1101	491
1102	490
1103	514
1104	574
1105	549
1106	512
1107	506
1108	471
1109	477
1110	579
1111	491
1112	505
1113	569
1114	532
1115	527
1116	508
1117	529
1118	453
1119	533
1120	559
1121	510
1122	515
1123	458
1124	464
1125	455
1126	441
1127	463
1128	486
1129	439
1130	492
1131	490
1132	507
1133	502
1134	503
1135	428
1136	487
1137	478
1138	596
1139	506
1140	495
1141	567
1142	551
1143	544
1144	513
1145	520
1146	530
1147	448
1148	552
1149	588
1150	573
1151	490
1152	530
1153	525
1154	544
1155	474
1156	512
1157	580
1158	554
1159	582
1160	509
1161	566
1162	501
1163	533
1164	460
1165	501
1166	520
1167	518
1168	493
1169	534
1170	525
1171	554
1172	510
1173	489
1174	432
1175	536
1176	528
1177	535
1178	526
1179	581
1180	575
1181	494
1182	514
1183	486
1184	386
1185	534
1186	444
1187	417
1188	452
1189	506
1190	454
1191	505
1192	489
1193	550
1194	476
1195	456
1196	485
1197	417
1198	400
1199	481
1200	469
1201	481
1202	508
1203	467
1204	455
1205	535
1206	486
1207	558
1208	525
1209	498
1210	490
1211	447
1212	442
1213	470
1214	467
1215	487
1216	495
1217	434
1218	474
1219	499
1220	524
1221	455
1222	491
1223	484
1224	500
1225	507
1226	485
1227	490
1228	482
1229	390
1230	521
1231	469
1232	433
1233	502
1234	413
1235	470
1236	451
1237	394
1238	471
1239	504
1240	426
1241	453
1242	530
1243	451
1244	464
1245	464
1246	488
1247	508
1248	442
1249	494
1250	448
1251	492
1252	472
1253	502
1254	478
1255	491
1256	432
1257	401
1258	434
1259	461
1260	493
1261	416
1262	366
1263	422
1264	488
1265	421
1266	472
1267	491
1268	529
1269	517
1270	500
1271	479
1272	458
1273	498
1274	480
1275	467
1276	529
1277	478
1278	474
1279	488
1280	461
1281	476
1282	428
1283	441
1284	424
1285	415
1286	441
1287	390
1288	454
1289	442
1290	546
1291	487
1292	506
1293	487
1294	452
1295	453
1296	517
1297	546
1298	485
1299	515
1300	473
1301	520
1302	477
1303	429
1304	464
1305	471
1306	446
1307	400
1308	474
1309	497
1310	434
1311	546
1312	378
1313	426
1314	437
1315	496
1316	486
1317	437
1318	386
1319	413
1320	435
1321	443
1322	411
1323	493
1324	427
1325	400
1326	481
1327	405
1328	427
1329	440
1330	422
1331	452
1332	528
1333	481
1334	414
1335	433
1336	423
1337	458
1338	383
1339	431
1340	402
1341	423
1342	425
1343	367
1344	390
1345	377
1346	385
1347	404
1348	430
1349	343
1350	407
1351	438
1352	461
1353	463
1354	458
1355	452
1356	442
1357	472
1358	420
1359	455
1360	373
1361	391
1362	391
1363	445
1364	489
1365	380
1366	442
1367	447
1368	443
1369	445
1370	457
1371	430
1372	392
1373	413
1374	339
1375	406
1376	350
1377	413
1378	369
1379	361
1380	412
1381	446
1382	461
1383	450
1384	414
1385	471
1386	476
1387	387
1388	385
1389	504
1390	507
1391	440
1392	428
1393	381
1394	493
1395	380
1396	422
1397	364
1398	370
1399	425
1400	409
1401	448
1402	382
1403	424
1404	426
1405	473
1406	475
1407	405
1408	411
1409	488
1410	418
1411	336
1412	474
1413	422
1414	441
1415	402
1416	407
1417	474
1418	439
1419	420
1420	411
1421	388
1422	437
1423	410
1424	498
1425	494
1426	374
1427	418
1428	450
1429	416
1430	461
1431	390
1432	319
1433	421
1434	389
1435	338
1436	403
1437	477
1438	382
1439	428
1440	338
1441	320
1442	429
1443	380
1444	397
1445	425
1446	433
1447	437
1448	464
1449	479
1450	384
1451	373
1452	366
1453	438
1454	408
1455	367
1456	415
1457	380
1458	421
1459	451
1460	318
1461	410
1462	415
1463	446
1464	429
1465	399
1466	373
1467	430
1468	405
1469	395
1470	454
1471	402
1472	357
1473	346
1474	350
1475	305
1476	357
1477	350
1478	397
1479	414
1480	420
1481	343
1482	367
1483	357
1484	344
1485	366
1486	369
1487	356
1488	431
1489	391
1490	449
1491	373
1492	348
1493	360
1494	403
1495	378
1496	449
1497	439
1498	438
1499	416
1500	493
1501	421
1502	417
1503	364
1504	420
1505	438
1506	486
1507	393
1508	437
1509	455
1510	500
1511	473
1512	523
1513	462
1514	485
1515	418
1516	415
1517	430
1518	440
1519	418
1520	379
1521	388
1522	413
1523	359
1524	368
1525	432
1526	420
1527	494
1528	437
1529	410
1530	493
1531	443
1532	397
1533	420
1534	489
1535	444
1536	403
1537	440
1538	374
1539	361
1540	381
1541	387
1542	464
1543	430
1544	437
1545	412
1546	455
1547	417
1548	459
1549	332
1550	355
1551	406
1552	386
1553	413
1554	413
1555	458
1556	430
1557	439
1558	407
1559	399
1560	471
1561	420
1562	440
1563	467
1564	419
1565	512
1566	421
1567	453
1568	465
1569	421
1570	375
1571	458
1572	397
1573	361
1574	378
1575	427
1576	400
1577	411
1578	438
1579	379
1580	448
1581	442
1582	421
1583	446
1584	471
1585	429
1586	335
1587	403
1588	429
1589	399
1590	447
1591	475
1592	495
1593	513
1594	419
1595	333
1596	387
1597	431
1598	369
1599	375
1600	405
1601	403
1602	403
1603	408
1604	394
1605	444
1606	411
1607	355
1608	407
1609	403
1610	439
1611	364
1612	316
1613	392
1614	407
1615	444
1616	402
1617	330
1618	363
1619	364
1620	327
1621	383
1622	339
1623	375
1624	389
1625	378
1626	403
1627	352
1628	397
1629	453
1630	433
1631	334
1632	415
1633	423
1634	434
1635	414
1636	319
1637	351
1638	321
1639	374
1640	433
1641	363
1642	395
1643	431
1644	402
1645	412
1646	402
1647	428
1648	393
1649	391
1650	356
1651	400
1652	404
1653	371
1654	397
1655	411
1656	351
1657	412
1658	327
1659	369
1660	369
1661	352
1662	354
1663	343
1664	327
1665	395
1666	351
1667	419
1668	423
1669	331
1670	406
1671	343
1672	439
1673	391
1674	382
1675	446
1676	368
1677	307
1678	335
1679	417
1680	292
1681	327
1682	349
1683	343
1684	380
1685	346
1686	405
1687	372
1688	422
1689	388
1690	416
1691	394
1692	331
1693	368
1694	345
1695	374
1696	458
1697	428
1698	347
1699	342
1700	396
1701	422
1702	344
1703	391
1704	376
1705	389
1706	337
1707	316
1708	372
1709	386
1710	343
1711	359
1712	347
1713	366
1714	307
1715	334
1716	346
1717	414
1718	388
1719	392
1720	440
1721	431
1722	344
1723	381
1724	391
1725	386
1726	405
1727	386
1728	344
1729	395
1730	316
1731	340
1732	376
1733	418
1734	457
1735	487
1736	441
1737	466
1738	331
1739	421
1740	493
1741	387
1742	357
1743	378
1744	356
1745	329
1746	387
1747	371
1748	348
1749	321
1750	365
1751	362
1752	376
1753	382
1754	293
1755	376
1756	305
1757	375
1758	341
1759	350
1760	396
1761	338
1762	365
1763	340
1764	319
1765	323
1766	331
1767	329
1768	324
1769	345
1770	340
1771	340
1772	336
1773	386
1774	340
1775	319
1776	313
1777	327
1778	356
1779	333
1780	317
1781	313
1782	318
1783	325
1784	342
1785	381
1786	370
1787	364
1788	353
1789	407
1790	333
1791	284
1792	292
1793	288
1794	310
1795	350
1796	362
1797	376
1798	317
1799	337
1800	327
1801	329
1802	279
1803	345
1804	327
1805	309
1806	334
1807	335
1808	315
1809	353
1810	317
1811	386
1812	317
1813	349
1814	308
1815	288
1816	305
1817	324
1818	366
1819	302
1820	305
1821	256
1822	296
1823	313
1824	289
1825	265
1826	280
1827	280
1828	305
1829	315
1830	304
1831	293
1832	289
1833	286
1834	318
1835	265
1836	317
1837	385
1838	352
1839	368
1840	356
1841	329
1842	327
1843	314
1844	266
1845	283
1846	367
1847	324
1848	273
1849	256
1850	283
1851	358
1852	319
1853	263
1854	343
1855	278
1856	325
1857	259
1858	316
1859	323
1860	344
1861	272
1862	305
1863	296
1864	288
1865	252
1866	295
1867	291
1868	352
1869	325
1870	298
1871	293
1872	304
1873	322
1874	341
1875	359
1876	335
1877	336
1878	278
1879	327
1880	308
1881	356
1882	275
1883	335
1884	306
1885	251
1886	327
1887	251
1888	295
1889	335
1890	340
1891	311
1892	317
1893	340
1894	310
1895	348
1896	309
1897	331
1898	374
1899	302
1900	346
1901	341
1902	368
1903	289
1904	261
1905	290
1906	292
1907	262
1908	254
1909	309
1910	294
1911	289
1912	309
1913	294
1914	333
1915	284
1916	335
1917	272
1918	274
1919	282
1920	345
1921	333
1922	289
1923	275
1924	316
1925	285
1926	309
1927	306
1928	295
1929	323
1930	324
1931	316
1932	366
1933	276
1934	297
1935	318
1936	335
1937	339
1938	269
1939	263
1940	247
1941	294
1942	247
1943	203
1944	316
1945	281
1946	288
1947	286
1948	317
1949	282
1950	305
1951	230
1952	276
1953	283
1954	281
1955	334
1956	361
1957	329
1958	304
1959	345
1960	310
1961	261
1962	289
1963	267
1964	303
1965	335
1966	271
1967	352
1968	333
1969	368
1970	352
1971	375
1972	333
1973	352
1974	315
1975	307
1976	328
1977	343
1978	330
1979	309
1980	294
1981	316
1982	333
1983	300
1984	321
1985	312
1986	331
1987	288
1988	361
1989	338
1990	317
1991	346
1992	340
1993	265
1994	343
1995	335
1996	274
1997	256
1998	289
1999	295
2000	339
2001	316
2002	302
2003	323
2004	311
2005	334
2006	313
2007	312
2008	396
2009	335
2010	324
2011	289
2012	317
2013	330
2014	336
2015	352
2016	248
2017	224
2018	280
2019	347
2020	352
2021	357
2022	355
2023	359
2024	410
2025	337
2026	349
2027	321
2028	271
2029	342
2030	362
2031	275
2032	320
2033	378
2034	390
2035	334
2036	311
2037	300
2038	307
2039	329
2040	330
2041	277
2042	274
2043	316
2044	304
2045	313
2046	342
2047	354
2048	331
2049	321
2050	325
2051	331
2052	325
2053	313
2054	331
2055	309
2056	398
2057	326
2058	295
2059	278
2060	293
2061	297
2062	308
2063	245
2064	261
2065	275
2066	279
2067	285
2068	288
2069	330
2070	303
2071	315
2072	327
2073	330
2074	242
2075	324
2076	284
2077	326
2078	343
2079	344
2080	338
2081	339
2082	284
2083	273
2084	252
2085	268
2086	254
2087	296
2088	313
2089	287
2090	252
2091	235
2092	280
2093	246
2094	244
2095	245
2096	250
2097	289
2098	310
2099	335
2100	296
2101	331
2102	278
2103	252
2104	289
2105	303
2106	331
2107	326
2108	312
2109	297
2110	302
2111	324
2112	305
2113	298
2114	281
2115	280
2116	293
2117	251
2118	264
2119	253
2120	263
2121	283
2122	312
2123	285
2124	260
2125	282
2126	310
2127	324
2128	313
2129	280
2130	249
2131	328
2132	319
2133	283
2134	301
2135	287
2136	268
2137	261
2138	261
2139	327
2140	357
2141	298
2142	327
2143	300
2144	312
2145	253
2146	328
2147	318
2148	230
2149	249
2150	287
2151	296
2152	287
2153	301
2154	283
2155	278
2156	297
2157	276
2158	246
2159	252
2160	255
2161	225
2162	241
2163	255
2164	250
2165	261
2166	262
2167	247
2168	262
2169	228
2170	294
2171	234
2172	278
2173	250
2174	276
2175	242
2176	234
2177	277
2178	266
2179	298
2180	269
2181	289
2182	230
2183	247
2184	289
2185	234
2186	218
2187	243
2188	254
2189	254
2190	317
2191	291
2192	268
2193	232
2194	290
2195	311
2196	284
2197	238
2198	315
2199	271
2200	296
2201	270
2202	258
2203	252
2204	241
2205	317
2206	290
2207	281
2208	244
2209	309
2210	310
2211	295
2212	268
2213	282
2214	317
2215	249
2216	279
2217	248
2218	294
2219	327
2220	303
2221	278
2222	331
2223	302
2224	301
2225	348
2226	285
2227	281
2228	297
2229	322
2230	314
2231	324
2232	290
2233	299
2234	318
2235	326
2236	304
2237	284
2238	342
2239	289
2240	333
2241	361
2242	313
2243	251
2244	277
2245	280
2246	326
2247	327
2248	323
2249	309
2250	287
2251	330
2252	291
2253	296
2254	327
2255	337
2256	376
2257	425
2258	383
2259	358
2260	372
2261	353
2262	377
2263	334
2264	308
2265	271
2266	311
2267	293
2268	322
2269	273
2270	328
2271	293
2272	285
2273	319
2274	320
2275	328
2276	336
2277	362
2278	340
2279	289
2280	306
2281	348
2282	297
2283	308
2284	293
2285	288
2286	261
2287	250
2288	316
2289	350
2290	367
2291	335
2292	394
2293	349
2294	339
2295	276
2296	301
2297	316
2298	258
2299	277
2300	267
2301	331
2302	305
2303	286
2304	295
2305	263
2306	301
2307	340
2308	313
2309	265
2310	253
2311	286
2312	324
2313	306
2314	240
2315	271
2316	370
2317	284
2318	306
2319	278
2320	290
2321	323
2322	324
2323	326
2324	290
2325	327
2326	343
2327	344
2328	356
2329	270
2330	317
2331	280
2332	257
2333	272
2334	283
2335	285
2336	282
2337	225
2338	244
2339	198
2340	234
2341	223
2342	310
2343	277
2344	289
2345	210
2346	270
2347	270
2348	282
2349	285
2350	290
2351	302
2352	254
2353	258
2354	273
2355	277
2356	250
2357	327
2358	254
2359	284
2360	324
2361	281
2362	271
2363	263
2364	229
2365	263
2366	286
2367	250
2368	306
2369	284
2370	245
2371	231
2372	233
2373	243
2374	261
2375	296
2376	253
2377	295
2378	250
2379	273
2380	348
2381	312
2382	280
2383	282
2384	262
2385	263
2386	250
2387	254
2388	251
2389	286
2390	314
2391	308
2392	329
2393	294
2394	315
2395	292
2396	283
2397	282
2398	286
2399	240
2400	205
2401	227
2402	249
2403	226
2404	222
2405	293
2406	282
2407	304
2408	365
2409	277
2410	261
2411	250
2412	298
2413	243
2414	307
2415	295
2416	251
2417	310
2418	333
2419	264
2420	275
2421	253
2422	246
2423	291
2424	267
2425	275
2426	265
2427	279
2428	254
2429	250
2430	289
2431	289
2432	306
2433	315
2434	231
2435	266
2436	266
2437	285
2438	274
2439	290
2440	305
2441	359
2442	295
2443	264
2444	302
2445	345
2446	289
2447	295
2448	314
2449	289
2450	268
2451	238
2452	302
2453	280
2454	338
2455	315
2456	305
2457	275
2458	303
2459	267
2460	290
2461	291
2462	350
2463	283
2464	278
2465	264
2466	243
2467	325
2468	235
2469	261
2470	312
2471	282
2472	246
2473	228
2474	235
2475	267
2476	262
2477	250
2478	284
2479	273
2480	225
2481	233
2482	277
2483	296
2484	264
2485	239
2486	223
2487	223
2488	246
2489	231
2490	291
2491	300
2492	315
2493	308
2494	258
2495	258
2496	275
2497	229
2498	217
2499	214
2500	230
2501	231
2502	234
2503	311
2504	235
2505	279
2506	291
2507	268
2508	319
2509	245
2510	253
2511	245
2512	222
2513	199
2514	260
2515	248
2516	275
2517	244
2518	256
2519	344
2520	299
2521	292
2522	351
2523	314
2524	269
2525	244
2526	226
2527	244
2528	245
2529	258
2530	284
2531	198
2532	290
2533	247
2534	313
2535	260
2536	291
2537	264
2538	229
2539	255
2540	262
2541	236
2542	253
2543	201
2544	163
2545	218
2546	238
2547	207
2548	183
2549	220
2550	211
2551	231
2552	231
2553	248
2554	258
2555	241
2556	194
2557	191
2558	200
2559	212
2560	229
2561	234
2562	213
2563	223
2564	211
2565	214
2566	197
2567	216
2568	238
2569	220
2570	194
2571	233
2572	217
2573	227
2574	244
2575	217
2576	216
2577	244
2578	204
2579	191
2580	205
2581	216
2582	213
2583	229
2584	210
2585	230
2586	209
2587	205
2588	296
2589	196
2590	228
2591	212
2592	229
2593	225
2594	262
2595	235
2596	226
2597	263
2598	220
2599	220
2600	182
2601	253
2602	250
2603	279
2604	217
2605	197
2606	189
2607	249
2608	213
2609	256
2610	207
2611	318
2612	222
2613	238
2614	241
2615	224
2616	237
2617	214
2618	268
2619	215
2620	194
2621	205
2622	180
2623	255
2624	246
2625	207
2626	205
2627	233
2628	210
2629	181
2630	169
2631	229
2632	238
2633	217
2634	212
2635	231
2636	196
2637	221
2638	225
2639	232
2640	220
2641	231
2642	250
2643	243
2644	215
2645	285
2646	229
2647	210
2648	219
2649	266
2650	280
2651	287
2652	284
2653	220
2654	249
2655	257
2656	231
2657	210
2658	271
2659	255
2660	273
2661	225
2662	250
2663	210
2664	220
2665	215
2666	240
2667	225
2668	194
2669	216
2670	206
2671	189
2672	212
2673	218
2674	215
2675	208
2676	251
2677	282
2678	285
2679	236
2680	229
2681	264
2682	233
2683	211
2684	239
2685	181
2686	248
2687	247
2688	225
2689	238
2690	252
2691	231
2692	249
2693	215
2694	275
2695	252
2696	244
2697	241
2698	268
2699	230
2700	239
2701	206
2702	261
2703	199
2704	253
2705	203
2706	223
2707	219
2708	244
2709	245
2710	218
2711	266
2712	268
2713	238
2714	254
2715	250
2716	257
2717	228
2718	229
2719	223
2720	195
2721	227
2722	173
2723	217
2724	199
2725	281
2726	286
2727	207
2728	213
2729	245
2730	215
2731	251
2732	224
2733	245
2734	229
2735	246
2736	305
2737	269
2738	253
2739	243
2740	231
2741	210
2742	195
2743	238
2744	206
2745	279
2746	234
2747	230
2748	239
2749	266
2750	272
2751	226
2752	271
2753	270
2754	285
2755	244
2756	269
2757	287
2758	258
2759	279
2760	277
2761	252
2762	276
2763	237
2764	147
2765	259
2766	221
2767	189
2768	227
2769	190
2770	254
2771	256
2772	269
2773	286
2774	203
2775	242
2776	231
2777	254
2778	253
2779	238
2780	204
2781	218
2782	231
2783	164
2784	173
2785	170
2786	142
2787	216
2788	146
2789	196
2790	194
2791	209
2792	222
2793	216
2794	247
2795	225
2796	254
2797	223
2798	275
2799	282
2800	209
2801	219
2802	210
2803	267
2804	232
2805	226
2806	246
2807	215
2808	203
2809	209
2810	170
2811	205
2812	170
2813	149
2814	166
2815	194
2816	186
2817	199
2818	229
2819	217
2820	189
2821	264
2822	229
2823	277
2824	186
2825	186
2826	183
2827	193
2828	202
2829	205
2830	216
2831	208
2832	248
2833	198
2834	167
2835	222
2836	240
2837	177
2838	220
2839	212
2840	273
2841	272
2842	234
2843	211
2844	165
2845	181
2846	190
2847	225
2848	261
2849	243
2850	204
2851	196
2852	205
2853	239
2854	222
2855	208
2856	224
2857	279
2858	199
2859	171
2860	239
2861	212
2862	211
2863	174
2864	198
2865	229
2866	229
2867	229
2868	214
2869	224
2870	191
2871	201
2872	208
2873	220
2874	192
2875	221
2876	174
2877	194
2878	168
2879	197
2880	208
2881	171
2882	205
2883	176
2884	158
2885	175
2886	156
2887	176
2888	167
2889	209
2890	155
2891	214
2892	207
2893	211
2894	179
2895	236
2896	165
2897	200
2898	165
2899	178
2900	163
2901	169
2902	207
2903	180
2904	146
2905	164
2906	186
2907	167
2908	171
2909	163
2910	171
2911	201
2912	210
2913	172
2914	180
2915	180
2916	157
2917	131
2918	152
2919	149
2920	149
2921	184
2922	158
2923	116
2924	118
2925	152
2926	138
2927	177
2928	196
2929	154
2930	177
2931	149
2932	158
2933	150
2934	178
2935	198
2936	218
2937	176
2938	163
2939	159
2940	170
2941	196
2942	217
2943	142
2944	140
2945	145
2946	159
2947	174
2948	172
2949	189
2950	188
2951	209
2952	154
2953	185
2954	130
2955	144
2956	117
2957	115
2958	145
2959	175
2960	158
2961	183
2962	168
2963	165
2964	141
2965	147
2966	131
2967	151
2968	133
2969	120
2970	139
2971	190
2972	137
2973	120
2974	174
2975	173
2976	179
2977	195
2978	161
2979	167
2980	124
2981	180
2982	179
2983	204
2984	215
2985	189
2986	227
2987	225
2988	168
2989	171
2990	170
2991	144
2992	172
2993	181
2994	181
2995	174
2996	215
2997	164
2998	176
2999	193
3000	187
3001	172
3002	146
3003	215
3004	168
3005	158
3006	155
3007	170
3008	199
3009	205
3010	216
3011	199
3012	176
3013	210
3014	170
3015	178
3016	201
3017	177
3018	159
3019	190
3020	168
3021	193
3022	181
3023	221
3024	217
3025	237
3026	176
3027	202
3028	183
3029	198
3030	207
3031	195
3032	172
3033	148
3034	191
3035	170
3036	143
3037	161
3038	183
3039	221
3040	209
3041	168
3042	162
3043	145
3044	188
3045	169
3046	225
3047	203
3048	192
3049	147
3050	196
3051	193
3052	217
3053	183
3054	202
3055	184
3056	213
3057	208
3058	209
3059	155
3060	161
3061	177
3062	171
3063	213
3064	177
3065	161
3066	196
3067	190
3068	210
3069	233
3070	219
3071	208
3072	188
3073	197
3074	232
3075	210
3076	223
3077	204
3078	181
3079	212
3080	207
3081	160
3082	183
3083	209
3084	192
3085	206
3086	205
3087	216
3088	150
3089	193
3090	178
3091	186
3092	173
3093	163
3094	186
3095	198
3096	196
3097	149
3098	228
3099	200
3100	199
3101	226
3102	220
3103	221
3104	209
3105	207
3106	176
3107	202
3108	234
3109	183
3110	196
3111	191
3112	235
3113	227
3114	212
3115	193
3116	180
3117	171
3118	168
3119	200
3120	163
3121	177
3122	138
3123	135
3124	161
3125	143
3126	139
3127	199
3128	227
3129	152
3130	140
3131	160
3132	132
3133	176
3134	147
3135	144
3136	202
3137	180
3138	172
3139	170
3140	188
3141	161
3142	178
3143	148
3144	169
3145	172
3146	219
3147	156
3148	149
3149	180
3150	169
3151	118
3152	154
3153	153
3154	175
3155	188
3156	173
3157	202
3158	163
3159	146
3160	138
3161	174
3162	132
3163	197
3164	155
3165	195
3166	166
3167	170
3168	200
3169	137
3170	215
3171	218
3172	211
3173	176
3174	159
3175	165
3176	182
3177	142
3178	182
3179	167
3180	200
3181	178
3182	174
3183	176
3184	197
3185	151
3186	190
3187	210
3188	201
3189	252
3190	166
3191	182
3192	199
3193	219
3194	171
3195	161
3196	185
3197	158
3198	197
3199	176
3200	188
3201	184
3202	179
3203	179
3204	211
3205	199
3206	203
3207	195
3208	196
3209	238
3210	203
3211	166
3212	198
3213	183
3214	199
3215	154
3216	197
3217	185
3218	169
3219	227
3220	208
3221	167
3222	182
3223	179
3224	145
3225	192
3226	196
3227	173
3228	193
3229	187
3230	182
3231	200
3232	191
3233	189
3234	140
3235	179
3236	143
3237	184
3238	217
3239	200
3240	179
3241	195
3242	251
3243	234
3244	176
3245	179
3246	192
3247	168
3248	183
3249	188
3250	168
3251	169
3252	196
3253	208
3254	210
3255	223
3256	227
3257	197
3258	197
3259	190
3260	162
3261	181
3262	224
3263	187
3264	165
3265	170
3266	162
3267	175
3268	185
3269	202
3270	178
3271	209
3272	196
3273	209
3274	176
3275	244
3276	240
3277	215
3278	209
3279	212
3280	211
3281	246
3282	217
3283	235
3284	265
3285	232
3286	262
3287	179
3288	227
3289	216
3290	194
3291	170
3292	184
3293	249
3294	203
3295	159
3296	221
3297	209
3298	230
3299	211
3300	207
3301	268
3302	199
3303	175
3304	190
3305	175
3306	225
3307	172
3308	198
3309	175
3310	138
3311	169
3312	212
3313	205
3314	220
3315	200
3316	183
3317	238
3318	226
3319	254
3320	247
3321	243
3322	228
3323	244
3324	226
3325	261
3326	238
3327	261
3328	233
3329	233
3330	221
3331	254
3332	225
3333	189
3334	204
3335	226
3336	222
3337	216
3338	232
3339	199
3340	188
3341	232
3342	181
3343	209
3344	242
3345	181
3346	191
3347	223
3348	179
3349	207
3350	212
3351	242
3352	219
3353	203
3354	181
3355	147
3356	216
3357	204
3358	153
3359	163
3360	146
3361	160
3362	185
3363	191
3364	192
3365	189
3366	219
3367	208
3368	233
3369	214
3370	179
3371	193
3372	165
3373	194
3374	197
3375	191
3376	193
3377	166
3378	190
3379	164
3380	189
3381	234
3382	231
3383	210
3384	224
3385	170
3386	215
3387	179
3388	182
3389	199
3390	138
3391	169
3392	141
3393	188
3394	139
3395	164
3396	196
3397	146
3398	192
3399	148
3400	135
3401	152
3402	138
3403	184
3404	173
3405	193
3406	203
3407	187
3408	160
3409	147
3410	134
3411	177
3412	176
3413	165
3414	171
3415	169
3416	152
3417	229
3418	151
3419	167
3420	171
3421	169
3422	202
3423	161
3424	132
3425	231
3426	181
3427	192
3428	129
3429	176
3430	149
3431	183
3432	178
3433	209
3434	188
3435	190
3436	204
3437	188
3438	181
3439	179
3440	166
3441	148
3442	142
3443	123
3444	122
3445	183
3446	161
3447	172
3448	167
3449	191
3450	175
3451	173
3452	144
3453	178
3454	173
3455	200
3456	208
3457	180
3458	165
3459	155
3460	214
3461	155
3462	147
3463	155
3464	192
3465	186
3466	188
3467	189
3468	187
3469	162
3470	169
3471	161
3472	202
3473	209
3474	172
3475	232
3476	213
3477	170
3478	167
3479	160
3480	126
3481	123
3482	131
3483	138
3484	108
3485	128
3486	141
3487	142
3488	176
3489	146
3490	197
3491	168
3492	195
3493	147
3494	158
3495	151
3496	163
3497	196
3498	215
3499	148
3500	184
3501	191
3502	185
3503	213
3504	182
3505	181
3506	129
3507	162
3508	160
3509	165
3510	122
3511	146
3512	171
3513	163
3514	141
3515	205
3516	184
3517	162
3518	90
3519	115
3520	127
3521	162
3522	133
3523	125
3524	183
3525	161
3526	169
3527	158
3528	215
3529	144
3530	163
3531	221
3532	171
3533	166
3534	158
3535	174
3536	155
3537	131
3538	161
3539	124
3540	159
3541	136
3542	117
3543	127
3544	155
3545	147
3546	181
3547	145
3548	155
3549	129
3550	150
3551	167
3552	179
3553	140
3554	167
3555	167
3556	168
3557	170
3558	150
3559	179
3560	177
3561	175
3562	170
3563	180
3564	121
3565	177
3566	154
3567	180
3568	150
3569	197
3570	160
3571	150
3572	139
3573	165
3574	161
3575	105
3576	114
3577	160
3578	172
3579	143
3580	162
3581	183
3582	189
3583	221
3584	125
3585	114
3586	169
3587	137
3588	187
3589	162
3590	190
3591	143
3592	128
3593	151
3594	153
3595	182
3596	181
3597	162
3598	130
3599	156
3600	156
3601	121
3602	183
3603	166
3604	154
3605	171
3606	162
3607	191
3608	159
3609	180
3610	173
3611	181
3612	150
3613	172
3614	142
3615	142
3616	192
3617	147
3618	179
3619	153
3620	186
3621	166
3622	169
3623	166
3624	162
3625	185
3626	120
3627	148
3628	145
3629	165
3630	173
3631	157
3632	190
3633	137
3634	176
3635	184
3636	212
3637	156
3638	139
3639	176
3640	143
3641	143
3642	131
3643	111
3644	112
3645	162
3646	159
3647	152
3648	120
3649	167
3650	187
3651	131
3652	140
3653	126
3654	125
3655	182
3656	173
3657	189
3658	198
3659	174
3660	149
3661	150
3662	128
3663	149
3664	146
3665	168
3666	192
3667	107
3668	160
3669	145
3670	151
3671	139
3672	150
3673	128
3674	159
3675	142
3676	137
3677	161
3678	121
3679	139
3680	137
3681	145
3682	119
3683	149
3684	156
3685	165
3686	167
3687	163
3688	117
3689	100
3690	104
3691	119
3692	147
3693	140
3694	143
3695	122
3696	154
3697	141
3698	180
3699	128
3700	165
3701	179
3702	149
3703	160
3704	151
3705	145
3706	129
3707	182
3708	143
3709	188
3710	160
3711	157
3712	171
3713	224
3714	121
3715	166
3716	194
3717	201
3718	177
3719	151
3720	157
3721	170
3722	165
3723	117
3724	135
3725	119
3726	140
3727	113
3728	157
3729	187
3730	117
3731	165
3732	191
3733	130
3734	131
3735	168
3736	183
3737	155
3738	185
3739	148
3740	207
3741	184
3742	124
3743	158
3744	127
3745	156
3746	155
3747	122
3748	138
3749	183
3750	175
3751	136
3752	186
3753	157
3754	160
3755	182
3756	126
3757	146
3758	171
3759	158
3760	128
3761	155
3762	138
3763	165
3764	156
3765	175
3766	139
3767	160
3768	121
3769	176
3770	141
3771	149
3772	134
3773	158
3774	137
3775	117
3776	113
3777	112
3778	140
3779	138
3780	132
3781	135
3782	138
3783	116
3784	116
3785	137
3786	153
3787	146
3788	164
3789	156
3790	148
3791	129
3792	192
3793	139
3794	139
3795	147
3796	152
3797	121
3798	148
3799	168
3800	150
3801	136
3802	175
3803	143
3804	132
3805	96
3806	113
3807	119
3808	126
3809	117
3810	146
3811	139
3812	190
3813	188
3814	162
3815	184
3816	198
3817	191
3818	214
3819	172
3820	165
3821	126
3822	133
3823	195
3824	160
3825	158
3826	122
3827	163
3828	125
3829	136
3830	116
3831	138
3832	153
3833	131
3834	140
3835	117
3836	139
3837	186
3838	132
3839	119
3840	88
3841	114
3842	138
3843	119
3844	136
3845	157
3846	144
3847	159
3848	146
3849	196
3850	158
3851	163
3852	160
3853	150
3854	98
3855	130
3856	146
3857	119
3858	120
3859	109
3860	112
3861	115
3862	122
3863	147
3864	183
3865	163
3866	125
3867	164
3868	150
3869	136
3870	103
3871	131
3872	117
3873	154
3874	154
3875	150
3876	247
3877	158
3878	196
3879	169
3880	164
3881	206
3882	232
3883	241
3884	213
3885	185
3886	220
3887	218
3888	166
3889	183
3890	187
3891	186
3892	189
3893	226
3894	199
3895	230
3896	161
3897	185
3898	181
3899	176
3900	184
3901	132
3902	181
3903	233
3904	175
3905	182
3906	207
3907	209
3908	196
3909	205
3910	229
3911	216
3912	159
3913	214
3914	215
3915	167
3916	222
3917	251
3918	216
3919	196
3920	227
3921	242
3922	211
3923	179
3924	236
3925	226
3926	215
3927	215
3928	201
3929	158
3930	178
3931	162
3932	169
3933	162
3934	162
3935	192
3936	195
3937	169
3938	177
3939	168
3940	186
3941	189
3942	161
3943	244
3944	250
3945	225
3946	188
3947	189
3948	175
3949	175
3950	168
3951	183
3952	185
3953	208
3954	178
3955	192
3956	190
3957	210
3958	165
3959	170
3960	158
3961	171
3962	178
3963	172
3964	181
3965	164
3966	136
3967	147
3968	167
3969	127
3970	167
3971	150
3972	170
3973	158
3974	154
3975	149
3976	159
3977	131
3978	152
3979	151
3980	157
3981	161
3982	185
3983	163
3984	177
3985	140
3986	146
3987	143
3988	204
3989	150
3990	201
3991	144
3992	122
3993	142
3994	175
3995	145
3996	180
3997	173
3998	151
3999	148
4000	172
4001	172
4002	151
4003	138
4004	119
4005	176
4006	182
4007	204
4008	151
4009	155
4010	129
4011	136
4012	196
4013	166
4014	135
4015	153
4016	164
4017	182
4018	126
4019	159
4020	209
4021	194
4022	149
4023	200
4024	174
4025	158
4026	167
4027	191
4028	207
4029	172
4030	185
4031	206
4032	214
4033	179
4034	167
4035	211
4036	206
4037	190
4038	188
4039	186
4040	143
4041	160
4042	183
4043	203
4044	188
4045	173
4046	181
4047	212
4048	169
4049	178
4050	170
4051	151
4052	159
4053	192
4054	229
4055	270
4056	248
4057	246
4058	246
4059	219
4060	178
4061	209
4062	222
4063	191
4064	152
4065	214
4066	183
4067	207
4068	236
4069	171
4070	209
4071	191
4072	175
4073	218
4074	206
4075	182
4076	168
4077	170
4078	179
4079	179
4080	183
4081	209
4082	194
4083	181
4084	177
4085	154
4086	209
4087	162
4088	172
4089	204
4090	154
4091	171
4092	207
4093	161
4094	182
4095	149
4096	184
4097	182
4098	173
4099	148
4100	148
4101	161
4102	144
4103	144
4104	177
4105	205
4106	155
4107	130
4108	163
4109	164
4110	148
4111	191
4112	162
4113	163
4114	165
4115	149
4116	182
4117	226
4118	188
4119	163
4120	156
4121	143
4122	119
4123	172
4124	184
4125	167
4126	149
4127	135
4128	115
4129	157
4130	131
4131	148
4132	142
4133	128
4134	148
4135	166
4136	125
4137	163
4138	189
4139	118
4140	130
4141	123
4142	142
4143	126
4144	163
4145	160
4146	125
4147	134
4148	157
4149	119
4150	159
4151	122
4152	121
4153	137
4154	113
4155	118
4156	121
4157	127
4158	123
4159	88
4160	105
4161	91
4162	154
4163	108
4164	132
4165	127
4166	124
4167	142
4168	151
4169	103
4170	110
4171	128
4172	116
4173	139
4174	175
4175	114
4176	143
4177	143
4178	88
4179	118
4180	126
4181	119
4182	113
4183	136
4184	146
4185	130
4186	129
4187	133
4188	136
4189	102
4190	119
4191	123
4192	146
4193	178
4194	137
4195	145
4196	107
4197	143
4198	123
4199	135
4200	98
4201	120
4202	142
4203	126
4204	152
4205	128
4206	124
4207	121
4208	117
4209	115
4210	111
4211	137
4212	89
4213	123
4214	102
4215	129
4216	139
4217	152
4218	102
4219	132
4220	143
4221	124
4222	161
4223	107
4224	130
4225	86
4226	114
4227	115
4228	108
4229	119
4230	149
4231	163
4232	142
4233	168
4234	136
4235	143
4236	118
4237	97
4238	124
4239	106
4240	108
4241	119
4242	124
4243	102
4244	150
4245	142
4246	142
4247	125
4248	162
4249	150
4250	100
4251	143
4252	113
4253	85
4254	109
4255	99
4256	101
4257	125
4258	148
4259	135
4260	149
4261	139
4262	102
4263	129
4264	89
4265	102
4266	104
4267	101
4268	140
4269	116
4270	170
4271	150
4272	115
4273	142
4274	128
4275	135
4276	136
4277	118
4278	130
4279	103
4280	152
4281	118
4282	113
4283	158
4284	118
4285	89
4286	112
4287	133
4288	115
4289	128
4290	152
4291	138
4292	112
4293	136
4294	107
4295	116
4296	137
4297	152
4298	130
4299	92
4300	105
4301	123
4302	134
4303	116
4304	155
4305	106
4306	109
4307	79
4308	86
4309	108
4310	106
4311	108
4312	133
4313	148
4314	103
4315	105
4316	128
4317	112
4318	145
4319	99
4320	136
4321	127
4322	141
4323	126
4324	110
4325	100
4326	112
4327	96
4328	141
4329	104
4330	114
4331	126
4332	123
4333	109
4334	137
4335	109
4336	107
4337	107
4338	110
4339	111
4340	131
4341	150
4342	115
4343	79
4344	86
4345	114
4346	134
4347	112
4348	98
4349	136
4350	108
4351	97
4352	128
4353	93
4354	98
4355	101
4356	114
4357	132
4358	120
4359	96
4360	102
4361	99
4362	110
4363	112
4364	93
4365	126
4366	102
4367	121
4368	131
4369	135
4370	116
4371	101
4372	105
4373	77
4374	104
4375	100
4376	90
4377	109
4378	99
4379	107
4380	120
4381	88
4382	111
4383	108
4384	123
4385	79
4386	119
4387	80
4388	70
4389	94
4390	99
4391	107
4392	113
4393	100
4394	113
4395	129
4396	123
4397	114
4398	115
4399	120
4400	107
4401	121
4402	86
4403	116
4404	66
4405	103
4406	119
4407	124
4408	106
4409	130
4410	117
4411	125
4412	110
4413	111
4414	109
4415	102
4416	139
4417	106
4418	135
4419	96
4420	84
4421	85
4422	102
4423	136
4424	108
4425	129
4426	101
4427	143
4428	125
4429	128
4430	103
4431	98
4432	108
4433	96
4434	145
4435	139
4436	109
4437	106
4438	86
4439	104
4440	124
4441	115
4442	104
4443	130
4444	115
4445	77
4446	89
4447	79
4448	119
4449	104
4450	102
4451	103
4452	90
4453	108
4454	148
4455	108
4456	105
4457	110
4458	110
4459	96
4460	131
4461	89
4462	97
4463	139
4464	129
4465	99
4466	105
4467	97
4468	103
4469	113
4470	85
4471	110
4472	106
4473	130
4474	123
4475	98
4476	130
4477	113
4478	120
4479	126
4480	85
4481	60
4482	89
4483	88
4484	100
4485	111
4486	124
4487	104
4488	107
4489	154
4490	109
4491	115
4492	99
4493	91
4494	106
4495	108
4496	115
4497	113
4498	120
4499	161
4500	182
4501	120
4502	124
4503	83
4504	127
4505	108
4506	120
4507	118
4508	104
4509	132
4510	152
4511	155
4512	165
4513	154
4514	126
4515	112
4516	113
4517	103
4518	127
4519	107
4520	125
4521	133
4522	131
4523	117
4524	112
4525	121
4526	124
4527	85
4528	117
4529	129
4530	97
4531	107
4532	127
4533	130
4534	119
4535	157
4536	107
4537	103
4538	109
4539	119
4540	131
4541	110
4542	127
4543	126
4544	130
4545	156
4546	154
4547	131
4548	141
4549	130
4550	134
4551	126
4552	106
4553	109
4554	122
4555	139
4556	165
4557	154
4558	140
4559	158
4560	147
4561	140
4562	111
4563	111
4564	131
4565	100
4566	137
4567	108
4568	146
4569	132
4570	111
4571	111
4572	166
4573	132
4574	122
4575	125
4576	94
4577	95
4578	119
4579	110
4580	128
4581	124
4582	117
4583	120
4584	140
4585	102
4586	134
4587	142
4588	125
4589	104
4590	118
4591	105
4592	112
4593	126
4594	155
4595	126
4596	100
4597	138
4598	121
4599	79
4600	96
4601	117
4602	104
4603	117
4604	116
4605	84
4606	114
4607	69
4608	97
4609	94
4610	131
4611	112
4612	133
4613	67
4614	106
4615	88
4616	144
4617	89
4618	95
4619	95
4620	95
4621	76
4622	81
4623	103
4624	133
4625	131
4626	111
4627	148
4628	106
4629	101
4630	144
4631	138
4632	116
4633	99
4634	107
4635	115
4636	124
4637	130
4638	128
4639	111
4640	115
4641	144
4642	97
4643	147
4644	146
4645	86
4646	146
4647	121
4648	120
4649	115
4650	129
4651	93
4652	96
4653	86
4654	101
4655	95
4656	75
4657	99
4658	118
4659	161
4660	112
4661	106
4662	105
4663	120
4664	76
4665	104
4666	145
4667	130
4668	120
4669	119
4670	120
4671	121
4672	134
4673	111
4674	135
4675	114
4676	143
4677	119
4678	109
4679	119
4680	146
4681	118
4682	72
4683	114
4684	86
4685	106
4686	101
4687	114
4688	111
4689	112
4690	88
4691	94
4692	118
4693	133
4694	121
4695	85
4696	107
4697	85
4698	108
4699	84
4700	126
4701	124
4702	142
4703	111
4704	90
4705	102
4706	97
4707	112
4708	112
4709	94
4710	114
4711	105
4712	103
4713	91
4714	89
4715	122
4716	123
4717	91
4718	111
4719	93
4720	108
4721	120
4722	114
4723	98
4724	107
4725	120
4726	134
4727	96
4728	119
4729	140
4730	127
4731	134
4732	146
4733	142
4734	131
4735	135
4736	108
4737	109
4738	101
4739	130
4740	117
4741	128
4742	120
4743	124
4744	105
4745	99
4746	106
4747	116
4748	98
4749	158
4750	102
4751	128
4752	110
4753	115
4754	100
4755	99
4756	71
4757	120
4758	97
4759	88
4760	83
4761	100
4762	104
4763	121
4764	105
4765	96
4766	118
4767	164
4768	116
4769	95
4770	134
4771	106
4772	96
4773	131
4774	122
4775	85
4776	97
4777	105
4778	101
4779	113
4780	76
4781	77
4782	77
4783	84
4784	98
4785	91
4786	105
4787	97
4788	147
4789	135
4790	126
4791	98
4792	133
4793	119
4794	82
4795	101
4796	91
4797	106
4798	142
4799	109
4800	105
4801	113
4802	107
4803	82
4804	113
4805	85
4806	108
4807	102
4808	77
4809	109
4810	112
4811	129
4812	123
4813	109
4814	135
4815	113
4816	83
4817	120
4818	123
4819	111
4820	114
4821	83
4822	114
4823	114
4824	111
4825	114
4826	98
4827	104
4828	89
4829	93
4830	95
4831	97
4832	92
4833	97
4834	112
4835	88
4836	89
4837	98
4838	134
4839	108
4840	80
4841	100
4842	81
4843	93
4844	91
4845	99
4846	74
4847	103
4848	99
4849	105
4850	109
4851	104
4852	104
4853	61
4854	59
4855	94
4856	61
4857	82
4858	96
4859	70
4860	87
4861	98
4862	73
4863	69
4864	103
4865	81
4866	75
4867	98
4868	89
4869	70
4870	67
4871	69
4872	108
4873	61
4874	118
4875	97
4876	87
4877	91
4878	80
4879	98
4880	82
4881	78
4882	92
4883	125
4884	109
4885	83
4886	84
4887	94
4888	159
4889	114
4890	133
4891	81
4892	95
4893	105
4894	109
4895	90
4896	118
4897	105
4898	93
4899	89
4900	74
4901	95
4902	89
4903	102
4904	131
4905	100
4906	94
4907	131
4908	106
4909	90
4910	86
4911	108
4912	66
4913	80
4914	82
4915	89
4916	95
4917	126
4918	97
4919	97
4920	99
4921	107
4922	84
4923	82
4924	105
4925	135
4926	121
4927	126
4928	87
4929	77
4930	108
4931	94
4932	106
4933	91
4934	88
4935	105
4936	136
4937	90
4938	102
4939	104
4940	74
4941	81
4942	59
4943	77
4944	49
4945	70
4946	62
4947	93
4948	121
4949	78
4950	93
4951	126
4952	138
4953	103
4954	111
4955	77
4956	64
4957	78
4958	82
4959	100
4960	112
4961	117
4962	106
4963	138
4964	144
4965	130
4966	108
4967	106
4968	110
4969	121
4970	82
4971	104
4972	118
4973	87
4974	91
4975	89
4976	120
4977	96
4978	124
4979	136
4980	93
4981	103
4982	95
4983	54
4984	69
4985	106
4986	104
4987	107
4988	115
4989	129
4990	74
4991	91
4992	103
4993	102
4994	94
4995	93
4996	95
4997	103
4998	91
4999	98
5000	103
5001	109
5002	103
5003	126
5004	89
5005	104
5006	99
5007	132
5008	129
5009	111
5010	112
5011	107
5012	129
5013	107
5014	107
5015	104
5016	121
5017	90
5018	125
5019	141
5020	114
5021	106
5022	132
5023	100
5024	115
5025	105
5026	114
5027	114
5028	133
5029	123
5030	133
5031	117
5032	110
5033	116
5034	90
5035	107
5036	139
5037	93
5038	143
5039	117
5040	101
5041	120
5042	125
5043	108
5044	117
5045	111
5046	118
5047	139
5048	108
5049	94
5050	114
5051	119
5052	103
5053	123
5054	68
5055	89
5056	94
5057	85
5058	106
5059	61
5060	115
5061	120
5062	139
5063	134
5064	126
5065	112
5066	147
5067	151
5068	102
5069	87
5070	138
5071	113
5072	123
5073	100
5074	111
5075	57
5076	72
5077	117
5078	119
5079	121
5080	117
5081	139
5082	138
5083	131
5084	92
5085	114
5086	140
5087	108
5088	112
5089	119
5090	73
5091	95
5092	127
5093	124
5094	114
5095	113
5096	76
5097	83
5098	137
5099	77
5100	102
5101	68
5102	131
5103	100
5104	100
5105	116
5106	116
5107	121
5108	104
5109	114
5110	117
5111	116
5112	102
5113	87
5114	65
5115	88
5116	81
5117	132
5118	124
5119	104
5120	84
5121	94
5122	120
5123	134
5124	136
5125	85
5126	85
5127	113
5128	105
5129	101
5130	99
5131	80
5132	89
5133	73
5134	103
5135	116
5136	90
5137	110
5138	87
5139	81
5140	101
5141	120
5142	102
5143	99
5144	110
5145	95
5146	110
5147	106
5148	74
5149	61
5150	87
5151	113
5152	88
5153	88
5154	139
5155	81
5156	90
5157	84
5158	70
5159	91
5160	78
5161	110
5162	128
5163	103
5164	87
5165	118
5166	83
5167	54
5168	83
5169	84
5170	103
5171	96
5172	72
5173	115
5174	97
5175	131
5176	97
5177	111
5178	76
5179	106
5180	120
5181	68
5182	94
5183	99
5184	70
5185	125
5186	92
5187	120
5188	122
5189	88
5190	69
5191	85
5192	98
5193	91
5194	74
5195	66
5196	69
5197	68
5198	83
5199	57
5200	63
5201	66
5202	76
5203	73
5204	80
5205	93
5206	104
5207	84
5208	81
5209	108
5210	80
5211	82
5212	122
5213	75
5214	71
5215	43
5216	97
5217	60
5218	66
5219	79
5220	91
5221	74
5222	62
5223	74
5224	109
5225	128
5226	97
5227	79
5228	73
5229	85
5230	73
5231	65
5232	93
5233	63
5234	84
5235	97
5236	87
5237	86
5238	83
5239	74
5240	84
5241	80
5242	84
5243	72
5244	96
5245	113
5246	65
5247	92
5248	64
5249	110
5250	73
5251	77
5252	85
5253	87
5254	120
5255	92
5256	80
5257	82
5258	95
5259	101
5260	90
5261	93
5262	71
5263	83
5264	79
5265	82
5266	104
5267	80
5268	93
5269	56
5270	80
5271	97
5272	73
5273	85
5274	94
5275	98
5276	94
5277	125
5278	117
5279	92
5280	125
5281	103
5282	90
5283	101
5284	124
5285	95
5286	89
5287	102
5288	108
5289	79
5290	118
5291	69
5292	72
5293	79
5294	80
5295	60
5296	77
5297	64
5298	79
5299	58
5300	61
5301	93
5302	68
5303	101
5304	92
5305	80
5306	103
5307	74
5308	84
5309	101
5310	89
5311	60
5312	105
5313	66
5314	78
5315	67
5316	85
5317	126
5318	96
5319	91
5320	94
5321	93
5322	61
5323	94
5324	101
5325	104
5326	90
5327	110
5328	95
5329	84
5330	73
5331	72
5332	65
5333	93
5334	118
5335	68
5336	82
5337	74
5338	114
5339	96
5340	99
5341	96
5342	90
5343	63
5344	98
5345	105
5346	101
5347	51
5348	97
5349	80
5350	82
5351	71
5352	92
5353	69
5354	89
5355	66
5356	87
5357	75
5358	76
5359	92
5360	99
5361	126
5362	85
5363	56
5364	93
5365	115
5366	103
5367	92
5368	89
5369	81
5370	91
5371	97
5372	100
5373	101
5374	110
5375	97
5376	60
5377	98
5378	93
5379	78
5380	103
5381	78
5382	86
5383	90
5384	100
5385	77
5386	79
5387	60
5388	96
5389	62
5390	71
5391	79
5392	87
5393	80
5394	89
5395	92
5396	100
5397	86
5398	85
5399	72
5400	118
5401	103
5402	79
5403	118
5404	132
5405	128
5406	96
5407	89
5408	90
5409	77
5410	89
5411	81
5412	90
5413	82
5414	99
5415	92
5416	108
5417	92
5418	92
5419	88
5420	97
5421	96
5422	88
5423	104
5424	94
5425	82
5426	96
5427	80
5428	98
5429	102
5430	96
5431	123
5432	61
5433	67
5434	81
5435	63
5436	83
5437	91
5438	69
5439	74
5440	91
5441	66
5442	86
5443	96
5444	67
5445	61
5446	71
5447	89
5448	71
5449	89
5450	76
5451	98
5452	79
5453	78
5454	85
5455	85
5456	69
5457	102
5458	108
5459	58
5460	86
5461	79
5462	52
5463	89
5464	81
5465	70
5466	65
5467	94
5468	125
5469	75
5470	64
5471	110
5472	82
5473	91
5474	67
5475	80
5476	96
5477	114
5478	91
5479	90
5480	107
5481	113
5482	105
5483	108
5484	89
5485	65
5486	85
5487	77
5488	70
5489	98
5490	133
5491	116
5492	120
5493	120
5494	71
5495	101
5496	109
5497	83
5498	83
5499	104
5500	121
5501	75
5502	84
5503	85
5504	109
5505	95
5506	122
5507	108
5508	116
5509	115
5510	111
5511	95
5512	137
5513	115
5514	149
5515	75
5516	114
5517	130
5518	116
5519	113
5520	145
5521	108
5522	149
5523	113
5524	118
5525	107
5526	108
5527	97
5528	75
5529	120
5530	62
5531	90
5532	93
5533	82
5534	83
5535	118
5536	112
5537	91
5538	101
5539	133
5540	100
5541	91
5542	79
5543	106
5544	105
5545	137
5546	112
5547	140
5548	108
5549	100
5550	91
5551	90
5552	106
5553	94
5554	97
5555	106
5556	94
5557	128
5558	88
5559	131
5560	117
5561	115
5562	77
5563	91
5564	116
5565	92
5566	110
5567	128
5568	80
5569	122
5570	120
5571	109
5572	110
5573	88
5574	88
5575	82
5576	86
5577	80
5578	89
5579	91
5580	69
5581	86
5582	95
5583	128
5584	158
5585	104
5586	125
5587	121
5588	106
5589	91
5590	82
5591	92
5592	102
5593	141
5594	91
5595	99
5596	88
5597	99
5598	88
5599	98
5600	62
5601	119
5602	115
5603	69
5604	70
5605	121
5606	81
5607	96
5608	131
5609	108
5610	124
5611	148
5612	106
5613	81
5614	66
5615	74
5616	73
5617	89
5618	77
5619	97
5620	92
5621	63
5622	82
5623	80
5624	72
5625	67
5626	72
5627	103
5628	77
5629	101
5630	120
5631	79
5632	65
5633	69
5634	95
5635	95
5636	119
5637	112
5638	101
5639	79
5640	118
5641	59
5642	53
5643	53
5644	81
5645	105
5646	64
5647	72
5648	82
5649	84
5650	98
5651	122
5652	73
5653	76
5654	94
5655	87
5656	98
5657	113
5658	107
5659	97
5660	85
5661	72
5662	95
5663	75
5664	88
5665	62
5666	75
5667	75
5668	84
5669	85
5670	97
5671	72
5672	73
5673	85
5674	78
5675	87
5676	99
5677	95
5678	119
5679	109
5680	82
5681	95
5682	72
5683	77
5684	85
5685	94
5686	69
5687	74
5688	116
5689	78
5690	79
5691	75
5692	82
5693	90
5694	102
5695	110
5696	105
5697	84
5698	87
5699	106
5700	63
5701	72
5702	91
5703	80
5704	104
5705	106
5706	100
5707	92
5708	93
5709	70
5710	76
5711	87
5712	77
5713	81
5714	128
5715	86
5716	82
5717	105
5718	132
5719	100
5720	112
5721	115
5722	140
5723	81
5724	86
5725	145
5726	93
5727	96
5728	107
5729	120
5730	84
5731	102
5732	74
5733	59
5734	65
5735	76
5736	90
5737	65
5738	50
5739	85
5740	76
5741	95
5742	92
5743	78
5744	79
5745	81
5746	74
5747	101
5748	95
5749	57
5750	47
5751	75
5752	80
5753	62
5754	59
5755	75
5756	39
5757	67
5758	82
5759	75
5760	88
5761	84
5762	80
5763	82
5764	98
5765	103
5766	90
5767	89
5768	86
5769	80
5770	79
5771	61
5772	63
5773	77
5774	86
5775	74
5776	89
5777	115
5778	111
5779	96
5780	130
5781	108
5782	126
5783	123
5784	132
5785	101
5786	84
5787	81
5788	94
5789	85
5790	90
5791	97
5792	86
5793	79
5794	92
5795	90
5796	67
5797	95
5798	69
5799	77
5800	74
5801	91
5802	89
5803	94
5804	88
5805	91
5806	74
5807	61
5808	69
5809	82
5810	65
5811	81
5812	97
5813	55
5814	75
5815	94
5816	114
5817	98
5818	66
5819	60
5820	67
5821	86
5822	114
5823	111
5824	76
5825	86
5826	70
5827	83
5828	78
5829	77
5830	90
5831	81
5832	65
5833	70
5834	104
5835	75
5836	88
5837	97
5838	75
5839	104
5840	93
5841	109
5842	85
5843	95
5844	108
5845	71
5846	90
5847	62
5848	112
5849	94
5850	77
5851	68
5852	67
5853	64
5854	107
5855	103
5856	85
5857	103
5858	86
5859	90
5860	70
5861	75
5862	59
5863	94
5864	81
5865	94
5866	91
5867	85
5868	95
5869	92
5870	112
5871	81
5872	71
5873	92
5874	94
5875	65
5876	93
5877	99
5878	66
5879	78
5880	88
5881	67
5882	80
5883	85
5884	75
5885	96
5886	73
5887	78
5888	75
5889	67
5890	62
5891	70
5892	70
5893	70
5894	72
5895	79
5896	99
5897	83
5898	95
5899	105
5900	83
5901	110
5902	83
5903	90
5904	86
5905	70
5906	79
5907	73
5908	78
5909	104
5910	101
5911	88
5912	73
5913	78
5914	75
5915	48
5916	82
5917	65
5918	91
5919	105
5920	101
5921	73
5922	82
5923	95
5924	111
5925	77
5926	99
5927	78
5928	99
5929	74
5930	92
5931	86
5932	115
5933	128
5934	101
5935	108
5936	104
5937	92
5938	80
5939	61
5940	56
5941	81
5942	72
5943	78
5944	91
5945	59
5946	89
5947	48
5948	71
5949	84
5950	81
5951	75
5952	80
5953	97
5954	112
5955	94
5956	93
5957	134
5958	95
5959	104
5960	97
5961	68
5962	57
5963	83
5964	109
5965	80
5966	77
5967	83
5968	87
5969	90
5970	124
5971	113
5972	121
5973	100
5974	127
5975	80
5976	71
5977	123
5978	89
5979	117
5980	86
5981	64
5982	91
5983	67
5984	49
5985	54
5986	55
5987	68
5988	123
5989	81
5990	62
5991	79
5992	54
5993	64
5994	63
5995	65
5996	90
5997	81
5998	67
5999	89
6000	97
6001	97
6002	65
6003	113
6004	81
6005	111
6006	95
6007	85
6008	85
6009	77
6010	69
6011	69
6012	89
6013	109
6014	116
6015	70
6016	86
6017	82
6018	99
6019	101
6020	90
6021	86
6022	98
6023	65
6024	63
6025	65
6026	80
6027	84
6028	86
6029	61
6030	57
6031	81
6032	53
6033	59
6034	69
6035	123
6036	94
6037	110
6038	89
6039	69
6040	96
6041	97
6042	80
6043	73
6044	82
6045	69
6046	65
6047	67
6048	76
6049	55
6050	90
6051	97
6052	99
6053	100
6054	110
6055	66
6056	81
6057	75
6058	59
6059	69
6060	67
6061	83
6062	66
6063	76
6064	65
6065	76
6066	74
6067	64
6068	65
6069	60
6070	71
6071	80
6072	69
6073	88
6074	66
6075	92
6076	55
6077	69
6078	54
6079	57
6080	80
6081	93
6082	68
6083	83
6084	114
6085	87
6086	86
6087	97
6088	83
6089	71
6090	81
6091	75
6092	91
6093	103
6094	92
6095	122
6096	84
6097	95
6098	106
6099	92
6100	102
6101	100
6102	102
6103	111
6104	81
6105	63
6106	68
6107	78
6108	86
6109	86
6110	80
6111	67
6112	71
6113	92
6114	81
6115	99
6116	54
6117	76
6118	84
6119	81
6120	62
6121	75
6122	73
6123	72
6124	90
6125	95
6126	75
6127	100
6128	83
6129	75
6130	103
6131	104
6132	94
6133	91
6134	82
6135	89
6136	98
6137	112
6138	66
6139	85
6140	94
6141	67
6142	73
6143	82
6144	84
6145	124
6146	114
6147	106
6148	85
6149	93
6150	100
6151	104
6152	125
6153	73
6154	74
6155	63
6156	91
6157	122
6158	100
6159	76
6160	65
6161	107
6162	99
6163	78
6164	94
6165	82
6166	58
6167	100
6168	68
6169	91
6170	111
6171	96
6172	67
6173	59
6174	80
6175	84
6176	70
6177	61
6178	90
6179	92
6180	97
6181	79
6182	58
6183	50
6184	56
6185	59
6186	83
6187	108
6188	74
6189	58
6190	98
6191	109
6192	94
6193	96
6194	87
6195	61
6196	97
6197	83
6198	102
6199	76
6200	85
6201	72
6202	69
6203	83
6204	55
6205	64
6206	57
6207	52
6208	46
6209	35
6210	46
6211	51
6212	76
6213	66
6214	47
6215	44
6216	85
6217	77
6218	107
6219	70
6220	86
6221	82
6222	72
6223	59
6224	61
6225	66
6226	50
6227	74
6228	81
6229	69
6230	50
6231	67
6232	88
6233	53
6234	84
6235	84
6236	56
6237	63
6238	81
6239	113
6240	52
6241	54
6242	65
6243	62
6244	79
6245	88
6246	75
6247	72
6248	76
6249	61
6250	107
6251	73
6252	68
6253	55
6254	79
6255	64
6256	87
6257	86
6258	93
6259	82
6260	83
6261	76
6262	99
6263	101
6264	77
6265	78
6266	81
6267	76
6268	68
6269	98
6270	91
6271	117
6272	87
6273	98
6274	79
6275	88
6276	77
6277	74
6278	95
6279	96
6280	84
6281	79
6282	83
6283	121
6284	99
6285	101
6286	83
6287	76
6288	71
6289	102
6290	66
6291	155
6292	104
6293	71
6294	68
6295	71
6296	90
6297	89
6298	114
6299	88
6300	92
6301	90
6302	73
6303	67
6304	73
6305	84
6306	77
6307	66
6308	101
6309	58
6310	71
6311	83
6312	113
6313	85
6314	103
6315	87
6316	79
6317	82
6318	80
6319	56
6320	36
6321	48
6322	53
6323	99
6324	80
6325	77
6326	91
6327	109
6328	71
6329	71
6330	76
6331	72
6332	56
6333	67
6334	83
6335	108
6336	75
6337	67
6338	99
6339	77
6340	94
6341	84
6342	69
6343	74
6344	91
6345	68
6346	65
6347	78
6348	66
6349	65
6350	47
6351	59
6352	97
6353	98
6354	67
6355	86
6356	69
6357	100
6358	78
6359	54
6360	87
6361	70
6362	64
6363	64
6364	44
6365	56
6366	52
6367	64
6368	75
6369	81
6370	75
6371	60
6372	68
6373	66
6374	78
6375	73
6376	57
6377	51
6378	52
6379	64
6380	54
6381	66
6382	42
6383	63
6384	51
6385	74
6386	71
6387	86
6388	63
6389	51
6390	51
6391	68
6392	61
6393	50
6394	51
6395	48
6396	59
6397	61
6398	69
6399	43
6400	46
6401	70
6402	48
6403	56
6404	69
6405	54
6406	82
6407	72
6408	59
6409	79
6410	64
6411	64
6412	85
6413	51
6414	60
6415	73
6416	89
6417	78
6418	75
6419	60
6420	57
6421	85
6422	74
6423	39
6424	76
6425	67
6426	67
6427	46
6428	55
6429	53
6430	50
6431	50
6432	51
6433	90
6434	84
6435	85
6436	65
6437	74
6438	69
6439	54
6440	77
6441	56
6442	77
6443	72
6444	51
6445	63
6446	84
6447	67
6448	121
6449	82
6450	87
6451	84
6452	69
6453	78
6454	98
6455	77
6456	74
6457	72
6458	64
6459	61
6460	60
6461	56
6462	69
6463	92
6464	72
6465	92
6466	88
6467	65
6468	72
6469	65
6470	86
6471	68
6472	82
6473	78
6474	43
6475	82
6476	96
6477	69
6478	56
6479	65
6480	44
6481	55
6482	71
6483	87
6484	68
6485	76
6486	90
6487	93
6488	90
6489	128
6490	62
6491	58
6492	81
6493	64
6494	78
6495	75
6496	75
6497	72
6498	74
6499	54
6500	59
6501	65
6502	82
6503	61
6504	87
6505	71
6506	66
6507	58
6508	83
6509	75
6510	58
6511	53
6512	53
6513	73
6514	49
6515	51
6516	57
6517	103
6518	86
6519	75
6520	71
6521	83
6522	86
6523	76
6524	76
6525	76
6526	54
6527	85
6528	43
6529	57
6530	80
6531	67
6532	63
6533	66
6534	68
6535	57
6536	56
6537	66
6538	56
6539	74
6540	89
6541	58
6542	78
6543	78
6544	81
6545	51
6546	60
6547	57
6548	74
6549	61
6550	81
6551	86
6552	92
6553	69
6554	71
6555	66
6556	80
6557	67
6558	69
6559	95
6560	62
6561	67
6562	71
6563	64
6564	89
6565	77
6566	65
6567	52
6568	76
6569	48
6570	54
6571	41
6572	72
6573	62
6574	79
6575	49
6576	50
6577	59
6578	75
6579	79
6580	69
6581	58
6582	77
6583	62
6584	56
6585	111
6586	83
6587	74
6588	53
6589	81
6590	49
6591	56
6592	50
6593	60
6594	53
6595	63
6596	77
6597	96
6598	66
6599	75
6600	62
6601	55
6602	77
6603	65
6604	76
6605	55
6606	26
6607	63
6608	41
6609	40
6610	61
6611	53
6612	84
6613	53
6614	56
6615	52
6616	74
6617	58
6618	51
6619	38
6620	55
6621	65
6622	56
6623	43
6624	82
6625	71
6626	70
6627	69
6628	75
6629	48
6630	73
6631	45
6632	57
6633	35
6634	45
6635	50
6636	60
6637	87
6638	74
6639	49
6640	34
6641	40
6642	36
6643	45
6644	80
6645	70
6646	54
6647	54
6648	45
6649	61
6650	60
6651	46
6652	52
6653	42
6654	54
6655	48
6656	52
6657	48
6658	61
6659	57
6660	79
6661	66
6662	58
6663	58
6664	62
6665	68
6666	63
6667	55
6668	69
6669	79
6670	82
6671	62
6672	84
6673	74
6674	56
6675	57
6676	73
6677	26
6678	40
6679	26
6680	39
6681	40
6682	32
6683	48
6684	60
6685	51
6686	48
6687	63
6688	65
6689	76
6690	84
6691	78
6692	59
6693	68
6694	83
6695	66
6696	62
6697	63
6698	52
6699	65
6700	78
6701	49
6702	60
6703	27
6704	50
6705	56
6706	57
6707	58
6708	87
6709	50
6710	55
6711	93
6712	68
6713	55
6714	59
6715	87
6716	61
6717	65
6718	58
6719	81
6720	36
6721	52
6722	45
6723	67
6724	92
6725	83
6726	55
6727	102
6728	79
6729	75
6730	76
6731	58
6732	40
6733	60
6734	55
6735	66
6736	71
6737	82
6738	81
6739	79
6740	80
6741	102
6742	57
6743	55
6744	85
6745	73
6746	72
6747	63
6748	57
6749	52
6750	46
6751	55
6752	58
6753	71
6754	87
6755	79
6756	88
6757	67
6758	59
6759	50
6760	62
6761	49
6762	65
6763	40
6764	61
6765	43
6766	46
6767	75
6768	66
6769	48
6770	79
6771	51
6772	91
6773	66
6774	69
6775	83
6776	69
6777	75
6778	91
6779	87
6780	86
6781	59
6782	58
6783	63
6784	56
6785	72
6786	75
6787	93
6788	74
6789	64
6790	89
6791	62
6792	51
6793	90
6794	103
6795	45
6796	65
6797	68
6798	31
6799	67
6800	53
6801	42
6802	69
6803	88
6804	50
6805	53
6806	66
6807	56
6808	45
6809	74
6810	48
6811	60
6812	59
6813	75
6814	57
6815	69
6816	85
6817	82
6818	68
6819	58
6820	67
6821	55
6822	77
6823	55
6824	35
6825	46
6826	63
6827	68
6828	87
6829	66
6830	44
6831	61
6832	41
6833	56
6834	62
6835	55
6836	63
6837	53
6838	59
6839	65
6840	45
6841	63
6842	53
6843	61
6844	63
6845	80
6846	50
6847	73
6848	69
6849	49
6850	70
6851	83
6852	51
6853	57
6854	91
6855	51
6856	38
6857	80
6858	90
6859	73
6860	59
6861	79
6862	47
6863	79
6864	45
6865	73
6866	62
6867	66
6868	80
6869	59
6870	82
6871	57
6872	60
6873	55
6874	55
6875	79
6876	76
6877	68
6878	64
6879	66
6880	58
6881	71
6882	67
6883	69
6884	64
6885	83
6886	62
6887	63
6888	74
6889	54
6890	71
6891	76
6892	69
6893	46
6894	66
6895	58
6896	61
6897	59
6898	69
6899	49
6900	68
6901	64
6902	62
6903	43
6904	46
6905	79
6906	63
6907	67
6908	80
6909	69
6910	102
6911	48
6912	75
6913	66
6914	77
6915	91
6916	56
6917	76
6918	72
6919	90
6920	75
6921	64
6922	54
6923	85
6924	90
6925	94
6926	84
6927	68
6928	52
6929	74
6930	81
6931	60
6932	44
6933	45
6934	48
6935	60
6936	46
6937	78
6938	69
6939	74
6940	82
6941	79
6942	103
6943	69
6944	84
6945	72
6946	80
6947	90
6948	89
6949	57
6950	68
6951	109
6952	70
6953	70
6954	79
6955	65
6956	45
6957	62
6958	73
6959	72
6960	78
6961	58
6962	73
6963	86
6964	76
6965	64
6966	80
6967	84
6968	85
6969	83
6970	71
6971	69
6972	92
6973	74
6974	64
6975	85
6976	47
6977	100
6978	103
6979	78
6980	81
6981	80
6982	92
6983	93
6984	70
6985	55
6986	73
6987	97
6988	89
6989	68
6990	59
6991	42
6992	60
6993	60
6994	83
6995	55
6996	79
6997	73
6998	79
6999	91
7000	64
7001	72
7002	76
7003	72
7004	87
7005	70
7006	52
7007	34
7008	58
7009	36
7010	40
7011	37
7012	81
7013	57
7014	45
7015	50
7016	76
7017	73
7018	64
7019	86
7020	97
7021	90
7022	56
7023	66
7024	63
7025	59
7026	39
7027	50
7028	40
7029	32
7030	58
7031	61
7032	70
7033	64
7034	75
7035	78
7036	60
7037	88
7038	65
7039	80
7040	47
7041	63
7042	57
7043	74
7044	67
7045	97
7046	57
7047	44
7048	48
7049	83
7050	67
7051	60
7052	39
7053	42
7054	57
7055	84
7056	70
7057	63
7058	37
7059	51
7060	79
7061	56
7062	54
7063	58
7064	55
7065	89
7066	84
7067	71
7068	88
7069	89
7070	83
7071	54
7072	39
7073	73
7074	65
7075	56
7076	64
7077	60
7078	52
7079	67
7080	59
7081	66
7082	68
7083	40
7084	39
7085	46
7086	61
7087	63
7088	84
7089	67
7090	77
7091	78
7092	64
7093	63
7094	48
7095	45
7096	51
7097	57
7098	59
7099	54
7100	37
7101	44
7102	53
7103	39
7104	54
7105	61
7106	58
7107	52
7108	48
7109	63
7110	53
7111	42
7112	76
7113	33
7114	51
7115	85
7116	54
7117	61
7118	13
7119	30
7120	44
7121	41
7122	59
7123	80
7124	68
7125	77
7126	71
7127	62
7128	52
7129	48
7130	78
7131	30
7132	52
7133	54
7134	49
7135	80
7136	86
7137	92
7138	68
7139	53
7140	55
7141	64
7142	57
7143	62
7144	43
7145	45
7146	53
7147	42
7148	47
7149	53
7150	40
7151	71
7152	63
7153	84
7154	75
7155	65
7156	67
7157	70
7158	70
7159	78
7160	72
7161	70
7162	62
7163	64
7164	58
7165	74
7166	67
7167	56
7168	83
7169	43
7170	78
7171	49
7172	81
7173	55
7174	47
7175	50
7176	56
7177	85
7178	65
7179	74
7180	86
7181	54
7182	87
7183	54
7184	48
7185	66
7186	93
7187	72
7188	76
7189	70
7190	69
7191	74
7192	77
7193	68
7194	60
7195	54
7196	70
7197	59
7198	57
7199	49
7200	62
7201	97
7202	72
7203	62
7204	54
7205	87
7206	57
7207	69
7208	71
7209	83
7210	59
7211	79
7212	74
7213	62
7214	68
7215	112
7216	61
7217	78
7218	102
7219	140
7220	91
7221	63
7222	53
7223	101
7224	92
7225	61
7226	57
7227	67
7228	65
7229	79
7230	88
7231	117
7232	77
7233	80
7234	67
7235	56
7236	86
7237	90
7238	94
7239	80
7240	61
7241	62
7242	74
7243	59
7244	60
7245	70
7246	67
7247	96
7248	79
7249	77
7250	62
7251	63
7252	71
7253	57
7254	74
7255	83
7256	72
7257	86
7258	84
7259	75
7260	79
7261	79
7262	65
7263	72
7264	70
7265	63
7266	71
7267	71
7268	67
7269	100
7270	68
7271	94
7272	79
7273	106
7274	78
7275	70
7276	77
7277	80
7278	62
7279	71
7280	64
7281	63
7282	72
7283	64
7284	76
7285	70
7286	82
7287	58
7288	65
7289	68
7290	65
7291	82
7292	41
7293	77
7294	60
7295	74
7296	80
7297	83
7298	69
7299	60
7300	67
7301	66
7302	77
7303	64
7304	75
7305	91
7306	67
7307	65
7308	61
7309	69
7310	105
7311	67
7312	67
7313	50
7314	90
7315	63
7316	81
7317	100
7318	74
7319	90
7320	66
7321	57
7322	52
7323	42
7324	84
7325	58
7326	62
7327	79
7328	59
7329	58
7330	71
7331	58
7332	80
7333	90
7334	90
7335	61
7336	61
7337	74
7338	90
7339	101
7340	67
7341	51
7342	73
7343	69
7344	57
7345	72
7346	70
7347	56
7348	50
7349	85
7350	71
7351	58
7352	55
7353	66
7354	66
7355	26
7356	36
7357	34
7358	38
7359	78
7360	76
7361	59
7362	86
7363	34
7364	45
7365	62
7366	63
7367	57
7368	77
7369	65
7370	58
7371	43
7372	72
7373	102
7374	53
7375	80
7376	40
7377	68
7378	39
7379	32
7380	38
7381	37
7382	35
7383	58
7384	65
7385	54
7386	69
7387	64
7388	47
7389	58
7390	50
7391	52
7392	43
7393	62
7394	29
7395	57
7396	59
7397	49
7398	86
7399	52
7400	61
7401	68
7402	55
7403	74
7404	55
7405	65
7406	54
7407	57
7408	56
7409	49
7410	73
7411	45
7412	54
7413	41
7414	58
7415	77
7416	83
7417	54
7418	51
7419	55
7420	49
7421	60
7422	37
7423	47
7424	55
7425	60
7426	84
7427	52
7428	60
7429	64
7430	55
7431	72
7432	46
7433	69
7434	60
7435	69
7436	42
7437	59
7438	65
7439	57
7440	62
7441	83
7442	64
7443	63
7444	67
7445	71
7446	52
7447	67
7448	53
7449	71
7450	79
7451	69
7452	57
7453	51
7454	51
7455	50
7456	47
7457	42
7458	45
7459	55
7460	38
7461	64
7462	82
7463	56
7464	42
7465	41
7466	62
7467	62
7468	47
7469	74
7470	48
7471	58
7472	61
7473	56
7474	54
7475	56
7476	73
7477	55
7478	48
7479	39
7480	35
7481	49
7482	36
7483	71
7484	56
7485	56
7486	61
7487	41
7488	59
7489	56
7490	78
7491	65
7492	70
7493	69
7494	51
7495	41
7496	56
7497	75
7498	52
7499	88
7500	56
7501	51
7502	47
7503	50
7504	41
7505	59
7506	46
7507	62
7508	37
7509	44
7510	35
7511	74
7512	39
7513	50
7514	53
7515	55
7516	46
7517	53
7518	50
7519	32
7520	61
7521	29
7522	42
7523	43
7524	83
7525	55
7526	56
7527	73
7528	70
7529	56
7530	66
7531	59
7532	34
7533	50
7534	40
7535	51
7536	58
7537	61
7538	48
7539	71
7540	37
7541	50
7542	42
7543	69
7544	48
7545	49
7546	76
7547	46
7548	67
7549	73
7550	58
7551	63
7552	57
7553	47
7554	63
7555	108
7556	69
7557	78
7558	56
7559	37
7560	60
7561	63
7562	43
7563	52
7564	47
7565	58
7566	58
7567	70
7568	61
7569	62
7570	55
7571	56
7572	58
7573	56
7574	57
7575	42
7576	47
7577	33
7578	40
7579	33
7580	36
7581	57
7582	59
7583	41
7584	52
7585	63
7586	66
7587	68
7588	67
7589	44
7590	32
7591	48
7592	35
7593	39
7594	47
7595	41
7596	58
7597	53
7598	33
7599	48
7600	41
7601	39
7602	44
7603	38
7604	44
7605	49
7606	49
7607	38
7608	35
7609	26
7610	57
7611	51
7612	61
7613	79
7614	39
7615	43
7616	44
7617	47
7618	49
7619	32
7620	41
7621	51
7622	40
7623	41
7624	44
7625	73
7626	72
7627	69
7628	53
7629	74
7630	38
7631	64
7632	47
7633	39
7634	75
7635	34
7636	20
7637	31
7638	46
7639	39
7640	33
7641	30
7642	53
7643	53
7644	53
7645	42
7646	64
7647	48
7648	59
7649	55
7650	41
7651	38
7652	49
7653	38
7654	41
7655	61
7656	25
7657	65
7658	49
7659	34
7660	61
7661	54
7662	23
7663	51
7664	26
7665	42
7666	41
7667	35
7668	39
7669	36
7670	42
7671	35
7672	52
7673	34
7674	51
7675	44
7676	27
7677	45
7678	40
7679	71
7680	44
7681	42
7682	56
7683	63
7684	33
7685	47
7686	70
7687	67
7688	54
7689	59
7690	44
7691	55
7692	51
7693	17
7694	36
7695	67
7696	25
7697	29
7698	57
7699	31
7700	19
7701	55
7702	50
7703	68
7704	62
7705	51
7706	54
7707	71
7708	65
7709	60
7710	29
7711	29
7712	68
7713	63
7714	58
7715	60
7716	45
7717	45
7718	41
7719	41
7720	32
7721	59
7722	55
7723	58
7724	64
7725	68
7726	62
7727	46
7728	38
7729	66
7730	61
7731	87
7732	68
7733	53
7734	52
7735	41
7736	42
7737	43
7738	47
7739	55
7740	42
7741	59
7742	64
7743	46
7744	41
7745	44
7746	39
7747	21
7748	43
7749	43
7750	64
7751	60
7752	45
7753	34
7754	50
7755	42
7756	42
7757	38
7758	43
7759	34
7760	44
7761	42
7762	58
7763	58
7764	45
7765	46
7766	37
7767	39
7768	30
7769	51
7770	48
7771	37
7772	41
7773	25
7774	42
7775	48
7776	61
7777	35
7778	46
7779	58
7780	41
7781	30
7782	30
7783	33
7784	57
7785	29
7786	36
7787	41
7788	46
7789	32
7790	35
7791	38
7792	31
7793	33
7794	40
7795	43
7796	57
7797	76
7798	52
7799	38
7800	43
7801	82
7802	78
7803	53
7804	38
7805	37
7806	47
7807	71
7808	69
7809	30
7810	52
7811	65
7812	43
7813	29
7814	62
7815	46
7816	35
7817	57
7818	46
7819	34
7820	52
7821	54
7822	56
7823	38
7824	31
7825	36
7826	54
7827	60
7828	79
7829	44
7830	70
7831	109
7832	82
7833	51
7834	56
7835	57
7836	58
7837	77
7838	63
7839	65
7840	47
7841	46
7842	73
7843	42
7844	24
7845	48
7846	39
7847	49
7848	40
7849	51
7850	70
7851	80
7852	57
7853	64
7854	59
7855	57
7856	57
7857	63
7858	77
7859	61
7860	83
7861	74
7862	66
7863	61
7864	75
7865	65
7866	65
7867	64
7868	52
7869	67
7870	55
7871	55
7872	70
7873	89
7874	108
7875	56
7876	59
7877	69
7878	69
7879	45
7880	52
7881	46
7882	89
7883	88
7884	103
7885	119
7886	75
7887	54
7888	65
7889	53
7890	45
7891	89
7892	58
7893	60
7894	90
7895	66
7896	44
7897	59
7898	61
7899	72
7900	77
7901	59
7902	63
7903	64
7904	53
7905	47
7906	53
7907	49
7908	38
7909	41
7910	52
7911	42
7912	55
7913	57
7914	42
7915	47
7916	40
7917	47
7918	59
7919	87
7920	75
7921	85
7922	97
7923	103
7924	73
7925	91
7926	86
7927	75
7928	78
7929	58
7930	71
7931	47
7932	59
7933	56
7934	78
7935	32
7936	44
7937	52
7938	33
7939	41
7940	67
7941	47
7942	67
7943	43
7944	55
7945	63
7946	95
7947	49
7948	56
7949	84
7950	78
7951	45
7952	30
7953	47
7954	39
7955	40
7956	56
7957	66
7958	47
7959	38
7960	60
7961	54
7962	34
7963	63
7964	50
7965	53
7966	70
7967	31
7968	62
7969	50
7970	64
7971	64
7972	54
7973	67
7974	65
7975	41
7976	57
7977	36
7978	69
7979	26
7980	63
7981	63
7982	65
7983	31
7984	44
7985	38
7986	49
7987	51
7988	51
7989	47
7990	55
7991	58
7992	53
7993	54
7994	63
7995	51
7996	46
7997	68
7998	60
7999	41
8000	577545
