0	0
1	0
2	0
3	0
4	0
5	0
6	0
7	0
8	0
9	0
10	0
11	0
12	0
13	0
14	1
15	1
16	0
17	1
18	0
19	1
20	1
21	1
22	1
23	2
24	3
25	6
26	3
27	2
28	3
29	4
30	6
31	9
32	3
33	26
34	7
35	8
36	6
37	4
38	6
39	9
40	5
41	7
42	8
43	4
44	6
45	9
46	4
47	19
48	10
49	3
50	6
51	3
52	6
53	7
54	8
55	5
56	11
57	8
58	9
59	9
60	5
61	8
62	8
63	7
64	8
65	5
66	10
67	8
68	5
69	4
70	12
71	5
72	9
73	12
74	14
75	7
76	15
77	10
78	11
79	14
80	15
81	18
82	15
83	16
84	17
85	19
86	15
87	26
88	18
89	27
90	16
91	20
92	38
93	19
94	26
95	28
96	23
97	30
98	25
99	21
100	29
101	34
102	36
103	39
104	32
105	35
106	57
107	48
108	63
109	63
110	46
111	53
112	46
113	64
114	39
115	62
116	58
117	61
118	57
119	68
120	50
121	69
122	54
123	51
124	64
125	57
126	65
127	80
128	81
129	51
130	79
131	65
132	80
133	80
134	69
135	89
136	79
137	65
138	85
139	107
140	86
141	91
142	103
143	75
144	118
145	107
146	109
147	67
148	82
149	76
150	63
151	75
152	84
153	128
154	146
155	86
156	147
157	86
158	130
159	105
160	104
161	79
162	58
163	109
164	95
165	118
166	106
167	106
168	71
169	101
170	123
171	97
172	113
173	101
174	102
175	165
176	130
177	112
178	125
179	137
180	112
181	82
182	120
183	201
184	112
185	92
186	94
187	136
188	151
189	111
190	127
191	107
192	120
193	98
194	141
195	170
196	140
197	172
198	116
199	152
200	184
201	128
202	169
203	287
204	170
205	168
206	157
207	118
208	139
209	138
210	126
211	147
212	115
213	151
214	190
215	112
216	204
217	253
218	176
219	72
220	142
221	100
222	165
223	168
224	119
225	115
226	156
227	104
228	184
229	109
230	100
231	192
232	78
233	116
234	114
235	150
236	165
237	157
238	148
239	127
240	130
241	133
242	98
243	127
244	130
245	178
246	197
247	171
248	203
249	122
250	124
251	191
252	239
253	247
254	206
255	147
256	163
257	197
258	274
259	184
260	197
261	206
262	147
263	159
264	127
265	203
266	180
267	193
268	208
269	136
270	160
271	139
272	207
273	191
274	162
275	123
276	176
277	198
278	182
279	171
280	132
281	158
282	164
283	148
284	110
285	221
286	241
287	216
288	154
289	131
290	191
291	155
292	114
293	156
294	136
295	152
296	213
297	181
298	125
299	133
300	167
301	255
302	153
303	101
304	205
305	143
306	145
307	190
308	156
309	142
310	149
311	138
312	170
313	195
314	159
315	140
316	187
317	151
318	103
319	137
320	123
321	170
322	110
323	132
324	137
325	179
326	145
327	213
328	197
329	221
330	226
331	116
332	185
333	182
334	223
335	239
336	146
337	218
338	188
339	96
340	231
341	108
342	113
343	124
344	112
345	173
346	173
347	108
348	153
349	125
350	98
351	98
352	174
353	194
354	211
355	145
356	171
357	130
358	160
359	172
360	114
361	105
362	124
363	136
364	137
365	144
366	163
367	133
368	168
369	117
370	156
371	148
372	109
373	95
374	178
375	119
376	131
377	164
378	82
379	150
380	118
381	96
382	166
383	138
384	145
385	97
386	120
387	154
388	109
389	127
390	127
391	138
392	140
393	124
394	137
395	161
396	131
397	121
398	121
399	89
400	121
401	115
402	146
403	136
404	141
405	125
406	175
407	145
408	97
409	112
410	72
411	129
412	158
413	116
414	102
415	128
416	151
417	174
418	98
419	133
420	121
421	82
422	71
423	97
424	94
425	86
426	94
427	84
428	144
429	59
430	141
431	87
432	100
433	121
434	111
435	132
436	91
437	96
438	79
439	128
440	75
441	85
442	110
443	132
444	67
445	111
446	72
447	131
448	85
449	76
450	81
451	58
452	79
453	51
454	158
455	66
456	73
457	63
458	50
459	71
460	99
461	76
462	66
463	56
464	54
465	63
466	62
467	62
468	64
469	54
470	62
471	114
472	39
473	34
474	50
475	57
476	84
477	56
478	37
479	42
480	64
481	68
482	90
483	67
484	37
485	65
486	35
487	33
488	42
489	31
490	43
491	45
492	40
493	59
494	26
495	43
496	39
497	39
498	45
499	53
500	67
501	53
502	51
503	71
504	25
505	54
506	37
507	43
508	65
509	35
510	37
511	24
512	42
513	22
514	24
515	27
516	18
517	45
518	38
519	21
520	37
521	32
522	24
523	52
524	43
525	57
526	33
527	30
528	32
529	31
530	52
531	16
532	28
533	37
534	39
535	52
536	36
537	34
538	49
539	15
540	21
541	35
542	27
543	8
544	30
545	34
546	10
547	41
548	12
549	23
550	24
551	16
552	29
553	10
554	9
555	24
556	30
557	31
558	20
559	50
560	13
561	9
562	21
563	21
564	20
565	10
566	17
567	50
568	32
569	11
