0	0
1	0
2	0
3	0
4	0
5	0
6	0
7	0
8	0
9	0
10	0
11	0
12	0
13	0
14	1
15	1
16	0
17	1
18	0
19	1
20	1
21	1
22	1
23	2
24	3
25	6
26	3
27	2
28	3
29	4
30	5
31	8
32	3
33	21
34	7
35	8
36	5
37	3
38	6
39	9
40	5
41	7
42	8
43	4
44	6
45	9
46	4
47	10
48	10
49	3
50	4
51	3
52	4
53	7
54	7
55	5
56	10
57	7
58	8
59	8
60	5
61	8
62	8
63	7
64	8
65	5
66	10
67	8
68	5
69	4
70	11
71	5
72	8
73	12
74	14
75	7
76	15
77	10
78	10
79	14
80	15
81	17
82	15
83	15
84	14
85	16
86	15
87	23
88	14
89	27
90	15
91	20
92	33
93	16
94	22
95	25
96	22
97	29
98	25
99	20
100	28
101	34
102	31
103	37
104	30
105	30
106	45
107	43
108	46
109	48
110	33
111	46
112	32
113	49
114	35
115	49
116	49
117	57
118	45
119	53
120	43
121	52
122	41
123	42
124	48
125	47
126	57
127	69
128	60
129	42
130	62
131	52
132	57
133	65
134	58
135	62
136	58
137	47
138	59
139	66
140	61
141	63
142	69
143	58
144	80
145	74
146	77
147	41
148	45
149	49
150	41
151	44
152	45
153	68
154	71
155	52
156	62
157	51
158	64
159	54
160	59
161	53
162	36
163	49
164	58
165	59
166	60
167	64
168	51
169	56
170	57
171	57
172	56
173	57
174	59
175	84
176	59
177	51
178	68
179	61
180	55
181	54
182	65
183	85
184	65
185	50
186	53
187	66
188	74
189	43
190	65
191	54
192	66
193	54
194	77
195	73
196	81
197	80
198	61
199	67
200	80
201	60
202	72
203	116
204	72
205	67
206	67
207	57
208	50
209	53
210	53
211	62
212	60
213	61
214	78
215	64
216	69
217	95
218	60
219	33
220	62
221	43
222	68
223	68
224	51
225	57
226	64
227	54
228	65
229	49
230	47
231	68
232	39
233	47
234	46
235	51
236	64
237	71
238	52
239	52
240	54
241	50
242	40
243	51
244	70
245	74
246	69
247	69
248	73
249	53
250	64
251	75
252	83
253	76
254	73
255	61
256	67
257	67
258	92
259	80
260	82
261	80
262	60
263	69
264	67
265	84
266	85
267	53
268	86
269	49
270	69
271	62
272	81
273	76
274	69
275	66
276	70
277	72
278	72
279	62
280	61
281	56
282	59
283	62
284	61
285	96
286	94
287	85
288	56
289	66
290	80
291	64
292	52
293	56
294	58
295	71
296	83
297	65
298	64
299	61
300	82
301	100
302	76
303	51
304	90
305	66
306	79
307	86
308	66
309	66
310	67
311	54
312	78
313	82
314	54
315	64
316	74
317	81
318	53
319	63
320	57
321	61
322	54
323	62
324	73
325	90
326	69
327	103
328	88
329	74
330	90
331	59
332	83
333	90
334	84
335	100
336	60
337	92
338	83
339	56
340	97
341	60
342	58
343	61
344	55
345	83
346	77
347	52
348	62
349	62
350	50
351	58
352	81
353	89
354	90
355	73
356	81
357	61
358	61
359	65
360	65
361	58
362	64
363	62
364	68
365	78
366	78
367	69
368	86
369	60
370	71
371	72
372	47
373	42
374	68
375	55
376	68
377	62
378	56
379	71
380	66
381	47
382	79
383	69
384	67
385	49
386	69
387	67
388	60
389	64
390	76
391	75
392	83
393	74
394	70
395	78
396	65
397	65
398	66
399	55
400	64
401	63
402	78
403	79
404	86
405	78
406	75
407	77
408	52
409	59
410	39
411	68
412	73
413	71
414	66
415	77
416	68
417	86
418	52
419	70
420	64
421	47
422	50
423	56
424	50
425	59
426	53
427	50
428	74
429	33
430	67
431	56
432	55
433	64
434	62
435	72
436	43
437	54
438	46
439	79
440	51
441	45
442	67
443	55
444	49
445	66
446	44
447	73
448	48
449	53
450	51
451	41
452	51
453	33
454	65
455	40
456	44
457	48
458	31
459	37
460	54
461	48
462	41
463	31
464	35
465	38
466	44
467	40
468	43
469	34
470	33
471	56
472	20
473	21
474	33
475	33
476	47
477	33
478	32
479	29
480	41
481	48
482	50
483	34
484	24
485	42
486	19
487	26
488	21
489	16
490	27
491	24
492	25
493	32
494	21
495	30
496	27
497	25
498	35
499	32
500	36
501	26
502	23
503	33
504	19
505	31
506	28
507	26
508	33
509	21
510	21
511	14
512	25
513	16
514	15
515	20
516	14
517	31
518	17
519	16
520	24
521	25
522	17
523	32
524	28
525	33
526	23
527	22
528	24
529	19
530	27
531	15
532	18
533	22
534	17
535	26
536	18
537	25
538	32
539	11
540	13
541	22
542	16
543	5
544	17
545	14
546	10
547	30
548	9
549	21
550	13
551	12
552	22
553	8
554	9
555	19
556	26
557	23
558	15
559	21
560	8
561	9
562	15
563	16
564	15
565	9
566	14
567	26
568	15
569	7
570	14
571	12
572	12
573	18
574	10
575	7
576	9
577	11
578	10
