0	0
1	0
2	0
3	0
4	0
5	0
6	0
7	0
8	0
9	0
10	0
11	0
12	0
13	0
14	4
15	18
16	26
17	25
18	19
19	14
20	9
21	10
22	12
23	9
24	18
25	21
26	22
27	20
28	29
29	32
30	48
31	53
32	63
33	69
34	83
35	88
36	102
37	139
38	143
39	150
40	183
41	219
42	253
43	246
44	262
45	290
46	328
47	381
48	397
49	398
50	433
51	442
52	484
53	473
54	565
55	503
56	616
57	567
58	590
59	643
60	613
61	686
62	637
63	711
64	745
65	724
66	810
67	786
68	884
69	917
70	985
71	953
72	998
73	1018
74	1169
75	1154
76	1128
77	1215
78	1278
79	1402
80	1315
81	1378
82	1473
83	1902
84	1673
85	2267
86	1698
87	1804
88	1756
89	2142
90	3870
91	2575
92	2322
93	2267
94	2242
95	2332
96	2368
97	2513
98	2517
99	2623
100	2773
101	2855
102	2836
103	2957
104	3175
105	3165
106	3544
107	3571
108	3705
109	3726
110	3863
111	4024
112	4202
113	4316
114	4523
115	4625
116	4780
117	4950
118	5160
119	5376
120	5174
121	5620
122	5661
123	5891
124	6303
125	6293
126	6365
127	6467
128	6959
129	6920
130	6970
131	7255
132	7598
133	7566
134	7706
135	8124
136	7986
137	8255
138	8345
139	8607
140	8801
141	8989
142	9061
143	9318
144	9318
145	8362
146	8648
147	10099
148	10815
149	11040
150	11540
151	11486
152	11676
153	11896
154	11992
155	12246
156	12431
157	12407
158	12910
159	12828
160	13058
161	13223
162	13234
163	13341
164	13359
165	13623
166	13794
167	13900
168	13826
169	14125
170	14172
171	14114
172	14125
173	14468
174	14474
175	14124
176	14356
177	14569
178	14499
179	14956
180	15025
181	14846
182	15229
183	14622
184	14691
185	15330
186	15318
187	15196
188	15054
189	15001
190	15051
191	14870
192	14603
193	14930
194	14837
195	14978
196	14874
197	14894
198	14771
199	14698
200	14704
201	14802
202	14758
203	14797
204	14385
205	14357
206	14575
207	14503
208	14394
209	14467
210	14450
211	14162
212	13917
213	14243
214	14206
215	14146
216	13955
217	14052
218	13725
219	13696
220	13639
221	13167
222	13343
223	13416
224	13503
225	13070
226	13418
227	13318
228	13016
229	12814
230	12957
231	12734
232	12484
233	12680
234	12648
235	12555
236	12562
237	12070
238	12059
239	11995
240	11829
241	11707
242	11506
243	11496
244	11418
245	11743
246	11630
247	11588
248	11743
249	11303
250	11378
251	10968
252	10959
253	11121
254	10844
255	10866
256	10610
257	10533
258	10390
259	10488
260	10326
261	10261
262	10152
263	10035
264	9785
265	9878
266	9737
267	9471
268	9499
269	9406
270	9393
271	9465
272	9077
273	8992
274	8735
275	8985
276	8855
277	9061
278	8742
279	8548
280	8840
281	8321
282	8671
283	8577
284	8340
285	8168
286	8152
287	8101
288	8103
289	8023
290	7971
291	7805
292	7650
293	7795
294	7662
295	7454
296	7418
297	7220
298	7379
299	7382
300	7231
301	7030
302	6925
303	6704
304	6663
305	6952
306	6707
307	6479
308	6740
309	6674
310	6620
311	6292
312	6267
313	6288
314	6315
315	6340
316	6066
317	6153
318	5997
319	6041
320	5828
321	5580
322	5777
323	5866
324	5616
325	5707
326	5551
327	5437
328	5383
329	5652
330	5379
331	5318
332	5333
333	5084
334	5037
335	5091
336	5075
337	4883
338	4900
339	4871
340	4892
341	4788
342	4622
343	4713
344	4758
345	4677
346	4511
347	4663
348	4605
349	4610
350	4423
351	4396
352	4322
353	4215
354	4309
355	4321
356	4322
357	4251
358	4169
359	3962
360	3963
361	4116
362	3977
363	3767
364	3947
365	4223
366	3993
367	4021
368	3914
369	3871
370	3876
371	3758
372	3691
373	3864
374	3732
375	3745
376	3378
377	3541
378	3514
379	3469
380	3439
381	3307
382	3454
383	3478
384	3253
385	3249
386	3264
387	3229
388	3226
389	3176
390	3190
391	3185
392	3154
393	3091
394	3129
395	3048
396	3013
397	2928
398	3040
399	2950
400	3019
401	2798
402	2818
403	2886
404	2627
405	2663
406	2892
407	2784
408	2685
409	2608
410	2667
411	2580
412	2496
413	2463
414	2470
415	2530
416	2562
417	2491
418	2460
419	2465
420	2399
421	2474
422	2344
423	2308
424	2366
425	2288
426	2266
427	2260
428	2347
429	2214
430	2234
431	2227
432	2280
433	2221
434	2147
435	2178
436	2042
437	2000
438	2024
439	2139
440	2180
441	2178
442	2188
443	2167
444	2096
445	2101
446	2084
447	1937
448	1964
449	2000
450	1929
451	1828
452	1871
453	1904
454	1831
455	1869
456	1794
457	1835
458	1837
459	1767
460	1839
461	1770
462	1909
463	1756
464	1784
465	1786
466	1690
467	1862
468	1760
469	1640
470	1749
471	1679
472	1641
473	1593
474	1588
475	1592
476	1734
477	1680
478	1523
479	1513
480	1568
481	1564
482	1504
483	1571
484	1563
485	1569
486	1469
487	1492
488	1464
489	1463
490	1466
491	1426
492	1482
493	1525
494	1446
495	1449
496	1482
497	1455
498	1409
499	1397
500	1461
501	1500
502	1452
503	1411
504	1360
505	1500
506	1402
507	1451
508	1321
509	1343
510	1350
511	1347
512	1440
513	1336
514	1383
515	1331
516	1203
517	1294
518	1301
519	1323
520	1330
521	1347
522	1231
523	1262
524	1221
525	1203
526	1297
527	1264
528	1260
529	1137
530	1226
531	1266
532	1266
533	1299
534	1149
535	1261
536	1259
537	1258
538	1258
539	1228
540	1218
541	1180
542	1195
543	1180
544	1166
545	1219
546	1191
547	1151
548	1095
549	1185
550	1191
551	1206
552	1166
553	1090
554	1149
555	1130
556	1076
557	1087
558	1216
559	1164
560	1054
561	1180
562	1039
563	1138
564	1189
565	1069
566	1113
567	1044
568	1093
569	1125
570	952
571	1036
572	1059
573	994
574	1067
575	1056
576	1043
577	1068
578	1040
579	1066
580	1053
581	1049
582	1076
583	1046
584	1012
585	1026
586	1001
587	919
588	1082
589	1019
590	958
591	901
592	902
593	994
594	1010
595	970
596	974
597	880
598	929
599	969
600	865
601	884
602	918
603	857
604	944
605	949
606	1007
607	924
608	925
609	936
610	957
611	940
612	898
613	932
614	907
615	964
616	936
617	935
618	832
619	938
620	897
621	849
622	906
623	937
624	987
625	949
626	866
627	957
628	934
629	875
630	849
631	866
632	904
633	907
634	911
635	917
636	915
637	898
638	892
639	855
640	889
641	806
642	849
643	825
644	925
645	808
646	827
647	785
648	823
649	713
650	823
651	816
652	744
653	751
654	811
655	776
656	793
657	801
658	727
659	772
660	735
661	741
662	743
663	719
664	775
665	783
666	864
667	816
668	860
669	742
670	827
671	796
672	870
673	787
674	777
675	805
676	807
677	710
678	698
679	717
680	708
681	710
682	689
683	754
684	723
685	745
686	778
687	696
688	802
689	706
690	673
691	770
692	751
693	766
694	770
695	753
696	766
697	669
698	677
699	623
700	745
701	747
702	739
703	760
704	703
705	686
706	705
707	766
708	737
709	700
710	763
711	712
712	747
713	701
714	705
715	722
716	724
717	738
718	680
719	715
720	719
721	610
722	706
723	682
724	699
725	732
726	697
727	716
728	703
729	676
730	691
731	732
732	670
733	675
734	624
735	724
736	675
737	639
738	758
739	693
740	662
741	630
742	680
743	741
744	682
745	656
746	626
747	636
748	603
749	648
750	555
751	579
752	652
753	566
754	594
755	573
756	619
757	561
758	597
759	638
760	609
761	598
762	649
763	567
764	538
765	594
766	597
767	607
768	595
769	623
770	541
771	535
772	538
773	566
774	638
775	604
776	656
777	645
778	593
779	616
780	596
781	578
782	585
783	558
784	626
785	636
786	552
787	597
788	646
789	598
790	582
791	611
792	591
793	633
794	610
795	617
796	576
797	621
798	547
799	579
800	587
801	590
802	521
803	565
804	574
805	654
806	624
807	562
808	628
809	555
810	595
811	582
812	576
813	584
814	555
815	572
816	533
817	657
818	597
819	591
820	684
821	622
822	606
823	627
824	599
825	587
826	633
827	572
828	626
829	564
830	560
831	579
832	656
833	625
834	589
835	590
836	604
837	569
838	602
839	608
840	548
841	514
842	586
843	527
844	635
845	638
846	587
847	621
848	657
849	598
850	586
851	555
852	591
853	613
854	607
855	596
856	619
857	585
858	606
859	590
860	576
861	575
862	554
863	600
864	588
865	625
866	638
867	624
868	598
869	623
870	704
871	592
872	560
873	599
874	581
875	533
876	569
877	603
878	574
879	559
880	637
881	574
882	515
883	592
884	625
885	579
886	583
887	601
888	638
889	686
890	560
891	559
892	593
893	572
894	586
895	473
896	555
897	543
898	536
899	624
900	548
901	496
902	527
903	583
904	526
905	543
906	517
907	495
908	501
909	486
910	540
911	506
912	527
913	470
914	491
915	515
916	517
917	480
918	462
919	495
920	549
921	539
922	579
923	593
924	554
925	512
926	576
927	516
928	541
929	528
930	534
931	508
932	527
933	517
934	539
935	527
936	513
937	506
938	513
939	490
940	522
941	571
942	553
943	561
944	599
945	566
946	555
947	584
948	520
949	527
950	508
951	519
952	577
953	536
954	560
955	598
956	595
957	619
958	619
959	534
960	535
961	541
962	538
963	511
964	585
965	538
966	499
967	502
968	522
969	526
970	564
971	594
972	539
973	555
974	645
975	556
976	533
977	569
978	532
979	553
980	514
981	540
982	605
983	609
984	545
985	538
986	554
987	506
988	559
989	588
990	623
991	578
992	576
993	539
994	567
995	555
996	549
997	528
998	543
999	601
1000	565
1001	631
1002	616
1003	551
1004	567
1005	564
1006	530
1007	585
1008	504
1009	490
1010	503
1011	518
1012	539
1013	558
1014	532
1015	511
1016	489
1017	521
1018	518
1019	524
1020	485
1021	557
1022	556
1023	526
1024	522
1025	536
1026	432
1027	536
1028	454
1029	501
1030	530
1031	531
1032	520
1033	558
1034	548
1035	533
1036	505
1037	538
1038	506
1039	580
1040	532
1041	531
1042	489
1043	513
1044	499
1045	533
1046	521
1047	484
1048	499
1049	476
1050	532
1051	431
1052	443
1053	502
1054	467
1055	583
1056	511
1057	454
1058	502
1059	451
1060	500
1061	493
1062	535
1063	531
1064	508
1065	522
1066	505
1067	514
1068	507
1069	516
1070	496
1071	447
1072	570
1073	494
1074	454
1075	510
1076	471
1077	504
1078	504
1079	475
1080	456
1081	494
1082	430
1083	425
1084	455
1085	493
1086	520
1087	525
1088	521
1089	510
1090	516
1091	524
1092	493
1093	519
1094	500
1095	504
1096	467
1097	508
1098	473
1099	528
1100	500
1101	504
1102	489
1103	441
1104	487
1105	478
1106	486
1107	460
1108	547
1109	534
1110	500
1111	478
1112	547
1113	455
1114	539
1115	494
1116	522
1117	507
1118	521
1119	489
1120	474
1121	465
1122	460
1123	516
1124	401
1125	482
1126	512
1127	470
1128	538
1129	509
1130	451
1131	520
1132	452
1133	515
1134	503
1135	430
1136	479
1137	471
1138	507
1139	462
1140	468
1141	524
1142	460
1143	503
1144	503
1145	511
1146	462
1147	501
1148	440
1149	484
1150	453
1151	464
1152	503
1153	450
1154	487
1155	454
1156	440
1157	466
1158	481
1159	500
1160	494
1161	508
1162	495
1163	468
1164	460
1165	512
1166	475
1167	493
1168	519
1169	456
1170	483
1171	478
1172	482
1173	483
1174	531
1175	471
1176	458
1177	496
1178	510
1179	465
1180	463
1181	491
1182	505
1183	505
1184	449
1185	531
1186	501
1187	479
1188	444
1189	536
1190	494
1191	487
1192	517
1193	442
1194	446
1195	523
1196	441
1197	517
1198	428
1199	437
1200	456
1201	446
1202	444
1203	440
1204	514
1205	462
1206	495
1207	464
1208	466
1209	498
1210	468
1211	455
1212	461
1213	443
1214	474
1215	556
1216	475
1217	480
1218	473
1219	482
1220	495
1221	463
1222	424
1223	510
1224	481
1225	496
1226	477
1227	493
1228	480
1229	479
1230	481
1231	483
1232	428
1233	495
1234	492
1235	467
1236	443
1237	504
1238	472
1239	447
1240	462
1241	461
1242	455
1243	481
1244	403
1245	460
1246	467
1247	484
1248	508
1249	528
1250	443
1251	468
1252	472
1253	500
1254	461
1255	423
1256	452
1257	476
1258	505
1259	491
1260	544
1261	453
1262	451
1263	485
1264	450
1265	470
1266	496
1267	483
1268	527
1269	493
1270	525
1271	480
1272	456
1273	475
1274	503
1275	485
1276	497
1277	438
1278	468
1279	436
1280	487
1281	522
1282	486
1283	481
1284	490
1285	505
1286	455
1287	480
1288	525
1289	444
1290	490
1291	516
1292	459
1293	515
1294	456
1295	421
1296	500
1297	485
1298	439
1299	481
1300	488
1301	499
1302	508
1303	497
1304	491
1305	440
1306	472
1307	426
1308	434
1309	470
1310	470
1311	424
1312	462
1313	460
1314	441
1315	452
1316	449
1317	502
1318	456
1319	454
1320	443
1321	503
1322	460
1323	469
1324	439
1325	459
1326	479
1327	447
1328	408
1329	407
1330	499
1331	424
1332	418
1333	459
1334	434
1335	419
1336	418
1337	447
1338	450
1339	443
1340	428
1341	405
1342	363
1343	416
1344	433
1345	436
1346	390
1347	474
1348	445
1349	403
1350	376
1351	436
1352	369
1353	393
1354	428
1355	406
1356	487
1357	390
1358	410
1359	371
1360	386
1361	416
1362	401
1363	413
1364	411
1365	455
1366	467
1367	403
1368	442
1369	417
1370	370
1371	438
1372	400
1373	376
1374	442
1375	360
1376	398
1377	408
1378	411
1379	390
1380	386
1381	347
1382	422
1383	407
1384	339
1385	386
1386	376
1387	425
1388	400
1389	451
1390	446
1391	470
1392	451
1393	424
1394	446
1395	455
1396	425
1397	393
1398	347
1399	394
1400	379
1401	375
1402	427
1403	419
1404	439
1405	426
1406	473
1407	411
1408	427
1409	455
1410	443
1411	440
1412	427
1413	360
1414	364
1415	406
1416	383
1417	394
1418	380
1419	403
1420	412
1421	409
1422	411
1423	414
1424	417
1425	481
1426	407
1427	432
1428	423
1429	463
1430	389
1431	405
1432	354
1433	376
1434	419
1435	400
1436	376
1437	383
1438	421
1439	418
1440	407
1441	438
1442	403
1443	408
1444	408
1445	382
1446	399
1447	388
1448	377
1449	378
1450	431
1451	401
1452	398
1453	421
1454	443
1455	456
1456	400
1457	390
1458	365
1459	368
1460	423
1461	415
1462	419
1463	413
1464	429
1465	384
1466	387
1467	380
1468	399
1469	397
1470	356
1471	336
1472	455
1473	452
1474	472
1475	362
1476	476
1477	423
1478	359
1479	370
1480	377
1481	407
1482	453
1483	372
1484	399
1485	430
1486	375
1487	382
1488	406
1489	377
1490	454
1491	436
1492	407
1493	453
1494	426
1495	449
1496	427
1497	403
1498	428
1499	344
1500	420
1501	473
1502	479
1503	410
1504	399
1505	472
1506	458
1507	446
1508	465
1509	356
1510	397
1511	470
1512	429
1513	383
1514	477
1515	468
1516	394
1517	405
1518	451
1519	476
1520	414
1521	476
1522	467
1523	492
1524	540
1525	499
1526	427
1527	424
1528	397
1529	399
1530	443
1531	467
1532	415
1533	414
1534	481
1535	427
1536	438
1537	403
1538	394
1539	431
1540	432
1541	408
1542	426
1543	400
1544	367
1545	423
1546	441
1547	428
1548	472
1549	460
1550	424
1551	427
1552	472
1553	457
1554	380
1555	359
1556	415
1557	440
1558	431
1559	437
1560	483
1561	472
1562	441
1563	406
1564	394
1565	455
1566	429
1567	441
1568	434
1569	432
1570	450
1571	471
1572	463
1573	466
1574	464
1575	494
1576	432
1577	478
1578	470
1579	465
1580	468
1581	457
1582	457
1583	486
1584	416
1585	427
1586	473
1587	403
1588	445
1589	464
1590	463
1591	442
1592	500
1593	478
1594	454
1595	399
1596	352
1597	403
1598	464
1599	452
1600	420
1601	417
1602	448
1603	425
1604	443
1605	444
1606	457
1607	465
1608	429
1609	439
1610	424
1611	442
1612	440
1613	451
1614	403
1615	438
1616	396
1617	396
1618	374
1619	377
1620	410
1621	401
1622	416
1623	427
1624	434
1625	425
1626	386
1627	423
1628	399
1629	417
1630	382
1631	376
1632	417
1633	393
1634	395
1635	414
1636	434
1637	420
1638	375
1639	411
1640	426
1641	419
1642	377
1643	460
1644	384
1645	397
1646	387
1647	425
1648	454
1649	456
1650	428
1651	381
1652	384
1653	430
1654	373
1655	360
1656	359
1657	406
1658	385
1659	419
1660	423
1661	390
1662	413
1663	423
1664	371
1665	420
1666	407
1667	405
1668	381
1669	375
1670	375
1671	438
1672	425
1673	403
1674	397
1675	413
1676	395
1677	390
1678	371
1679	352
1680	381
1681	391
1682	355
1683	418
1684	375
1685	407
1686	384
1687	428
1688	424
1689	415
1690	405
1691	392
1692	377
1693	308
1694	393
1695	333
1696	357
1697	430
1698	348
1699	369
1700	412
1701	378
1702	400
1703	347
1704	342
1705	377
1706	390
1707	382
1708	416
1709	434
1710	390
1711	429
1712	372
1713	371
1714	373
1715	404
1716	372
1717	401
1718	384
1719	408
1720	411
1721	346
1722	381
1723	365
1724	397
1725	362
1726	418
1727	390
1728	365
1729	365
1730	398
1731	412
1732	431
1733	372
1734	352
1735	414
1736	406
1737	385
1738	407
1739	363
1740	426
1741	348
1742	418
1743	411
1744	407
1745	383
1746	390
1747	351
1748	368
1749	387
1750	331
1751	322
1752	316
1753	363
1754	386
1755	367
1756	329
1757	316
1758	391
1759	337
1760	411
1761	362
1762	377
1763	322
1764	373
1765	346
1766	317
1767	321
1768	355
1769	327
1770	320
1771	347
1772	340
1773	325
1774	346
1775	358
1776	351
1777	335
1778	325
1779	352
1780	359
1781	372
1782	375
1783	397
1784	334
1785	336
1786	362
1787	407
1788	355
1789	355
1790	351
1791	367
1792	420
1793	349
1794	361
1795	378
1796	311
1797	358
1798	312
1799	297
1800	311
1801	337
1802	339
1803	343
1804	306
1805	330
1806	390
1807	365
1808	315
1809	322
1810	328
1811	326
1812	353
1813	310
1814	365
1815	349
1816	286
1817	330
1818	353
1819	331
1820	322
1821	314
1822	347
1823	286
1824	326
1825	343
1826	383
1827	336
1828	320
1829	303
1830	339
1831	314
1832	348
1833	356
1834	347
1835	323
1836	346
1837	302
1838	334
1839	309
1840	359
1841	340
1842	345
1843	315
1844	312
1845	306
1846	283
1847	354
1848	341
1849	322
1850	345
1851	327
1852	339
1853	299
1854	307
1855	298
1856	319
1857	329
1858	313
1859	346
1860	333
1861	313
1862	261
1863	340
1864	305
1865	284
1866	292
1867	277
1868	307
1869	334
1870	328
1871	330
1872	320
1873	311
1874	304
1875	323
1876	335
1877	350
1878	278
1879	305
1880	373
1881	350
1882	338
1883	263
1884	283
1885	280
1886	336
1887	315
1888	278
1889	341
1890	392
1891	325
1892	340
1893	319
1894	330
1895	348
1896	319
1897	355
1898	320
1899	314
1900	318
1901	302
1902	330
1903	370
1904	317
1905	333
1906	315
1907	287
1908	299
1909	302
1910	317
1911	362
1912	322
1913	310
1914	350
1915	316
1916	305
1917	305
1918	360
1919	260
1920	292
1921	315
1922	319
1923	321
1924	298
1925	324
1926	333
1927	313
1928	296
1929	309
1930	270
1931	313
1932	293
1933	314
1934	263
1935	295
1936	323
1937	366
1938	322
1939	287
1940	352
1941	305
1942	306
1943	325
1944	289
1945	318
1946	331
1947	253
1948	266
1949	301
1950	315
1951	296
1952	340
1953	305
1954	279
1955	341
1956	312
1957	322
1958	331
1959	358
1960	311
1961	319
1962	344
1963	348
1964	314
1965	297
1966	282
1967	373
1968	332
1969	305
1970	302
1971	310
1972	339
1973	322
1974	351
1975	292
1976	323
1977	347
1978	275
1979	327
1980	288
1981	294
1982	334
1983	326
1984	303
1985	338
1986	342
1987	295
1988	314
1989	367
1990	312
1991	351
1992	366
1993	336
1994	345
1995	349
1996	342
1997	337
1998	323
1999	348
2000	325
2001	296
2002	285
2003	343
2004	319
2005	322
2006	351
2007	385
2008	347
2009	364
2010	321
2011	289
2012	312
2013	335
2014	319
2015	311
2016	325
2017	283
2018	265
2019	290
2020	303
2021	323
2022	331
2023	356
2024	333
2025	296
2026	320
2027	333
2028	334
2029	291
2030	296
2031	318
2032	315
2033	333
2034	332
2035	297
2036	305
2037	353
2038	359
2039	257
2040	308
2041	344
2042	323
2043	331
2044	350
2045	321
2046	292
2047	353
2048	311
2049	339
2050	371
2051	344
2052	326
2053	335
2054	326
2055	335
2056	399
2057	336
2058	342
2059	362
2060	314
2061	330
2062	345
2063	370
2064	346
2065	345
2066	353
2067	345
2068	328
2069	309
2070	304
2071	299
2072	239
2073	268
2074	289
2075	314
2076	313
2077	294
2078	276
2079	291
2080	334
2081	320
2082	344
2083	357
2084	350
2085	342
2086	371
2087	364
2088	314
2089	317
2090	283
2091	300
2092	291
2093	295
2094	339
2095	300
2096	347
2097	280
2098	294
2099	335
2100	369
2101	328
2102	290
2103	303
2104	302
2105	267
2106	308
2107	316
2108	296
2109	326
2110	312
2111	264
2112	285
2113	308
2114	352
2115	285
2116	316
2117	262
2118	319
2119	275
2120	298
2121	356
2122	369
2123	319
2124	272
2125	298
2126	316
2127	286
2128	283
2129	265
2130	368
2131	345
2132	344
2133	269
2134	313
2135	262
2136	261
2137	255
2138	254
2139	274
2140	269
2141	312
2142	302
2143	315
2144	254
2145	316
2146	320
2147	313
2148	294
2149	312
2150	295
2151	321
2152	328
2153	281
2154	334
2155	290
2156	333
2157	263
2158	273
2159	284
2160	327
2161	288
2162	312
2163	295
2164	264
2165	241
2166	286
2167	280
2168	279
2169	326
2170	290
2171	291
2172	272
2173	321
2174	326
2175	257
2176	304
2177	269
2178	278
2179	339
2180	294
2181	280
2182	320
2183	290
2184	280
2185	336
2186	279
2187	268
2188	267
2189	281
2190	314
2191	309
2192	252
2193	298
2194	298
2195	338
2196	279
2197	353
2198	301
2199	310
2200	342
2201	321
2202	271
2203	252
2204	247
2205	282
2206	327
2207	314
2208	339
2209	345
2210	314
2211	269
2212	276
2213	264
2214	296
2215	298
2216	271
2217	253
2218	277
2219	299
2220	319
2221	340
2222	302
2223	373
2224	297
2225	325
2226	246
2227	287
2228	319
2229	318
2230	323
2231	321
2232	286
2233	292
2234	318
2235	306
2236	305
2237	319
2238	323
2239	263
2240	323
2241	294
2242	253
2243	249
2244	303
2245	315
2246	303
2247	288
2248	268
2249	277
2250	304
2251	301
2252	319
2253	321
2254	289
2255	291
2256	318
2257	323
2258	310
2259	326
2260	292
2261	377
2262	348
2263	374
2264	342
2265	305
2266	334
2267	323
2268	336
2269	313
2270	245
2271	296
2272	298
2273	284
2274	324
2275	346
2276	300
2277	332
2278	309
2279	296
2280	277
2281	277
2282	288
2283	380
2284	289
2285	295
2286	319
2287	298
2288	278
2289	312
2290	350
2291	309
2292	296
2293	282
2294	287
2295	329
2296	329
2297	302
2298	273
2299	290
2300	285
2301	302
2302	349
2303	319
2304	269
2305	285
2306	280
2307	267
2308	269
2309	329
2310	329
2311	320
2312	342
2313	290
2314	278
2315	291
2316	336
2317	265
2318	280
2319	251
2320	277
2321	302
2322	315
2323	316
2324	256
2325	280
2326	307
2327	305
2328	313
2329	305
2330	253
2331	284
2332	266
2333	281
2334	282
2335	281
2336	275
2337	281
2338	254
2339	257
2340	286
2341	288
2342	304
2343	263
2344	281
2345	261
2346	242
2347	278
2348	309
2349	232
2350	264
2351	340
2352	301
2353	311
2354	264
2355	235
2356	304
2357	246
2358	272
2359	304
2360	279
2361	265
2362	288
2363	262
2364	255
2365	276
2366	277
2367	278
2368	296
2369	250
2370	301
2371	283
2372	301
2373	289
2374	313
2375	281
2376	292
2377	265
2378	261
2379	244
2380	256
2381	299
2382	237
2383	289
2384	284
2385	292
2386	268
2387	292
2388	284
2389	266
2390	276
2391	295
2392	297
2393	305
2394	251
2395	286
2396	297
2397	317
2398	263
2399	242
2400	275
2401	263
2402	287
2403	246
2404	290
2405	312
2406	294
2407	331
2408	262
2409	270
2410	284
2411	311
2412	268
2413	263
2414	251
2415	302
2416	284
2417	293
2418	325
2419	306
2420	303
2421	329
2422	283
2423	266
2424	248
2425	239
2426	283
2427	250
2428	299
2429	297
2430	285
2431	305
2432	275
2433	321
2434	264
2435	301
2436	257
2437	282
2438	255
2439	266
2440	261
2441	287
2442	306
2443	276
2444	263
2445	283
2446	284
2447	304
2448	279
2449	301
2450	281
2451	313
2452	304
2453	296
2454	308
2455	261
2456	278
2457	235
2458	310
2459	302
2460	331
2461	309
2462	341
2463	294
2464	271
2465	273
2466	299
2467	285
2468	302
2469	315
2470	304
2471	291
2472	301
2473	259
2474	248
2475	261
2476	270
2477	250
2478	301
2479	264
2480	281
2481	261
2482	281
2483	313
2484	285
2485	279
2486	298
2487	302
2488	292
2489	319
2490	275
2491	299
2492	305
2493	313
2494	276
2495	272
2496	266
2497	251
2498	227
2499	260
2500	276
2501	262
2502	253
2503	294
2504	254
2505	308
2506	289
2507	301
2508	288
2509	299
2510	284
2511	240
2512	302
2513	308
2514	296
2515	297
2516	300
2517	244
2518	284
2519	222
2520	274
2521	297
2522	258
2523	240
2524	313
2525	299
2526	297
2527	244
2528	276
2529	255
2530	269
2531	271
2532	290
2533	279
2534	277
2535	272
2536	268
2537	249
2538	238
2539	251
2540	252
2541	261
2542	220
2543	275
2544	282
2545	239
2546	233
2547	259
2548	334
2549	263
2550	226
2551	243
2552	247
2553	268
2554	253
2555	270
2556	242
2557	247
2558	250
2559	228
2560	278
2561	242
2562	230
2563	297
2564	263
2565	220
2566	212
2567	223
2568	247
2569	242
2570	197
2571	223
2572	258
2573	200
2574	248
2575	250
2576	262
2577	250
2578	248
2579	264
2580	238
2581	236
2582	226
2583	237
2584	262
2585	218
2586	225
2587	224
2588	246
2589	254
2590	257
2591	271
2592	260
2593	316
2594	262
2595	228
2596	223
2597	264
2598	247
2599	234
2600	242
2601	259
2602	227
2603	261
2604	226
2605	223
2606	253
2607	246
2608	262
2609	265
2610	232
2611	239
2612	238
2613	246
2614	251
2615	267
2616	273
2617	245
2618	240
2619	243
2620	233
2621	243
2622	231
2623	298
2624	247
2625	221
2626	279
2627	240
2628	239
2629	212
2630	225
2631	249
2632	241
2633	260
2634	268
2635	256
2636	262
2637	228
2638	275
2639	255
2640	232
2641	239
2642	231
2643	294
2644	249
2645	249
2646	202
2647	283
2648	251
2649	289
2650	252
2651	275
2652	284
2653	247
2654	230
2655	249
2656	236
2657	267
2658	242
2659	271
2660	246
2661	265
2662	246
2663	230
2664	237
2665	246
2666	227
2667	216
2668	201
2669	251
2670	199
2671	233
2672	245
2673	227
2674	250
2675	253
2676	207
2677	246
2678	286
2679	270
2680	258
2681	256
2682	267
2683	240
2684	244
2685	212
2686	232
2687	206
2688	231
2689	231
2690	225
2691	225
2692	224
2693	289
2694	258
2695	255
2696	257
2697	254
2698	248
2699	243
2700	254
2701	232
2702	208
2703	213
2704	219
2705	265
2706	231
2707	266
2708	263
2709	234
2710	269
2711	230
2712	258
2713	263
2714	276
2715	249
2716	275
2717	235
2718	237
2719	248
2720	212
2721	260
2722	252
2723	236
2724	298
2725	233
2726	227
2727	237
2728	286
2729	283
2730	258
2731	232
2732	230
2733	233
2734	253
2735	223
2736	220
2737	277
2738	235
2739	267
2740	241
2741	219
2742	279
2743	289
2744	264
2745	245
2746	267
2747	239
2748	268
2749	260
2750	257
2751	272
2752	261
2753	284
2754	278
2755	267
2756	261
2757	248
2758	247
2759	301
2760	246
2761	265
2762	322
2763	242
2764	250
2765	288
2766	249
2767	262
2768	292
2769	305
2770	242
2771	231
2772	231
2773	259
2774	239
2775	218
2776	217
2777	231
2778	226
2779	239
2780	222
2781	225
2782	249
2783	270
2784	218
2785	191
2786	207
2787	240
2788	208
2789	225
2790	211
2791	226
2792	258
2793	202
2794	232
2795	271
2796	264
2797	214
2798	266
2799	231
2800	243
2801	233
2802	260
2803	215
2804	231
2805	261
2806	273
2807	219
2808	243
2809	216
2810	252
2811	225
2812	249
2813	209
2814	238
2815	252
2816	222
2817	185
2818	208
2819	199
2820	223
2821	223
2822	219
2823	240
2824	255
2825	280
2826	210
2827	216
2828	238
2829	197
2830	259
2831	242
2832	206
2833	227
2834	247
2835	224
2836	247
2837	260
2838	202
2839	218
2840	220
2841	234
2842	270
2843	275
2844	232
2845	244
2846	225
2847	207
2848	276
2849	239
2850	254
2851	232
2852	223
2853	200
2854	233
2855	227
2856	200
2857	227
2858	216
2859	222
2860	234
2861	225
2862	234
2863	239
2864	212
2865	204
2866	200
2867	172
2868	176
2869	219
2870	168
2871	168
2872	202
2873	218
2874	235
2875	219
2876	197
2877	193
2878	240
2879	249
2880	221
2881	204
2882	229
2883	203
2884	227
2885	202
2886	212
2887	177
2888	179
2889	211
2890	220
2891	183
2892	210
2893	187
2894	190
2895	184
2896	202
2897	179
2898	180
2899	186
2900	205
2901	236
2902	198
2903	173
2904	197
2905	222
2906	207
2907	190
2908	224
2909	219
2910	232
2911	226
2912	180
2913	171
2914	186
2915	201
2916	199
2917	200
2918	206
2919	178
2920	203
2921	215
2922	191
2923	175
2924	195
2925	208
2926	232
2927	224
2928	206
2929	200
2930	186
2931	202
2932	201
2933	196
2934	206
2935	177
2936	189
2937	163
2938	190
2939	179
2940	216
2941	187
2942	177
2943	174
2944	171
2945	184
2946	209
2947	184
2948	172
2949	203
2950	191
2951	197
2952	162
2953	180
2954	197
2955	182
2956	153
2957	175
2958	159
2959	184
2960	188
2961	165
2962	201
2963	176
2964	178
2965	181
2966	204
2967	145
2968	196
2969	171
2970	156
2971	176
2972	169
2973	155
2974	176
2975	174
2976	205
2977	162
2978	178
2979	152
2980	171
2981	124
2982	198
2983	220
2984	157
2985	182
2986	198
2987	221
2988	203
2989	166
2990	201
2991	208
2992	164
2993	162
2994	203
2995	235
2996	194
2997	175
2998	194
2999	201
3000	176
3001	171
3002	163
3003	172
3004	161
3005	174
3006	189
3007	197
3008	180
3009	182
3010	188
3011	209
3012	219
3013	205
3014	240
3015	211
3016	204
3017	181
3018	222
3019	214
3020	175
3021	213
3022	176
3023	208
3024	189
3025	192
3026	190
3027	235
3028	201
3029	207
3030	189
3031	216
3032	181
3033	201
3034	211
3035	176
3036	218
3037	219
3038	214
3039	218
3040	199
3041	217
3042	180
3043	177
3044	190
3045	229
3046	193
3047	171
3048	204
3049	201
3050	223
3051	200
3052	196
3053	180
3054	244
3055	192
3056	204
3057	201
3058	219
3059	182
3060	194
3061	197
3062	187
3063	178
3064	248
3065	232
3066	214
3067	234
3068	226
3069	229
3070	229
3071	186
3072	230
3073	208
3074	221
3075	210
3076	247
3077	223
3078	177
3079	247
3080	236
3081	187
3082	258
3083	204
3084	220
3085	159
3086	175
3087	200
3088	186
3089	194
3090	202
3091	207
3092	181
3093	204
3094	183
3095	177
3096	174
3097	184
3098	190
3099	218
3100	235
3101	202
3102	220
3103	202
3104	220
3105	205
3106	201
3107	198
3108	218
3109	207
3110	184
3111	197
3112	219
3113	203
3114	193
3115	176
3116	164
3117	221
3118	216
3119	187
3120	196
3121	197
3122	235
3123	210
3124	197
3125	187
3126	189
3127	203
3128	189
3129	174
3130	170
3131	189
3132	169
3133	154
3134	160
3135	203
3136	148
3137	188
3138	189
3139	198
3140	192
3141	174
3142	186
3143	180
3144	223
3145	225
3146	234
3147	177
3148	205
3149	180
3150	176
3151	188
3152	170
3153	190
3154	216
3155	211
3156	165
3157	185
3158	162
3159	210
3160	188
3161	189
3162	185
3163	199
3164	167
3165	183
3166	197
3167	181
3168	186
3169	200
3170	187
3171	187
3172	202
3173	153
3174	154
3175	179
3176	193
3177	202
3178	194
3179	207
3180	173
3181	225
3182	208
3183	202
3184	234
3185	211
3186	201
3187	228
3188	196
3189	219
3190	200
3191	204
3192	184
3193	208
3194	175
3195	177
3196	190
3197	161
3198	183
3199	202
3200	198
3201	205
3202	189
3203	184
3204	196
3205	196
3206	166
3207	168
3208	172
3209	213
3210	229
3211	232
3212	222
3213	188
3214	199
3215	173
3216	232
3217	185
3218	142
3219	184
3220	207
3221	189
3222	187
3223	205
3224	194
3225	172
3226	198
3227	180
3228	195
3229	174
3230	178
3231	219
3232	184
3233	176
3234	184
3235	186
3236	242
3237	218
3238	173
3239	173
3240	182
3241	177
3242	208
3243	185
3244	214
3245	183
3246	185
3247	227
3248	184
3249	237
3250	221
3251	220
3252	259
3253	242
3254	228
3255	207
3256	161
3257	214
3258	262
3259	222
3260	220
3261	208
3262	220
3263	221
3264	216
3265	245
3266	190
3267	231
3268	210
3269	209
3270	251
3271	173
3272	221
3273	167
3274	234
3275	215
3276	247
3277	227
3278	205
3279	224
3280	213
3281	220
3282	257
3283	247
3284	247
3285	216
3286	249
3287	224
3288	239
3289	218
3290	200
3291	210
3292	226
3293	220
3294	216
3295	210
3296	220
3297	242
3298	188
3299	205
3300	223
3301	208
3302	242
3303	245
3304	226
3305	202
3306	248
3307	203
3308	186
3309	216
3310	207
3311	229
3312	222
3313	203
3314	235
3315	225
3316	190
3317	240
3318	255
3319	206
3320	204
3321	206
3322	206
3323	199
3324	210
3325	226
3326	214
3327	212
3328	197
3329	227
3330	222
3331	241
3332	248
3333	231
3334	214
3335	218
3336	237
3337	232
3338	229
3339	259
3340	210
3341	232
3342	209
3343	239
3344	183
3345	212
3346	184
3347	231
3348	227
3349	246
3350	235
3351	243
3352	223
3353	284
3354	250
3355	209
3356	238
3357	207
3358	245
3359	196
3360	204
3361	218
3362	210
3363	241
3364	220
3365	228
3366	216
3367	239
3368	187
3369	177
3370	202
3371	198
3372	226
3373	217
3374	212
3375	194
3376	241
3377	187
3378	199
3379	186
3380	176
3381	194
3382	214
3383	219
3384	212
3385	234
3386	200
3387	196
3388	233
3389	195
3390	185
3391	177
3392	225
3393	181
3394	170
3395	182
3396	219
3397	204
3398	222
3399	218
3400	231
3401	222
3402	198
3403	189
3404	177
3405	152
3406	187
3407	177
3408	173
3409	176
3410	189
3411	238
3412	177
3413	150
3414	198
3415	183
3416	177
3417	185
3418	133
3419	169
3420	180
3421	192
3422	198
3423	189
3424	184
3425	192
3426	176
3427	204
3428	160
3429	177
3430	190
3431	169
3432	201
3433	222
3434	170
3435	154
3436	184
3437	166
3438	154
3439	162
3440	164
3441	166
3442	172
3443	164
3444	190
3445	178
3446	162
3447	190
3448	198
3449	199
3450	190
3451	244
3452	219
3453	221
3454	185
3455	146
3456	176
3457	201
3458	164
3459	186
3460	175
3461	210
3462	216
3463	170
3464	176
3465	207
3466	184
3467	184
3468	148
3469	160
3470	201
3471	232
3472	195
3473	178
3474	164
3475	198
3476	176
3477	165
3478	169
3479	182
3480	171
3481	179
3482	184
3483	187
3484	190
3485	213
3486	189
3487	183
3488	190
3489	177
3490	209
3491	190
3492	183
3493	155
3494	173
3495	153
3496	169
3497	136
3498	148
3499	203
3500	183
3501	173
3502	187
3503	154
3504	155
3505	193
3506	205
3507	190
3508	162
3509	133
3510	157
3511	167
3512	155
3513	175
3514	147
3515	149
3516	191
3517	157
3518	158
3519	159
3520	185
3521	237
3522	190
3523	161
3524	122
3525	179
3526	183
3527	156
3528	140
3529	187
3530	189
3531	177
3532	169
3533	157
3534	168
3535	159
3536	151
3537	213
3538	170
3539	185
3540	160
3541	167
3542	153
3543	196
3544	168
3545	180
3546	201
3547	200
3548	201
3549	205
3550	167
3551	188
3552	153
3553	190
3554	202
3555	153
3556	178
3557	165
3558	174
3559	173
3560	172
3561	157
3562	164
3563	152
3564	164
3565	197
3566	218
3567	179
3568	152
3569	163
3570	162
3571	186
3572	164
3573	152
3574	156
3575	180
3576	169
3577	176
3578	206
3579	181
3580	148
3581	169
3582	169
3583	176
3584	172
3585	162
3586	167
3587	171
3588	129
3589	152
3590	139
3591	180
3592	162
3593	200
3594	179
3595	180
3596	173
3597	168
3598	154
3599	145
3600	144
3601	139
3602	177
3603	174
3604	164
3605	197
3606	190
3607	176
3608	148
3609	171
3610	174
3611	198
3612	168
3613	153
3614	181
3615	182
3616	171
3617	167
3618	151
3619	149
3620	154
3621	175
3622	169
3623	141
3624	130
3625	188
3626	153
3627	176
3628	175
3629	165
3630	170
3631	181
3632	164
3633	190
3634	166
3635	152
3636	189
3637	177
3638	159
3639	190
3640	159
3641	181
3642	153
3643	195
3644	214
3645	139
3646	213
3647	155
3648	160
3649	165
3650	161
3651	153
3652	138
3653	127
3654	142
3655	179
3656	148
3657	173
3658	166
3659	130
3660	146
3661	181
3662	181
3663	135
3664	188
3665	158
3666	163
3667	178
3668	172
3669	205
3670	149
3671	178
3672	159
3673	167
3674	169
3675	183
3676	175
3677	167
3678	181
3679	156
3680	154
3681	197
3682	191
3683	124
3684	172
3685	165
3686	179
3687	176
3688	176
3689	175
3690	163
3691	176
3692	136
3693	167
3694	177
3695	162
3696	170
3697	161
3698	194
3699	179
3700	178
3701	189
3702	142
3703	205
3704	123
3705	125
3706	194
3707	113
3708	134
3709	154
3710	157
3711	131
3712	146
3713	167
3714	168
3715	177
3716	151
3717	177
3718	161
3719	149
3720	132
3721	171
3722	139
3723	143
3724	128
3725	174
3726	176
3727	142
3728	143
3729	166
3730	145
3731	176
3732	195
3733	153
3734	181
3735	170
3736	167
3737	161
3738	125
3739	149
3740	158
3741	180
3742	158
3743	165
3744	140
3745	193
3746	175
3747	186
3748	194
3749	159
3750	169
3751	166
3752	175
3753	208
3754	178
3755	176
3756	138
3757	157
3758	190
3759	156
3760	143
3761	156
3762	148
3763	156
3764	150
3765	134
3766	178
3767	184
3768	211
3769	183
3770	155
3771	142
3772	167
3773	186
3774	172
3775	147
3776	184
3777	153
3778	177
3779	141
3780	186
3781	149
3782	175
3783	141
3784	168
3785	156
3786	153
3787	200
3788	184
3789	167
3790	185
3791	160
3792	148
3793	184
3794	196
3795	190
3796	172
3797	159
3798	116
3799	162
3800	196
3801	154
3802	172
3803	171
3804	136
3805	165
3806	146
3807	180
3808	151
3809	183
3810	171
3811	182
3812	154
3813	144
3814	141
3815	157
3816	192
3817	180
3818	163
3819	167
3820	152
3821	168
3822	204
3823	170
3824	191
3825	177
3826	148
3827	175
3828	150
3829	162
3830	157
3831	135
3832	136
3833	176
3834	189
3835	176
3836	196
3837	153
3838	188
3839	172
3840	132
3841	172
3842	152
3843	167
3844	168
3845	143
3846	115
3847	122
3848	146
3849	155
3850	154
3851	173
3852	171
3853	131
3854	127
3855	148
3856	148
3857	137
3858	140
3859	153
3860	148
3861	160
3862	145
3863	179
3864	127
3865	165
3866	131
3867	137
3868	154
3869	151
3870	182
3871	157
3872	143
3873	144
3874	153
3875	152
3876	198
3877	159
3878	141
3879	150
3880	167
3881	209
3882	157
3883	201
3884	189
3885	160
3886	206
3887	209
3888	144
3889	151
3890	171
3891	146
3892	169
3893	173
3894	159
3895	168
3896	155
3897	177
3898	163
3899	123
3900	184
3901	199
3902	175
3903	163
3904	166
3905	186
3906	167
3907	169
3908	152
3909	172
3910	115
3911	151
3912	183
3913	152
3914	150
3915	156
3916	185
3917	191
3918	182
3919	183
3920	199
3921	180
3922	176
3923	191
3924	200
3925	195
3926	190
3927	184
3928	161
3929	150
3930	162
3931	201
3932	155
3933	148
3934	143
3935	176
3936	123
3937	167
3938	178
3939	188
3940	182
3941	167
3942	185
3943	190
3944	183
3945	169
3946	202
3947	168
3948	171
3949	149
3950	173
3951	169
3952	157
3953	166
3954	183
3955	196
3956	156
3957	200
3958	162
3959	166
3960	167
3961	166
3962	145
3963	180
3964	157
3965	180
3966	162
3967	161
3968	135
3969	153
3970	165
3971	216
3972	170
3973	196
3974	181
3975	192
3976	165
3977	185
3978	202
3979	154
3980	140
3981	176
3982	157
3983	162
3984	184
3985	148
3986	168
3987	185
3988	171
3989	178
3990	185
3991	179
3992	138
3993	148
3994	149
3995	172
3996	180
3997	148
3998	137
3999	214
4000	168
4001	138
4002	177
4003	186
4004	192
4005	182
4006	163
4007	150
4008	165
4009	165
4010	141
4011	176
4012	150
4013	167
4014	147
4015	144
4016	151
4017	157
4018	147
4019	142
4020	183
4021	181
4022	158
4023	174
4024	120
4025	153
4026	176
4027	190
4028	159
4029	187
4030	183
4031	163
4032	187
4033	154
4034	205
4035	148
4036	181
4037	192
4038	169
4039	192
4040	193
4041	161
4042	151
4043	198
4044	160
4045	215
4046	150
4047	146
4048	165
4049	170
4050	166
4051	189
4052	181
4053	216
4054	214
4055	200
4056	189
4057	180
4058	139
4059	186
4060	173
4061	148
4062	154
4063	199
4064	159
4065	179
4066	195
4067	178
4068	169
4069	136
4070	173
4071	188
4072	186
4073	166
4074	199
4075	161
4076	164
4077	183
4078	154
4079	184
4080	174
4081	139
4082	120
4083	146
4084	154
4085	144
4086	158
4087	163
4088	150
4089	178
4090	148
4091	116
4092	169
4093	153
4094	160
4095	140
4096	183
4097	195
4098	163
4099	166
4100	175
4101	179
4102	151
4103	172
4104	167
4105	151
4106	141
4107	179
4108	143
4109	224
4110	164
4111	165
4112	178
4113	173
4114	166
4115	185
4116	176
4117	186
4118	162
4119	168
4120	173
4121	182
4122	170
4123	168
4124	181
4125	144
4126	183
4127	152
4128	149
4129	140
4130	139
4131	154
4132	200
4133	123
4134	145
4135	147
4136	154
4137	139
4138	170
4139	142
4140	169
4141	177
4142	149
4143	186
4144	188
4145	162
4146	150
4147	174
4148	163
4149	164
4150	158
4151	130
4152	149
4153	143
4154	159
4155	156
4156	118
4157	155
4158	120
4159	162
4160	155
4161	159
4162	138
4163	149
4164	145
4165	132
4166	140
4167	119
4168	123
4169	141
4170	134
4171	150
4172	171
4173	157
4174	121
4175	185
4176	207
4177	169
4178	119
4179	143
4180	191
4181	128
4182	142
4183	155
4184	139
4185	122
4186	120
4187	134
4188	154
4189	158
4190	111
4191	139
4192	152
4193	134
4194	133
4195	121
4196	147
4197	131
4198	115
4199	140
4200	145
4201	170
4202	164
4203	133
4204	157
4205	198
4206	161
4207	140
4208	151
4209	143
4210	128
4211	124
4212	151
4213	137
4214	135
4215	127
4216	106
4217	120
4218	129
4219	117
4220	130
4221	152
4222	109
4223	132
4224	140
4225	163
4226	112
4227	136
4228	153
4229	149
4230	118
4231	122
4232	126
4233	133
4234	134
4235	118
4236	155
4237	118
4238	142
4239	182
4240	119
4241	146
4242	172
4243	132
4244	117
4245	119
4246	104
4247	156
4248	151
4249	162
4250	118
4251	116
4252	153
4253	165
4254	156
4255	118
4256	139
4257	133
4258	154
4259	113
4260	143
4261	129
4262	142
4263	126
4264	117
4265	144
4266	138
4267	130
4268	105
4269	117
4270	129
4271	143
4272	115
4273	138
4274	108
4275	133
4276	109
4277	152
4278	143
4279	161
4280	149
4281	142
4282	118
4283	153
4284	116
4285	163
4286	126
4287	138
4288	146
4289	179
4290	170
4291	146
4292	126
4293	179
4294	156
4295	142
4296	136
4297	150
4298	155
4299	136
4300	161
4301	153
4302	170
4303	153
4304	154
4305	174
4306	152
4307	142
4308	140
4309	142
4310	117
4311	144
4312	132
4313	120
4314	133
4315	137
4316	158
4317	166
4318	127
4319	141
4320	151
4321	136
4322	152
4323	118
4324	125
4325	138
4326	160
4327	130
4328	147
4329	171
4330	126
4331	124
4332	106
4333	136
4334	158
4335	160
4336	152
4337	121
4338	126
4339	119
4340	151
4341	144
4342	142
4343	143
4344	146
4345	115
4346	109
4347	127
4348	138
4349	174
4350	129
4351	124
4352	124
4353	171
4354	108
4355	137
4356	132
4357	113
4358	130
4359	116
4360	121
4361	98
4362	135
4363	153
4364	133
4365	110
4366	125
4367	97
4368	134
4369	149
4370	108
4371	89
4372	119
4373	157
4374	127
4375	113
4376	130
4377	138
4378	111
4379	116
4380	122
4381	120
4382	120
4383	120
4384	110
4385	119
4386	110
4387	113
4388	123
4389	115
4390	135
4391	142
4392	109
4393	139
4394	124
4395	155
4396	101
4397	129
4398	144
4399	122
4400	105
4401	111
4402	137
4403	97
4404	141
4405	117
4406	124
4407	120
4408	132
4409	114
4410	115
4411	125
4412	169
4413	144
4414	102
4415	112
4416	109
4417	108
4418	117
4419	141
4420	129
4421	137
4422	140
4423	142
4424	123
4425	118
4426	158
4427	124
4428	150
4429	119
4430	129
4431	133
4432	146
4433	143
4434	140
4435	117
4436	128
4437	100
4438	93
4439	125
4440	94
4441	115
4442	135
4443	123
4444	154
4445	103
4446	99
4447	152
4448	148
4449	110
4450	109
4451	117
4452	102
4453	126
4454	134
4455	122
4456	143
4457	150
4458	116
4459	106
4460	143
4461	115
4462	119
4463	106
4464	123
4465	124
4466	155
4467	135
4468	113
4469	105
4470	89
4471	141
4472	137
4473	123
4474	110
4475	108
4476	104
4477	112
4478	120
4479	101
4480	111
4481	121
4482	112
4483	149
4484	121
4485	116
4486	121
4487	123
4488	126
4489	111
4490	100
4491	109
4492	126
4493	114
4494	132
4495	150
4496	102
4497	139
4498	137
4499	114
4500	135
4501	101
4502	120
4503	98
4504	108
4505	135
4506	118
4507	148
4508	142
4509	132
4510	126
4511	137
4512	118
4513	118
4514	103
4515	111
4516	82
4517	111
4518	102
4519	113
4520	84
4521	135
4522	119
4523	146
4524	116
4525	95
4526	123
4527	156
4528	104
4529	147
4530	124
4531	120
4532	161
4533	156
4534	167
4535	140
4536	125
4537	107
4538	134
4539	152
4540	141
4541	165
4542	105
4543	141
4544	117
4545	102
4546	100
4547	108
4548	138
4549	125
4550	130
4551	138
4552	133
4553	149
4554	162
4555	154
4556	151
4557	156
4558	155
4559	154
4560	162
4561	168
4562	151
4563	136
4564	135
4565	124
4566	156
4567	130
4568	116
4569	147
4570	113
4571	159
4572	126
4573	134
4574	157
4575	142
4576	145
4577	163
4578	117
4579	151
4580	106
4581	128
4582	133
4583	164
4584	135
4585	117
4586	146
4587	121
4588	141
4589	173
4590	155
4591	127
4592	128
4593	136
4594	116
4595	112
4596	136
4597	140
4598	142
4599	116
4600	151
4601	150
4602	140
4603	126
4604	150
4605	157
4606	153
4607	136
4608	166
4609	132
4610	140
4611	125
4612	115
4613	127
4614	146
4615	129
4616	121
4617	122
4618	144
4619	136
4620	128
4621	142
4622	119
4623	134
4624	175
4625	146
4626	162
4627	149
4628	123
4629	170
4630	181
4631	158
4632	135
4633	125
4634	113
4635	150
4636	100
4637	105
4638	108
4639	111
4640	132
4641	116
4642	117
4643	118
4644	118
4645	153
4646	137
4647	140
4648	134
4649	110
4650	123
4651	120
4652	120
4653	140
4654	96
4655	117
4656	153
4657	120
4658	105
4659	96
4660	119
4661	127
4662	126
4663	142
4664	135
4665	117
4666	109
4667	156
4668	115
4669	124
4670	123
4671	134
4672	134
4673	99
4674	120
4675	132
4676	125
4677	126
4678	101
4679	149
4680	159
4681	102
4682	140
4683	148
4684	138
4685	148
4686	138
4687	136
4688	116
4689	125
4690	126
4691	127
4692	115
4693	114
4694	114
4695	117
4696	116
4697	130
4698	124
4699	113
4700	99
4701	107
4702	123
4703	99
4704	105
4705	144
4706	101
4707	106
4708	121
4709	95
4710	115
4711	134
4712	100
4713	116
4714	131
4715	111
4716	132
4717	126
4718	118
4719	135
4720	161
4721	138
4722	119
4723	123
4724	120
4725	105
4726	150
4727	99
4728	99
4729	105
4730	121
4731	96
4732	132
4733	134
4734	109
4735	92
4736	116
4737	92
4738	140
4739	113
4740	134
4741	113
4742	153
4743	134
4744	110
4745	134
4746	124
4747	138
4748	92
4749	149
4750	130
4751	106
4752	116
4753	104
4754	144
4755	118
4756	113
4757	112
4758	125
4759	137
4760	132
4761	130
4762	133
4763	106
4764	116
4765	129
4766	134
4767	116
4768	116
4769	117
4770	137
4771	121
4772	120
4773	119
4774	103
4775	116
4776	149
4777	111
4778	131
4779	173
4780	122
4781	113
4782	123
4783	129
4784	115
4785	130
4786	153
4787	117
4788	118
4789	113
4790	114
4791	120
4792	125
4793	129
4794	141
4795	130
4796	143
4797	95
4798	123
4799	134
4800	149
4801	132
4802	109
4803	114
4804	134
4805	107
4806	142
4807	137
4808	113
4809	135
4810	137
4811	123
4812	125
4813	115
4814	110
4815	118
4816	116
4817	88
4818	99
4819	59
4820	123
4821	117
4822	102
4823	112
4824	109
4825	139
4826	119
4827	123
4828	161
4829	129
4830	110
4831	116
4832	103
4833	95
4834	114
4835	108
4836	109
4837	144
4838	141
4839	81
4840	130
4841	103
4842	122
4843	101
4844	101
4845	111
4846	89
4847	102
4848	100
4849	88
4850	114
4851	117
4852	115
4853	130
4854	134
4855	84
4856	97
4857	92
4858	110
4859	110
4860	92
4861	119
4862	126
4863	88
4864	143
4865	114
4866	118
4867	128
4868	101
4869	98
4870	83
4871	98
4872	100
4873	135
4874	62
4875	127
4876	93
4877	117
4878	118
4879	89
4880	98
4881	101
4882	76
4883	106
4884	90
4885	89
4886	130
4887	95
4888	92
4889	127
4890	112
4891	118
4892	120
4893	86
4894	115
4895	76
4896	98
4897	94
4898	78
4899	92
4900	126
4901	101
4902	101
4903	98
4904	93
4905	96
4906	96
4907	103
4908	110
4909	105
4910	90
4911	112
4912	91
4913	87
4914	95
4915	101
4916	101
4917	105
4918	113
4919	105
4920	110
4921	106
4922	123
4923	107
4924	136
4925	112
4926	109
4927	128
4928	118
4929	143
4930	103
4931	106
4932	97
4933	96
4934	102
4935	113
4936	106
4937	129
4938	146
4939	160
4940	120
4941	121
4942	112
4943	106
4944	107
4945	80
4946	123
4947	80
4948	106
4949	103
4950	135
4951	98
4952	98
4953	104
4954	106
4955	102
4956	128
4957	124
4958	117
4959	127
4960	118
4961	109
4962	119
4963	120
4964	129
4965	122
4966	106
4967	120
4968	135
4969	131
4970	139
4971	142
4972	137
4973	126
4974	97
4975	112
4976	134
4977	131
4978	148
4979	114
4980	143
4981	125
4982	112
4983	109
4984	114
4985	95
4986	128
4987	114
4988	131
4989	144
4990	84
4991	113
4992	127
4993	118
4994	131
4995	103
4996	136
4997	110
4998	95
4999	135
5000	106
5001	144
5002	100
5003	111
5004	111
5005	123
5006	108
5007	132
5008	154
5009	106
5010	100
5011	126
5012	112
5013	118
5014	120
5015	150
5016	103
5017	111
5018	105
5019	106
5020	118
5021	112
5022	73
5023	135
5024	108
5025	123
5026	115
5027	82
5028	107
5029	144
5030	123
5031	148
5032	126
5033	95
5034	101
5035	120
5036	85
5037	114
5038	138
5039	130
5040	111
5041	120
5042	161
5043	117
5044	126
5045	114
5046	140
5047	140
5048	103
5049	113
5050	123
5051	129
5052	125
5053	101
5054	133
5055	106
5056	94
5057	72
5058	112
5059	114
5060	102
5061	126
5062	141
5063	103
5064	110
5065	111
5066	106
5067	135
5068	126
5069	98
5070	110
5071	106
5072	99
5073	96
5074	128
5075	88
5076	112
5077	89
5078	93
5079	119
5080	106
5081	132
5082	130
5083	139
5084	130
5085	131
5086	110
5087	106
5088	113
5089	98
5090	110
5091	122
5092	115
5093	99
5094	121
5095	109
5096	99
5097	105
5098	110
5099	104
5100	81
5101	73
5102	116
5103	112
5104	115
5105	102
5106	125
5107	101
5108	104
5109	110
5110	115
5111	146
5112	122
5113	95
5114	99
5115	121
5116	90
5117	117
5118	114
5119	129
5120	127
5121	115
5122	93
5123	115
5124	119
5125	118
5126	81
5127	127
5128	100
5129	104
5130	117
5131	73
5132	103
5133	100
5134	98
5135	133
5136	105
5137	119
5138	125
5139	123
5140	118
5141	161
5142	100
5143	101
5144	107
5145	138
5146	102
5147	97
5148	108
5149	115
5150	132
5151	121
5152	104
5153	107
5154	149
5155	116
5156	127
5157	87
5158	113
5159	127
5160	114
5161	112
5162	97
5163	123
5164	132
5165	110
5166	82
5167	106
5168	101
5169	107
5170	114
5171	134
5172	134
5173	75
5174	94
5175	97
5176	73
5177	102
5178	111
5179	122
5180	118
5181	130
5182	102
5183	126
5184	88
5185	105
5186	90
5187	99
5188	86
5189	89
5190	100
5191	88
5192	116
5193	113
5194	69
5195	102
5196	110
5197	68
5198	84
5199	98
5200	105
5201	64
5202	92
5203	103
5204	125
5205	85
5206	80
5207	88
5208	100
5209	107
5210	76
5211	89
5212	87
5213	86
5214	92
5215	97
5216	86
5217	73
5218	66
5219	82
5220	68
5221	111
5222	78
5223	106
5224	91
5225	92
5226	107
5227	72
5228	106
5229	78
5230	82
5231	109
5232	114
5233	80
5234	105
5235	122
5236	95
5237	81
5238	89
5239	88
5240	100
5241	103
5242	107
5243	94
5244	88
5245	83
5246	86
5247	97
5248	85
5249	100
5250	79
5251	133
5252	106
5253	116
5254	78
5255	97
5256	107
5257	139
5258	127
5259	107
5260	103
5261	112
5262	119
5263	93
5264	88
5265	111
5266	84
5267	108
5268	118
5269	129
5270	108
5271	80
5272	115
5273	95
5274	97
5275	115
5276	97
5277	91
5278	85
5279	101
5280	60
5281	79
5282	113
5283	98
5284	96
5285	90
5286	105
5287	78
5288	71
5289	81
5290	87
5291	83
5292	113
5293	91
5294	86
5295	98
5296	101
5297	117
5298	88
5299	82
5300	96
5301	108
5302	81
5303	97
5304	105
5305	87
5306	95
5307	82
5308	91
5309	102
5310	93
5311	87
5312	94
5313	85
5314	102
5315	119
5316	99
5317	118
5318	96
5319	107
5320	89
5321	77
5322	108
5323	110
5324	114
5325	107
5326	133
5327	127
5328	97
5329	104
5330	84
5331	84
5332	72
5333	82
5334	93
5335	83
5336	75
5337	93
5338	123
5339	104
5340	85
5341	84
5342	109
5343	94
5344	105
5345	94
5346	108
5347	105
5348	74
5349	79
5350	90
5351	89
5352	87
5353	68
5354	76
5355	97
5356	84
5357	79
5358	103
5359	76
5360	95
5361	90
5362	84
5363	117
5364	109
5365	93
5366	106
5367	113
5368	105
5369	116
5370	117
5371	78
5372	92
5373	101
5374	79
5375	85
5376	94
5377	65
5378	107
5379	82
5380	91
5381	113
5382	100
5383	93
5384	86
5385	110
5386	83
5387	66
5388	119
5389	125
5390	80
5391	93
5392	82
5393	89
5394	96
5395	87
5396	108
5397	120
5398	76
5399	95
5400	101
5401	94
5402	85
5403	96
5404	89
5405	77
5406	83
5407	99
5408	113
5409	97
5410	108
5411	94
5412	117
5413	109
5414	83
5415	79
5416	103
5417	88
5418	101
5419	93
5420	71
5421	91
5422	67
5423	93
5424	86
5425	110
5426	110
5427	110
5428	110
5429	104
5430	105
5431	97
5432	71
5433	70
5434	92
5435	106
5436	109
5437	109
5438	94
5439	71
5440	117
5441	84
5442	96
5443	104
5444	104
5445	88
5446	86
5447	80
5448	117
5449	118
5450	111
5451	116
5452	106
5453	113
5454	96
5455	106
5456	94
5457	103
5458	76
5459	98
5460	107
5461	103
5462	110
5463	89
5464	88
5465	148
5466	113
5467	81
5468	102
5469	76
5470	94
5471	100
5472	80
5473	132
5474	87
5475	90
5476	111
5477	106
5478	64
5479	97
5480	116
5481	92
5482	94
5483	91
5484	105
5485	106
5486	85
5487	98
5488	91
5489	128
5490	130
5491	107
5492	107
5493	86
5494	109
5495	105
5496	104
5497	96
5498	124
5499	100
5500	112
5501	90
5502	127
5503	115
5504	134
5505	101
5506	122
5507	105
5508	116
5509	116
5510	116
5511	112
5512	104
5513	105
5514	134
5515	95
5516	137
5517	131
5518	95
5519	113
5520	136
5521	100
5522	107
5523	126
5524	119
5525	117
5526	93
5527	110
5528	146
5529	92
5530	102
5531	105
5532	116
5533	103
5534	110
5535	136
5536	100
5537	125
5538	82
5539	88
5540	94
5541	86
5542	108
5543	107
5544	104
5545	128
5546	114
5547	109
5548	121
5549	122
5550	94
5551	91
5552	116
5553	95
5554	106
5555	92
5556	126
5557	108
5558	111
5559	89
5560	83
5561	87
5562	90
5563	144
5564	123
5565	143
5566	105
5567	100
5568	83
5569	83
5570	133
5571	136
5572	82
5573	101
5574	101
5575	106
5576	112
5577	127
5578	98
5579	120
5580	125
5581	111
5582	108
5583	109
5584	109
5585	118
5586	128
5587	123
5588	126
5589	93
5590	125
5591	105
5592	127
5593	141
5594	123
5595	92
5596	85
5597	119
5598	120
5599	129
5600	124
5601	111
5602	119
5603	99
5604	102
5605	101
5606	95
5607	111
5608	109
5609	98
5610	109
5611	101
5612	108
5613	131
5614	90
5615	109
5616	82
5617	81
5618	86
5619	82
5620	85
5621	86
5622	75
5623	83
5624	78
5625	103
5626	118
5627	118
5628	114
5629	104
5630	103
5631	120
5632	91
5633	104
5634	95
5635	109
5636	104
5637	87
5638	105
5639	107
5640	81
5641	97
5642	85
5643	105
5644	93
5645	103
5646	84
5647	118
5648	97
5649	112
5650	97
5651	114
5652	110
5653	118
5654	133
5655	95
5656	111
5657	86
5658	92
5659	111
5660	106
5661	100
5662	104
5663	99
5664	107
5665	105
5666	100
5667	101
5668	109
5669	85
5670	95
5671	93
5672	104
5673	106
5674	108
5675	103
5676	107
5677	93
5678	76
5679	105
5680	121
5681	89
5682	105
5683	136
5684	130
5685	106
5686	106
5687	107
5688	119
5689	85
5690	98
5691	99
5692	97
5693	94
5694	104
5695	100
5696	116
5697	118
5698	115
5699	113
5700	129
5701	109
5702	101
5703	95
5704	78
5705	105
5706	99
5707	117
5708	108
5709	90
5710	102
5711	135
5712	134
5713	84
5714	88
5715	101
5716	94
5717	69
5718	87
5719	91
5720	68
5721	82
5722	77
5723	87
5724	78
5725	87
5726	88
5727	106
5728	103
5729	111
5730	78
5731	107
5732	101
5733	79
5734	91
5735	107
5736	96
5737	103
5738	92
5739	102
5740	93
5741	120
5742	64
5743	69
5744	82
5745	81
5746	81
5747	116
5748	93
5749	75
5750	85
5751	72
5752	90
5753	106
5754	90
5755	110
5756	86
5757	79
5758	58
5759	84
5760	76
5761	100
5762	100
5763	92
5764	95
5765	79
5766	80
5767	84
5768	95
5769	104
5770	73
5771	86
5772	84
5773	85
5774	97
5775	64
5776	76
5777	95
5778	87
5779	73
5780	83
5781	82
5782	90
5783	104
5784	64
5785	88
5786	69
5787	101
5788	98
5789	90
5790	79
5791	93
5792	82
5793	90
5794	102
5795	92
5796	87
5797	68
5798	61
5799	71
5800	84
5801	97
5802	78
5803	99
5804	89
5805	83
5806	83
5807	117
5808	85
5809	65
5810	74
5811	77
5812	79
5813	87
5814	66
5815	87
5816	89
5817	89
5818	55
5819	94
5820	111
5821	88
5822	103
5823	106
5824	93
5825	84
5826	96
5827	74
5828	102
5829	85
5830	101
5831	92
5832	82
5833	128
5834	88
5835	75
5836	75
5837	95
5838	95
5839	96
5840	79
5841	76
5842	101
5843	85
5844	83
5845	101
5846	69
5847	74
5848	96
5849	83
5850	110
5851	95
5852	97
5853	89
5854	94
5855	93
5856	104
5857	115
5858	92
5859	79
5860	86
5861	68
5862	68
5863	59
5864	83
5865	66
5866	89
5867	92
5868	94
5869	87
5870	89
5871	95
5872	74
5873	73
5874	95
5875	91
5876	111
5877	90
5878	74
5879	96
5880	93
5881	86
5882	107
5883	83
5884	82
5885	87
5886	66
5887	114
5888	68
5889	101
5890	102
5891	94
5892	72
5893	72
5894	81
5895	97
5896	84
5897	88
5898	91
5899	98
5900	86
5901	98
5902	85
5903	105
5904	123
5905	120
5906	102
5907	81
5908	93
5909	90
5910	82
5911	109
5912	75
5913	79
5914	68
5915	89
5916	100
5917	83
5918	126
5919	104
5920	76
5921	72
5922	99
5923	83
5924	75
5925	70
5926	88
5927	94
5928	85
5929	106
5930	102
5931	103
5932	101
5933	84
5934	101
5935	94
5936	79
5937	89
5938	110
5939	95
5940	77
5941	79
5942	68
5943	89
5944	93
5945	111
5946	79
5947	103
5948	101
5949	72
5950	79
5951	88
5952	82
5953	95
5954	114
5955	89
5956	86
5957	94
5958	104
5959	76
5960	69
5961	73
5962	122
5963	89
5964	87
5965	104
5966	89
5967	89
5968	109
5969	79
5970	83
5971	59
5972	100
5973	84
5974	105
5975	102
5976	103
5977	99
5978	80
5979	93
5980	99
5981	92
5982	92
5983	73
5984	90
5985	89
5986	108
5987	74
5988	115
5989	93
5990	64
5991	90
5992	94
5993	90
5994	86
5995	75
5996	97
5997	85
5998	81
5999	97
6000	97
6001	82
6002	98
6003	71
6004	87
6005	114
6006	110
6007	88
6008	95
6009	90
6010	96
6011	83
6012	73
6013	89
6014	117
6015	82
6016	83
6017	97
6018	63
6019	94
6020	57
6021	110
6022	96
6023	82
6024	86
6025	76
6026	103
6027	111
6028	86
6029	99
6030	102
6031	85
6032	91
6033	88
6034	64
6035	88
6036	94
6037	90
6038	95
6039	94
6040	107
6041	94
6042	100
6043	131
6044	89
6045	86
6046	85
6047	74
6048	88
6049	89
6050	88
6051	66
6052	84
6053	84
6054	78
6055	93
6056	76
6057	71
6058	62
6059	90
6060	95
6061	85
6062	88
6063	83
6064	97
6065	101
6066	103
6067	111
6068	98
6069	96
6070	98
6071	117
6072	104
6073	84
6074	76
6075	98
6076	105
6077	88
6078	87
6079	70
6080	58
6081	78
6082	88
6083	72
6084	92
6085	56
6086	89
6087	90
6088	87
6089	63
6090	103
6091	88
6092	112
6093	92
6094	85
6095	81
6096	74
6097	85
6098	78
6099	104
6100	74
6101	78
6102	105
6103	98
6104	85
6105	74
6106	90
6107	78
6108	70
6109	107
6110	100
6111	101
6112	104
6113	108
6114	84
6115	83
6116	113
6117	87
6118	85
6119	90
6120	69
6121	76
6122	78
6123	80
6124	95
6125	80
6126	96
6127	97
6128	90
6129	84
6130	90
6131	86
6132	86
6133	107
6134	94
6135	90
6136	92
6137	81
6138	69
6139	76
6140	72
6141	107
6142	78
6143	92
6144	91
6145	88
6146	83
6147	76
6148	98
6149	87
6150	88
6151	60
6152	78
6153	80
6154	82
6155	91
6156	89
6157	73
6158	84
6159	109
6160	98
6161	81
6162	98
6163	75
6164	81
6165	83
6166	64
6167	86
6168	77
6169	89
6170	62
6171	75
6172	66
6173	69
6174	65
6175	96
6176	75
6177	91
6178	100
6179	67
6180	82
6181	70
6182	77
6183	72
6184	92
6185	83
6186	63
6187	64
6188	83
6189	63
6190	78
6191	87
6192	105
6193	132
6194	113
6195	67
6196	77
6197	79
6198	72
6199	85
6200	67
6201	73
6202	72
6203	78
6204	86
6205	59
6206	60
6207	58
6208	73
6209	76
6210	67
6211	52
6212	50
6213	61
6214	62
6215	61
6216	72
6217	104
6218	68
6219	76
6220	79
6221	86
6222	78
6223	82
6224	75
6225	93
6226	69
6227	50
6228	49
6229	62
6230	61
6231	49
6232	58
6233	86
6234	81
6235	80
6236	75
6237	64
6238	63
6239	65
6240	60
6241	94
6242	90
6243	91
6244	90
6245	63
6246	85
6247	86
6248	98
6249	75
6250	100
6251	95
6252	76
6253	89
6254	92
6255	95
6256	83
6257	77
6258	68
6259	67
6260	82
6261	108
6262	88
6263	79
6264	107
6265	115
6266	101
6267	101
6268	96
6269	93
6270	89
6271	100
6272	82
6273	70
6274	91
6275	110
6276	72
6277	98
6278	103
6279	54
6280	104
6281	101
6282	84
6283	101
6284	79
6285	102
6286	98
6287	107
6288	101
6289	116
6290	82
6291	95
6292	83
6293	69
6294	101
6295	85
6296	59
6297	63
6298	82
6299	125
6300	96
6301	86
6302	88
6303	59
6304	111
6305	106
6306	90
6307	86
6308	100
6309	78
6310	82
6311	89
6312	103
6313	55
6314	86
6315	85
6316	72
6317	99
6318	79
6319	84
6320	85
6321	84
6322	62
6323	81
6324	67
6325	78
6326	71
6327	76
6328	81
6329	95
6330	75
6331	113
6332	86
6333	93
6334	92
6335	115
6336	95
6337	92
6338	75
6339	73
6340	66
6341	91
6342	89
6343	80
6344	103
6345	86
6346	83
6347	73
6348	73
6349	69
6350	60
6351	55
6352	75
6353	73
6354	73
6355	81
6356	86
6357	91
6358	87
6359	86
6360	99
6361	63
6362	77
6363	80
6364	78
6365	67
6366	70
6367	73
6368	90
6369	81
6370	75
6371	61
6372	79
6373	59
6374	71
6375	82
6376	75
6377	56
6378	51
6379	74
6380	76
6381	62
6382	83
6383	111
6384	92
6385	74
6386	46
6387	65
6388	82
6389	63
6390	66
6391	66
6392	67
6393	67
6394	68
6395	78
6396	61
6397	41
6398	64
6399	64
6400	77
6401	48
6402	58
6403	75
6404	61
6405	69
6406	69
6407	94
6408	63
6409	65
6410	72
6411	92
6412	71
6413	100
6414	85
6415	62
6416	77
6417	77
6418	79
6419	80
6420	67
6421	53
6422	65
6423	72
6424	76
6425	80
6426	62
6427	50
6428	53
6429	75
6430	64
6431	74
6432	69
6433	85
6434	71
6435	62
6436	51
6437	64
6438	85
6439	67
6440	91
6441	60
6442	65
6443	66
6444	50
6445	98
6446	76
6447	97
6448	58
6449	61
6450	79
6451	70
6452	45
6453	74
6454	82
6455	79
6456	55
6457	70
6458	94
6459	68
6460	90
6461	96
6462	82
6463	76
6464	69
6465	89
6466	73
6467	57
6468	64
6469	87
6470	94
6471	107
6472	68
6473	89
6474	76
6475	108
6476	94
6477	90
6478	94
6479	80
6480	57
6481	63
6482	61
6483	65
6484	44
6485	63
6486	68
6487	67
6488	85
6489	68
6490	71
6491	60
6492	73
6493	76
6494	92
6495	65
6496	40
6497	69
6498	78
6499	82
6500	77
6501	83
6502	89
6503	77
6504	90
6505	72
6506	109
6507	83
6508	89
6509	80
6510	66
6511	66
6512	79
6513	82
6514	93
6515	91
6516	59
6517	77
6518	116
6519	95
6520	103
6521	97
6522	96
6523	91
6524	75
6525	60
6526	85
6527	59
6528	61
6529	68
6530	89
6531	82
6532	86
6533	79
6534	75
6535	80
6536	72
6537	69
6538	82
6539	79
6540	77
6541	64
6542	88
6543	82
6544	79
6545	104
6546	94
6547	68
6548	95
6549	92
6550	82
6551	79
6552	56
6553	62
6554	64
6555	92
6556	84
6557	79
6558	86
6559	106
6560	94
6561	79
6562	68
6563	90
6564	87
6565	81
6566	99
6567	103
6568	79
6569	55
6570	94
6571	81
6572	84
6573	92
6574	84
6575	95
6576	69
6577	80
6578	83
6579	59
6580	82
6581	99
6582	70
6583	62
6584	69
6585	71
6586	78
6587	65
6588	73
6589	71
6590	75
6591	71
6592	93
6593	80
6594	88
6595	76
6596	74
6597	67
6598	84
6599	80
6600	61
6601	74
6602	73
6603	78
6604	55
6605	59
6606	82
6607	84
6608	84
6609	67
6610	66
6611	90
6612	57
6613	78
6614	72
6615	66
6616	56
6617	71
6618	58
6619	79
6620	75
6621	112
6622	81
6623	84
6624	79
6625	75
6626	80
6627	56
6628	80
6629	64
6630	93
6631	52
6632	62
6633	68
6634	74
6635	48
6636	69
6637	62
6638	65
6639	62
6640	52
6641	52
6642	52
6643	53
6644	70
6645	74
6646	73
6647	69
6648	69
6649	70
6650	64
6651	77
6652	76
6653	82
6654	61
6655	53
6656	67
6657	76
6658	66
6659	59
6660	44
6661	59
6662	40
6663	62
6664	72
6665	80
6666	57
6667	77
6668	61
6669	62
6670	62
6671	86
6672	68
6673	63
6674	53
6675	75
6676	69
6677	66
6678	77
6679	63
6680	72
6681	55
6682	50
6683	65
6684	66
6685	73
6686	72
6687	82
6688	73
6689	87
6690	62
6691	67
6692	75
6693	100
6694	85
6695	74
6696	73
6697	89
6698	93
6699	101
6700	73
6701	67
6702	74
6703	93
6704	69
6705	59
6706	58
6707	74
6708	71
6709	54
6710	75
6711	76
6712	70
6713	57
6714	55
6715	73
6716	69
6717	82
6718	82
6719	73
6720	72
6721	82
6722	50
6723	55
6724	78
6725	56
6726	83
6727	63
6728	81
6729	80
6730	68
6731	59
6732	60
6733	68
6734	75
6735	96
6736	70
6737	84
6738	64
6739	80
6740	80
6741	53
6742	71
6743	75
6744	85
6745	66
6746	79
6747	90
6748	50
6749	80
6750	71
6751	64
6752	55
6753	67
6754	91
6755	72
6756	64
6757	66
6758	90
6759	74
6760	75
6761	87
6762	97
6763	73
6764	70
6765	58
6766	60
6767	68
6768	57
6769	70
6770	87
6771	90
6772	84
6773	113
6774	73
6775	84
6776	89
6777	86
6778	88
6779	84
6780	79
6781	80
6782	91
6783	97
6784	75
6785	97
6786	108
6787	71
6788	74
6789	65
6790	89
6791	91
6792	80
6793	47
6794	73
6795	77
6796	85
6797	85
6798	88
6799	69
6800	76
6801	81
6802	96
6803	94
6804	79
6805	89
6806	92
6807	101
6808	81
6809	66
6810	94
6811	94
6812	61
6813	84
6814	74
6815	58
6816	78
6817	111
6818	79
6819	95
6820	101
6821	90
6822	66
6823	82
6824	93
6825	62
6826	91
6827	88
6828	57
6829	76
6830	95
6831	67
6832	77
6833	77
6834	73
6835	76
6836	72
6837	59
6838	56
6839	54
6840	91
6841	92
6842	66
6843	86
6844	72
6845	83
6846	90
6847	63
6848	68
6849	74
6850	64
6851	77
6852	90
6853	64
6854	55
6855	62
6856	66
6857	58
6858	77
6859	86
6860	78
6861	80
6862	74
6863	84
6864	105
6865	81
6866	73
6867	78
6868	77
6869	73
6870	56
6871	58
6872	80
6873	66
6874	75
6875	73
6876	92
6877	80
6878	69
6879	58
6880	55
6881	76
6882	66
6883	78
6884	80
6885	60
6886	94
6887	82
6888	82
6889	87
6890	101
6891	85
6892	92
6893	95
6894	79
6895	52
6896	90
6897	108
6898	59
6899	98
6900	79
6901	70
6902	67
6903	96
6904	90
6905	75
6906	80
6907	50
6908	67
6909	90
6910	87
6911	92
6912	77
6913	82
6914	93
6915	84
6916	95
6917	89
6918	97
6919	75
6920	63
6921	75
6922	69
6923	63
6924	65
6925	61
6926	67
6927	54
6928	51
6929	79
6930	65
6931	78
6932	74
6933	63
6934	86
6935	63
6936	73
6937	60
6938	90
6939	68
6940	72
6941	80
6942	59
6943	90
6944	52
6945	82
6946	69
6947	76
6948	79
6949	76
6950	82
6951	92
6952	55
6953	90
6954	84
6955	84
6956	74
6957	74
6958	81
6959	75
6960	103
6961	85
6962	95
6963	74
6964	84
6965	68
6966	99
6967	85
6968	96
6969	86
6970	77
6971	94
6972	79
6973	88
6974	83
6975	59
6976	66
6977	57
6978	57
6979	63
6980	89
6981	91
6982	93
6983	116
6984	108
6985	101
6986	93
6987	91
6988	92
6989	79
6990	56
6991	81
6992	76
6993	98
6994	76
6995	62
6996	81
6997	61
6998	83
6999	86
7000	69
7001	79
7002	108
7003	87
7004	121
7005	70
7006	77
7007	46
7008	61
7009	83
7010	62
7011	64
7012	91
7013	70
7014	63
7015	69
7016	63
7017	59
7018	52
7019	86
7020	72
7021	78
7022	86
7023	66
7024	59
7025	82
7026	64
7027	55
7028	74
7029	70
7030	63
7031	78
7032	96
7033	76
7034	74
7035	88
7036	95
7037	67
7038	83
7039	76
7040	69
7041	74
7042	83
7043	83
7044	76
7045	56
7046	62
7047	67
7048	93
7049	78
7050	91
7051	90
7052	79
7053	68
7054	78
7055	95
7056	86
7057	80
7058	76
7059	86
7060	68
7061	90
7062	82
7063	70
7064	88
7065	102
7066	81
7067	65
7068	71
7069	63
7070	69
7071	60
7072	54
7073	90
7074	97
7075	88
7076	48
7077	76
7078	64
7079	89
7080	77
7081	68
7082	91
7083	56
7084	64
7085	69
7086	73
7087	66
7088	55
7089	72
7090	57
7091	61
7092	58
7093	76
7094	73
7095	91
7096	68
7097	84
7098	84
7099	51
7100	71
7101	94
7102	60
7103	76
7104	83
7105	101
7106	66
7107	61
7108	58
7109	72
7110	63
7111	65
7112	58
7113	56
7114	55
7115	58
7116	42
7117	49
7118	62
7119	58
7120	81
7121	49
7122	62
7123	101
7124	66
7125	49
7126	79
7127	82
7128	73
7129	56
7130	89
7131	49
7132	78
7133	84
7134	58
7135	56
7136	69
7137	73
7138	77
7139	80
7140	86
7141	71
7142	73
7143	74
7144	106
7145	48
7146	47
7147	54
7148	56
7149	58
7150	64
7151	76
7152	82
7153	66
7154	103
7155	69
7156	76
7157	82
7158	58
7159	53
7160	91
7161	56
7162	47
7163	97
7164	70
7165	82
7166	93
7167	84
7168	63
7169	66
7170	82
7171	46
7172	61
7173	80
7174	50
7175	82
7176	86
7177	67
7178	74
7179	67
7180	78
7181	79
7182	70
7183	69
7184	80
7185	60
7186	86
7187	82
7188	78
7189	52
7190	83
7191	79
7192	59
7193	64
7194	73
7195	72
7196	61
7197	70
7198	69
7199	76
7200	39
7201	63
7202	78
7203	87
7204	79
7205	67
7206	60
7207	55
7208	69
7209	71
7210	69
7211	82
7212	73
7213	56
7214	66
7215	89
7216	78
7217	63
7218	76
7219	113
7220	96
7221	75
7222	89
7223	77
7224	77
7225	113
7226	83
7227	78
7228	77
7229	81
7230	75
7231	66
7232	66
7233	78
7234	72
7235	70
7236	92
7237	82
7238	70
7239	71
7240	71
7241	80
7242	89
7243	77
7244	74
7245	62
7246	69
7247	71
7248	110
7249	119
7250	91
7251	66
7252	82
7253	93
7254	63
7255	80
7256	66
7257	63
7258	88
7259	88
7260	84
7261	69
7262	67
7263	79
7264	69
7265	84
7266	72
7267	99
7268	125
7269	77
7270	103
7271	83
7272	64
7273	90
7274	75
7275	73
7276	70
7277	89
7278	112
7279	81
7280	78
7281	77
7282	86
7283	88
7284	96
7285	82
7286	74
7287	100
7288	82
7289	99
7290	84
7291	77
7292	61
7293	89
7294	91
7295	89
7296	53
7297	92
7298	65
7299	79
7300	89
7301	90
7302	90
7303	49
7304	77
7305	91
7306	102
7307	77
7308	82
7309	78
7310	66
7311	72
7312	51
7313	56
7314	78
7315	84
7316	73
7317	48
7318	76
7319	75
7320	79
7321	61
7322	90
7323	76
7324	66
7325	50
7326	79
7327	68
7328	80
7329	64
7330	76
7331	80
7332	89
7333	80
7334	85
7335	67
7336	79
7337	80
7338	83
7339	70
7340	69
7341	65
7342	94
7343	68
7344	75
7345	55
7346	89
7347	71
7348	82
7349	65
7350	94
7351	83
7352	87
7353	59
7354	79
7355	54
7356	84
7357	72
7358	70
7359	70
7360	54
7361	74
7362	74
7363	65
7364	96
7365	83
7366	52
7367	61
7368	69
7369	75
7370	64
7371	63
7372	58
7373	81
7374	47
7375	55
7376	59
7377	80
7378	56
7379	49
7380	58
7381	66
7382	61
7383	66
7384	58
7385	72
7386	58
7387	67
7388	60
7389	51
7390	70
7391	49
7392	50
7393	44
7394	72
7395	54
7396	73
7397	42
7398	60
7399	53
7400	64
7401	71
7402	68
7403	59
7404	60
7405	46
7406	55
7407	52
7408	52
7409	63
7410	65
7411	55
7412	63
7413	61
7414	62
7415	66
7416	58
7417	54
7418	66
7419	53
7420	42
7421	43
7422	61
7423	56
7424	56
7425	51
7426	74
7427	72
7428	66
7429	61
7430	59
7431	62
7432	49
7433	71
7434	53
7435	55
7436	80
7437	68
7438	82
7439	86
7440	55
7441	95
7442	97
7443	84
7444	70
7445	76
7446	53
7447	55
7448	84
7449	65
7450	52
7451	52
7452	71
7453	73
7454	66
7455	54
7456	62
7457	64
7458	75
7459	77
7460	57
7461	62
7462	59
7463	65
7464	65
7465	48
7466	61
7467	50
7468	69
7469	85
7470	61
7471	80
7472	89
7473	74
7474	57
7475	78
7476	67
7477	64
7478	53
7479	57
7480	63
7481	37
7482	51
7483	54
7484	52
7485	49
7486	49
7487	55
7488	53
7489	54
7490	57
7491	64
7492	54
7493	64
7494	67
7495	61
7496	81
7497	54
7498	59
7499	54
7500	65
7501	56
7502	62
7503	50
7504	57
7505	33
7506	47
7507	45
7508	57
7509	65
7510	65
7511	43
7512	44
7513	42
7514	57
7515	61
7516	62
7517	59
7518	61
7519	63
7520	53
7521	64
7522	66
7523	67
7524	69
7525	60
7526	53
7527	55
7528	59
7529	60
7530	63
7531	63
7532	73
7533	43
7534	45
7535	55
7536	80
7537	62
7538	73
7539	54
7540	58
7541	71
7542	74
7543	51
7544	57
7545	39
7546	52
7547	58
7548	51
7549	65
7550	58
7551	54
7552	32
7553	43
7554	40
7555	58
7556	42
7557	40
7558	56
7559	40
7560	45
7561	44
7562	41
7563	51
7564	66
7565	47
7566	43
7567	47
7568	52
7569	68
7570	52
7571	81
7572	44
7573	57
7574	74
7575	76
7576	75
7577	57
7578	61
7579	65
7580	54
7581	68
7582	73
7583	51
7584	28
7585	37
7586	64
7587	69
7588	66
7589	72
7590	42
7591	33
7592	50
7593	41
7594	79
7595	54
7596	60
7597	50
7598	69
7599	58
7600	51
7601	75
7602	69
7603	36
7604	51
7605	48
7606	69
7607	78
7608	82
7609	49
7610	65
7611	48
7612	52
7613	35
7614	58
7615	58
7616	72
7617	62
7618	75
7619	67
7620	66
7621	50
7622	58
7623	57
7624	37
7625	62
7626	58
7627	71
7628	81
7629	63
7630	63
7631	51
7632	43
7633	88
7634	60
7635	67
7636	63
7637	59
7638	34
7639	36
7640	47
7641	51
7642	42
7643	55
7644	52
7645	74
7646	36
7647	50
7648	47
7649	56
7650	65
7651	65
7652	53
7653	61
7654	64
7655	60
7656	65
7657	60
7658	56
7659	40
7660	67
7661	44
7662	66
7663	74
7664	63
7665	50
7666	61
7667	81
7668	40
7669	48
7670	61
7671	55
7672	48
7673	70
7674	76
7675	56
7676	54
7677	53
7678	75
7679	55
7680	57
7681	55
7682	57
7683	58
7684	78
7685	46
7686	56
7687	28
7688	50
7689	55
7690	67
7691	43
7692	49
7693	43
7694	61
7695	49
7696	54
7697	55
7698	54
7699	72
7700	53
7701	58
7702	47
7703	54
7704	50
7705	50
7706	74
7707	60
7708	49
7709	51
7710	58
7711	29
7712	63
7713	44
7714	65
7715	53
7716	67
7717	53
7718	39
7719	50
7720	57
7721	48
7722	49
7723	38
7724	53
7725	51
7726	74
7727	45
7728	52
7729	46
7730	59
7731	43
7732	43
7733	59
7734	75
7735	71
7736	69
7737	61
7738	59
7739	53
7740	43
7741	46
7742	45
7743	47
7744	53
7745	51
7746	55
7747	69
7748	63
7749	48
7750	65
7751	56
7752	58
7753	57
7754	46
7755	41
7756	55
7757	56
7758	62
7759	41
7760	70
7761	50
7762	36
7763	59
7764	70
7765	52
7766	44
7767	75
7768	60
7769	48
7770	43
7771	36
7772	40
7773	48
7774	49
7775	41
7776	65
7777	53
7778	48
7779	58
7780	47
7781	45
7782	31
7783	32
7784	50
7785	55
7786	63
7787	61
7788	48
7789	71
7790	29
7791	51
7792	51
7793	39
7794	55
7795	66
7796	40
7797	64
7798	55
7799	56
7800	68
7801	49
7802	70
7803	48
7804	45
7805	65
7806	64
7807	84
7808	40
7809	52
7810	27
7811	61
7812	94
7813	82
7814	67
7815	55
7816	54
7817	53
7818	59
7819	56
7820	46
7821	38
7822	70
7823	46
7824	35
7825	53
7826	35
7827	75
7828	48
7829	38
7830	66
7831	46
7832	62
7833	69
7834	53
7835	60
7836	36
7837	55
7838	53
7839	45
7840	49
7841	55
7842	39
7843	66
7844	39
7845	51
7846	51
7847	53
7848	54
7849	42
7850	49
7851	44
7852	43
7853	57
7854	44
7855	51
7856	49
7857	50
7858	28
7859	50
7860	64
7861	78
7862	57
7863	66
7864	59
7865	44
7866	37
7867	61
7868	53
7869	47
7870	72
7871	56
7872	46
7873	65
7874	35
7875	50
7876	49
7877	46
7878	61
7879	52
7880	62
7881	68
7882	72
7883	86
7884	119
7885	145
7886	103
7887	97
7888	66
7889	45
7890	47
7891	62
7892	60
7893	69
7894	76
7895	68
7896	54
7897	57
7898	66
7899	54
7900	80
7901	61
7902	70
7903	57
7904	47
7905	56
7906	61
7907	55
7908	46
7909	50
7910	47
7911	53
7912	75
7913	61
7914	84
7915	58
7916	76
7917	65
7918	60
7919	78
7920	47
7921	46
7922	39
7923	53
7924	61
7925	62
7926	48
7927	106
7928	45
7929	50
7930	64
7931	80
7932	61
7933	68
7934	73
7935	54
7936	78
7937	66
7938	87
7939	81
7940	69
7941	66
7942	49
7943	66
7944	72
7945	62
7946	58
7947	50
7948	51
7949	65
7950	67
7951	36
7952	51
7953	39
7954	74
7955	79
7956	80
7957	48
7958	76
7959	58
7960	66
7961	47
7962	62
7963	61
7964	56
7965	47
7966	59
7967	51
7968	67
7969	42
7970	57
7971	47
7972	53
7973	64
7974	66
7975	61
7976	46
7977	55
7978	31
7979	58
7980	38
7981	52
7982	50
7983	37
7984	32
7985	72
7986	46
7987	48
7988	60
7989	44
7990	33
7991	54
7992	35
7993	32
7994	46
7995	51
7996	66
7997	53
7998	63
7999	74
8000	497272
