16	1
17	1
18	1
22	2
23	2
25	2
26	2
27	3
28	2
29	7
30	3
31	2
32	3
33	7
34	6
35	11
36	7
37	6
38	4
39	10
40	10
41	17
42	23
43	22
44	13
45	18
46	16
47	26
48	17
49	34
50	37
51	25
52	24
53	19
54	21
55	25
56	30
57	25
58	46
59	28
60	26
61	31
62	36
63	30
64	38
65	48
66	55
67	51
68	50
69	48
70	47
71	52
72	59
73	52
74	71
75	75
76	64
77	72
78	87
79	84
80	109
81	95
82	98
83	127
84	119
85	126
86	156
87	142
88	129
89	163
90	162
91	177
92	165
93	197
94	212
95	229
96	220
97	237
98	252
99	239
100	273
101	317
102	328
103	327
104	311
105	381
106	375
107	390
108	378
109	496
110	479
111	489
112	479
113	501
114	512
115	542
116	592
117	565
118	608
119	649
120	643
121	658
122	711
123	683
124	688
125	671
126	731
127	764
128	741
129	785
130	871
131	841
132	822
133	931
134	917
135	920
136	935
137	988
138	1038
139	1087
140	1148
141	1337
142	1561
143	1875
144	2549
145	3402
146	5081
147	13193
148	13859
149	23079
150	29354
