16	1
17	1
18	1
22	2
23	2
25	2
26	2
27	3
28	2
29	7
30	3
31	2
32	3
33	7
34	6
35	11
36	7
37	6
38	4
39	10
40	10
41	17
42	25
43	24
44	15
45	18
46	19
47	31
48	20
49	38
50	44
51	31
52	26
53	19
54	22
55	29
56	34
57	30
58	55
59	30
60	30
61	34
62	38
63	32
64	41
65	52
66	56
67	55
68	54
69	55
70	51
71	56
72	68
73	64
74	81
75	87
76	72
77	86
78	97
79	91
80	125
81	115
82	110
83	158
84	150
85	154
86	182
87	173
88	155
89	200
90	201
91	211
92	208
93	241
94	275
95	289
96	282
97	296
98	313
99	317
100	365
101	443
102	457
103	473
104	438
105	510
106	508
107	544
108	558
109	749
110	724
111	752
112	724
113	746
114	787
115	867
116	964
117	904
118	942
119	1016
120	983
121	986
122	1148
123	1076
124	1082
125	1108
126	1160
127	1267
128	1265
129	1226
130	1346
131	1394
132	1341
133	1472
134	1495
135	1506
136	1581
137	1607
138	1767
139	1933
140	2023
141	2380
142	2794
143	3598
144	5383
145	7318
146	12202
147	30625
148	33980
149	94319
150	100389
