18	2
19	2
20	1
21	4
24	1
26	1
27	2
28	4
29	9
30	10
31	10
32	12
33	12
34	9
35	6
36	14
37	12
38	15
39	16
40	10
41	27
42	29
43	38
44	41
45	47
46	39
47	61
48	40
49	59
50	44
51	55
52	44
53	53
54	67
55	70
56	70
57	70
58	68
59	74
60	93
61	100
62	95
63	91
64	92
65	116
66	80
67	109
68	111
69	119
70	107
71	130
72	159
73	164
74	161
75	195
76	158
77	158
78	163
79	211
80	230
81	200
82	220
83	228
84	241
85	249
86	283
87	290
88	332
89	324
90	370
91	318
92	324
93	401
94	399
95	411
96	443
97	464
98	510
99	511
100	511
101	571
102	595
103	649
104	663
105	694
106	731
107	711
108	753
109	795
110	913
111	913
112	897
113	996
114	1053
115	1021
116	1098
117	1151
118	1121
119	1257
120	1351
121	1284
122	1321
123	1328
124	1335
125	1315
126	1450
127	1411
128	1536
129	1553
130	1566
131	1583
132	1590
133	1665
134	1703
135	1842
136	1848
137	2018
138	2032
139	2183
140	2373
141	2658
142	3270
143	4276
144	5757
145	8984
146	11989
147	23897
148	51705
149	42386
150	70887
