18	2
19	2
20	1
21	4
24	1
26	1
27	2
28	4
29	9
30	12
31	10
32	14
33	12
34	9
35	6
36	14
37	12
38	16
39	16
40	12
41	28
42	34
43	43
44	44
45	56
46	60
47	86
48	46
49	64
50	50
51	62
52	46
53	54
54	72
55	76
56	76
57	77
58	78
59	82
60	102
61	104
62	103
63	96
64	103
65	122
66	85
67	115
68	120
69	130
70	113
71	138
72	162
73	176
74	176
75	213
76	169
77	172
78	193
79	237
80	255
81	217
82	251
83	256
84	273
85	280
86	334
87	344
88	358
89	380
90	410
91	371
92	377
93	468
94	450
95	467
96	506
97	540
98	597
99	597
100	616
101	706
102	750
103	773
104	828
105	847
106	864
107	869
108	895
109	953
110	1112
111	1138
112	1115
113	1219
114	1306
115	1253
116	1399
117	1443
118	1427
119	1583
120	1742
121	1635
122	1694
123	1755
124	1751
125	1775
126	1934
127	1902
128	2027
129	1992
130	2043
131	2124
132	2062
133	2169
134	2202
135	2438
136	2398
137	2656
138	2728
139	2988
140	3294
141	3710
142	4574
143	6088
144	8760
145	14914
146	18715
147	37104
148	115383
149	74073
150	139593
