0	0
1	0
2	0
3	0
4	0
5	0
6	0
7	0
8	0
9	0
10	0
11	0
12	0
13	0
14	2
15	0
16	0
17	0
18	0
19	0
20	0
21	0
22	0
23	0
24	1
25	1
26	1
27	4
28	0
29	3
30	1
31	5
32	1
33	3
34	3
35	7
36	7
37	4
38	4
39	3
40	5
41	7
42	4
43	2
44	5
45	5
46	4
47	9
48	12
49	5
50	7
51	15
52	12
53	13
54	9
55	11
56	18
57	10
58	11
59	16
60	4
61	17
62	14
63	9
64	11
65	13
66	25
67	13
68	12
69	18
70	15
71	30
72	21
73	31
74	22
75	18
76	24
77	23
78	19
79	27
80	25
81	34
82	28
83	38
84	38
85	23
86	45
87	37
88	46
89	36
90	54
91	60
92	34
93	58
94	36
95	82
96	59
97	52
98	65
99	53
100	93
101	85
102	78
103	89
104	96
105	100
106	121
107	83
108	74
109	85
110	104
111	98
112	81
113	97
114	92
115	99
116	131
117	109
118	91
119	127
120	92
121	122
122	136
123	136
124	98
125	125
126	97
127	156
128	133
129	138
130	118
131	134
132	114
133	165
134	161
135	122
136	123
137	169
138	154
139	181
140	132
141	144
142	170
143	175
144	159
145	128
146	131
147	124
148	136
149	119
150	118
151	128
152	108
153	98
154	130
155	122
156	115
157	116
158	140
159	152
160	91
161	112
162	81
163	96
164	112
165	104
166	102
167	141
168	102
169	149
170	145
171	139
172	149
173	134
174	126
175	138
176	130
177	152
178	130
179	138
180	124
181	110
182	126
183	135
184	140
185	129
186	143
187	170
188	124
189	141
190	160
191	127
192	170
193	134
194	150
195	157
196	148
197	147
198	125
199	152
200	114
201	139
202	159
203	119
204	130
205	104
206	129
207	138
208	134
209	112
210	130
211	116
212	158
213	109
214	130
215	129
216	106
217	118
218	103
219	93
220	100
221	110
222	120
223	108
224	107
225	118
226	106
227	140
228	123
229	105
230	133
231	157
232	156
233	122
234	119
235	109
236	109
237	114
238	125
239	141
240	120
241	135
242	149
243	131
244	137
245	151
246	112
247	108
248	143
249	88
250	156
251	145
252	128
253	155
254	131
255	117
256	164
257	157
258	127
259	106
260	98
261	135
262	146
263	167
264	114
265	140
266	147
267	148
268	135
269	128
270	130
271	123
272	93
273	123
274	135
275	121
276	113
277	114
278	161
279	93
280	112
281	133
282	152
283	160
284	130
285	103
286	153
287	123
288	146
289	124
290	136
291	134
292	115
293	121
294	165
295	158
296	151
297	158
298	140
299	141
300	161
301	121
302	115
303	115
304	130
305	148
306	133
307	137
308	139
309	135
310	142
311	167
312	135
313	154
314	134
315	114
316	124
317	132
318	133
319	126
320	139
321	102
322	118
323	143
324	111
325	124
326	133
327	133
328	134
329	130
330	110
331	138
332	114
333	117
334	126
335	103
336	125
337	131
338	77
339	121
340	110
341	111
342	104
343	69
344	96
345	113
346	139
347	155
348	129
349	87
350	107
351	120
352	137
353	95
354	95
355	106
356	97
357	122
358	121
359	110
360	118
361	122
362	119
363	83
364	125
365	121
366	93
367	99
368	100
369	96
370	94
371	104
372	125
373	109
374	120
375	128
376	107
377	111
378	119
379	83
380	99
381	102
382	151
383	93
384	114
385	82
386	120
387	106
388	115
389	119
390	101
391	116
392	99
393	116
394	103
395	105
396	104
397	102
398	129
399	137
400	130
401	105
402	120
403	129
404	110
405	77
406	100
407	101
408	122
409	96
410	84
411	101
412	103
413	113
414	90
415	97
416	82
417	100
418	134
419	104
420	96
421	85
422	125
423	93
424	109
425	98
426	74
427	99
428	120
429	112
430	81
431	71
432	69
433	61
434	72
435	97
436	121
437	66
438	84
439	106
440	76
441	69
442	75
443	64
444	60
445	70
446	83
447	67
448	98
449	77
450	89
451	96
452	95
453	73
454	71
455	65
456	56
457	61
458	69
459	81
460	52
461	62
462	73
463	69
464	57
465	47
466	73
467	44
468	56
469	74
470	62
471	61
472	45
473	55
474	78
475	44
476	50
477	45
478	56
479	59
480	48
481	58
482	45
483	49
484	66
485	59
486	55
487	54
488	35
489	47
490	44
491	40
492	60
493	42
494	45
495	52
496	71
497	45
498	43
499	41
500	38
501	68
502	35
503	36
504	50
505	33
506	41
507	43
508	53
509	68
510	54
511	27
512	61
513	45
514	37
515	37
516	31
517	47
518	32
519	36
520	43
521	53
522	52
523	33
524	43
525	58
526	35
527	39
528	27
529	42
530	47
531	38
532	40
533	18
534	36
535	46
536	32
537	33
538	41
539	32
540	29
541	48
542	27
543	27
544	26
545	23
546	14
547	25
548	26
549	32
550	20
551	27
552	31
553	20
554	26
555	29
556	24
557	24
558	30
559	21
560	19
561	31
562	19
563	23
564	20
565	22
566	25
567	23
568	25
569	14
