0	0
1	0
2	0
3	0
4	0
5	0
6	0
7	0
8	0
9	0
10	0
11	0
12	0
13	0
14	2
15	0
16	0
17	0
18	0
19	0
20	0
21	0
22	0
23	0
24	1
25	1
26	1
27	4
28	0
29	3
30	1
31	5
32	1
33	3
34	3
35	7
36	8
37	5
38	4
39	3
40	5
41	8
42	4
43	2
44	5
45	5
46	4
47	10
48	12
49	5
50	7
51	18
52	14
53	14
54	11
55	17
56	23
57	17
58	12
59	17
60	4
61	19
62	16
63	11
64	11
65	15
66	29
67	16
68	19
69	22
70	16
71	40
72	30
73	35
74	25
75	21
76	33
77	24
78	22
79	35
80	34
81	48
82	34
83	45
84	45
85	26
86	69
87	49
88	60
89	54
90	75
91	75
92	53
93	68
94	47
95	125
96	82
97	70
98	97
99	83
100	126
101	184
102	98
103	132
104	142
105	217
106	177
107	131
108	148
109	140
110	200
111	173
112	124
113	164
114	146
115	214
116	250
117	193
118	146
119	254
120	176
121	267
122	269
123	294
124	198
125	249
126	180
127	297
128	305
129	246
130	220
131	273
132	280
133	380
134	309
135	309
136	273
137	451
138	335
139	353
140	397
141	398
142	425
143	398
144	488
145	364
146	345
147	413
148	305
149	313
150	509
151	402
152	330
153	302
154	405
155	466
156	402
157	326
158	503
159	498
160	386
161	359
162	273
163	408
164	374
165	408
166	345
167	482
168	365
169	512
170	538
171	441
172	637
173	649
174	395
175	547
176	524
177	600
178	600
179	576
180	636
181	481
182	499
183	668
184	620
185	533
186	560
187	778
188	659
189	656
190	817
191	667
192	719
193	546
194	937
195	838
196	687
197	736
198	664
199	681
200	583
201	627
202	709
203	555
204	552
205	573
206	758
207	798
208	645
209	625
210	700
211	442
212	862
213	533
214	521
215	696
216	544
217	699
218	515
219	477
220	516
221	600
222	554
223	634
224	441
225	551
226	490
227	711
228	556
229	495
230	551
231	715
232	821
233	656
234	814
235	583
236	602
237	565
238	925
239	601
240	692
241	544
242	764
243	804
244	807
245	697
246	669
247	424
248	784
249	372
250	836
251	689
252	426
253	637
254	713
255	537
256	785
257	828
258	620
259	417
260	481
261	930
262	862
263	987
264	625
265	613
266	564
267	782
268	613
269	432
270	581
271	547
272	356
273	717
274	540
275	459
276	479
277	492
278	874
279	374
280	574
281	684
282	553
283	947
284	674
285	455
286	701
287	617
288	739
289	456
290	836
291	546
292	483
293	474
294	737
295	755
296	591
297	805
298	690
299	503
300	616
301	532
302	728
303	425
304	573
305	749
306	492
307	621
308	623
309	639
310	567
311	690
312	538
313	689
314	507
315	479
316	578
317	665
318	508
319	509
320	441
321	256
322	393
323	830
324	549
325	536
326	485
327	502
328	662
329	517
330	397
331	573
332	439
333	493
334	378
335	349
336	580
337	607
338	165
339	444
340	396
341	519
342	603
343	143
344	297
345	278
346	731
347	700
348	442
349	339
350	282
351	278
352	559
353	385
354	518
355	291
356	215
357	451
358	525
359	448
360	401
361	360
362	397
363	341
364	463
365	382
366	278
367	367
368	361
369	406
370	223
371	341
372	448
373	273
374	536
375	347
376	369
377	370
378	335
379	133
380	295
381	271
382	601
383	348
384	325
385	272
386	419
387	362
388	427
389	371
390	263
391	379
392	298
393	369
394	310
395	361
396	340
397	343
398	435
399	411
400	429
401	359
402	374
403	501
404	319
405	221
406	232
407	321
408	308
409	244
410	150
411	353
412	347
413	337
414	194
415	307
416	253
417	369
418	560
419	338
420	326
421	244
422	415
423	290
424	399
425	213
426	223
427	337
428	370
429	426
430	267
431	188
432	142
433	124
434	170
435	211
436	388
437	138
438	139
439	335
440	192
441	147
442	175
443	132
444	165
445	180
446	197
447	146
448	261
449	205
450	248
451	341
452	250
453	204
454	154
455	186
456	93
457	171
458	195
459	235
460	123
461	113
462	152
463	195
464	103
465	127
466	175
467	79
468	96
469	192
470	161
471	155
472	99
473	194
474	223
475	130
476	108
477	66
478	128
479	136
480	86
481	152
482	77
483	139
484	160
485	121
486	162
487	208
488	140
489	123
490	132
491	81
492	161
493	85
494	59
495	131
496	162
497	90
498	98
499	94
500	65
501	174
502	106
503	69
504	130
505	58
506	74
507	70
508	123
509	151
510	150
511	61
512	148
513	88
514	117
515	76
516	39
517	101
518	72
519	62
520	82
521	121
522	133
523	98
524	84
525	130
526	65
527	86
528	49
529	82
530	77
531	55
532	89
533	33
534	155
535	97
536	68
537	96
538	108
539	55
540	57
541	138
542	62
543	47
544	52
545	71
546	22
547	49
548	32
549	43
550	24
551	53
552	122
553	32
