0	0
1	0
2	0
3	0
4	0
5	0
6	0
7	0
8	0
9	0
10	0
11	0
12	2
13	3
14	4
15	9
16	13
17	18
18	10
19	2
20	4
21	8
22	5
23	7
24	6
25	24
26	26
27	29
28	23
29	20
30	31
31	28
32	39
33	52
34	35
35	41
36	44
37	35
38	31
39	55
40	43
41	48
42	42
43	39
44	34
45	28
46	34
47	55
48	37
49	33
50	33
51	47
52	35
53	35
54	46
55	38
56	49
57	52
58	43
59	54
60	48
61	59
62	50
63	55
64	40
65	55
66	36
67	63
68	68
69	73
70	53
71	59
72	60
73	54
74	64
75	66
76	89
77	83
78	66
79	71
80	100
81	94
82	96
83	125
84	89
85	118
86	106
87	93
88	108
89	132
90	106
91	152
92	115
93	154
94	150
95	160
96	156
97	148
98	130
99	126
100	183
101	127
102	133
103	126
104	186
105	170
106	178
107	169
108	201
109	179
110	177
111	178
112	169
113	187
114	160
115	188
116	217
117	182
118	182
119	181
120	191
121	222
122	177
123	256
124	223
125	245
126	227
127	208
128	206
129	236
130	234
131	204
132	211
133	239
134	228
135	238
136	230
137	231
138	228
139	241
140	237
141	223
142	241
143	231
144	260
145	186
146	203
147	207
148	181
149	213
150	239
151	226
152	232
153	233
154	234
155	236
156	233
157	236
158	267
159	245
160	248
161	269
162	242
163	286
164	265
165	231
166	274
167	296
168	254
169	228
170	230
171	240
172	228
173	253
174	258
175	239
176	283
177	235
178	253
179	230
180	265
181	245
182	260
183	303
184	265
185	258
186	286
187	271
188	272
189	225
190	218
191	213
192	213
193	265
194	232
195	247
196	248
197	253
198	247
199	233
200	280
201	199
202	217
203	214
204	200
205	215
206	253
207	197
208	215
209	230
210	232
211	222
212	270
213	233
214	178
215	196
216	204
217	229
218	197
219	182
220	192
221	174
222	193
223	212
224	207
225	193
226	181
227	188
228	170
229	217
230	196
231	191
232	187
233	202
234	181
235	186
236	192
237	234
238	213
239	249
240	208
241	193
242	217
243	253
244	226
245	184
246	221
247	206
248	184
249	166
250	193
251	205
252	204
253	218
254	221
255	263
256	232
257	224
258	245
259	218
260	237
261	258
262	202
263	236
264	216
265	199
266	243
267	212
268	249
269	257
270	259
271	216
272	239
273	239
274	240
275	248
276	262
277	239
278	260
279	254
280	256
281	238
282	238
283	259
284	236
285	228
286	250
287	250
288	223
289	250
290	240
291	263
292	233
293	278
294	256
295	264
296	255
297	286
298	238
299	244
300	235
301	204
302	260
303	243
304	255
305	268
306	225
307	230
308	225
309	240
310	249
311	234
312	265
313	264
314	234
315	210
316	267
317	239
318	223
319	219
320	223
321	210
322	253
323	260
324	226
325	251
326	239
327	253
328	187
329	235
330	213
331	253
332	233
333	237
334	227
335	243
336	254
337	232
338	213
339	202
340	270
341	242
342	234
343	203
344	193
345	214
346	236
347	239
348	208
349	195
350	210
351	205
352	234
353	248
354	216
355	206
356	229
357	214
358	231
359	230
360	223
361	217
362	228
363	217
364	215
365	217
366	237
367	188
368	229
369	279
370	204
371	220
372	227
373	242
374	193
375	191
376	233
377	209
378	212
379	211
380	201
381	221
382	216
383	182
384	198
385	190
386	220
387	224
388	199
389	253
390	210
391	253
392	207
393	183
394	251
395	248
396	192
397	227
398	231
399	221
400	192
401	223
402	226
403	201
404	209
405	163
406	229
407	221
408	197
409	190
410	206
411	211
412	198
413	200
414	188
415	183
416	203
417	183
418	175
419	197
420	167
421	174
422	188
423	195
424	233
425	189
426	194
427	179
428	166
429	187
430	177
431	219
432	173
433	166
434	187
435	157
436	194
437	183
438	174
439	185
440	170
441	179
442	167
443	206
444	147
445	184
446	169
447	185
448	174
449	172
450	129
451	131
452	151
453	165
454	154
455	155
456	141
457	127
458	138
459	122
460	141
461	147
462	132
463	119
464	108
465	140
466	130
467	102
468	121
469	128
470	112
471	125
472	118
473	97
474	142
475	106
476	106
477	131
478	110
479	113
480	92
481	121
482	101
483	118
484	106
485	86
486	115
487	103
488	132
489	128
490	105
491	104
492	92
493	97
494	97
495	97
496	107
497	125
498	93
499	129
500	102
501	118
502	93
503	103
504	115
505	121
506	113
507	168
508	125
509	103
510	90
511	90
512	98
513	94
514	87
515	88
516	92
517	92
518	102
519	97
520	85
521	103
522	94
523	81
524	119
525	103
526	67
527	90
528	78
529	83
530	111
531	92
532	83
533	91
534	80
535	87
536	79
537	70
538	75
539	71
540	76
541	65
542	74
543	60
544	94
545	63
546	60
547	61
548	75
549	65
550	83
551	51
552	55
553	64
554	85
555	74
556	67
557	66
558	58
559	65
560	51
561	58
562	57
563	54
564	46
565	58
566	67
567	78
568	57
569	37
570	42
571	46
572	29
573	36
574	41
575	45
576	46
577	45
