0	0
1	0
2	0
3	0
4	0
5	0
6	0
7	0
8	0
9	0
10	0
11	0
12	2
13	3
14	4
15	9
16	15
17	24
18	12
19	2
20	4
21	10
22	6
23	7
24	6
25	36
26	31
27	36
28	23
29	20
30	32
31	29
32	41
33	59
34	43
35	47
36	51
37	38
38	32
39	61
40	46
41	51
42	47
43	65
44	61
45	32
46	40
47	182
48	41
49	43
50	57
51	55
52	42
53	37
54	49
55	43
56	56
57	59
58	48
59	57
60	51
61	67
62	55
63	58
64	44
65	65
66	36
67	69
68	71
69	85
70	57
71	63
72	65
73	58
74	69
75	70
76	94
77	87
78	74
79	73
80	114
81	108
82	108
83	141
84	109
85	136
86	124
87	108
88	121
89	147
90	122
91	176
92	123
93	178
94	171
95	181
96	185
97	181
98	163
99	142
100	210
101	146
102	159
103	145
104	208
105	210
106	212
107	212
108	252
109	259
110	207
111	242
112	221
113	234
114	205
115	236
116	262
117	232
118	226
119	237
120	257
121	287
122	246
123	325
124	312
125	313
126	281
127	272
128	305
129	341
130	319
131	278
132	279
133	333
134	323
135	377
136	331
137	333
138	322
139	346
140	356
141	340
142	375
143	346
144	385
145	305
146	319
147	334
148	309
149	337
150	375
151	348
152	393
153	406
154	397
155	394
156	391
157	399
158	451
159	435
160	414
161	461
162	389
163	487
164	492
165	432
166	510
167	488
168	494
169	393
170	427
171	413
172	456
173	486
174	463
175	434
176	541
177	457
178	485
179	440
180	498
181	491
182	470
183	567
184	512
185	563
186	553
187	607
188	523
189	486
190	428
191	462
192	479
193	475
194	463
195	472
196	510
197	448
198	464
199	435
200	570
201	407
202	407
203	440
204	351
205	370
206	459
207	366
208	398
209	459
210	437
211	425
212	498
213	498
214	337
215	389
216	378
217	408
218	372
219	347
220	347
221	309
222	378
223	410
224	400
225	380
226	330
227	376
228	325
229	431
230	378
231	346
232	325
233	332
234	340
235	330
236	382
237	481
238	396
239	497
240	366
241	334
242	401
243	500
244	389
245	338
246	406
247	378
248	339
249	286
250	329
251	367
252	369
253	382
254	385
255	483
256	396
257	387
258	476
259	407
260	449
261	556
262	373
263	458
264	394
265	362
266	442
267	364
268	428
269	450
270	472
271	388
272	415
273	410
274	386
275	423
276	420
277	453
278	475
279	425
280	447
281	367
282	417
283	459
284	385
285	380
286	420
287	433
288	412
289	449
290	480
291	462
292	385
293	462
294	421
295	513
296	450
297	516
298	457
299	414
300	356
301	311
302	447
303	376
304	471
305	458
306	349
307	400
308	358
309	350
310	409
311	409
312	460
313	420
314	384
315	335
316	405
317	362
318	356
319	344
320	342
321	339
322	383
323	402
324	359
325	416
326	423
327	398
328	285
329	354
330	334
331	411
332	385
333	425
334	343
335	359
336	435
337	374
338	331
339	299
340	435
341	395
342	361
343	297
344	270
345	317
346	373
347	315
348	287
349	282
350	290
351	325
352	355
353	357
354	320
355	333
356	339
357	306
358	332
359	333
360	323
361	312
362	357
363	293
364	324
365	293
366	320
367	259
368	327
369	456
370	306
371	333
372	322
373	314
374	273
375	272
376	334
377	290
378	322
379	280
380	274
381	307
382	283
383	271
384	282
385	259
386	318
387	337
388	314
389	360
390	273
391	340
392	299
393	270
394	372
395	355
396	274
397	327
398	360
399	301
400	257
401	327
402	318
403	279
404	310
405	208
406	329
407	305
408	267
409	272
410	289
411	287
412	287
413	263
414	263
415	248
416	282
417	263
418	254
419	272
420	224
421	297
422	259
423	305
424	348
425	257
426	254
427	228
428	215
429	265
430	218
431	287
432	226
433	211
434	268
435	212
436	280
437	234
438	252
439	259
440	240
441	234
442	212
443	262
444	191
445	235
446	205
447	292
448	235
449	231
450	170
451	164
452	213
453	237
454	194
455	196
456	180
457	140
458	173
459	159
460	176
461	197
462	182
463	149
464	132
465	172
466	168
467	135
468	155
469	169
470	144
471	153
472	156
473	142
474	197
475	139
476	131
477	167
478	146
479	134
480	117
481	156
482	117
483	199
484	144
485	113
486	161
487	137
488	211
489	169
490	138
491	137
492	111
493	111
494	124
495	116
496	151
497	150
498	126
499	170
500	118
501	145
502	120
503	137
504	141
505	148
506	135
507	234
508	158
509	160
510	120
511	117
512	130
513	115
514	128
515	132
516	122
517	125
518	122
519	148
520	107
521	144
522	119
523	105
524	176
525	119
526	103
527	121
528	102
529	104
530	157
531	124
532	110
533	129
534	103
535	127
536	103
537	97
538	104
539	90
540	102
541	85
542	95
543	79
544	146
545	97
546	77
547	85
548	109
549	84
550	101
551	60
552	63
553	71
554	116
555	93
556	79
557	77
558	66
559	91
560	68
561	91
562	87
563	73
564	60
565	75
566	82
567	120
568	81
569	41
570	55
571	64
572	36
573	53
