0	0
1	0
2	0
3	0
4	0
5	0
6	0
7	0
8	0
9	0
10	0
11	0
12	0
13	1
14	2
15	6
16	9
17	10
18	7
19	6
20	7
21	13
22	11
23	38
24	23
25	48
26	32
27	56
28	36
29	32
30	33
31	37
32	60
33	48
34	43
35	57
36	50
37	54
38	67
39	50
40	54
41	60
42	73
43	68
44	51
45	56
46	41
47	266
48	51
49	53
50	80
51	55
52	54
53	44
54	45
55	37
56	50
57	57
58	48
59	46
60	50
61	57
62	53
63	50
64	51
65	52
66	39
67	61
68	45
69	45
70	57
71	47
72	64
73	61
74	45
75	56
76	75
77	54
78	71
79	58
80	65
81	78
82	62
83	82
84	95
85	94
86	82
87	96
88	110
89	132
90	107
91	110
92	112
93	127
94	116
95	121
96	126
97	146
98	165
99	134
100	177
101	142
102	163
103	166
104	137
105	166
106	181
107	171
108	214
109	297
110	192
111	247
112	181
113	209
114	205
115	219
116	218
117	220
118	212
119	177
120	193
121	217
122	226
123	214
124	248
125	215
126	209
127	242
128	222
129	216
130	231
131	237
132	217
133	230
134	235
135	277
136	258
137	329
138	236
139	325
140	246
141	254
142	258
143	250
144	259
145	194
146	175
147	210
148	155
149	204
150	185
151	179
152	151
153	180
154	188
155	150
156	224
157	213
158	204
159	177
160	231
161	196
162	258
163	191
164	241
165	212
166	247
167	184
168	230
169	191
170	195
171	217
172	185
173	184
174	214
175	208
176	209
177	220
178	253
179	232
180	225
181	168
182	213
183	215
184	207
185	166
186	229
187	213
188	227
189	224
190	217
191	210
192	178
193	181
194	195
195	241
196	194
197	259
198	184
199	228
200	195
201	190
202	194
203	211
204	156
205	165
206	206
207	200
208	198
209	193
210	191
211	152
212	176
213	207
214	205
215	156
216	231
217	185
218	164
219	199
220	185
221	168
222	229
223	153
224	177
225	176
226	200
227	220
228	169
229	145
230	167
231	184
232	174
233	150
234	145
235	154
236	184
237	183
238	134
239	178
240	151
241	174
242	155
243	196
244	161
245	148
246	172
247	153
248	173
249	187
250	136
251	168
252	193
253	180
254	230
255	172
256	232
257	175
258	193
259	185
260	182
261	186
262	229
263	176
264	165
265	212
266	184
267	195
268	202
269	178
270	162
271	157
272	193
273	225
274	181
275	180
276	203
277	164
278	184
279	190
280	209
281	221
282	222
283	177
284	185
285	178
286	201
287	211
288	240
289	185
290	183
291	238
292	181
293	184
294	234
295	188
296	182
297	206
298	217
299	207
300	201
301	182
302	195
303	231
304	141
305	161
306	192
307	177
308	218
309	182
310	198
311	184
312	177
313	200
314	144
315	142
316	196
317	166
318	168
319	187
320	169
321	226
322	184
323	226
324	204
325	181
326	194
327	178
328	163
329	151
330	174
331	148
332	153
333	154
334	160
335	187
336	144
337	177
338	147
339	178
340	179
341	173
342	202
343	157
344	183
345	184
346	191
347	151
348	165
349	161
350	172
351	148
352	153
353	160
354	132
355	154
356	138
357	172
358	154
359	180
360	168
361	166
362	156
363	135
364	191
365	164
366	153
367	174
368	132
369	164
370	159
371	159
372	179
373	141
374	165
375	135
376	141
377	140
378	151
379	153
380	141
381	159
382	141
383	152
384	150
385	174
386	175
387	148
388	133
389	138
390	146
391	143
392	144
393	156
394	148
395	146
396	144
397	143
398	131
399	149
400	190
401	164
402	177
403	141
404	129
405	128
406	148
407	176
408	150
409	142
410	154
411	155
412	147
413	176
414	161
415	154
416	184
417	147
418	111
419	138
420	144
421	139
422	123
423	167
424	142
425	126
426	155
427	140
428	129
429	141
430	144
431	109
432	142
433	113
434	137
435	145
436	140
437	117
438	112
439	125
440	116
441	123
442	138
443	124
444	142
445	111
446	113
447	114
448	151
449	119
450	123
451	111
452	118
453	121
454	98
455	116
456	100
457	113
458	79
459	100
460	108
461	113
462	107
463	104
464	100
465	128
466	112
467	103
468	90
469	101
470	100
471	83
472	88
473	96
474	89
475	112
476	77
477	85
478	95
479	71
480	84
481	89
482	89
483	99
484	96
485	84
486	68
487	82
488	104
489	89
490	67
491	96
492	91
493	102
494	75
495	65
496	90
497	73
498	78
499	116
500	86
501	86
502	79
503	106
504	106
505	81
506	91
507	121
508	135
509	97
510	68
511	73
512	76
513	73
514	99
515	70
516	64
517	70
518	49
519	57
520	64
521	86
522	57
523	71
524	66
525	51
526	58
527	59
528	57
529	59
530	62
531	68
532	53
533	45
534	69
535	56
536	58
537	43
538	64
539	56
540	43
541	64
542	57
543	66
544	61
545	37
546	69
547	60
548	44
549	45
550	38
551	41
552	34
553	45
554	61
555	51
556	42
557	27
558	53
559	47
560	43
561	45
562	43
563	35
564	38
565	31
566	39
567	60
568	52
569	41
570	32
571	26
572	35
573	33
574	36
575	38
576	41
577	38
