0	0
1	0
2	0
3	0
4	0
5	0
6	0
7	0
8	0
9	0
10	0
11	0
12	0
13	1
14	2
15	6
16	9
17	10
18	7
19	6
20	7
21	12
22	11
23	28
24	22
25	33
26	30
27	40
28	33
29	31
30	29
31	34
32	57
33	42
34	38
35	55
36	45
37	51
38	60
39	44
40	51
41	55
42	59
43	49
44	41
45	47
46	37
47	45
48	36
49	45
50	47
51	52
52	47
53	39
54	39
55	36
56	49
57	52
58	42
59	45
60	47
61	53
62	49
63	47
64	46
65	50
66	39
67	58
68	44
69	44
70	54
71	44
72	64
73	57
74	44
75	55
76	72
77	51
78	69
79	56
80	63
81	78
82	61
83	79
84	87
85	92
86	80
87	91
88	105
89	127
90	105
91	107
92	109
93	118
94	115
95	120
96	123
97	135
98	155
99	129
100	163
101	139
102	155
103	155
104	132
105	159
106	169
107	165
108	184
109	223
110	164
111	210
112	163
113	195
114	190
115	197
116	188
117	193
118	195
119	154
120	180
121	196
122	206
123	193
124	220
125	189
126	188
127	213
128	196
129	201
130	214
131	205
132	191
133	204
134	210
135	221
136	202
137	230
138	184
139	212
140	210
141	214
142	220
143	208
144	222
145	172
146	153
147	176
148	129
149	149
150	134
151	141
152	125
153	150
154	145
155	122
156	168
157	177
158	169
159	139
160	171
161	141
162	191
163	158
164	174
165	165
166	187
167	151
168	182
169	154
170	156
171	156
172	135
173	146
174	176
175	164
176	153
177	163
178	190
179	178
180	175
181	128
182	162
183	177
184	154
185	124
186	172
187	149
188	169
189	161
190	158
191	158
192	134
193	136
194	143
195	183
196	146
197	178
198	129
199	163
200	147
201	145
202	150
203	162
204	129
205	128
206	150
207	155
208	146
209	149
210	151
211	112
212	131
213	150
214	144
215	123
216	178
217	135
218	127
219	149
220	135
221	117
222	171
223	124
224	131
225	129
226	154
227	160
228	118
229	119
230	129
231	131
232	117
233	108
234	112
235	127
236	143
237	140
238	107
239	131
240	116
241	139
242	120
243	146
244	131
245	124
246	128
247	128
248	139
249	152
250	112
251	138
252	147
253	146
254	169
255	143
256	177
257	141
258	142
259	148
260	135
261	141
262	167
263	141
264	138
265	167
266	133
267	155
268	169
269	141
270	130
271	130
272	150
273	170
274	147
275	147
276	160
277	143
278	149
279	165
280	169
281	163
282	178
283	145
284	146
285	156
286	159
287	165
288	194
289	151
290	130
291	181
292	140
293	148
294	177
295	151
296	143
297	172
298	186
299	170
300	169
301	147
302	161
303	172
304	124
305	134
306	160
307	157
308	176
309	156
310	160
311	141
312	155
313	173
314	132
315	120
316	165
317	148
318	144
319	159
320	135
321	171
322	151
323	175
324	163
325	154
326	153
327	145
328	141
329	131
330	154
331	133
332	135
333	134
334	140
335	155
336	132
337	148
338	133
339	145
340	147
341	147
342	157
343	138
344	151
345	159
346	156
347	131
348	140
349	145
350	145
351	125
352	138
353	137
354	120
355	148
356	129
357	146
358	136
359	148
360	149
361	144
362	127
363	117
364	161
365	149
366	132
367	157
368	115
369	144
370	140
371	139
372	155
373	122
374	147
375	120
376	123
377	133
378	141
379	130
380	127
381	147
382	136
383	139
384	128
385	148
386	143
387	129
388	116
389	126
390	132
391	132
392	134
393	135
394	135
395	132
396	136
397	134
398	116
399	133
400	164
401	144
402	160
403	122
404	112
405	119
406	134
407	154
408	140
409	128
410	144
411	138
412	132
413	155
414	141
415	140
416	158
417	134
418	107
419	127
420	130
421	117
422	113
423	142
424	131
425	120
426	137
427	127
428	120
429	131
430	124
431	105
432	132
433	111
434	125
435	133
436	130
437	108
438	106
439	120
440	109
441	117
442	125
443	110
444	130
445	102
446	111
447	109
448	137
449	109
450	105
451	102
452	101
453	103
454	95
455	101
456	93
457	106
458	74
459	93
460	103
461	100
462	99
463	97
464	89
465	121
466	104
467	96
468	81
469	95
470	93
471	81
472	84
473	90
474	86
475	97
476	66
477	80
478	87
479	65
480	71
481	86
482	82
483	89
484	87
485	80
486	61
487	77
488	86
489	80
490	61
491	91
492	78
493	91
494	67
495	63
496	82
497	68
498	73
499	84
500	82
501	78
502	71
503	98
504	92
505	72
506	81
507	97
508	104
509	84
510	64
511	65
512	68
513	65
514	86
515	55
516	58
517	68
518	48
519	54
520	59
521	82
522	53
523	63
524	60
525	48
526	56
527	58
528	53
529	56
530	56
531	63
532	52
533	42
534	62
535	51
536	53
537	42
538	62
539	54
540	41
541	60
542	46
543	60
544	55
545	34
546	66
547	52
548	44
549	41
550	37
551	37
552	32
553	44
554	53
555	47
556	37
557	24
558	47
559	41
560	42
561	39
562	39
563	32
564	35
565	30
566	37
567	55
568	39
569	35
570	29
571	26
572	33
573	32
574	32
575	38
576	40
577	33
578	29
579	24
580	17
