16	17
17	16
18	19
19	9
20	19
21	7
22	4
23	6
24	16
25	21
26	21
27	26
28	41
29	38
30	63
31	57
32	94
33	100
34	98
35	90
36	81
37	80
38	84
39	109
40	91
41	113
42	129
43	138
44	142
45	151
46	150
47	173
48	176
49	178
50	184
51	181
52	196
53	202
54	220
55	278
56	299
57	267
58	270
59	312
60	321
61	343
62	374
63	365
64	426
65	412
66	404
67	484
68	504
69	544
70	546
71	538
72	611
73	656
74	684
75	700
76	713
77	752
78	783
79	857
80	818
81	873
82	858
83	858
84	933
85	987
86	993
87	1045
88	1034
89	1059
90	1085
91	1163
92	1152
93	1167
94	1169
95	1273
96	1310
97	1333
98	1348
99	1355
100	1409
101	1388
102	1396
103	1529
104	1503
105	1488
106	1562
107	1592
108	1569
109	1608
110	1684
111	1670
112	1660
113	1621
114	1731
115	1770
116	1791
117	1748
118	1780
119	1854
120	1805
121	1863
122	1912
123	1904
124	1823
125	1856
126	1959
127	1968
128	1979
129	1983
130	2000
131	1827
132	1910
133	1895
134	1932
135	1945
136	2039
137	1912
138	2126
139	2066
140	2134
141	2150
142	2395
143	2615
144	2937
145	3762
146	4920
147	8179
148	10530
149	21971
150	53580
