16	17
17	16
18	21
19	9
20	21
21	7
22	4
23	6
24	18
25	21
26	23
27	28
28	47
29	42
30	67
31	65
32	101
33	109
34	100
35	99
36	103
37	89
38	92
39	149
40	93
41	128
42	153
43	160
44	153
45	174
46	190
47	243
48	219
49	186
50	201
51	236
52	207
53	225
54	254
55	312
56	348
57	307
58	315
59	355
60	335
61	358
62	391
63	386
64	450
65	437
66	434
67	517
68	548
69	608
70	594
71	572
72	667
73	720
74	769
75	791
76	821
77	850
78	929
79	1017
80	963
81	985
82	1002
83	1030
84	1073
85	1123
86	1115
87	1186
88	1137
89	1195
90	1235
91	1302
92	1364
93	1372
94	1346
95	1456
96	1523
97	1560
98	1558
99	1579
100	1679
101	1695
102	1747
103	1909
104	1888
105	1787
106	1873
107	1922
108	1875
109	1904
110	2054
111	1990
112	1988
113	1901
114	2025
115	2161
116	2187
117	2128
118	2195
119	2179
120	2138
121	2236
122	2316
123	2318
124	2264
125	2216
126	2510
127	2582
128	2566
129	2507
130	2740
131	2738
132	2777
133	2384
134	2466
135	2459
136	2568
137	2447
138	2716
139	2694
140	2771
141	2798
142	3040
143	3374
144	3723
145	4798
146	6483
147	10779
148	12982
149	28508
150	87823
