0	0
1	0
2	0
3	0
4	0
5	0
6	0
7	0
8	0
9	0
10	0
11	0
12	1
13	1
14	1
15	0
16	3
17	2
18	0
19	0
20	1
21	2
22	1
23	4
24	0
25	5
26	6
27	3
28	11
29	4
30	8
31	4
32	7
33	10
34	3
35	4
36	10
37	6
38	6
39	4
40	5
41	6
42	8
43	5
44	6
45	7
46	5
47	5
48	9
49	8
50	15
51	5
52	3
53	11
54	10
55	7
56	6
57	14
58	4
59	14
60	16
61	3
62	9
63	8
64	10
65	13
66	11
67	16
68	9
69	17
70	11
71	16
72	10
73	14
74	12
75	26
76	15
77	27
78	17
79	21
80	24
81	15
82	16
83	28
84	27
85	22
86	33
87	39
88	41
89	33
90	31
91	27
92	33
93	36
94	62
95	31
96	52
97	41
98	43
99	41
100	80
101	47
102	64
103	42
104	55
105	72
106	57
107	68
108	77
109	75
110	61
111	88
112	83
113	81
114	95
115	86
116	94
117	79
118	78
119	85
120	73
121	71
122	70
123	106
124	103
125	110
126	83
127	175
128	142
129	121
130	114
131	138
132	160
133	176
134	157
135	142
136	139
137	147
138	126
139	138
140	169
141	126
142	204
143	172
144	170
145	156
146	211
147	175
148	168
149	276
150	216
151	271
152	360
153	237
154	224
155	238
156	198
157	262
158	225
159	287
160	311
161	291
162	249
163	254
164	304
165	298
166	358
167	414
168	400
169	394
170	327
171	385
172	414
173	350
174	455
175	437
176	380
177	357
178	414
179	395
180	457
181	404
182	389
183	345
184	340
185	485
186	442
187	542
188	433
189	583
190	382
191	339
192	432
193	477
194	523
195	400
196	393
197	511
198	474
199	436
200	555
201	492
202	443
203	543
204	433
205	445
206	492
207	531
208	561
209	535
210	555
211	490
212	445
213	523
214	581
215	439
216	586
217	538
218	461
219	340
220	554
221	564
222	398
223	394
224	484
225	438
226	479
227	477
228	488
229	478
230	522
231	591
232	366
233	602
234	497
235	441
236	416
237	469
238	537
239	500
240	665
241	575
242	565
243	502
244	511
245	575
246	585
247	571
248	551
249	628
250	623
251	724
252	629
253	811
254	751
255	448
256	678
257	532
258	733
259	712
260	713
261	760
262	551
263	601
264	725
265	672
266	635
267	725
268	638
269	724
270	773
271	723
272	682
273	611
274	523
275	602
276	699
277	816
278	743
279	577
280	705
281	674
282	589
283	627
284	635
285	605
286	686
287	662
288	475
289	707
290	654
291	607
292	749
293	537
294	599
295	518
296	619
297	667
298	538
299	738
300	705
301	728
302	557
303	626
304	684
305	603
306	634
307	463
308	539
309	651
310	536
311	532
312	646
313	619
314	528
315	570
316	550
317	579
318	559
319	725
320	548
321	675
322	558
323	387
324	395
325	592
326	640
327	575
328	458
329	424
330	447
331	555
332	468
333	451
334	478
335	472
336	507
337	454
338	455
339	547
340	540
341	478
342	344
343	511
344	457
345	437
346	548
347	381
348	352
349	429
350	460
351	466
352	598
353	388
354	469
355	356
356	523
357	435
358	495
359	412
360	441
361	445
362	410
363	432
364	452
365	476
366	388
367	382
368	353
369	382
370	406
371	485
372	473
373	435
374	421
375	408
376	372
377	410
378	511
379	375
380	329
381	393
382	454
383	311
384	347
385	355
386	430
387	301
388	405
389	337
390	378
391	354
392	292
393	382
394	364
395	402
396	411
397	415
398	362
399	417
400	479
401	442
402	438
403	421
404	376
405	387
406	366
407	354
408	311
409	368
410	343
411	374
412	309
413	359
414	374
415	332
416	365
417	361
418	328
419	362
420	276
421	266
422	242
423	275
424	218
425	227
426	200
427	238
428	242
429	270
430	297
431	268
432	179
433	227
434	220
435	251
436	190
437	198
438	238
439	268
440	230
441	114
442	241
443	318
444	186
445	224
446	164
447	134
448	210
449	134
450	206
451	174
452	225
453	204
454	200
455	167
456	199
457	140
458	197
459	202
460	158
461	163
462	213
463	144
464	171
465	136
466	132
467	145
468	174
469	117
470	138
471	141
472	175
473	112
474	129
475	97
476	80
477	97
478	130
479	101
480	131
481	82
482	84
483	123
484	153
485	99
486	110
487	129
488	140
489	156
490	132
491	86
492	89
493	56
494	99
495	55
496	91
497	102
498	113
499	114
500	99
501	88
502	100
503	111
504	111
505	95
506	84
507	129
508	86
509	116
510	49
511	51
512	66
513	96
514	116
515	54
516	75
517	48
518	68
519	154
520	94
521	105
522	93
523	48
524	101
525	89
526	57
527	41
528	62
529	55
530	98
531	109
532	64
533	57
534	66
535	94
536	36
537	76
538	76
539	53
540	62
541	66
542	41
543	65
544	55
545	60
546	73
547	33
548	45
549	53
550	32
551	42
552	29
553	49
554	50
