0	0
1	0
2	0
3	0
4	0
5	0
6	0
7	0
8	0
9	0
10	0
11	0
12	1
13	1
14	1
15	0
16	3
17	2
18	0
19	0
20	1
21	2
22	1
23	4
24	0
25	5
26	6
27	3
28	11
29	4
30	7
31	4
32	7
33	10
34	3
35	4
36	9
37	6
38	5
39	4
40	5
41	6
42	8
43	5
44	6
45	7
46	5
47	4
48	8
49	8
50	10
51	5
52	2
53	10
54	10
55	7
56	6
57	13
58	4
59	14
60	15
61	3
62	9
63	8
64	9
65	13
66	10
67	14
68	8
69	14
70	11
71	13
72	8
73	13
74	10
75	20
76	14
77	25
78	16
79	20
80	19
81	15
82	14
83	25
84	25
85	21
86	31
87	32
88	33
89	27
90	26
91	26
92	30
93	17
94	37
95	23
96	37
97	31
98	41
99	35
100	45
101	39
102	55
103	34
104	48
105	50
106	48
107	60
108	61
109	58
110	52
111	73
112	63
113	59
114	70
115	63
116	63
117	52
118	59
119	68
120	57
121	49
122	56
123	72
124	71
125	75
126	65
127	87
128	73
129	82
130	88
131	94
132	98
133	106
134	96
135	86
136	101
137	112
138	87
139	95
140	118
141	79
142	127
143	114
144	113
145	86
146	95
147	109
148	98
149	127
150	119
151	129
152	147
153	126
154	135
155	132
156	120
157	141
158	131
159	163
160	148
161	153
162	135
163	144
164	167
165	160
166	182
167	205
168	187
169	186
170	162
171	181
172	180
173	171
174	241
175	194
176	171
177	167
178	193
179	194
180	189
181	180
182	174
183	152
184	165
185	184
186	200
187	196
188	209
189	228
190	179
191	177
192	195
193	200
194	210
195	193
196	181
197	240
198	218
199	201
200	245
201	213
202	211
203	220
204	192
205	200
206	223
207	208
208	234
209	205
210	218
211	186
212	184
213	213
214	243
215	205
216	230
217	241
218	210
219	165
220	235
221	218
222	182
223	187
224	226
225	181
226	213
227	203
228	188
229	189
230	201
231	208
232	175
233	249
234	208
235	186
236	182
237	184
238	224
239	218
240	231
241	206
242	235
243	195
244	215
245	222
246	209
247	221
248	235
249	245
250	230
251	253
252	249
253	304
254	264
255	177
256	246
257	220
258	284
259	250
260	255
261	275
262	215
263	243
264	272
265	240
266	260
267	256
268	251
269	259
270	268
271	262
272	259
273	226
274	219
275	249
276	284
277	265
278	286
279	229
280	248
281	241
282	227
283	236
284	237
285	207
286	249
287	278
288	221
289	269
290	258
291	239
292	284
293	221
294	235
295	213
296	234
297	248
298	221
299	296
300	242
301	283
302	251
303	259
304	259
305	225
306	266
307	206
308	217
309	241
310	213
311	245
312	256
313	234
314	210
315	219
316	246
317	236
318	261
319	253
320	219
321	243
322	236
323	189
324	172
325	235
326	218
327	213
328	229
329	188
330	209
331	221
332	181
333	197
334	205
335	190
336	200
337	199
338	198
339	225
340	230
341	194
342	173
343	221
344	187
345	195
346	232
347	180
348	176
349	192
350	197
351	213
352	239
353	191
354	197
355	175
356	200
357	202
358	217
359	188
360	200
361	204
362	189
363	197
364	199
365	215
366	172
367	177
368	170
369	192
370	187
371	222
372	214
373	211
374	192
375	174
376	172
377	188
378	214
379	180
380	166
381	184
382	194
383	175
384	183
385	205
386	207
387	162
388	169
389	184
390	164
391	171
392	155
393	191
394	173
395	193
396	205
397	202
398	188
399	194
400	203
401	233
402	209
403	196
404	172
405	180
406	181
407	160
408	168
409	165
410	167
411	184
412	157
413	186
414	185
415	186
416	201
417	165
418	159
419	172
420	154
421	133
422	107
423	123
424	115
425	126
426	111
427	121
428	122
429	134
430	134
431	135
432	106
433	126
434	106
435	131
436	104
437	118
438	136
439	136
440	118
441	82
442	135
443	163
444	110
445	124
446	98
447	86
448	118
449	86
450	108
451	105
452	109
453	118
454	106
455	94
456	94
457	74
458	102
459	95
460	103
461	84
462	115
463	78
464	102
465	94
466	78
467	87
468	102
469	73
470	77
471	75
472	95
473	69
474	76
475	59
476	54
477	60
478	68
479	67
480	68
481	55
482	51
483	74
484	95
485	54
486	60
487	89
488	75
489	86
490	77
491	57
492	63
493	43
494	66
495	42
496	62
497	58
498	69
499	63
500	60
501	58
502	66
503	65
504	66
505	67
506	53
507	81
508	56
509	72
510	36
511	37
512	46
513	62
514	61
515	39
516	43
517	38
518	51
519	86
520	49
521	58
522	54
523	38
524	67
525	56
526	41
527	31
528	41
529	43
530	55
531	50
532	45
533	41
534	39
535	49
536	27
537	47
538	43
539	38
540	40
541	43
542	30
543	48
544	30
545	40
546	48
547	27
548	26
549	33
550	24
551	28
552	24
553	36
554	33
555	32
556	34
557	31
558	31
559	34
560	32
561	25
562	22
563	25
