16	5
17	3
18	6
19	1
21	8
22	2
23	2
24	7
25	7
26	5
27	5
28	7
29	5
30	12
31	12
32	16
33	16
34	21
35	9
36	11
37	24
38	20
39	29
40	30
41	35
42	33
43	29
44	41
45	55
46	63
47	59
48	59
49	71
50	91
51	60
52	61
53	48
54	73
55	79
56	107
57	113
58	134
59	117
60	138
61	117
62	150
63	164
64	171
65	177
66	192
67	201
68	237
69	208
70	223
71	255
72	258
73	260
74	275
75	318
76	345
77	402
78	403
79	429
80	423
81	472
82	473
83	487
84	509
85	592
86	580
87	682
88	675
89	680
90	675
91	752
92	815
93	812
94	832
95	836
96	898
97	1002
98	943
99	1062
100	1084
101	1065
102	1114
103	1154
104	1181
105	1161
106	1255
107	1264
108	1310
109	1331
110	1400
111	1470
112	1401
113	1484
114	1460
115	1649
116	1652
117	1643
118	1699
119	1751
120	1751
121	1855
122	1878
123	1779
124	1907
125	1953
126	1989
127	2012
128	2030
129	1994
130	2127
131	2163
132	2109
133	2287
134	2228
135	2210
136	2264
137	2336
138	2329
139	2415
140	2575
141	2648
142	2900
143	3123
144	3750
145	4732
146	6411
147	10120
148	10202
149	23746
150	39870
