16	5
17	3
18	6
19	1
21	8
22	2
23	2
24	7
25	7
26	5
27	5
28	7
29	5
30	12
31	15
32	19
33	17
34	21
35	9
36	13
37	25
38	21
39	29
40	30
41	36
42	34
43	29
44	45
45	65
46	69
47	81
48	76
49	75
50	104
51	103
52	73
53	49
54	75
55	80
56	109
57	121
58	139
59	128
60	146
61	119
62	155
63	166
64	175
65	179
66	195
67	209
68	245
69	216
70	231
71	266
72	269
73	271
74	301
75	334
76	364
77	428
78	435
79	470
80	464
81	505
82	504
83	522
84	546
85	633
86	626
87	732
88	725
89	735
90	752
91	817
92	888
93	908
94	910
95	917
96	990
97	1101
98	1050
99	1167
100	1211
101	1203
102	1256
103	1320
104	1344
105	1332
106	1449
107	1471
108	1485
109	1511
110	1612
111	1694
112	1575
113	1705
114	1722
115	1961
116	1991
117	1989
118	2032
119	2038
120	2085
121	2294
122	2294
123	2137
124	2365
125	2453
126	2531
127	2573
128	2614
129	2524
130	2681
131	2819
132	2693
133	2891
134	2853
135	2826
136	2917
137	3019
138	3034
139	3190
140	3452
141	3445
142	3855
143	4215
144	4988
145	6255
146	8731
147	14119
148	14075
149	36199
150	80804
