16	41
17	33
18	21
19	47
20	35
21	39
22	45
23	52
24	57
25	70
26	68
27	90
28	90
29	87
30	118
31	166
32	255
33	328
34	436
35	472
36	642
37	759
38	828
39	956
40	1102
41	1227
42	1458
43	1653
44	1845
45	2089
46	2385
47	2617
48	2799
49	3115
50	3501
51	3802
52	4144
53	4366
54	4548
55	4858
56	5215
57	5275
58	5840
59	6073
60	6160
61	6312
62	6657
63	6850
64	7179
65	7386
66	7795
67	7994
68	8363
69	8688
70	8876
71	9323
72	9812
73	10321
74	10710
75	10905
76	11313
77	11838
78	12557
79	12833
80	13396
81	13920
82	14591
83	15191
84	16062
85	16462
86	17347
87	17663
88	18445
89	19134
90	19893
91	20543
92	21586
93	22142
94	22913
95	23618
96	24505
97	25553
98	26610
99	27753
100	28766
101	29696
102	30933
103	31863
104	33022
105	33942
106	35001
107	36422
108	37050
109	38802
110	39977
111	40270
112	42314
113	43076
114	44031
115	46018
116	46678
117	47641
118	48693
119	49751
120	51012
121	52094
122	53328
123	54341
124	55527
125	56855
126	57824
127	58900
128	60427
129	61431
130	61691
131	64154
132	64672
133	67228
134	68630
135	70370
136	73737
137	78473
138	82162
139	89185
140	98467
141	110506
142	132273
143	163160
144	224298
145	347007
146	512557
147	903528
148	1021400
149	2282634
150	3749927
