0	0
1	0
2	0
3	0
4	0
5	0
6	0
7	0
8	0
9	0
10	0
11	0
12	2
13	1
14	11
15	13
16	13
17	12
18	13
19	8
20	16
21	12
22	23
23	21
24	19
25	33
26	39
27	47
28	38
29	42
30	55
31	69
32	69
33	66
34	62
35	64
36	92
37	84
38	87
39	81
40	83
41	92
42	77
43	82
44	73
45	89
46	79
47	106
48	53
49	62
50	81
51	64
52	52
53	69
54	62
55	88
56	73
57	80
58	75
59	80
60	71
61	98
62	91
63	85
64	65
65	83
66	63
67	82
68	62
69	69
70	86
71	78
72	83
73	86
74	93
75	98
76	88
77	98
78	112
79	101
80	130
81	112
82	100
83	130
84	158
85	138
86	157
87	119
88	147
89	160
90	127
91	146
92	159
93	183
94	170
95	190
96	183
97	223
98	188
99	192
100	216
101	223
102	218
103	214
104	230
105	214
106	226
107	246
108	237
109	285
110	263
111	270
112	242
113	226
114	273
115	308
116	246
117	277
118	275
119	285
120	291
121	313
122	353
123	312
124	326
125	321
126	298
127	321
128	345
129	324
130	287
131	296
132	355
133	354
134	329
135	341
136	339
137	402
138	365
139	419
140	326
141	362
142	354
143	307
144	342
145	280
146	288
147	299
148	349
149	359
150	335
151	299
152	328
153	337
154	354
155	333
156	341
157	342
158	347
159	373
160	363
161	375
162	360
163	360
164	385
165	372
166	364
167	374
168	346
169	346
170	384
171	351
172	322
173	350
174	374
175	334
176	322
177	429
178	333
179	368
180	356
181	315
182	375
183	373
184	329
185	307
186	317
187	322
188	329
189	312
190	357
191	318
192	351
193	339
194	332
195	326
196	307
197	291
198	317
199	317
200	354
201	289
202	300
203	312
204	294
205	288
206	296
207	327
208	301
209	308
210	326
211	303
212	270
213	284
214	283
215	282
216	275
217	265
218	298
219	269
220	278
221	277
222	260
223	247
224	243
225	241
226	262
227	246
228	264
229	267
230	284
231	261
232	230
233	232
234	277
235	270
236	290
237	269
238	234
239	275
240	240
241	242
242	259
243	255
244	231
245	232
246	258
247	208
248	263
249	251
250	229
251	292
252	258
253	330
254	251
255	246
256	296
257	273
258	255
259	274
260	247
261	285
262	260
263	236
264	261
265	260
266	270
267	288
268	247
269	251
270	223
271	272
272	278
273	260
274	225
275	251
276	305
277	281
278	349
279	307
280	274
281	271
282	259
283	246
284	270
285	246
286	203
287	242
288	229
289	259
290	261
291	272
292	295
293	239
294	285
295	258
296	254
297	254
298	263
299	251
300	220
301	277
302	226
303	248
304	255
305	227
306	249
307	231
308	246
309	248
310	244
311	226
312	223
313	209
314	256
315	216
316	244
317	249
318	199
319	250
320	213
321	217
322	237
323	255
324	223
325	239
326	225
327	243
328	250
329	229
330	214
331	179
332	198
333	177
334	180
335	186
336	210
337	226
338	212
339	180
340	213
341	230
342	225
343	199
344	223
345	218
346	207
347	200
348	190
349	210
350	188
351	190
352	197
353	219
354	213
355	191
356	192
357	208
358	172
359	213
360	174
361	167
362	163
363	197
364	200
365	180
366	193
367	201
368	225
369	194
370	180
371	182
372	178
373	185
374	168
375	219
376	199
377	188
378	135
379	178
380	191
381	161
382	202
383	180
384	202
385	159
386	208
387	187
388	176
389	181
390	157
391	173
392	159
393	175
394	184
395	151
396	171
397	200
398	161
399	182
400	163
401	165
402	156
403	180
404	172
405	164
406	148
407	198
408	150
409	181
410	176
411	175
412	157
413	181
414	168
415	164
416	144
417	158
418	152
419	160
420	168
421	154
422	157
423	139
424	151
425	145
426	151
427	152
428	117
429	124
430	143
431	108
432	130
433	134
434	134
435	126
436	131
437	131
438	120
439	127
440	116
441	147
442	148
443	136
444	118
445	133
446	146
447	102
448	114
449	119
450	105
451	123
452	100
453	123
454	126
455	107
456	104
457	101
458	109
459	92
460	110
461	110
462	101
463	107
464	92
465	100
466	89
467	92
468	101
469	89
470	97
471	74
472	109
473	77
474	84
475	70
476	105
477	87
478	71
479	90
480	77
481	99
482	68
483	93
484	93
485	73
486	90
487	79
488	93
489	93
490	94
491	73
492	93
493	86
494	80
495	88
496	73
497	90
498	83
499	75
500	62
501	95
502	73
503	77
504	86
505	90
506	86
507	144
508	108
509	99
510	94
511	70
512	70
513	71
514	83
515	64
516	70
517	86
518	88
519	62
520	112
521	66
522	81
523	68
524	82
525	81
526	69
527	50
528	59
529	57
530	64
531	71
532	56
533	65
534	74
535	75
536	72
537	59
538	49
539	72
540	103
541	61
542	69
543	56
544	60
545	67
546	46
547	41
548	52
549	47
550	61
551	43
552	47
553	54
554	34
555	54
556	58
557	34
558	29
559	56
560	49
561	32
562	48
563	53
564	36
565	37
