0	0
1	0
2	0
3	0
4	0
5	0
6	0
7	0
8	0
9	0
10	0
11	0
12	2
13	1
14	11
15	13
16	13
17	12
18	13
19	9
20	34
21	12
22	23
23	22
24	20
25	41
26	39
27	49
28	45
29	46
30	58
31	74
32	76
33	77
34	82
35	71
36	125
37	102
38	105
39	97
40	113
41	115
42	194
43	229
44	331
45	133
46	154
47	2723
48	102
49	97
50	278
51	75
52	59
53	80
54	79
55	104
56	85
57	92
58	83
59	87
60	75
61	113
62	93
63	85
64	66
65	93
66	66
67	87
68	64
69	76
70	88
71	84
72	86
73	93
74	95
75	104
76	93
77	106
78	115
79	106
80	143
81	130
82	113
83	139
84	180
85	144
86	167
87	126
88	157
89	174
90	140
91	154
92	175
93	197
94	186
95	203
96	195
97	244
98	216
99	203
100	250
101	244
102	247
103	238
104	266
105	249
106	267
107	279
108	269
109	360
110	301
111	311
112	276
113	256
114	323
115	358
116	290
117	312
118	326
119	336
120	340
121	371
122	422
123	382
124	383
125	386
126	345
127	383
128	416
129	382
130	335
131	358
132	439
133	446
134	411
135	440
136	438
137	536
138	489
139	572
140	428
141	479
142	466
143	426
144	441
145	382
146	421
147	401
148	497
149	508
150	489
151	437
152	479
153	515
154	507
155	466
156	510
157	514
158	554
159	568
160	509
161	547
162	569
163	555
164	544
165	526
166	559
167	576
168	502
169	560
170	598
171	575
172	522
173	568
174	631
175	601
176	512
177	626
178	591
179	575
180	549
181	492
182	602
183	586
184	508
185	464
186	529
187	565
188	531
189	491
190	584
191	532
192	516
193	488
194	523
195	475
196	419
197	394
198	454
199	459
200	500
201	404
202	416
203	430
204	413
205	402
206	382
207	446
208	420
209	399
210	462
211	467
212	365
213	385
214	405
215	395
216	378
217	378
218	410
219	373
220	396
221	370
222	352
223	331
224	334
225	345
226	358
227	349
228	355
229	369
230	395
231	373
232	305
233	306
234	387
235	359
236	406
237	364
238	308
239	375
240	314
241	328
242	333
243	344
244	333
245	315
246	351
247	278
248	373
249	358
250	311
251	387
252	362
253	461
254	349
255	345
256	392
257	370
258	338
259	367
260	332
261	423
262	338
263	329
264	343
265	351
266	359
267	385
268	326
269	305
270	278
271	360
272	358
273	327
274	295
275	341
276	420
277	342
278	499
279	436
280	367
281	341
282	349
283	325
284	356
285	315
286	256
287	306
288	281
289	336
290	352
291	360
292	388
293	327
294	365
295	326
296	334
297	329
298	333
299	315
300	278
301	360
302	276
303	312
304	328
305	269
306	304
307	296
308	300
309	294
310	294
311	277
312	266
313	249
314	298
315	280
316	302
317	313
318	241
319	307
320	274
321	260
322	306
323	323
324	272
325	308
326	288
327	306
328	299
329	288
330	272
331	229
332	258
333	201
334	223
335	213
336	255
337	264
338	263
339	210
340	259
341	272
342	281
343	259
344	267
345	259
346	256
347	233
348	218
349	256
350	233
351	229
352	243
353	262
354	250
355	221
356	225
357	249
358	204
359	251
360	212
361	189
362	185
363	236
364	232
365	220
366	239
367	260
368	270
369	234
370	229
371	211
372	205
373	220
374	185
375	249
376	240
377	216
378	164
379	216
380	230
381	192
382	257
383	217
384	242
385	186
386	272
387	208
388	268
389	231
390	194
391	198
392	181
393	199
394	206
395	168
396	197
397	238
398	183
399	211
400	191
401	190
402	186
403	207
404	201
405	178
406	167
407	229
408	167
409	207
410	193
411	196
412	177
413	203
414	192
415	201
416	166
417	178
418	165
419	182
420	193
421	184
422	187
423	158
424	177
425	172
426	166
427	179
428	129
429	143
430	154
431	115
432	144
433	147
434	147
435	142
436	144
437	145
438	130
439	138
440	132
441	157
442	164
443	150
444	132
445	147
446	170
447	110
448	126
449	142
450	111
451	128
452	111
453	154
454	147
455	123
456	125
457	108
458	127
459	95
460	118
461	117
462	112
463	118
464	104
465	109
466	101
467	101
468	114
469	110
470	118
471	77
472	126
473	86
474	87
475	77
476	114
477	102
478	74
479	102
480	82
481	109
482	70
483	112
484	105
485	84
486	104
487	83
488	176
489	149
490	108
491	81
492	107
493	92
494	89
495	103
496	84
497	113
498	105
499	88
500	65
501	103
502	82
503	86
504	101
505	111
506	98
507	188
508	128
509	115
510	110
511	80
512	79
513	88
514	92
515	92
516	80
517	98
518	109
519	71
520	136
521	85
522	101
523	98
524	111
525	101
526	102
527	57
528	64
529	60
530	93
531	92
532	69
533	80
534	98
535	121
536	89
537	80
538	62
539	93
540	149
541	73
542	90
543	68
544	90
545	80
546	56
547	50
548	64
549	49
550	65
551	45
552	49
553	59
554	43
555	62
556	75
557	39
558	33
559	72
560	74
561	33
562	86
563	74
564	45
