0	0
1	0
2	0
3	0
4	0
5	0
6	0
7	0
8	0
9	0
10	0
11	0
12	0
13	0
14	0
15	0
16	0
17	0
18	0
19	0
20	0
21	0
22	0
23	1
24	0
25	3
26	1
27	3
28	1
29	0
30	1
31	3
32	0
33	2
34	1
35	7
36	0
37	3
38	4
39	2
40	9
41	4
42	9
43	4
44	8
45	5
46	6
47	2
48	8
49	11
50	15
51	9
52	12
53	2
54	5
55	14
56	10
57	13
58	22
59	17
60	26
61	17
62	10
63	12
64	14
65	9
66	10
67	18
68	17
69	16
70	25
71	29
72	26
73	35
74	23
75	19
76	27
77	24
78	28
79	36
80	30
81	35
82	37
83	55
84	52
85	51
86	56
87	125
88	87
89	78
90	64
91	96
92	55
93	62
94	113
95	70
96	103
97	100
98	113
99	98
100	95
101	140
102	107
103	112
104	97
105	91
106	122
107	111
108	141
109	119
110	158
111	100
112	146
113	143
114	174
115	216
116	139
117	129
118	212
119	176
120	90
121	130
122	118
123	138
124	184
125	215
126	210
127	224
128	205
129	230
130	247
131	224
132	298
133	205
134	160
135	196
136	199
137	178
138	214
139	210
140	303
141	410
142	292
143	166
144	298
145	143
146	185
147	248
148	182
149	215
150	268
151	285
152	257
153	298
154	343
155	303
156	308
157	483
158	244
159	351
160	374
161	442
162	374
163	599
164	362
165	646
166	583
167	408
168	251
169	482
170	402
171	550
172	575
173	365
174	554
175	444
176	434
177	452
178	707
179	375
180	560
181	451
182	430
183	665
184	518
185	426
186	381
187	595
188	435
189	423
190	510
191	445
192	482
193	474
194	720
195	545
196	424
197	671
198	624
199	892
200	450
201	550
202	667
203	390
204	462
205	288
206	485
207	797
208	568
209	551
210	615
211	615
212	1074
213	477
214	487
215	584
216	337
217	318
218	614
219	524
220	606
221	437
222	416
223	767
224	484
225	378
226	792
227	466
228	563
229	690
230	393
231	330
232	437
233	630
234	428
235	531
236	381
237	464
238	436
239	586
240	387
241	499
242	355
243	502
244	519
245	325
246	649
247	688
248	443
249	367
250	342
251	650
252	862
253	511
254	251
255	493
256	600
257	552
258	574
259	518
260	394
261	566
262	569
263	619
264	847
265	566
266	574
267	707
268	689
269	721
270	456
271	675
272	398
273	472
274	482
275	700
276	378
277	471
278	591
279	775
280	704
281	759
282	648
283	394
284	789
285	543
286	383
287	687
288	569
289	385
290	847
291	417
292	474
293	599
294	387
295	451
296	452
297	549
298	591
299	402
300	840
301	401
302	310
303	227
304	292
305	345
306	359
307	281
308	407
309	378
310	438
311	291
312	162
313	240
314	431
315	258
316	292
317	198
318	277
319	514
320	449
321	631
322	482
323	562
324	256
325	261
326	428
327	346
328	426
329	446
330	426
331	210
332	382
333	306
334	333
335	220
336	327
337	395
338	483
339	278
340	248
341	452
342	348
343	316
344	327
345	260
346	631
347	334
348	401
349	243
350	371
351	298
352	227
353	268
354	270
355	285
356	306
357	339
358	382
359	278
360	405
361	391
362	300
363	426
364	292
365	268
366	330
367	293
368	438
369	216
370	555
371	222
372	358
373	207
374	158
375	200
376	180
377	279
378	384
379	256
380	319
381	231
382	258
383	195
384	245
385	234
386	287
387	242
388	251
389	285
390	258
391	301
392	342
393	281
394	258
395	289
396	299
397	331
398	170
399	348
400	214
401	451
402	367
403	344
404	209
405	303
406	297
407	366
408	374
409	301
410	210
411	257
412	358
413	273
414	208
415	189
416	345
417	274
418	245
419	206
420	300
421	299
422	379
423	267
424	237
425	273
426	254
427	304
428	424
429	265
430	190
431	258
432	122
433	183
434	148
435	125
436	268
437	309
438	186
439	132
440	257
441	372
442	205
443	158
444	171
445	112
446	189
447	138
448	230
449	165
450	230
451	146
452	162
453	143
454	158
455	140
456	169
457	60
458	68
459	130
460	135
461	114
462	84
463	166
464	398
465	298
466	212
467	115
468	114
469	106
470	143
471	104
472	65
473	83
474	111
475	126
476	130
477	181
478	113
479	126
480	68
481	129
482	106
483	134
484	91
485	78
486	93
487	250
488	83
489	114
490	77
491	131
492	78
493	93
494	147
495	97
496	95
497	150
498	87
499	65
500	137
501	106
502	195
503	182
504	115
505	151
506	103
507	121
508	61
509	78
510	73
511	100
512	66
513	180
514	80
515	103
516	126
517	138
518	82
519	95
520	110
521	170
522	71
523	44
524	66
525	58
526	58
527	63
528	49
529	47
530	52
531	47
532	69
533	25
534	50
535	58
536	59
537	89
538	81
539	44
540	49
541	71
542	54
543	39
544	55
545	47
546	53
547	38
548	97
549	101
550	128
551	59
552	50
553	52
554	38
555	52
556	50
557	58
558	31
559	113
560	48
561	180
562	65
563	48
564	54
565	18
566	89
567	52
