0	0
1	0
2	0
3	0
4	0
5	0
6	0
7	0
8	0
9	0
10	0
11	0
12	0
13	0
14	0
15	0
16	0
17	0
18	0
19	0
20	0
21	0
22	0
23	1
24	0
25	3
26	1
27	3
28	1
29	0
30	1
31	3
32	0
33	2
34	1
35	7
36	0
37	3
38	4
39	2
40	9
41	4
42	7
43	4
44	8
45	4
46	6
47	2
48	8
49	11
50	13
51	6
52	10
53	2
54	4
55	11
56	10
57	8
58	12
59	17
60	24
61	16
62	9
63	12
64	10
65	9
66	9
67	18
68	16
69	15
70	22
71	25
72	24
73	30
74	17
75	17
76	25
77	22
78	24
79	35
80	22
81	30
82	32
83	50
84	45
85	44
86	50
87	99
88	68
89	66
90	52
91	62
92	46
93	52
94	81
95	55
96	79
97	77
98	87
99	82
100	68
101	111
102	87
103	82
104	84
105	71
106	94
107	79
108	79
109	91
110	93
111	66
112	98
113	99
114	112
115	113
116	97
117	87
118	132
119	115
120	66
121	94
122	85
123	96
124	115
125	122
126	121
127	101
128	107
129	129
130	148
131	114
132	165
133	121
134	89
135	113
136	95
137	112
138	109
139	109
140	150
141	178
142	136
143	90
144	121
145	78
146	112
147	116
148	93
149	110
150	108
151	95
152	106
153	118
154	133
155	123
156	114
157	165
158	99
159	133
160	110
161	143
162	147
163	153
164	104
165	171
166	135
167	120
168	87
169	132
170	130
171	184
172	157
173	112
174	134
175	136
176	119
177	99
178	152
179	112
180	123
181	124
182	113
183	162
184	113
185	116
186	99
187	133
188	132
189	136
190	124
191	126
192	134
193	123
194	150
195	150
196	125
197	177
198	150
199	163
200	138
201	141
202	167
203	128
204	120
205	91
206	142
207	163
208	144
209	137
210	120
211	124
212	167
213	133
214	120
215	139
216	92
217	102
218	139
219	128
220	117
221	95
222	100
223	120
224	117
225	122
226	138
227	122
228	111
229	111
230	106
231	101
232	98
233	120
234	123
235	124
236	104
237	94
238	116
239	146
240	100
241	107
242	118
243	117
244	129
245	103
246	134
247	126
248	90
249	101
250	105
251	128
252	133
253	95
254	77
255	107
256	137
257	131
258	111
259	130
260	106
261	153
262	164
263	162
264	173
265	131
266	140
267	147
268	150
269	136
270	144
271	153
272	92
273	110
274	114
275	143
276	109
277	136
278	144
279	161
280	141
281	146
282	157
283	127
284	148
285	112
286	116
287	156
288	143
289	121
290	155
291	136
292	144
293	144
294	121
295	131
296	127
297	142
298	136
299	109
300	142
301	116
302	105
303	109
304	106
305	101
306	114
307	121
308	121
309	122
310	129
311	80
312	88
313	111
314	94
315	102
316	124
317	110
318	101
319	152
320	119
321	159
322	141
323	133
324	104
325	110
326	131
327	126
328	122
329	138
330	122
331	94
332	100
333	99
334	118
335	95
336	132
337	137
338	131
339	113
340	117
341	134
342	125
343	132
344	107
345	109
346	127
347	125
348	124
349	102
350	110
351	90
352	95
353	122
354	110
355	137
356	124
357	106
358	146
359	135
360	137
361	125
362	120
363	119
364	123
365	131
366	141
367	124
368	158
369	91
370	129
371	94
372	143
373	103
374	106
375	99
376	106
377	111
378	136
379	115
380	120
381	116
382	113
383	107
384	110
385	117
386	122
387	101
388	105
389	104
390	141
391	132
392	137
393	136
394	108
395	104
396	114
397	119
398	109
399	135
400	96
401	131
402	110
403	138
404	107
405	100
406	105
407	130
408	150
409	120
410	120
411	130
412	137
413	95
414	103
415	108
416	119
417	117
418	114
419	108
420	103
421	115
422	155
423	125
424	121
425	132
426	127
427	118
428	134
429	104
430	95
431	101
432	75
433	99
434	79
435	85
436	122
437	108
438	105
439	89
440	132
441	117
442	93
443	98
444	94
445	78
446	97
447	86
448	113
449	89
450	96
451	92
452	84
453	91
454	91
455	79
456	95
457	49
458	55
459	76
460	84
461	79
462	51
463	92
464	119
465	92
466	71
467	68
468	66
469	66
470	67
471	61
472	54
473	61
474	77
475	58
476	69
477	76
478	72
479	70
480	52
481	65
482	59
483	60
484	44
485	40
486	56
487	66
488	53
489	66
490	59
491	61
492	58
493	61
494	65
495	59
496	66
497	69
498	50
499	56
500	76
501	70
502	70
503	83
504	69
505	77
506	60
507	77
508	47
509	50
510	52
511	51
512	49
513	71
514	47
515	57
516	69
517	67
518	51
519	52
520	45
521	78
522	46
523	32
524	55
525	38
526	47
527	49
528	40
529	36
530	36
531	32
532	58
533	22
534	46
535	44
536	41
537	64
538	45
539	32
540	38
541	44
542	32
543	31
544	36
545	37
546	42
547	31
548	55
549	61
550	73
551	41
552	28
553	37
554	34
555	38
556	31
557	39
558	21
559	47
560	29
561	53
562	42
563	32
564	40
565	14
566	45
567	39
568	27
569	17
570	26
571	39
572	24
573	38
574	22
575	17
576	25
577	20
578	28
579	24
580	23
581	35
582	30
583	38
