0	0
1	0
2	0
3	0
4	0
5	0
6	0
7	0
8	0
9	0
10	0
11	0
12	3
13	6
14	4
15	9
16	6
17	8
18	4
19	3
20	6
21	4
22	10
23	9
24	8
25	24
26	17
27	23
28	13
29	17
30	21
31	41
32	26
33	54
34	46
35	56
36	47
37	45
38	74
39	49
40	72
41	62
42	69
43	144
44	112
45	53
46	82
47	788
48	71
49	59
50	159
51	62
52	68
53	74
54	52
55	76
56	74
57	83
58	67
59	62
60	70
61	71
62	83
63	67
64	48
65	74
66	42
67	68
68	51
69	61
70	65
71	89
72	67
73	59
74	88
75	90
76	87
77	75
78	58
79	79
80	89
81	103
82	111
83	135
84	140
85	127
86	131
87	124
88	138
89	116
90	136
91	146
92	130
93	168
94	179
95	149
96	172
97	171
98	166
99	151
100	199
101	175
102	173
103	220
104	164
105	197
106	218
107	219
108	235
109	228
110	180
111	252
112	177
113	213
114	248
115	280
116	233
117	267
118	279
119	303
120	275
121	268
122	280
123	347
124	342
125	338
126	305
127	256
128	312
129	288
130	283
131	275
132	347
133	328
134	277
135	324
136	373
137	294
138	289
139	378
140	325
141	287
142	336
143	255
144	343
145	283
146	327
147	218
148	292
149	285
150	137
151	195
152	207
153	142
154	278
155	228
156	282
157	179
158	279
159	294
160	294
161	204
162	241
163	338
164	277
165	306
166	242
167	234
168	304
169	341
170	303
171	259
172	190
173	229
174	224
175	292
176	344
177	232
178	321
179	317
180	309
181	200
182	290
183	220
184	224
185	282
186	298
187	221
188	198
189	188
190	289
191	251
192	222
193	313
194	251
195	118
196	235
197	215
198	214
199	278
200	229
201	276
202	276
203	259
204	257
205	231
206	280
207	178
208	206
209	182
210	302
211	319
212	221
213	198
214	252
215	278
216	202
217	250
218	118
219	286
220	167
221	324
222	161
223	169
224	156
225	243
226	256
227	299
228	141
229	181
230	215
231	341
232	251
233	263
234	229
235	183
236	159
237	258
238	248
239	262
240	180
241	268
242	223
243	278
244	169
245	161
246	183
247	310
248	359
249	236
250	194
251	313
252	134
253	260
254	213
255	292
256	158
257	152
258	139
259	245
260	226
261	289
262	182
263	293
264	174
265	218
266	307
267	269
268	190
269	298
270	215
271	174
272	214
273	173
274	144
275	156
276	336
277	190
278	279
279	350
280	233
281	198
282	315
283	291
284	198
285	215
286	204
287	154
288	169
289	188
290	187
291	190
292	244
293	230
294	264
295	219
296	370
297	219
298	184
299	341
300	230
301	292
302	302
303	233
304	253
305	227
306	322
307	263
308	221
309	254
310	192
311	230
312	196
313	204
314	212
315	223
316	267
317	292
318	206
319	127
320	233
321	219
322	174
323	234
324	202
325	178
326	200
327	230
328	276
329	373
330	260
331	192
332	203
333	204
334	223
335	220
336	225
337	208
338	177
339	200
340	171
341	164
342	223
343	207
344	270
345	179
346	205
347	190
348	140
349	127
350	161
351	170
352	215
353	196
354	127
355	172
356	180
357	232
358	179
359	222
360	162
361	233
362	194
363	201
364	162
365	205
366	207
367	217
368	168
369	190
370	205
371	154
372	187
373	228
374	162
375	141
376	187
377	162
378	156
379	173
380	170
381	189
382	225
383	202
384	208
385	182
386	142
387	158
388	278
389	180
390	152
391	164
392	215
393	153
394	196
395	149
396	118
397	146
398	140
399	217
400	222
401	147
402	132
403	162
404	149
405	93
406	176
407	170
408	144
409	210
410	208
411	175
412	173
413	144
414	127
415	130
416	184
417	167
418	153
419	192
420	206
421	186
422	203
423	182
424	202
425	185
426	132
427	101
428	134
429	125
430	149
431	128
432	152
433	105
434	169
435	140
436	166
437	175
438	121
439	153
440	104
441	221
442	146
443	157
444	137
445	124
446	149
447	182
448	127
449	85
450	109
451	151
452	113
453	155
454	139
455	113
456	135
457	143
458	179
459	101
460	103
461	79
462	80
463	112
464	96
465	68
466	100
467	88
468	111
469	66
470	85
471	82
472	119
473	108
474	71
475	93
476	115
477	121
478	72
479	84
480	105
481	101
482	138
483	122
484	123
485	93
486	76
487	81
488	119
489	72
490	84
491	91
492	167
493	75
494	78
495	83
496	88
497	104
498	63
499	87
500	95
501	79
502	90
503	97
504	105
505	95
506	105
507	142
508	135
509	99
510	59
511	79
512	104
513	49
514	46
515	73
516	56
517	64
518	54
519	66
520	57
521	82
522	84
523	77
524	77
525	57
526	40
527	55
528	80
529	81
530	57
531	66
532	45
533	55
534	97
535	75
536	40
537	52
538	63
539	77
540	79
541	65
542	46
543	43
544	73
545	41
546	56
547	32
548	45
549	30
550	54
551	31
552	39
553	39
554	44
555	55
556	57
557	17
558	37
559	51
560	38
561	37
562	35
563	54
564	26
565	13
566	29
567	32
568	47
569	32
570	43
571	58
