0	0
1	0
2	0
3	0
4	0
5	0
6	0
7	0
8	0
9	0
10	0
11	0
12	3
13	5
14	4
15	8
16	5
17	8
18	4
19	3
20	6
21	4
22	10
23	7
24	8
25	24
26	16
27	23
28	12
29	17
30	21
31	41
32	26
33	47
34	43
35	49
36	42
37	38
38	55
39	42
40	55
41	55
42	54
43	53
44	49
45	39
46	56
47	63
48	37
49	48
50	52
51	41
52	50
53	60
54	49
55	60
56	59
57	65
58	45
59	58
60	60
61	61
62	72
63	61
64	47
65	65
66	40
67	62
68	47
69	54
70	54
71	69
72	61
73	53
74	75
75	81
76	75
77	66
78	51
79	67
80	78
81	89
82	97
83	116
84	112
85	103
86	108
87	99
88	112
89	97
90	107
91	114
92	112
93	138
94	140
95	119
96	114
97	132
98	133
99	114
100	157
101	139
102	136
103	163
104	127
105	144
106	151
107	144
108	174
109	149
110	124
111	168
112	126
113	143
114	174
115	181
116	152
117	182
118	170
119	199
120	170
121	186
122	163
123	210
124	196
125	201
126	192
127	156
128	190
129	173
130	168
131	149
132	204
133	203
134	179
135	152
136	194
137	161
138	162
139	177
140	169
141	144
142	163
143	151
144	191
145	156
146	152
147	120
148	118
149	115
150	61
151	88
152	84
153	74
154	111
155	98
156	97
157	92
158	103
159	108
160	95
161	89
162	90
163	117
164	121
165	100
166	83
167	93
168	123
169	121
170	95
171	78
172	62
173	72
174	106
175	124
176	114
177	90
178	119
179	113
180	103
181	88
182	109
183	88
184	77
185	88
186	104
187	92
188	93
189	77
190	102
191	98
192	79
193	121
194	98
195	56
196	98
197	98
198	91
199	122
200	101
201	98
202	101
203	99
204	98
205	89
206	88
207	77
208	85
209	86
210	113
211	127
212	89
213	84
214	86
215	96
216	84
217	83
218	76
219	107
220	82
221	116
222	71
223	69
224	81
225	98
226	93
227	96
228	73
229	73
230	111
231	119
232	88
233	92
234	90
235	69
236	78
237	100
238	100
239	101
240	77
241	111
242	83
243	91
244	79
245	74
246	82
247	121
248	141
249	91
250	98
251	97
252	85
253	111
254	98
255	101
256	79
257	75
258	83
259	89
260	111
261	106
262	103
263	125
264	95
265	105
266	122
267	129
268	91
269	126
270	97
271	93
272	95
273	95
274	84
275	88
276	134
277	111
278	118
279	135
280	110
281	92
282	126
283	116
284	97
285	105
286	97
287	85
288	88
289	99
290	105
291	112
292	140
293	130
294	132
295	114
296	135
297	126
298	115
299	146
300	122
301	126
302	125
303	113
304	136
305	128
306	134
307	111
308	109
309	116
310	110
311	112
312	97
313	98
314	105
315	107
316	128
317	142
318	111
319	92
320	126
321	128
322	109
323	129
324	122
325	106
326	114
327	122
328	123
329	155
330	116
331	116
332	116
333	114
334	118
335	119
336	122
337	114
338	117
339	104
340	98
341	120
342	122
343	118
344	143
345	99
346	105
347	109
348	79
349	92
350	96
351	93
352	105
353	111
354	89
355	116
356	119
357	132
358	99
359	116
360	96
361	123
362	104
363	105
364	118
365	133
366	118
367	118
368	89
369	108
370	115
371	91
372	116
373	126
374	102
375	84
376	116
377	119
378	114
379	120
380	109
381	114
382	133
383	128
384	120
385	114
386	86
387	105
388	141
389	132
390	105
391	104
392	137
393	91
394	107
395	88
396	84
397	115
398	98
399	141
400	129
401	114
402	97
403	103
404	97
405	68
406	114
407	120
408	99
409	128
410	112
411	109
412	106
413	82
414	81
415	94
416	108
417	102
418	117
419	115
420	129
421	119
422	109
423	123
424	124
425	115
426	97
427	81
428	88
429	82
430	106
431	93
432	113
433	83
434	114
435	87
436	110
437	117
438	78
439	106
440	86
441	107
442	111
443	97
444	106
445	91
446	103
447	118
448	82
449	75
450	80
451	96
452	84
453	73
454	76
455	78
456	101
457	98
458	105
459	76
460	70
461	66
462	64
463	86
464	70
465	52
466	85
467	60
468	70
469	53
470	69
471	61
472	88
473	72
474	58
475	65
476	81
477	79
478	63
479	66
480	82
481	78
482	99
483	67
484	80
485	62
486	63
487	62
488	73
489	55
490	72
491	66
492	96
493	61
494	59
495	66
496	72
497	73
498	53
499	65
500	63
501	56
502	77
503	79
504	74
505	68
506	76
507	98
508	86
509	79
510	40
511	64
512	70
513	42
514	37
515	53
516	46
517	50
518	49
519	56
520	41
521	59
522	65
523	55
524	65
525	47
526	37
527	44
528	62
529	55
530	44
531	41
532	40
533	44
534	63
535	49
536	36
537	36
538	46
539	49
540	58
541	51
542	38
543	37
544	55
545	37
546	35
547	26
548	36
549	23
550	46
551	26
552	37
553	30
554	40
555	39
556	47
557	15
558	32
559	41
560	33
561	32
562	24
563	35
564	19
565	10
566	27
567	28
568	30
569	28
570	33
571	35
572	21
573	22
574	32
575	15
576	26
577	24
578	24
579	23
