0	0
1	0
2	0
3	0
4	0
5	0
6	0
7	0
8	0
9	0
10	0
11	0
12	0
13	0
14	1
15	0
16	0
17	0
18	0
19	2
20	1
21	1
22	1
23	2
24	3
25	0
26	4
27	2
28	2
29	4
30	4
31	6
32	3
33	7
34	4
35	8
36	3
37	4
38	11
39	8
40	4
41	2
42	2
43	6
44	2
45	6
46	4
47	4
48	6
49	7
50	3
51	5
52	6
53	5
54	2
55	7
56	5
57	8
58	6
59	7
60	4
61	5
62	4
63	8
64	6
65	5
66	6
67	8
68	5
69	3
70	3
71	5
72	3
73	9
74	5
75	18
76	13
77	11
78	10
79	10
80	8
81	10
82	10
83	8
84	12
85	13
86	14
87	17
88	19
89	18
90	25
91	24
92	17
93	17
94	22
95	25
96	24
97	24
98	23
99	31
100	22
101	34
102	35
103	24
104	32
105	24
106	46
107	38
108	30
109	40
110	44
111	40
112	34
113	37
114	44
115	61
116	58
117	38
118	38
119	63
120	52
121	47
122	55
123	59
124	74
125	63
126	44
127	62
128	61
129	68
130	68
131	50
132	63
133	93
134	84
135	64
136	55
137	46
138	74
139	60
140	98
141	65
142	64
143	87
144	77
145	65
146	68
147	85
148	72
149	76
150	68
151	48
152	62
153	77
154	63
155	62
156	91
157	61
158	30
159	71
160	85
161	52
162	72
163	65
164	97
165	76
166	66
167	40
168	49
169	59
170	66
171	72
172	71
173	82
174	90
175	88
176	89
177	79
178	83
179	67
180	84
181	60
182	78
183	90
184	77
185	77
186	59
187	93
188	42
189	78
190	82
191	84
192	58
193	84
194	58
195	69
196	78
197	56
198	62
199	73
200	84
201	65
202	62
203	68
204	60
205	76
206	54
207	51
208	66
209	66
210	85
211	60
212	80
213	75
214	90
215	79
216	88
217	83
218	80
219	91
220	73
221	65
222	82
223	80
224	102
225	93
226	100
227	64
228	105
229	66
230	63
231	85
232	75
233	64
234	57
235	70
236	71
237	52
238	56
239	73
240	52
241	70
242	44
243	76
244	54
245	48
246	63
247	83
248	59
249	72
250	59
251	79
252	72
253	74
254	95
255	62
256	86
257	91
258	89
259	104
260	99
261	96
262	95
263	89
264	104
265	69
266	70
267	75
268	93
269	63
270	83
271	98
272	81
273	78
274	86
275	74
276	72
277	71
278	90
279	77
280	69
281	61
282	66
283	75
284	47
285	106
286	91
287	98
288	63
289	88
290	100
291	65
292	88
293	94
294	89
295	70
296	72
297	96
298	61
299	74
300	101
301	67
302	60
303	58
304	52
305	61
306	53
307	78
308	102
309	88
310	87
311	91
312	94
313	89
314	57
315	54
316	60
317	60
318	79
319	59
320	57
321	71
322	80
323	100
324	80
325	63
326	57
327	77
328	67
329	91
330	59
331	54
332	71
333	85
334	76
335	64
336	82
337	84
338	82
339	85
340	66
341	57
342	73
343	72
344	65
345	41
346	56
347	56
348	62
349	79
350	64
351	50
352	50
353	53
354	54
355	97
356	60
357	68
358	63
359	60
360	53
361	58
362	88
363	78
364	64
365	54
366	45
367	74
368	57
369	78
370	53
371	61
372	38
373	52
374	42
375	58
376	41
377	52
378	45
379	45
380	63
381	48
382	45
383	56
384	48
385	88
386	71
387	97
388	67
389	59
390	77
391	66
392	60
393	60
394	45
395	76
396	61
397	55
398	57
399	54
400	60
401	64
402	51
403	73
404	60
405	82
406	86
407	51
408	58
409	53
410	72
411	74
412	57
413	52
414	48
415	66
416	46
417	64
418	72
419	82
420	60
421	62
422	57
423	44
424	37
425	51
426	54
427	59
428	64
429	48
430	48
431	46
432	69
433	66
434	53
435	61
436	38
437	37
438	39
439	39
440	39
441	42
442	48
443	47
444	39
445	53
446	36
447	47
448	41
449	27
450	44
451	54
452	35
453	41
454	12
455	36
456	58
457	43
458	63
459	33
460	28
461	27
462	21
463	35
464	40
465	36
466	24
467	36
468	22
469	36
470	47
471	33
472	23
473	25
474	47
475	34
476	31
477	27
478	27
479	18
480	19
481	36
482	12
483	24
484	27
485	41
486	26
487	37
488	29
489	24
490	29
491	17
492	30
493	44
494	18
495	17
496	35
497	25
498	22
499	17
500	23
501	20
502	21
503	19
504	23
505	21
506	20
507	24
508	40
509	9
510	24
511	21
512	18
513	14
514	29
515	25
516	13
517	20
518	13
519	19
520	11
521	12
522	16
523	18
524	25
525	4
526	14
527	16
528	16
529	11
530	19
531	8
532	15
533	12
534	15
535	16
536	20
537	18
538	19
539	22
540	19
541	18
542	20
543	14
544	24
545	16
546	27
547	20
548	10
549	12
550	6
551	6
552	7
553	11
554	7
555	11
556	8
557	5
558	10
559	8
560	9
561	5
562	17
563	32
564	7
565	13
566	7
567	11
568	15
569	6
570	3
571	10
572	5
573	12
574	17
575	6
576	7
577	22
578	14
