0	0
1	0
2	0
3	0
4	0
5	0
6	0
7	0
8	0
9	0
10	0
11	0
12	0
13	0
14	1
15	0
16	0
17	0
18	0
19	2
20	1
21	1
22	1
23	2
24	3
25	0
26	4
27	2
28	2
29	4
30	4
31	6
32	3
33	8
34	4
35	8
36	3
37	4
38	11
39	8
40	4
41	2
42	2
43	6
44	2
45	6
46	4
47	4
48	6
49	7
50	3
51	6
52	6
53	6
54	2
55	7
56	6
57	8
58	7
59	7
60	4
61	5
62	4
63	8
64	6
65	6
66	6
67	13
68	5
69	3
70	3
71	5
72	4
73	9
74	6
75	19
76	14
77	11
78	14
79	11
80	8
81	11
82	10
83	10
84	15
85	14
86	15
87	17
88	20
89	21
90	26
91	31
92	19
93	19
94	27
95	26
96	28
97	24
98	27
99	32
100	23
101	34
102	41
103	26
104	33
105	27
106	73
107	65
108	33
109	60
110	61
111	50
112	51
113	52
114	67
115	143
116	96
117	59
118	48
119	85
120	66
121	79
122	80
123	83
124	105
125	115
126	63
127	106
128	92
129	131
130	95
131	78
132	94
133	142
134	144
135	86
136	87
137	78
138	122
139	114
140	158
141	121
142	117
143	134
144	136
145	123
146	108
147	185
148	124
149	156
150	132
151	126
152	155
153	188
154	152
155	164
156	220
157	166
158	82
159	180
160	179
161	122
162	152
163	143
164	206
165	241
166	168
167	130
168	104
169	148
170	192
171	203
172	167
173	205
174	258
175	316
176	258
177	183
178	257
179	201
180	298
181	207
182	205
183	232
184	190
185	254
186	200
187	275
188	131
189	195
190	258
191	261
192	131
193	257
194	242
195	221
196	263
197	174
198	207
199	314
200	297
201	271
202	230
203	241
204	152
205	362
206	114
207	94
208	200
209	199
210	269
211	206
212	242
213	296
214	327
215	275
216	287
217	345
218	251
219	317
220	313
221	305
222	267
223	224
224	338
225	340
226	400
227	220
228	452
229	293
230	193
231	352
232	363
233	242
234	183
235	309
236	281
237	144
238	214
239	219
240	208
241	232
242	120
243	275
244	257
245	178
246	191
247	321
248	203
249	262
250	160
251	348
252	291
253	213
254	321
255	226
256	292
257	276
258	305
259	431
260	352
261	296
262	452
263	406
264	354
265	301
266	272
267	253
268	402
269	249
270	203
271	436
272	328
273	218
274	406
275	344
276	246
277	298
278	341
279	371
280	241
281	197
282	241
283	344
284	145
285	306
286	302
287	360
288	224
289	312
290	492
291	177
292	296
293	255
294	344
295	309
296	220
297	362
298	235
299	209
300	310
301	226
302	214
303	195
304	221
305	187
306	198
307	289
308	340
309	374
310	297
311	362
312	473
313	294
314	175
315	180
316	249
317	157
318	231
319	176
320	135
321	223
322	210
323	352
324	265
325	176
326	183
327	295
328	222
329	245
330	202
331	141
332	233
333	270
334	325
335	162
336	347
337	184
338	248
339	293
340	150
341	192
342	231
343	181
344	256
345	138
346	220
347	154
348	166
349	183
350	181
351	191
352	115
353	205
354	109
355	279
356	184
357	197
358	219
359	198
360	179
361	182
362	164
363	225
364	214
365	119
366	117
367	241
368	158
369	286
370	159
371	169
372	134
373	126
374	76
375	182
376	91
377	192
378	112
379	100
380	160
381	148
382	115
383	167
384	120
385	167
386	160
387	234
388	142
389	168
390	207
391	176
392	163
393	178
394	122
395	250
396	138
397	134
398	194
399	117
400	206
401	167
402	126
403	222
404	188
405	231
406	266
407	127
408	194
409	106
410	187
411	253
412	104
413	96
414	107
415	230
416	102
417	131
418	207
419	222
420	159
421	160
422	130
423	124
424	62
425	122
426	148
427	154
428	163
429	85
430	97
431	161
432	182
433	136
434	132
435	259
436	87
437	111
438	118
439	57
440	77
441	82
442	138
443	158
444	91
445	106
446	78
447	126
448	114
449	42
450	69
451	102
452	91
453	72
454	16
455	86
456	113
457	93
458	144
459	66
460	94
461	70
462	36
463	69
464	63
465	100
466	38
467	74
468	32
469	90
470	165
471	62
472	50
473	62
474	140
475	95
476	41
477	80
478	45
479	29
480	46
481	78
482	12
483	39
484	76
485	97
486	46
487	86
488	61
489	43
490	53
491	24
492	54
493	134
494	27
495	26
496	84
497	40
498	73
499	42
500	27
501	25
502	27
503	29
504	50
505	42
506	38
507	32
508	76
509	12
510	49
511	32
512	35
513	28
514	51
515	41
516	18
517	37
518	16
519	45
520	18
521	21
522	26
523	39
524	74
525	6
526	16
527	44
528	38
529	28
530	61
531	12
532	29
533	13
534	32
535	36
536	59
537	23
538	37
539	60
540	26
541	50
542	33
543	17
544	38
545	27
546	53
547	48
548	10
549	31
550	22
551	6
552	7
553	21
554	8
555	13
556	9
557	10
558	16
559	8
560	11
561	9
562	24
563	95
564	11
565	25
566	8
567	21
