0	0
1	0
2	0
3	0
4	0
5	0
6	0
7	0
8	0
9	0
10	0
11	0
12	0
13	1
14	5
15	8
16	14
17	11
18	12
19	10
20	8
21	7
22	12
23	16
24	12
25	15
26	19
27	21
28	24
29	31
30	31
31	57
32	59
33	68
34	86
35	88
36	79
37	105
38	155
39	121
40	203
41	251
42	218
43	252
44	296
45	330
46	319
47	328
48	396
49	403
50	391
51	395
52	459
53	529
54	500
55	516
56	545
57	549
58	615
59	572
60	596
61	654
62	647
63	669
64	686
65	760
66	803
67	814
68	828
69	937
70	1011
71	907
72	932
73	1089
74	1024
75	1098
76	1101
77	1209
78	1226
79	1296
80	1336
81	1385
82	1511
83	1987
84	1594
85	2217
86	1652
87	1688
88	1755
89	2146
90	3759
91	2413
92	2360
93	2220
94	2152
95	2175
96	2289
97	2316
98	2311
99	2345
100	2516
101	2740
102	2755
103	2741
104	2878
105	3037
106	3014
107	3165
108	3276
109	3332
110	3410
111	3424
112	3530
113	3669
114	3679
115	3773
116	4026
117	3974
118	4334
119	4204
120	4542
121	4502
122	4769
123	4699
124	4952
125	4748
126	5155
127	5238
128	5185
129	5414
130	5452
131	5642
132	5596
133	5645
134	5974
135	5784
136	5998
137	6146
138	5996
139	5886
140	6175
141	6261
142	6400
143	6684
144	6641
145	6106
146	5929
147	6829
148	7039
149	7248
150	7559
151	7444
152	7609
153	7600
154	7842
155	7901
156	7810
157	8047
158	8066
159	7972
160	7992
161	7949
162	7981
163	8065
164	8181
165	8373
166	8423
167	8489
168	8181
169	8458
170	8387
171	8177
172	8635
173	8420
174	8326
175	8524
176	8417
177	8280
178	8263
179	8501
180	8480
181	8480
182	8646
183	8624
184	8219
185	8266
186	8096
187	8498
188	8211
189	8607
190	8335
191	8298
192	8169
193	8323
194	8586
195	8138
196	8422
197	8128
198	8658
199	8362
200	8249
201	8078
202	8010
203	8083
204	8102
205	8196
206	8179
207	8166
208	8068
209	8068
210	7743
211	7850
212	7820
213	8002
214	7710
215	7735
216	7593
217	7636
218	7620
219	7079
220	7323
221	7197
222	7310
223	7307
224	7233
225	7203
226	7202
227	7203
228	7206
229	7044
230	6970
231	6876
232	7000
233	6818
234	6919
235	6827
236	6847
237	6631
238	6627
239	6535
240	6689
241	6373
242	6523
243	6353
244	6435
245	6410
246	6474
247	6343
248	6400
249	6261
250	6203
251	6108
252	6188
253	6064
254	6018
255	5935
256	5784
257	5802
258	5774
259	5741
260	5650
261	5693
262	5762
263	5670
264	5674
265	5570
266	5497
267	5276
268	5387
269	5335
270	5267
271	5362
272	5186
273	5248
274	5197
275	5006
276	5142
277	5250
278	4876
279	4788
280	4949
281	4869
282	4853
283	5031
284	4748
285	4650
286	4618
287	4684
288	4646
289	4742
290	4650
291	4676
292	4402
293	4431
294	4441
295	4402
296	4462
297	4483
298	4190
299	4165
300	4131
301	4273
302	4132
303	4196
304	4185
305	3814
306	3830
307	4135
308	4005
309	3931
310	3990
311	3937
312	4007
313	3778
314	3741
315	3627
316	3893
317	3593
318	3637
319	3641
320	3603
321	3543
322	3477
323	3426
324	3374
325	3281
326	3365
327	3412
328	3410
329	3406
330	3321
331	3416
332	3043
333	3240
334	3218
335	3359
336	3082
337	3134
338	2964
339	3043
340	3046
341	3035
342	2998
343	3092
344	3017
345	3002
346	3123
347	3028
348	2876
349	2704
350	2792
351	2928
352	2903
353	2829
354	2869
355	2787
356	2627
357	2599
358	2513
359	2612
360	2685
361	2561
362	2422
363	2497
364	2595
365	2566
366	2371
367	2454
368	2460
369	2502
370	2452
371	2472
372	2369
373	2412
374	2415
375	2277
376	2396
377	2320
378	2347
379	2326
380	2379
381	2184
382	2343
383	2316
384	2238
385	2373
386	2275
387	2199
388	2188
389	2262
390	2199
391	2174
392	2194
393	2162
394	2260
395	2217
396	2164
397	2093
398	2118
399	1997
400	2019
401	1874
402	1940
403	1828
404	1758
405	1843
406	1808
407	1875
408	1770
409	1703
410	1676
411	1722
412	1792
413	1842
414	1860
415	1654
416	1747
417	1791
418	1924
419	1873
420	1717
421	1743
422	1823
423	1632
424	1664
425	1649
426	1620
427	1621
428	1647
429	1668
430	1523
431	1615
432	1605
433	1621
434	1486
435	1561
436	1482
437	1516
438	1510
439	1532
440	1493
441	1510
442	1668
443	1452
444	1476
445	1567
446	1547
447	1505
448	1505
449	1528
450	1470
451	1459
452	1402
453	1420
454	1324
455	1365
456	1244
457	1468
458	1479
459	1392
460	1353
461	1336
462	1310
463	1290
464	1364
465	1201
466	1258
467	1266
468	1322
469	1333
470	1256
471	1179
472	1277
473	1212
474	1268
475	1191
476	1256
477	1205
478	1203
479	1259
480	1177
481	1196
482	1241
483	1312
484	1090
485	1155
486	1173
487	1156
488	1120
489	987
490	1060
491	1040
492	1122
493	1067
494	1142
495	1204
496	1215
497	1061
498	1137
499	1150
500	1128
501	1065
502	1076
503	1122
504	1090
505	1146
506	1104
507	1100
508	1026
509	1053
510	1078
511	1089
512	1074
513	1035
514	1135
515	1061
516	1067
517	1113
518	1020
519	994
520	1026
521	1009
522	1077
523	1126
524	975
525	1027
526	999
527	1083
528	1008
529	1010
530	1035
531	958
532	988
533	1045
534	962
535	1008
536	977
537	1072
538	964
539	941
540	960
541	903
542	1032
543	937
544	929
545	979
546	928
547	950
548	918
549	879
550	916
551	968
552	921
553	928
554	937
555	888
556	907
557	890
558	954
559	1000
560	969
561	912
562	941
563	965
564	908
565	979
566	835
567	903
568	902
569	875
570	875
571	819
572	820
573	830
574	910
575	851
576	818
577	1011
578	902
579	900
580	958
581	849
582	904
583	795
584	832
585	899
586	813
587	877
588	810
589	894
590	913
591	858
592	918
593	801
594	935
595	799
596	814
597	806
598	820
599	792
600	808
601	801
602	864
603	836
604	750
605	801
606	864
607	872
608	818
609	831
610	845
611	844
612	777
613	796
614	871
615	830
616	725
617	822
618	877
619	830
620	690
621	761
622	748
623	765
624	833
625	864
626	853
627	769
628	789
629	749
630	727
631	743
632	793
633	754
634	786
635	729
636	748
637	811
638	806
639	760
640	796
641	793
642	760
643	763
644	764
645	773
646	684
647	752
648	639
649	700
650	761
651	760
652	828
653	718
654	710
655	702
656	657
657	772
658	702
659	683
660	707
661	770
662	726
663	727
664	692
665	647
666	627
667	643
668	676
669	690
670	749
671	767
672	669
673	688
674	721
675	733
676	680
677	747
678	736
679	717
680	664
681	774
682	624
683	695
684	643
685	614
686	688
687	672
688	671
689	673
690	758
691	743
692	728
693	742
694	658
695	661
696	705
697	717
698	776
699	672
700	700
701	665
702	726
703	722
704	721
705	756
706	700
707	634
708	727
709	716
710	673
711	670
712	657
713	640
714	628
715	644
716	646
717	707
718	675
719	705
720	611
721	681
722	563
723	668
724	637
725	651
726	659
727	561
728	647
729	672
730	618
731	624
732	656
733	639
734	637
735	622
736	682
737	647
738	617
739	688
740	654
741	665
742	703
743	670
744	672
745	631
746	684
747	641
748	652
749	613
750	615
751	634
752	597
753	561
754	522
755	555
756	590
757	597
758	509
759	516
760	541
761	693
762	518
763	580
764	572
765	580
766	563
767	571
768	549
769	609
770	629
771	600
772	588
773	635
774	589
775	579
776	570
777	605
778	543
779	549
780	576
781	568
782	580
783	580
784	520
785	553
786	578
787	657
788	605
789	607
790	571
791	506
792	598
793	593
794	553
795	649
796	547
797	524
798	491
799	573
800	544
801	549
802	555
803	562
804	580
805	580
806	578
807	557
808	597
809	591
810	592
811	577
812	542
813	538
814	639
815	594
816	549
817	502
818	570
819	538
820	554
821	547
822	489
823	597
824	533
825	505
826	590
827	558
828	567
829	524
830	564
831	471
832	589
833	580
834	587
835	541
836	507
837	544
838	508
839	503
840	508
841	526
842	500
843	628
844	616
845	562
846	596
847	534
848	575
849	541
850	566
851	593
852	595
853	623
854	514
855	532
856	559
857	542
858	519
859	532
860	597
861	586
862	562
863	657
864	587
865	590
866	600
867	561
868	563
869	554
870	594
871	469
872	521
873	553
874	521
875	492
876	522
877	548
878	536
879	595
880	686
881	591
882	574
883	577
884	591
885	603
886	601
887	594
888	581
889	474
890	555
891	540
892	416
893	539
894	553
895	589
896	518
897	538
898	509
899	493
900	551
901	525
902	542
903	500
904	512
905	551
906	503
907	492
908	513
909	533
910	525
911	481
912	540
913	473
914	490
915	510
916	517
917	443
918	470
919	496
920	504
921	459
922	440
923	448
924	478
925	535
926	517
927	521
928	476
929	517
930	534
931	507
932	506
933	518
934	452
935	520
936	474
937	496
938	512
939	529
940	535
941	531
942	490
943	505
944	472
945	448
946	522
947	513
948	490
949	548
950	510
951	507
952	552
953	466
954	518
955	553
956	554
957	584
958	519
959	494
960	564
961	491
962	456
963	529
964	495
965	541
966	484
967	453
968	514
969	505
970	508
971	508
972	527
973	565
974	538
975	490
976	457
977	481
978	437
979	546
980	503
981	571
982	549
983	570
984	518
985	492
986	526
987	477
988	545
989	471
990	487
991	478
992	557
993	565
994	506
995	556
996	514
997	513
998	531
999	485
1000	528
1001	465
1002	484
1003	562
1004	559
1005	529
1006	470
1007	536
1008	548
1009	515
1010	492
1011	467
1012	485
1013	550
1014	515
1015	442
1016	473
1017	518
1018	508
1019	521
1020	490
1021	433
1022	461
1023	489
1024	471
1025	471
1026	476
1027	435
1028	489
1029	487
1030	484
1031	505
1032	486
1033	454
1034	491
1035	438
1036	483
1037	487
1038	408
1039	442
1040	415
1041	454
1042	450
1043	470
1044	463
1045	492
1046	408
1047	513
1048	400
1049	463
1050	456
1051	410
1052	430
1053	524
1054	443
1055	511
1056	490
1057	480
1058	483
1059	489
1060	432
1061	499
1062	425
1063	456
1064	462
1065	483
1066	505
1067	398
1068	480
1069	397
1070	450
1071	441
1072	416
1073	462
1074	421
1075	476
1076	423
1077	461
1078	488
1079	438
1080	403
1081	441
1082	473
1083	416
1084	424
1085	392
1086	434
1087	456
1088	536
1089	430
1090	450
1091	463
1092	467
1093	466
1094	428
1095	532
1096	467
1097	473
1098	467
1099	473
1100	411
1101	445
1102	478
1103	477
1104	452
1105	450
1106	465
1107	458
1108	475
1109	472
1110	428
1111	469
1112	473
1113	499
1114	453
1115	476
1116	505
1117	451
1118	469
1119	440
1120	446
1121	402
1122	439
1123	463
1124	463
1125	477
1126	487
1127	445
1128	413
1129	490
1130	437
1131	454
1132	458
1133	437
1134	450
1135	438
1136	431
1137	457
1138	473
1139	518
1140	505
1141	471
1142	516
1143	551
1144	454
1145	500
1146	510
1147	437
1148	432
1149	440
1150	446
1151	430
1152	462
1153	532
1154	449
1155	453
1156	472
1157	480
1158	424
1159	521
1160	414
1161	454
1162	476
1163	437
1164	513
1165	418
1166	422
1167	479
1168	456
1169	528
1170	435
1171	430
1172	392
1173	449
1174	412
1175	423
1176	488
1177	514
1178	437
1179	449
1180	447
1181	477
1182	436
1183	487
1184	496
1185	464
1186	429
1187	378
1188	396
1189	421
1190	392
1191	396
1192	443
1193	390
1194	431
1195	458
1196	420
1197	430
1198	415
1199	440
1200	420
1201	405
1202	428
1203	413
1204	464
1205	454
1206	453
1207	482
1208	447
1209	430
1210	444
1211	411
1212	484
1213	443
1214	402
1215	426
1216	448
1217	393
1218	434
1219	420
1220	392
1221	430
1222	427
1223	503
1224	499
1225	468
1226	435
1227	480
1228	406
1229	380
1230	442
1231	399
1232	425
1233	371
1234	432
1235	424
1236	383
1237	396
1238	406
1239	453
1240	429
1241	400
1242	402
1243	447
1244	429
1245	433
1246	412
1247	457
1248	416
1249	464
1250	451
1251	453
1252	445
1253	410
1254	364
1255	494
1256	435
1257	382
1258	473
1259	423
1260	431
1261	433
1262	414
1263	468
1264	444
1265	433
1266	464
1267	474
1268	406
1269	524
1270	479
1271	465
1272	475
1273	536
1274	440
1275	453
1276	440
1277	435
1278	411
1279	437
1280	438
1281	379
1282	483
1283	459
1284	440
1285	393
1286	413
1287	437
1288	422
1289	422
1290	440
1291	443
1292	366
1293	399
1294	399
1295	376
1296	396
1297	369
1298	391
1299	428
1300	394
1301	443
1302	433
1303	406
1304	396
1305	440
1306	432
1307	434
1308	436
1309	411
1310	444
1311	349
1312	413
1313	372
1314	374
1315	427
1316	439
1317	466
1318	431
1319	414
1320	388
1321	475
1322	407
1323	461
1324	430
1325	363
1326	408
1327	387
1328	405
1329	434
1330	429
1331	435
1332	420
1333	412
1334	511
1335	461
1336	394
1337	346
1338	434
1339	404
1340	392
1341	406
1342	366
1343	326
1344	414
1345	377
1346	418
1347	357
1348	391
1349	381
1350	367
1351	374
1352	362
1353	332
1354	332
1355	327
1356	368
1357	387
1358	347
1359	384
1360	348
1361	421
1362	362
1363	386
1364	414
1365	424
1366	360
1367	399
1368	332
1369	453
1370	435
1371	404
1372	432
1373	355
1374	341
1375	393
1376	403
1377	346
1378	381
1379	400
1380	381
1381	393
1382	343
1383	353
1384	324
1385	354
1386	332
1387	362
1388	384
1389	395
1390	411
1391	336
1392	390
1393	380
1394	368
1395	419
1396	384
1397	341
1398	427
1399	369
1400	375
1401	376
1402	372
1403	412
1404	397
1405	398
1406	396
1407	381
1408	432
1409	402
1410	443
1411	416
1412	408
1413	370
1414	360
1415	479
1416	437
1417	398
1418	420
1419	391
1420	344
1421	405
1422	344
1423	349
1424	353
1425	396
1426	365
1427	387
1428	327
1429	383
1430	341
1431	352
1432	346
1433	362
1434	362
1435	388
1436	386
1437	381
1438	387
1439	354
1440	420
1441	359
1442	389
1443	358
1444	335
1445	325
1446	314
1447	370
1448	320
1449	429
1450	375
1451	375
1452	381
1453	355
1454	342
1455	380
1456	400
1457	345
1458	400
1459	376
1460	391
1461	374
1462	369
1463	317
1464	339
1465	355
1466	369
1467	350
1468	374
1469	348
1470	375
1471	336
1472	363
1473	339
1474	347
1475	390
1476	422
1477	356
1478	341
1479	329
1480	348
1481	393
1482	368
1483	364
1484	389
1485	312
1486	385
1487	365
1488	398
1489	406
1490	411
1491	338
1492	428
1493	452
1494	363
1495	397
1496	461
1497	398
1498	414
1499	361
1500	399
1501	428
1502	445
1503	410
1504	401
1505	368
1506	395
1507	407
1508	384
1509	392
1510	417
1511	398
1512	375
1513	395
1514	413
1515	416
1516	376
1517	355
1518	419
1519	409
1520	394
1521	390
1522	401
1523	384
1524	416
1525	423
1526	362
1527	382
1528	415
1529	523
1530	450
1531	425
1532	446
1533	398
1534	406
1535	436
1536	417
1537	355
1538	380
1539	333
1540	342
1541	364
1542	349
1543	377
1544	372
1545	442
1546	433
1547	349
1548	436
1549	348
1550	370
1551	305
1552	346
1553	392
1554	413
1555	358
1556	366
1557	414
1558	379
1559	383
1560	352
1561	388
1562	347
1563	371
1564	373
1565	405
1566	377
1567	396
1568	375
1569	388
1570	397
1571	454
1572	443
1573	370
1574	413
1575	400
1576	424
1577	405
1578	475
1579	414
1580	339
1581	388
1582	417
1583	425
1584	428
1585	399
1586	386
1587	459
1588	354
1589	396
1590	430
1591	408
1592	403
1593	435
1594	428
1595	377
1596	342
1597	413
1598	409
1599	344
1600	409
1601	407
1602	393
1603	377
1604	369
1605	438
1606	427
1607	399
1608	368
1609	375
1610	361
1611	419
1612	384
1613	375
1614	384
1615	351
1616	394
1617	382
1618	332
1619	316
1620	374
1621	443
1622	383
1623	363
1624	395
1625	310
1626	438
1627	405
1628	439
1629	414
1630	412
1631	392
1632	376
1633	369
1634	354
1635	355
1636	358
1637	454
1638	371
1639	377
1640	372
1641	385
1642	425
1643	387
1644	377
1645	357
1646	349
1647	332
1648	359
1649	359
1650	332
1651	365
1652	319
1653	380
1654	408
1655	343
1656	300
1657	317
1658	371
1659	327
1660	386
1661	396
1662	342
1663	331
1664	384
1665	377
1666	346
1667	349
1668	375
1669	362
1670	334
1671	356
1672	353
1673	416
1674	342
1675	342
1676	377
1677	355
1678	359
1679	430
1680	366
1681	323
1682	386
1683	388
1684	366
1685	384
1686	389
1687	332
1688	322
1689	377
1690	329
1691	397
1692	377
1693	331
1694	380
1695	321
1696	329
1697	347
1698	383
1699	342
1700	283
1701	335
1702	332
1703	327
1704	392
1705	347
1706	374
1707	346
1708	365
1709	362
1710	355
1711	339
1712	333
1713	319
1714	351
1715	310
1716	353
1717	371
1718	344
1719	384
1720	315
1721	356
1722	332
1723	320
1724	366
1725	340
1726	401
1727	369
1728	327
1729	334
1730	356
1731	362
1732	355
1733	324
1734	382
1735	343
1736	420
1737	348
1738	392
1739	355
1740	363
1741	369
1742	325
1743	350
1744	375
1745	328
1746	360
1747	278
1748	333
1749	376
1750	294
1751	315
1752	348
1753	399
1754	331
1755	304
1756	330
1757	335
1758	299
1759	303
1760	370
1761	334
1762	298
1763	320
1764	300
1765	304
1766	270
1767	281
1768	356
1769	340
1770	327
1771	338
1772	302
1773	279
1774	312
1775	302
1776	328
1777	292
1778	292
1779	319
1780	305
1781	332
1782	310
1783	325
1784	322
1785	317
1786	331
1787	323
1788	328
1789	378
1790	309
1791	342
1792	287
1793	312
1794	343
1795	302
1796	318
1797	386
1798	288
1799	369
1800	352
1801	315
1802	308
1803	284
1804	307
1805	311
1806	277
1807	267
1808	279
1809	306
1810	317
1811	330
1812	262
1813	293
1814	279
1815	285
1816	276
1817	247
1818	273
1819	276
1820	265
1821	315
1822	286
1823	311
1824	293
1825	325
1826	311
1827	294
1828	355
1829	279
1830	301
1831	316
1832	290
1833	303
1834	303
1835	257
1836	320
1837	315
1838	316
1839	251
1840	270
1841	317
1842	336
1843	284
1844	296
1845	279
1846	295
1847	286
1848	305
1849	297
1850	298
1851	253
1852	303
1853	276
1854	280
1855	316
1856	279
1857	295
1858	292
1859	306
1860	287
1861	315
1862	320
1863	250
1864	252
1865	298
1866	300
1867	285
1868	292
1869	255
1870	255
1871	260
1872	267
1873	239
1874	302
1875	280
1876	276
1877	295
1878	277
1879	288
1880	288
1881	290
1882	285
1883	265
1884	298
1885	278
1886	283
1887	298
1888	278
1889	295
1890	293
1891	347
1892	248
1893	218
1894	268
1895	333
1896	323
1897	281
1898	359
1899	237
1900	295
1901	270
1902	264
1903	266
1904	324
1905	252
1906	283
1907	274
1908	286
1909	279
1910	344
1911	272
1912	285
1913	261
1914	276
1915	294
1916	256
1917	278
1918	277
1919	235
1920	331
1921	268
1922	285
1923	278
1924	256
1925	303
1926	283
1927	307
1928	247
1929	304
1930	275
1931	289
1932	272
1933	266
1934	284
1935	301
1936	326
1937	281
1938	281
1939	333
1940	280
1941	237
1942	249
1943	248
1944	276
1945	213
1946	248
1947	275
1948	302
1949	321
1950	298
1951	257
1952	290
1953	298
1954	268
1955	307
1956	270
1957	253
1958	292
1959	315
1960	263
1961	280
1962	335
1963	310
1964	291
1965	321
1966	280
1967	256
1968	271
1969	292
1970	260
1971	272
1972	273
1973	272
1974	260
1975	279
1976	320
1977	300
1978	290
1979	302
1980	289
1981	257
1982	316
1983	284
1984	301
1985	297
1986	319
1987	253
1988	261
1989	287
1990	309
1991	271
1992	289
1993	311
1994	326
1995	295
1996	317
1997	317
1998	264
1999	271
2000	240
2001	289
2002	292
2003	306
2004	301
2005	300
2006	282
2007	265
2008	275
2009	332
2010	294
2011	288
2012	318
2013	310
2014	322
2015	316
2016	318
2017	301
2018	249
2019	298
2020	313
2021	240
2022	328
2023	336
2024	405
2025	316
2026	267
2027	339
2028	301
2029	340
2030	347
2031	329
2032	293
2033	290
2034	302
2035	269
2036	265
2037	267
2038	273
2039	274
2040	291
2041	297
2042	278
2043	294
2044	279
2045	309
2046	347
2047	381
2048	351
2049	325
2050	293
2051	312
2052	306
2053	293
2054	331
2055	289
2056	378
2057	296
2058	291
2059	290
2060	314
2061	250
2062	321
2063	292
2064	289
2065	293
2066	301
2067	291
2068	261
2069	264
2070	257
2071	308
2072	278
2073	293
2074	268
2075	237
2076	259
2077	277
2078	281
2079	293
2080	308
2081	300
2082	298
2083	276
2084	301
2085	292
2086	232
2087	279
2088	297
2089	253
2090	313
2091	302
2092	268
2093	308
2094	304
2095	259
2096	317
2097	318
2098	271
2099	287
2100	367
2101	263
2102	272
2103	289
2104	316
2105	343
2106	293
2107	278
2108	260
2109	308
2110	300
2111	261
2112	256
2113	286
2114	292
2115	286
2116	287
2117	237
2118	255
2119	256
2120	275
2121	325
2122	290
2123	282
2124	277
2125	286
2126	252
2127	270
2128	281
2129	227
2130	268
2131	268
2132	262
2133	220
2134	212
2135	249
2136	205
2137	233
2138	300
2139	274
2140	278
2141	280
2142	243
2143	302
2144	258
2145	267
2146	242
2147	210
2148	262
2149	268
2150	301
2151	291
2152	281
2153	301
2154	292
2155	271
2156	237
2157	279
2158	287
2159	231
2160	282
2161	234
2162	281
2163	272
2164	273
2165	283
2166	273
2167	236
2168	214
2169	208
2170	206
2171	183
2172	220
2173	235
2174	252
2175	212
2176	224
2177	242
2178	228
2179	258
2180	284
2181	255
2182	262
2183	269
2184	270
2185	274
2186	245
2187	239
2188	283
2189	270
2190	238
2191	255
2192	235
2193	259
2194	237
2195	251
2196	261
2197	308
2198	296
2199	319
2200	256
2201	235
2202	266
2203	240
2204	274
2205	231
2206	231
2207	257
2208	290
2209	236
2210	223
2211	249
2212	265
2213	249
2214	232
2215	250
2216	208
2217	258
2218	253
2219	263
2220	285
2221	262
2222	257
2223	244
2224	285
2225	254
2226	262
2227	250
2228	251
2229	248
2230	241
2231	283
2232	299
2233	297
2234	303
2235	236
2236	257
2237	253
2238	310
2239	240
2240	252
2241	297
2242	286
2243	241
2244	286
2245	248
2246	243
2247	270
2248	242
2249	214
2250	258
2251	308
2252	288
2253	259
2254	270
2255	287
2256	314
2257	262
2258	305
2259	263
2260	313
2261	299
2262	279
2263	291
2264	300
2265	297
2266	287
2267	233
2268	271
2269	252
2270	269
2271	258
2272	302
2273	276
2274	333
2275	286
2276	297
2277	287
2278	291
2279	247
2280	263
2281	254
2282	270
2283	277
2284	283
2285	299
2286	283
2287	245
2288	278
2289	284
2290	256
2291	307
2292	220
2293	255
2294	307
2295	280
2296	264
2297	284
2298	305
2299	291
2300	315
2301	298
2302	286
2303	292
2304	311
2305	246
2306	256
2307	233
2308	268
2309	268
2310	240
2311	254
2312	263
2313	245
2314	292
2315	270
2316	261
2317	277
2318	253
2319	235
2320	233
2321	274
2322	263
2323	235
2324	237
2325	234
2326	242
2327	235
2328	263
2329	275
2330	321
2331	284
2332	275
2333	281
2334	248
2335	279
2336	278
2337	247
2338	231
2339	229
2340	227
2341	213
2342	243
2343	233
2344	223
2345	237
2346	248
2347	252
2348	285
2349	245
2350	261
2351	254
2352	266
2353	279
2354	209
2355	233
2356	289
2357	240
2358	204
2359	253
2360	270
2361	225
2362	257
2363	250
2364	274
2365	318
2366	235
2367	225
2368	315
2369	214
2370	205
2371	244
2372	312
2373	249
2374	277
2375	242
2376	227
2377	257
2378	267
2379	270
2380	280
2381	258
2382	282
2383	242
2384	255
2385	255
2386	275
2387	280
2388	294
2389	296
2390	275
2391	312
2392	260
2393	255
2394	237
2395	238
2396	229
2397	260
2398	263
2399	217
2400	282
2401	241
2402	249
2403	249
2404	267
2405	244
2406	224
2407	266
2408	252
2409	223
2410	266
2411	263
2412	264
2413	250
2414	248
2415	234
2416	264
2417	243
2418	226
2419	236
2420	249
2421	304
2422	261
2423	313
2424	247
2425	288
2426	278
2427	250
2428	284
2429	262
2430	244
2431	255
2432	242
2433	293
2434	305
2435	259
2436	219
2437	298
2438	277
2439	285
2440	282
2441	304
2442	289
2443	276
2444	291
2445	309
2446	288
2447	262
2448	274
2449	249
2450	305
2451	246
2452	263
2453	259
2454	253
2455	311
2456	276
2457	280
2458	281
2459	275
2460	267
2461	309
2462	259
2463	261
2464	287
2465	232
2466	256
2467	302
2468	241
2469	210
2470	234
2471	215
2472	284
2473	282
2474	279
2475	276
2476	302
2477	258
2478	246
2479	221
2480	213
2481	259
2482	191
2483	287
2484	250
2485	197
2486	229
2487	287
2488	246
2489	246
2490	276
2491	274
2492	281
2493	218
2494	208
2495	217
2496	315
2497	305
2498	268
2499	234
2500	222
2501	254
2502	214
2503	238
2504	230
2505	282
2506	268
2507	280
2508	233
2509	252
2510	277
2511	282
2512	267
2513	233
2514	225
2515	239
2516	263
2517	282
2518	218
2519	276
2520	262
2521	274
2522	281
2523	252
2524	276
2525	280
2526	228
2527	252
2528	265
2529	279
2530	274
2531	265
2532	231
2533	237
2534	235
2535	249
2536	274
2537	275
2538	293
2539	288
2540	305
2541	286
2542	305
2543	215
2544	285
2545	268
2546	259
2547	200
2548	203
2549	218
2550	241
2551	299
2552	219
2553	245
2554	223
2555	251
2556	260
2557	251
2558	242
2559	241
2560	224
2561	209
2562	253
2563	228
2564	242
2565	235
2566	219
2567	244
2568	207
2569	209
2570	233
2571	202
2572	197
2573	205
2574	212
2575	215
2576	236
2577	246
2578	233
2579	249
2580	206
2581	205
2582	220
2583	240
2584	197
2585	166
2586	230
2587	212
2588	215
2589	236
2590	229
2591	237
2592	203
2593	218
2594	205
2595	230
2596	203
2597	199
2598	180
2599	187
2600	210
2601	205
2602	232
2603	191
2604	228
2605	211
2606	216
2607	164
2608	181
2609	173
2610	160
2611	194
2612	227
2613	208
2614	208
2615	227
2616	200
2617	195
2618	248
2619	215
2620	198
2621	241
2622	189
2623	213
2624	239
2625	213
2626	200
2627	196
2628	183
2629	225
2630	208
2631	227
2632	190
2633	209
2634	238
2635	214
2636	197
2637	221
2638	194
2639	233
2640	214
2641	229
2642	214
2643	238
2644	226
2645	211
2646	198
2647	218
2648	246
2649	200
2650	234
2651	205
2652	212
2653	207
2654	186
2655	171
2656	194
2657	209
2658	206
2659	217
2660	206
2661	254
2662	255
2663	217
2664	197
2665	243
2666	183
2667	174
2668	216
2669	186
2670	202
2671	195
2672	233
2673	194
2674	226
2675	228
2676	194
2677	182
2678	226
2679	203
2680	247
2681	242
2682	276
2683	252
2684	217
2685	197
2686	211
2687	262
2688	199
2689	236
2690	266
2691	243
2692	210
2693	217
2694	198
2695	211
2696	213
2697	202
2698	238
2699	250
2700	212
2701	195
2702	255
2703	224
2704	211
2705	244
2706	266
2707	230
2708	236
2709	265
2710	208
2711	216
2712	216
2713	236
2714	246
2715	224
2716	253
2717	232
2718	192
2719	214
2720	194
2721	201
2722	233
2723	237
2724	211
2725	201
2726	221
2727	219
2728	207
2729	239
2730	204
2731	225
2732	212
2733	226
2734	220
2735	237
2736	209
2737	193
2738	226
2739	231
2740	225
2741	206
2742	211
2743	216
2744	245
2745	234
2746	201
2747	240
2748	239
2749	248
2750	242
2751	220
2752	196
2753	202
2754	241
2755	267
2756	235
2757	240
2758	202
2759	225
2760	216
2761	244
2762	182
2763	214
2764	197
2765	238
2766	226
2767	224
2768	272
2769	228
2770	211
2771	235
2772	235
2773	201
2774	214
2775	234
2776	221
2777	216
2778	189
2779	291
2780	218
2781	245
2782	218
2783	230
2784	189
2785	224
2786	233
2787	220
2788	231
2789	236
2790	203
2791	215
2792	216
2793	248
2794	176
2795	197
2796	219
2797	227
2798	228
2799	271
2800	191
2801	193
2802	204
2803	212
2804	213
2805	230
2806	192
2807	224
2808	172
2809	208
2810	192
2811	226
2812	204
2813	185
2814	200
2815	201
2816	185
2817	194
2818	224
2819	228
2820	214
2821	194
2822	222
2823	239
2824	205
2825	242
2826	177
2827	218
2828	217
2829	182
2830	234
2831	177
2832	214
2833	217
2834	231
2835	220
2836	231
2837	163
2838	197
2839	175
2840	206
2841	189
2842	215
2843	244
2844	201
2845	221
2846	201
2847	193
2848	217
2849	220
2850	250
2851	186
2852	209
2853	210
2854	157
2855	198
2856	208
2857	173
2858	204
2859	232
2860	165
2861	190
2862	199
2863	190
2864	167
2865	164
2866	180
2867	228
2868	205
2869	191
2870	174
2871	200
2872	195
2873	230
2874	207
2875	225
2876	209
2877	177
2878	193
2879	186
2880	206
2881	193
2882	186
2883	187
2884	189
2885	184
2886	210
2887	174
2888	255
2889	195
2890	205
2891	204
2892	160
2893	161
2894	160
2895	152
2896	181
2897	202
2898	157
2899	162
2900	155
2901	172
2902	191
2903	165
2904	185
2905	179
2906	162
2907	205
2908	209
2909	165
2910	174
2911	192
2912	184
2913	191
2914	189
2915	220
2916	179
2917	213
2918	194
2919	168
2920	188
2921	187
2922	163
2923	166
2924	224
2925	183
2926	194
2927	192
2928	156
2929	198
2930	185
2931	169
2932	121
2933	155
2934	155
2935	154
2936	178
2937	166
2938	138
2939	129
2940	158
2941	172
2942	196
2943	158
2944	124
2945	142
2946	183
2947	136
2948	134
2949	140
2950	173
2951	148
2952	179
2953	164
2954	144
2955	173
2956	123
2957	139
2958	142
2959	163
2960	159
2961	176
2962	163
2963	147
2964	180
2965	147
2966	170
2967	153
2968	139
2969	155
2970	134
2971	104
2972	152
2973	147
2974	130
2975	130
2976	154
2977	182
2978	187
2979	181
2980	150
2981	142
2982	143
2983	148
2984	139
2985	153
2986	145
2987	154
2988	157
2989	149
2990	188
2991	151
2992	162
2993	152
2994	194
2995	179
2996	161
2997	189
2998	136
2999	186
3000	158
3001	146
3002	142
3003	185
3004	179
3005	184
3006	170
3007	146
3008	145
3009	189
3010	185
3011	202
3012	158
3013	169
3014	159
3015	151
3016	150
3017	160
3018	170
3019	155
3020	185
3021	175
3022	208
3023	184
3024	214
3025	146
3026	193
3027	162
3028	157
3029	186
3030	152
3031	170
3032	172
3033	215
3034	180
3035	143
3036	183
3037	140
3038	166
3039	180
3040	163
3041	189
3042	210
3043	199
3044	205
3045	194
3046	147
3047	175
3048	170
3049	169
3050	175
3051	183
3052	185
3053	180
3054	228
3055	237
3056	192
3057	222
3058	200
3059	191
3060	149
3061	139
3062	169
3063	177
3064	185
3065	177
3066	195
3067	215
3068	182
3069	197
3070	204
3071	184
3072	210
3073	204
3074	187
3075	190
3076	197
3077	175
3078	175
3079	180
3080	193
3081	149
3082	135
3083	170
3084	192
3085	181
3086	192
3087	171
3088	157
3089	143
3090	148
3091	183
3092	185
3093	180
3094	187
3095	168
3096	164
3097	200
3098	178
3099	197
3100	161
3101	198
3102	173
3103	185
3104	175
3105	133
3106	177
3107	205
3108	161
3109	134
3110	189
3111	166
3112	172
3113	192
3114	160
3115	217
3116	205
3117	180
3118	156
3119	156
3120	183
3121	153
3122	158
3123	163
3124	168
3125	184
3126	144
3127	164
3128	175
3129	167
3130	142
3131	164
3132	171
3133	234
3134	182
3135	145
3136	160
3137	173
3138	172
3139	177
3140	149
3141	166
3142	148
3143	166
3144	153
3145	135
3146	152
3147	173
3148	139
3149	171
3150	147
3151	148
3152	179
3153	156
3154	188
3155	169
3156	154
3157	151
3158	179
3159	179
3160	178
3161	175
3162	121
3163	116
3164	166
3165	170
3166	170
3167	137
3168	148
3169	149
3170	186
3171	174
3172	192
3173	141
3174	175
3175	138
3176	133
3177	132
3178	125
3179	139
3180	178
3181	150
3182	169
3183	173
3184	134
3185	176
3186	198
3187	148
3188	151
3189	157
3190	168
3191	162
3192	154
3193	148
3194	145
3195	166
3196	179
3197	166
3198	184
3199	161
3200	175
3201	162
3202	185
3203	189
3204	163
3205	174
3206	162
3207	157
3208	174
3209	173
3210	195
3211	159
3212	188
3213	166
3214	171
3215	152
3216	155
3217	160
3218	169
3219	144
3220	147
3221	142
3222	172
3223	160
3224	183
3225	194
3226	174
3227	183
3228	169
3229	198
3230	152
3231	232
3232	180
3233	181
3234	185
3235	176
3236	164
3237	199
3238	147
3239	191
3240	186
3241	188
3242	173
3243	147
3244	201
3245	182
3246	169
3247	176
3248	191
3249	148
3250	224
3251	220
3252	183
3253	165
3254	161
3255	198
3256	206
3257	197
3258	219
3259	193
3260	199
3261	227
3262	168
3263	187
3264	150
3265	173
3266	209
3267	185
3268	161
3269	193
3270	178
3271	132
3272	182
3273	184
3274	177
3275	188
3276	180
3277	181
3278	195
3279	214
3280	183
3281	167
3282	180
3283	189
3284	247
3285	187
3286	191
3287	190
3288	202
3289	221
3290	204
3291	196
3292	165
3293	200
3294	167
3295	146
3296	171
3297	193
3298	188
3299	227
3300	173
3301	199
3302	202
3303	181
3304	211
3305	227
3306	233
3307	237
3308	223
3309	212
3310	213
3311	214
3312	197
3313	201
3314	185
3315	231
3316	210
3317	211
3318	203
3319	191
3320	206
3321	206
3322	228
3323	191
3324	207
3325	224
3326	208
3327	227
3328	174
3329	200
3330	191
3331	197
3332	186
3333	207
3334	192
3335	226
3336	217
3337	240
3338	239
3339	239
3340	201
3341	218
3342	213
3343	194
3344	220
3345	191
3346	199
3347	188
3348	182
3349	198
3350	169
3351	202
3352	172
3353	200
3354	207
3355	147
3356	197
3357	195
3358	186
3359	195
3360	175
3361	187
3362	177
3363	185
3364	193
3365	221
3366	202
3367	190
3368	153
3369	146
3370	186
3371	190
3372	191
3373	171
3374	182
3375	173
3376	189
3377	184
3378	145
3379	161
3380	188
3381	138
3382	165
3383	140
3384	150
3385	143
3386	176
3387	151
3388	184
3389	136
3390	133
3391	147
3392	221
3393	168
3394	200
3395	153
3396	176
3397	164
3398	189
3399	174
3400	176
3401	192
3402	165
3403	221
3404	168
3405	152
3406	157
3407	151
3408	171
3409	199
3410	184
3411	135
3412	155
3413	139
3414	150
3415	145
3416	126
3417	170
3418	159
3419	179
3420	170
3421	159
3422	178
3423	154
3424	169
3425	156
3426	175
3427	170
3428	157
3429	194
3430	173
3431	170
3432	165
3433	176
3434	152
3435	198
3436	177
3437	162
3438	149
3439	113
3440	176
3441	187
3442	147
3443	153
3444	191
3445	155
3446	173
3447	183
3448	146
3449	176
3450	200
3451	149
3452	179
3453	187
3454	204
3455	153
3456	175
3457	148
3458	168
3459	190
3460	160
3461	145
3462	195
3463	154
3464	143
3465	161
3466	166
3467	186
3468	151
3469	166
3470	169
3471	135
3472	162
3473	175
3474	183
3475	152
3476	176
3477	153
3478	151
3479	161
3480	184
3481	160
3482	149
3483	171
3484	129
3485	150
3486	140
3487	183
3488	173
3489	154
3490	184
3491	167
3492	153
3493	158
3494	141
3495	170
3496	173
3497	187
3498	150
3499	171
3500	132
3501	130
3502	170
3503	140
3504	156
3505	149
3506	178
3507	150
3508	176
3509	131
3510	148
3511	150
3512	111
3513	129
3514	199
3515	154
3516	141
3517	164
3518	149
3519	165
3520	141
3521	133
3522	166
3523	169
3524	158
3525	169
3526	141
3527	165
3528	155
3529	169
3530	131
3531	130
3532	161
3533	153
3534	136
3535	136
3536	117
3537	168
3538	159
3539	148
3540	136
3541	117
3542	152
3543	157
3544	157
3545	139
3546	138
3547	170
3548	142
3549	150
3550	147
3551	165
3552	192
3553	152
3554	192
3555	165
3556	159
3557	144
3558	140
3559	143
3560	132
3561	183
3562	158
3563	156
3564	137
3565	122
3566	143
3567	187
3568	133
3569	157
3570	137
3571	129
3572	132
3573	144
3574	151
3575	113
3576	158
3577	147
3578	167
3579	121
3580	132
3581	159
3582	157
3583	142
3584	177
3585	170
3586	175
3587	159
3588	179
3589	130
3590	164
3591	133
3592	156
3593	180
3594	126
3595	147
3596	196
3597	166
3598	174
3599	160
3600	170
3601	147
3602	157
3603	155
3604	167
3605	157
3606	151
3607	162
3608	174
3609	142
3610	125
3611	145
3612	158
3613	138
3614	137
3615	182
3616	155
3617	164
3618	142
3619	152
3620	191
3621	129
3622	123
3623	155
3624	149
3625	179
3626	196
3627	151
3628	168
3629	130
3630	189
3631	162
3632	145
3633	193
3634	191
3635	204
3636	158
3637	149
3638	152
3639	222
3640	138
3641	138
3642	170
3643	134
3644	143
3645	170
3646	168
3647	144
3648	189
3649	141
3650	142
3651	164
3652	191
3653	133
3654	176
3655	140
3656	112
3657	131
3658	186
3659	132
3660	151
3661	119
3662	168
3663	168
3664	129
3665	167
3666	182
3667	176
3668	149
3669	143
3670	139
3671	178
3672	165
3673	147
3674	179
3675	152
3676	153
3677	154
3678	139
3679	162
3680	173
3681	148
3682	171
3683	174
3684	168
3685	150
3686	160
3687	161
3688	146
3689	164
3690	145
3691	153
3692	130
3693	175
3694	127
3695	138
3696	167
3697	148
3698	166
3699	141
3700	135
3701	161
3702	114
3703	148
3704	171
3705	140
3706	138
3707	123
3708	87
3709	118
3710	161
3711	124
3712	137
3713	166
3714	164
3715	129
3716	157
3717	164
3718	132
3719	110
3720	149
3721	153
3722	163
3723	140
3724	126
3725	134
3726	154
3727	190
3728	132
3729	141
3730	148
3731	155
3732	178
3733	165
3734	155
3735	161
3736	136
3737	134
3738	144
3739	144
3740	145
3741	118
3742	123
3743	155
3744	179
3745	117
3746	128
3747	156
3748	144
3749	161
3750	112
3751	127
3752	100
3753	124
3754	129
3755	128
3756	145
3757	110
3758	156
3759	144
3760	145
3761	117
3762	143
3763	170
3764	143
3765	136
3766	165
3767	131
3768	128
3769	133
3770	152
3771	144
3772	162
3773	135
3774	142
3775	135
3776	133
3777	139
3778	170
3779	141
3780	143
3781	161
3782	140
3783	149
3784	142
3785	138
3786	142
3787	138
3788	161
3789	129
3790	155
3791	161
3792	145
3793	143
3794	168
3795	155
3796	131
3797	160
3798	134
3799	180
3800	144
3801	178
3802	94
3803	143
3804	103
3805	120
3806	136
3807	133
3808	133
3809	162
3810	136
3811	120
3812	126
3813	108
3814	126
3815	118
3816	138
3817	134
3818	143
3819	148
3820	141
3821	175
3822	131
3823	120
3824	125
3825	165
3826	169
3827	181
3828	157
3829	156
3830	167
3831	165
3832	127
3833	146
3834	130
3835	146
3836	108
3837	132
3838	130
3839	127
3840	122
3841	134
3842	121
3843	146
3844	130
3845	154
3846	139
3847	173
3848	146
3849	157
3850	153
3851	136
3852	136
3853	123
3854	177
3855	147
3856	127
3857	102
3858	147
3859	156
3860	166
3861	133
3862	160
3863	156
3864	154
3865	140
3866	155
3867	138
3868	154
3869	126
3870	129
3871	125
3872	141
3873	144
3874	113
3875	106
3876	138
3877	139
3878	181
3879	122
3880	138
3881	141
3882	151
3883	139
3884	155
3885	136
3886	153
3887	198
3888	128
3889	157
3890	166
3891	153
3892	167
3893	121
3894	131
3895	167
3896	129
3897	105
3898	129
3899	123
3900	106
3901	140
3902	114
3903	144
3904	132
3905	141
3906	167
3907	156
3908	136
3909	151
3910	121
3911	163
3912	111
3913	139
3914	167
3915	183
3916	155
3917	153
3918	191
3919	162
3920	167
3921	122
3922	118
3923	167
3924	143
3925	179
3926	166
3927	163
3928	156
3929	160
3930	131
3931	147
3932	160
3933	136
3934	166
3935	116
3936	119
3937	135
3938	153
3939	143
3940	145
3941	138
3942	181
3943	151
3944	163
3945	145
3946	150
3947	145
3948	157
3949	156
3950	180
3951	158
3952	156
3953	174
3954	182
3955	140
3956	189
3957	167
3958	164
3959	170
3960	157
3961	159
3962	144
3963	117
3964	160
3965	164
3966	159
3967	131
3968	152
3969	157
3970	170
3971	118
3972	143
3973	107
3974	132
3975	150
3976	140
3977	120
3978	134
3979	136
3980	133
3981	134
3982	150
3983	119
3984	146
3985	138
3986	152
3987	161
3988	166
3989	156
3990	158
3991	142
3992	136
3993	155
3994	152
3995	136
3996	126
3997	134
3998	137
3999	138
4000	161
4001	137
4002	125
4003	119
4004	118
4005	115
4006	170
4007	175
4008	141
4009	123
4010	130
4011	125
4012	150
4013	129
4014	104
4015	144
4016	132
4017	143
4018	176
4019	144
4020	136
4021	183
4022	127
4023	116
4024	121
4025	145
4026	125
4027	96
4028	137
4029	107
4030	133
4031	159
4032	183
4033	147
4034	173
4035	141
4036	190
4037	122
4038	144
4039	165
4040	151
4041	159
4042	169
4043	165
4044	161
4045	143
4046	160
4047	157
4048	115
4049	163
4050	155
4051	162
4052	160
4053	178
4054	176
4055	163
4056	152
4057	190
4058	140
4059	119
4060	141
4061	125
4062	147
4063	143
4064	156
4065	152
4066	118
4067	159
4068	103
4069	104
4070	111
4071	162
4072	128
4073	185
4074	185
4075	147
4076	151
4077	114
4078	143
4079	136
4080	143
4081	178
4082	154
4083	136
4084	195
4085	127
4086	149
4087	141
4088	153
4089	131
4090	159
4091	142
4092	158
4093	168
4094	127
4095	173
4096	169
4097	144
4098	184
4099	166
4100	161
4101	144
4102	177
4103	183
4104	163
4105	131
4106	133
4107	138
4108	115
4109	156
4110	171
4111	179
4112	162
4113	151
4114	146
4115	116
4116	144
4117	137
4118	158
4119	127
4120	131
4121	133
4122	144
4123	146
4124	100
4125	123
4126	137
4127	145
4128	128
4129	125
4130	169
4131	168
4132	157
4133	128
4134	114
4135	139
4136	151
4137	151
4138	103
4139	137
4140	127
4141	164
4142	159
4143	148
4144	132
4145	147
4146	148
4147	146
4148	162
4149	164
4150	159
4151	164
4152	132
4153	150
4154	158
4155	132
4156	159
4157	133
4158	152
4159	148
4160	157
4161	126
4162	131
4163	121
4164	148
4165	160
4166	115
4167	132
4168	111
4169	133
4170	134
4171	100
4172	125
4173	129
4174	142
4175	140
4176	124
4177	117
4178	136
4179	102
4180	122
4181	145
4182	123
4183	148
4184	123
4185	117
4186	115
4187	147
4188	126
4189	156
4190	164
4191	142
4192	141
4193	138
4194	131
4195	105
4196	136
4197	125
4198	118
4199	133
4200	129
4201	165
4202	102
4203	124
4204	126
4205	130
4206	139
4207	117
4208	124
4209	128
4210	105
4211	73
4212	98
4213	87
4214	92
4215	121
4216	149
4217	123
4218	110
4219	148
4220	108
4221	118
4222	106
4223	88
4224	92
4225	115
4226	110
4227	111
4228	143
4229	154
4230	121
4231	147
4232	97
4233	126
4234	125
4235	117
4236	136
4237	127
4238	132
4239	129
4240	123
4241	88
4242	118
4243	163
4244	114
4245	122
4246	141
4247	102
4248	118
4249	128
4250	146
4251	98
4252	100
4253	108
4254	107
4255	90
4256	80
4257	119
4258	167
4259	106
4260	116
4261	107
4262	87
4263	103
4264	109
4265	105
4266	93
4267	119
4268	98
4269	145
4270	131
4271	179
4272	116
4273	130
4274	88
4275	93
4276	104
4277	79
4278	114
4279	110
4280	128
4281	110
4282	139
4283	112
4284	117
4285	110
4286	92
4287	102
4288	97
4289	113
4290	124
4291	109
4292	123
4293	120
4294	135
4295	130
4296	128
4297	121
4298	121
4299	145
4300	125
4301	151
4302	135
4303	143
4304	135
4305	127
4306	123
4307	142
4308	119
4309	104
4310	115
4311	126
4312	145
4313	145
4314	150
4315	152
4316	119
4317	119
4318	102
4319	87
4320	103
4321	94
4322	116
4323	116
4324	119
4325	123
4326	94
4327	104
4328	156
4329	125
4330	122
4331	135
4332	121
4333	103
4334	131
4335	107
4336	173
4337	132
4338	116
4339	105
4340	144
4341	111
4342	131
4343	119
4344	128
4345	95
4346	91
4347	137
4348	119
4349	137
4350	107
4351	122
4352	82
4353	121
4354	97
4355	119
4356	105
4357	89
4358	124
4359	72
4360	89
4361	109
4362	123
4363	107
4364	149
4365	111
4366	140
4367	102
4368	124
4369	102
4370	98
4371	117
4372	105
4373	106
4374	127
4375	109
4376	126
4377	126
4378	105
4379	117
4380	81
4381	82
4382	121
4383	123
4384	121
4385	109
4386	104
4387	113
4388	106
4389	117
4390	90
4391	118
4392	116
4393	132
4394	120
4395	77
4396	97
4397	114
4398	113
4399	119
4400	127
4401	98
4402	89
4403	101
4404	100
4405	99
4406	86
4407	108
4408	104
4409	89
4410	90
4411	113
4412	121
4413	86
4414	91
4415	83
4416	90
4417	177
4418	86
4419	105
4420	121
4421	120
4422	122
4423	117
4424	115
4425	110
4426	123
4427	111
4428	103
4429	136
4430	122
4431	144
4432	102
4433	90
4434	107
4435	112
4436	105
4437	92
4438	62
4439	108
4440	81
4441	93
4442	72
4443	92
4444	109
4445	119
4446	119
4447	85
4448	108
4449	94
4450	90
4451	110
4452	72
4453	111
4454	123
4455	115
4456	119
4457	131
4458	102
4459	109
4460	118
4461	110
4462	103
4463	114
4464	97
4465	108
4466	116
4467	119
4468	118
4469	100
4470	106
4471	91
4472	91
4473	99
4474	104
4475	122
4476	87
4477	105
4478	103
4479	109
4480	82
4481	86
4482	79
4483	126
4484	87
4485	94
4486	114
4487	123
4488	81
4489	95
4490	146
4491	82
4492	97
4493	85
4494	93
4495	103
4496	102
4497	121
4498	102
4499	113
4500	113
4501	130
4502	104
4503	114
4504	124
4505	128
4506	127
4507	84
4508	94
4509	117
4510	100
4511	108
4512	127
4513	91
4514	93
4515	89
4516	96
4517	88
4518	125
4519	86
4520	108
4521	78
4522	108
4523	116
4524	91
4525	108
4526	94
4527	104
4528	93
4529	97
4530	101
4531	122
4532	129
4533	116
4534	110
4535	151
4536	108
4537	103
4538	107
4539	104
4540	115
4541	85
4542	100
4543	107
4544	95
4545	97
4546	135
4547	95
4548	85
4549	100
4550	84
4551	113
4552	90
4553	77
4554	101
4555	121
4556	93
4557	96
4558	109
4559	98
4560	137
4561	112
4562	102
4563	129
4564	126
4565	101
4566	104
4567	100
4568	136
4569	124
4570	156
4571	116
4572	111
4573	138
4574	95
4575	120
4576	91
4577	149
4578	132
4579	157
4580	144
4581	132
4582	129
4583	108
4584	135
4585	152
4586	114
4587	148
4588	113
4589	124
4590	120
4591	115
4592	132
4593	105
4594	138
4595	134
4596	133
4597	124
4598	111
4599	115
4600	113
4601	118
4602	114
4603	145
4604	140
4605	120
4606	97
4607	105
4608	109
4609	106
4610	81
4611	88
4612	140
4613	126
4614	91
4615	109
4616	125
4617	112
4618	139
4619	121
4620	112
4621	98
4622	74
4623	100
4624	92
4625	112
4626	121
4627	123
4628	128
4629	107
4630	156
4631	120
4632	115
4633	136
4634	115
4635	121
4636	121
4637	134
4638	118
4639	97
4640	122
4641	94
4642	108
4643	116
4644	96
4645	135
4646	139
4647	120
4648	158
4649	94
4650	131
4651	123
4652	130
4653	105
4654	120
4655	109
4656	117
4657	94
4658	106
4659	79
4660	117
4661	116
4662	117
4663	108
4664	86
4665	121
4666	135
4667	98
4668	94
4669	102
4670	96
4671	130
4672	114
4673	117
4674	125
4675	156
4676	122
4677	109
4678	99
4679	80
4680	124
4681	106
4682	104
4683	112
4684	130
4685	97
4686	108
4687	85
4688	86
4689	94
4690	100
4691	103
4692	96
4693	113
4694	115
4695	127
4696	131
4697	126
4698	130
4699	168
4700	107
4701	101
4702	99
4703	75
4704	85
4705	97
4706	102
4707	98
4708	102
4709	80
4710	68
4711	91
4712	101
4713	95
4714	109
4715	126
4716	96
4717	111
4718	81
4719	99
4720	99
4721	101
4722	77
4723	90
4724	82
4725	85
4726	116
4727	67
4728	98
4729	114
4730	85
4731	97
4732	128
4733	104
4734	103
4735	83
4736	103
4737	80
4738	85
4739	95
4740	85
4741	99
4742	98
4743	108
4744	90
4745	104
4746	89
4747	113
4748	125
4749	106
4750	84
4751	105
4752	114
4753	124
4754	101
4755	110
4756	104
4757	108
4758	80
4759	74
4760	83
4761	107
4762	98
4763	93
4764	103
4765	103
4766	94
4767	102
4768	74
4769	114
4770	88
4771	107
4772	103
4773	87
4774	91
4775	131
4776	113
4777	105
4778	108
4779	120
4780	113
4781	110
4782	85
4783	73
4784	101
4785	91
4786	91
4787	88
4788	105
4789	106
4790	80
4791	95
4792	76
4793	95
4794	95
4795	112
4796	77
4797	81
4798	94
4799	100
4800	131
4801	119
4802	99
4803	83
4804	91
4805	136
4806	84
4807	133
4808	121
4809	90
4810	121
4811	97
4812	120
4813	97
4814	70
4815	103
4816	105
4817	100
4818	114
4819	95
4820	88
4821	100
4822	106
4823	85
4824	100
4825	76
4826	74
4827	91
4828	98
4829	101
4830	82
4831	62
4832	113
4833	106
4834	79
4835	79
4836	86
4837	100
4838	121
4839	100
4840	112
4841	116
4842	88
4843	106
4844	114
4845	104
4846	97
4847	121
4848	108
4849	127
4850	106
4851	107
4852	111
4853	66
4854	85
4855	105
4856	73
4857	86
4858	65
4859	59
4860	78
4861	89
4862	64
4863	86
4864	90
4865	93
4866	84
4867	90
4868	92
4869	89
4870	92
4871	86
4872	92
4873	79
4874	74
4875	61
4876	88
4877	92
4878	86
4879	71
4880	97
4881	117
4882	113
4883	85
4884	87
4885	97
4886	114
4887	105
4888	112
4889	89
4890	102
4891	83
4892	69
4893	86
4894	91
4895	107
4896	85
4897	74
4898	117
4899	94
4900	109
4901	110
4902	73
4903	75
4904	70
4905	84
4906	101
4907	127
4908	76
4909	108
4910	88
4911	87
4912	105
4913	98
4914	132
4915	122
4916	111
4917	88
4918	103
4919	81
4920	111
4921	99
4922	133
4923	109
4924	99
4925	87
4926	96
4927	108
4928	109
4929	111
4930	87
4931	97
4932	69
4933	73
4934	79
4935	107
4936	96
4937	105
4938	117
4939	68
4940	89
4941	89
4942	83
4943	111
4944	97
4945	92
4946	69
4947	71
4948	71
4949	93
4950	90
4951	97
4952	95
4953	116
4954	108
4955	105
4956	102
4957	91
4958	99
4959	88
4960	103
4961	104
4962	87
4963	78
4964	82
4965	79
4966	106
4967	115
4968	116
4969	118
4970	105
4971	95
4972	114
4973	94
4974	100
4975	72
4976	110
4977	134
4978	74
4979	124
4980	110
4981	95
4982	101
4983	91
4984	110
4985	108
4986	99
4987	103
4988	91
4989	101
4990	83
4991	114
4992	105
4993	73
4994	97
4995	90
4996	98
4997	127
4998	116
4999	94
5000	80
5001	108
5002	96
5003	120
5004	108
5005	74
5006	57
5007	126
5008	110
5009	99
5010	78
5011	81
5012	115
5013	108
5014	94
5015	106
5016	106
5017	119
5018	64
5019	93
5020	133
5021	110
5022	88
5023	104
5024	100
5025	107
5026	125
5027	130
5028	97
5029	106
5030	121
5031	91
5032	103
5033	97
5034	105
5035	121
5036	116
5037	116
5038	107
5039	118
5040	92
5041	113
5042	97
5043	109
5044	108
5045	125
5046	129
5047	107
5048	80
5049	118
5050	105
5051	99
5052	86
5053	113
5054	119
5055	133
5056	114
5057	111
5058	109
5059	78
5060	117
5061	98
5062	78
5063	111
5064	120
5065	87
5066	63
5067	97
5068	110
5069	116
5070	100
5071	121
5072	69
5073	84
5074	118
5075	106
5076	112
5077	116
5078	89
5079	95
5080	120
5081	95
5082	116
5083	87
5084	118
5085	89
5086	124
5087	108
5088	104
5089	97
5090	86
5091	107
5092	99
5093	93
5094	77
5095	110
5096	65
5097	84
5098	80
5099	125
5100	116
5101	97
5102	100
5103	85
5104	97
5105	61
5106	73
5107	103
5108	141
5109	112
5110	94
5111	87
5112	93
5113	97
5114	77
5115	108
5116	103
5117	105
5118	80
5119	89
5120	113
5121	85
5122	82
5123	101
5124	98
5125	79
5126	98
5127	114
5128	103
5129	86
5130	97
5131	92
5132	111
5133	109
5134	107
5135	91
5136	84
5137	88
5138	82
5139	99
5140	89
5141	81
5142	99
5143	88
5144	82
5145	105
5146	111
5147	84
5148	76
5149	98
5150	130
5151	78
5152	55
5153	64
5154	100
5155	76
5156	89
5157	91
5158	67
5159	131
5160	104
5161	91
5162	99
5163	84
5164	84
5165	73
5166	76
5167	108
5168	76
5169	88
5170	101
5171	77
5172	53
5173	76
5174	95
5175	94
5176	103
5177	130
5178	81
5179	82
5180	94
5181	81
5182	90
5183	78
5184	93
5185	106
5186	120
5187	100
5188	124
5189	103
5190	94
5191	73
5192	80
5193	89
5194	75
5195	84
5196	83
5197	82
5198	73
5199	65
5200	79
5201	75
5202	77
5203	43
5204	74
5205	61
5206	87
5207	73
5208	63
5209	85
5210	70
5211	85
5212	78
5213	74
5214	74
5215	64
5216	84
5217	95
5218	77
5219	96
5220	103
5221	113
5222	109
5223	107
5224	98
5225	99
5226	95
5227	85
5228	68
5229	66
5230	77
5231	85
5232	70
5233	108
5234	107
5235	78
5236	70
5237	71
5238	91
5239	90
5240	88
5241	112
5242	90
5243	69
5244	75
5245	86
5246	102
5247	95
5248	101
5249	66
5250	64
5251	80
5252	98
5253	96
5254	76
5255	68
5256	72
5257	102
5258	82
5259	95
5260	97
5261	90
5262	85
5263	86
5264	64
5265	76
5266	89
5267	64
5268	61
5269	100
5270	95
5271	102
5272	70
5273	111
5274	81
5275	83
5276	112
5277	96
5278	73
5279	75
5280	87
5281	78
5282	84
5283	77
5284	95
5285	90
5286	86
5287	106
5288	114
5289	92
5290	102
5291	114
5292	92
5293	91
5294	89
5295	70
5296	83
5297	77
5298	74
5299	68
5300	58
5301	66
5302	73
5303	96
5304	107
5305	90
5306	78
5307	75
5308	69
5309	93
5310	88
5311	102
5312	84
5313	84
5314	95
5315	90
5316	85
5317	88
5318	106
5319	71
5320	65
5321	86
5322	71
5323	80
5324	69
5325	79
5326	78
5327	109
5328	82
5329	90
5330	97
5331	89
5332	56
5333	94
5334	61
5335	75
5336	89
5337	92
5338	88
5339	81
5340	82
5341	95
5342	109
5343	54
5344	85
5345	71
5346	77
5347	81
5348	59
5349	63
5350	70
5351	96
5352	57
5353	77
5354	66
5355	63
5356	66
5357	98
5358	77
5359	90
5360	92
5361	71
5362	80
5363	52
5364	66
5365	67
5366	74
5367	67
5368	74
5369	69
5370	67
5371	77
5372	74
5373	98
5374	74
5375	58
5376	78
5377	81
5378	98
5379	84
5380	82
5381	71
5382	77
5383	84
5384	68
5385	53
5386	110
5387	94
5388	61
5389	70
5390	92
5391	102
5392	82
5393	71
5394	83
5395	75
5396	84
5397	107
5398	130
5399	89
5400	76
5401	87
5402	86
5403	100
5404	113
5405	87
5406	82
5407	89
5408	86
5409	73
5410	107
5411	76
5412	69
5413	62
5414	74
5415	85
5416	76
5417	85
5418	71
5419	67
5420	75
5421	105
5422	98
5423	96
5424	88
5425	90
5426	92
5427	78
5428	80
5429	80
5430	90
5431	73
5432	87
5433	72
5434	108
5435	86
5436	94
5437	80
5438	97
5439	79
5440	71
5441	66
5442	69
5443	80
5444	100
5445	100
5446	105
5447	70
5448	92
5449	82
5450	90
5451	102
5452	75
5453	94
5454	65
5455	80
5456	94
5457	97
5458	89
5459	71
5460	86
5461	65
5462	79
5463	85
5464	68
5465	74
5466	69
5467	91
5468	93
5469	106
5470	92
5471	91
5472	108
5473	62
5474	74
5475	86
5476	104
5477	101
5478	87
5479	63
5480	104
5481	105
5482	96
5483	88
5484	81
5485	75
5486	63
5487	54
5488	84
5489	92
5490	75
5491	82
5492	101
5493	86
5494	63
5495	91
5496	89
5497	74
5498	104
5499	98
5500	114
5501	110
5502	75
5503	76
5504	112
5505	117
5506	100
5507	93
5508	77
5509	97
5510	82
5511	100
5512	86
5513	129
5514	74
5515	78
5516	87
5517	99
5518	92
5519	78
5520	72
5521	70
5522	101
5523	100
5524	77
5525	91
5526	124
5527	98
5528	88
5529	108
5530	94
5531	86
5532	96
5533	84
5534	80
5535	77
5536	89
5537	103
5538	100
5539	92
5540	99
5541	126
5542	80
5543	109
5544	69
5545	124
5546	139
5547	97
5548	105
5549	113
5550	84
5551	94
5552	105
5553	113
5554	68
5555	102
5556	98
5557	93
5558	122
5559	98
5560	99
5561	125
5562	108
5563	105
5564	99
5565	126
5566	136
5567	117
5568	94
5569	77
5570	110
5571	82
5572	101
5573	97
5574	112
5575	96
5576	88
5577	92
5578	70
5579	124
5580	90
5581	101
5582	106
5583	95
5584	118
5585	104
5586	93
5587	103
5588	94
5589	74
5590	88
5591	98
5592	76
5593	110
5594	74
5595	107
5596	98
5597	93
5598	129
5599	114
5600	130
5601	85
5602	85
5603	95
5604	107
5605	126
5606	95
5607	105
5608	96
5609	104
5610	111
5611	80
5612	57
5613	76
5614	81
5615	78
5616	68
5617	83
5618	66
5619	81
5620	120
5621	78
5622	105
5623	92
5624	90
5625	62
5626	65
5627	79
5628	99
5629	69
5630	65
5631	70
5632	114
5633	128
5634	84
5635	74
5636	86
5637	79
5638	99
5639	77
5640	91
5641	80
5642	72
5643	80
5644	80
5645	85
5646	79
5647	110
5648	86
5649	100
5650	92
5651	95
5652	100
5653	106
5654	79
5655	101
5656	101
5657	92
5658	91
5659	83
5660	102
5661	86
5662	94
5663	100
5664	69
5665	105
5666	107
5667	73
5668	71
5669	86
5670	94
5671	78
5672	94
5673	90
5674	87
5675	82
5676	79
5677	71
5678	67
5679	89
5680	63
5681	88
5682	84
5683	87
5684	113
5685	82
5686	70
5687	85
5688	85
5689	68
5690	61
5691	62
5692	83
5693	98
5694	78
5695	91
5696	114
5697	90
5698	96
5699	77
5700	62
5701	70
5702	89
5703	112
5704	78
5705	66
5706	91
5707	73
5708	90
5709	84
5710	101
5711	122
5712	98
5713	66
5714	55
5715	83
5716	94
5717	80
5718	85
5719	86
5720	67
5721	81
5722	89
5723	88
5724	147
5725	53
5726	80
5727	120
5728	101
5729	66
5730	89
5731	116
5732	88
5733	54
5734	77
5735	75
5736	116
5737	92
5738	80
5739	100
5740	79
5741	76
5742	94
5743	102
5744	105
5745	57
5746	89
5747	103
5748	100
5749	68
5750	73
5751	50
5752	73
5753	105
5754	86
5755	81
5756	59
5757	99
5758	70
5759	56
5760	79
5761	83
5762	69
5763	86
5764	75
5765	87
5766	59
5767	73
5768	96
5769	76
5770	76
5771	74
5772	88
5773	81
5774	92
5775	91
5776	60
5777	50
5778	74
5779	79
5780	54
5781	64
5782	64
5783	57
5784	62
5785	54
5786	56
5787	65
5788	74
5789	74
5790	78
5791	64
5792	84
5793	52
5794	59
5795	85
5796	54
5797	51
5798	48
5799	68
5800	64
5801	73
5802	79
5803	82
5804	70
5805	79
5806	91
5807	74
5808	62
5809	95
5810	92
5811	80
5812	78
5813	59
5814	65
5815	64
5816	89
5817	51
5818	54
5819	54
5820	71
5821	74
5822	97
5823	99
5824	80
5825	102
5826	88
5827	72
5828	92
5829	104
5830	94
5831	100
5832	100
5833	103
5834	72
5835	85
5836	67
5837	55
5838	65
5839	84
5840	66
5841	104
5842	97
5843	77
5844	91
5845	85
5846	55
5847	81
5848	93
5849	80
5850	63
5851	76
5852	87
5853	91
5854	53
5855	73
5856	78
5857	86
5858	65
5859	55
5860	71
5861	74
5862	69
5863	50
5864	52
5865	66
5866	65
5867	66
5868	70
5869	58
5870	69
5871	54
5872	73
5873	87
5874	76
5875	85
5876	76
5877	69
5878	91
5879	90
5880	87
5881	85
5882	86
5883	86
5884	77
5885	82
5886	86
5887	99
5888	94
5889	103
5890	66
5891	60
5892	75
5893	87
5894	76
5895	68
5896	61
5897	86
5898	87
5899	79
5900	79
5901	86
5902	69
5903	83
5904	81
5905	100
5906	126
5907	79
5908	85
5909	85
5910	94
5911	76
5912	105
5913	74
5914	71
5915	70
5916	99
5917	51
5918	82
5919	60
5920	70
5921	88
5922	71
5923	68
5924	57
5925	88
5926	80
5927	71
5928	63
5929	91
5930	73
5931	77
5932	91
5933	105
5934	90
5935	84
5936	96
5937	101
5938	92
5939	79
5940	75
5941	63
5942	98
5943	69
5944	93
5945	78
5946	86
5947	96
5948	87
5949	61
5950	68
5951	52
5952	65
5953	64
5954	78
5955	80
5956	69
5957	73
5958	80
5959	71
5960	105
5961	85
5962	64
5963	121
5964	83
5965	79
5966	104
5967	102
5968	103
5969	98
5970	84
5971	99
5972	83
5973	74
5974	65
5975	79
5976	101
5977	85
5978	77
5979	114
5980	69
5981	72
5982	72
5983	58
5984	60
5985	74
5986	77
5987	105
5988	137
5989	77
5990	75
5991	77
5992	65
5993	71
5994	68
5995	82
5996	80
5997	86
5998	104
5999	99
6000	55
6001	76
6002	62
6003	61
6004	94
6005	64
6006	77
6007	85
6008	77
6009	82
6010	65
6011	55
6012	55
6013	89
6014	88
6015	111
6016	89
6017	95
6018	95
6019	57
6020	77
6021	53
6022	57
6023	62
6024	71
6025	59
6026	58
6027	86
6028	80
6029	98
6030	102
6031	111
6032	108
6033	103
6034	76
6035	73
6036	68
6037	77
6038	82
6039	104
6040	85
6041	86
6042	75
6043	90
6044	68
6045	73
6046	82
6047	77
6048	88
6049	91
6050	61
6051	66
6052	68
6053	69
6054	74
6055	84
6056	82
6057	67
6058	62
6059	106
6060	62
6061	78
6062	72
6063	72
6064	55
6065	59
6066	66
6067	71
6068	76
6069	64
6070	62
6071	50
6072	71
6073	73
6074	46
6075	83
6076	58
6077	61
6078	76
6079	91
6080	57
6081	70
6082	79
6083	84
6084	68
6085	62
6086	49
6087	61
6088	89
6089	78
6090	84
6091	100
6092	105
6093	69
6094	78
6095	64
6096	90
6097	74
6098	82
6099	77
6100	108
6101	80
6102	72
6103	98
6104	92
6105	47
6106	64
6107	62
6108	72
6109	88
6110	48
6111	43
6112	78
6113	89
6114	73
6115	72
6116	91
6117	63
6118	61
6119	70
6120	71
6121	99
6122	67
6123	62
6124	88
6125	73
6126	71
6127	94
6128	76
6129	68
6130	78
6131	82
6132	58
6133	62
6134	112
6135	80
6136	87
6137	90
6138	87
6139	97
6140	71
6141	77
6142	78
6143	65
6144	56
6145	81
6146	94
6147	72
6148	70
6149	65
6150	58
6151	65
6152	75
6153	79
6154	92
6155	84
6156	72
6157	62
6158	63
6159	65
6160	71
6161	74
6162	63
6163	68
6164	37
6165	78
6166	73
6167	54
6168	79
6169	75
6170	79
6171	59
6172	95
6173	77
6174	73
6175	68
6176	64
6177	53
6178	78
6179	70
6180	70
6181	62
6182	87
6183	58
6184	71
6185	58
6186	41
6187	87
6188	67
6189	49
6190	43
6191	69
6192	86
6193	67
6194	57
6195	85
6196	76
6197	48
6198	41
6199	59
6200	62
6201	84
6202	62
6203	77
6204	79
6205	57
6206	55
6207	43
6208	73
6209	59
6210	60
6211	52
6212	60
6213	63
6214	63
6215	66
6216	83
6217	90
6218	100
6219	90
6220	91
6221	57
6222	81
6223	51
6224	61
6225	74
6226	58
6227	78
6228	74
6229	76
6230	69
6231	72
6232	43
6233	52
6234	52
6235	67
6236	59
6237	38
6238	35
6239	80
6240	66
6241	75
6242	58
6243	69
6244	66
6245	69
6246	70
6247	57
6248	106
6249	77
6250	82
6251	64
6252	55
6253	61
6254	54
6255	86
6256	86
6257	91
6258	61
6259	86
6260	63
6261	86
6262	74
6263	92
6264	70
6265	73
6266	41
6267	95
6268	81
6269	85
6270	90
6271	67
6272	79
6273	79
6274	112
6275	81
6276	74
6277	81
6278	78
6279	60
6280	78
6281	108
6282	91
6283	89
6284	67
6285	91
6286	69
6287	75
6288	80
6289	97
6290	67
6291	70
6292	66
6293	80
6294	95
6295	74
6296	62
6297	91
6298	71
6299	67
6300	73
6301	67
6302	84
6303	75
6304	76
6305	85
6306	73
6307	82
6308	87
6309	43
6310	69
6311	77
6312	85
6313	76
6314	72
6315	67
6316	92
6317	65
6318	50
6319	83
6320	65
6321	82
6322	58
6323	64
6324	56
6325	44
6326	52
6327	61
6328	74
6329	59
6330	84
6331	55
6332	76
6333	78
6334	83
6335	74
6336	62
6337	74
6338	94
6339	77
6340	82
6341	70
6342	81
6343	82
6344	93
6345	58
6346	55
6347	65
6348	79
6349	68
6350	65
6351	70
6352	51
6353	77
6354	78
6355	77
6356	70
6357	54
6358	83
6359	57
6360	72
6361	69
6362	48
6363	71
6364	60
6365	100
6366	54
6367	62
6368	65
6369	60
6370	71
6371	66
6372	79
6373	55
6374	66
6375	56
6376	52
6377	50
6378	58
6379	48
6380	75
6381	56
6382	67
6383	55
6384	78
6385	74
6386	77
6387	63
6388	79
6389	60
6390	50
6391	66
6392	24
6393	70
6394	65
6395	63
6396	63
6397	61
6398	59
6399	66
6400	74
6401	42
6402	55
6403	55
6404	65
6405	66
6406	52
6407	54
6408	57
6409	61
6410	68
6411	64
6412	87
6413	63
6414	64
6415	66
6416	65
6417	51
6418	57
6419	64
6420	50
6421	53
6422	88
6423	64
6424	79
6425	54
6426	79
6427	64
6428	49
6429	62
6430	76
6431	68
6432	66
6433	105
6434	64
6435	65
6436	45
6437	66
6438	53
6439	70
6440	35
6441	67
6442	71
6443	52
6444	79
6445	62
6446	69
6447	62
6448	75
6449	56
6450	60
6451	83
6452	62
6453	39
6454	51
6455	61
6456	56
6457	55
6458	78
6459	59
6460	79
6461	62
6462	69
6463	58
6464	63
6465	51
6466	55
6467	89
6468	66
6469	49
6470	53
6471	50
6472	58
6473	84
6474	71
6475	63
6476	70
6477	93
6478	71
6479	95
6480	53
6481	45
6482	91
6483	68
6484	46
6485	71
6486	70
6487	65
6488	59
6489	71
6490	72
6491	46
6492	65
6493	60
6494	64
6495	58
6496	55
6497	55
6498	88
6499	78
6500	50
6501	77
6502	79
6503	71
6504	66
6505	52
6506	57
6507	67
6508	53
6509	71
6510	92
6511	54
6512	50
6513	55
6514	55
6515	57
6516	80
6517	66
6518	79
6519	88
6520	62
6521	69
6522	52
6523	64
6524	65
6525	81
6526	69
6527	85
6528	113
6529	75
6530	61
6531	61
6532	68
6533	71
6534	49
6535	61
6536	48
6537	70
6538	101
6539	90
6540	80
6541	55
6542	58
6543	55
6544	59
6545	75
6546	82
6547	90
6548	66
6549	84
6550	67
6551	70
6552	76
6553	82
6554	55
6555	47
6556	55
6557	66
6558	60
6559	68
6560	74
6561	76
6562	56
6563	63
6564	85
6565	71
6566	71
6567	82
6568	59
6569	57
6570	73
6571	65
6572	33
6573	44
6574	56
6575	83
6576	75
6577	79
6578	81
6579	84
6580	63
6581	85
6582	64
6583	40
6584	54
6585	47
6586	46
6587	71
6588	73
6589	89
6590	57
6591	56
6592	63
6593	58
6594	50
6595	49
6596	86
6597	66
6598	79
6599	35
6600	44
6601	71
6602	67
6603	50
6604	76
6605	55
6606	62
6607	63
6608	52
6609	38
6610	49
6611	67
6612	51
6613	42
6614	65
6615	74
6616	88
6617	59
6618	56
6619	65
6620	72
6621	65
6622	50
6623	68
6624	55
6625	64
6626	70
6627	63
6628	81
6629	60
6630	55
6631	56
6632	42
6633	58
6634	60
6635	63
6636	59
6637	43
6638	67
6639	65
6640	55
6641	33
6642	41
6643	60
6644	35
6645	44
6646	41
6647	66
6648	39
6649	59
6650	57
6651	40
6652	52
6653	46
6654	39
6655	58
6656	44
6657	58
6658	64
6659	66
6660	60
6661	44
6662	45
6663	65
6664	51
6665	68
6666	51
6667	64
6668	33
6669	54
6670	43
6671	56
6672	51
6673	61
6674	60
6675	38
6676	47
6677	46
6678	52
6679	43
6680	57
6681	57
6682	72
6683	47
6684	38
6685	71
6686	51
6687	51
6688	60
6689	38
6690	32
6691	43
6692	59
6693	48
6694	46
6695	47
6696	61
6697	65
6698	46
6699	72
6700	80
6701	77
6702	77
6703	68
6704	53
6705	42
6706	58
6707	76
6708	36
6709	60
6710	65
6711	63
6712	65
6713	64
6714	83
6715	62
6716	58
6717	75
6718	68
6719	61
6720	68
6721	66
6722	58
6723	39
6724	64
6725	77
6726	56
6727	71
6728	69
6729	69
6730	52
6731	58
6732	61
6733	56
6734	55
6735	39
6736	42
6737	49
6738	53
6739	89
6740	67
6741	64
6742	77
6743	64
6744	72
6745	71
6746	67
6747	74
6748	54
6749	70
6750	88
6751	51
6752	94
6753	59
6754	53
6755	49
6756	54
6757	39
6758	63
6759	77
6760	41
6761	43
6762	46
6763	72
6764	63
6765	36
6766	66
6767	60
6768	69
6769	53
6770	72
6771	38
6772	66
6773	48
6774	56
6775	70
6776	59
6777	68
6778	73
6779	82
6780	84
6781	62
6782	57
6783	67
6784	99
6785	110
6786	68
6787	59
6788	68
6789	68
6790	56
6791	65
6792	44
6793	70
6794	63
6795	35
6796	74
6797	66
6798	62
6799	59
6800	65
6801	68
6802	52
6803	75
6804	41
6805	76
6806	62
6807	65
6808	76
6809	75
6810	40
6811	70
6812	57
6813	77
6814	72
6815	57
6816	66
6817	74
6818	64
6819	55
6820	106
6821	62
6822	67
6823	44
6824	54
6825	79
6826	58
6827	70
6828	58
6829	70
6830	73
6831	66
6832	73
6833	70
6834	63
6835	51
6836	47
6837	51
6838	62
6839	41
6840	60
6841	34
6842	66
6843	59
6844	61
6845	66
6846	58
6847	38
6848	48
6849	35
6850	58
6851	66
6852	59
6853	52
6854	74
6855	75
6856	65
6857	64
6858	51
6859	70
6860	69
6861	67
6862	52
6863	61
6864	47
6865	60
6866	77
6867	76
6868	62
6869	81
6870	60
6871	51
6872	47
6873	67
6874	72
6875	64
6876	84
6877	85
6878	61
6879	82
6880	62
6881	80
6882	91
6883	87
6884	55
6885	48
6886	74
6887	44
6888	63
6889	71
6890	53
6891	48
6892	45
6893	62
6894	83
6895	79
6896	75
6897	67
6898	66
6899	67
6900	84
6901	65
6902	56
6903	74
6904	58
6905	39
6906	64
6907	51
6908	84
6909	87
6910	49
6911	59
6912	81
6913	81
6914	70
6915	87
6916	90
6917	59
6918	80
6919	87
6920	61
6921	71
6922	74
6923	88
6924	51
6925	52
6926	87
6927	60
6928	69
6929	60
6930	82
6931	56
6932	50
6933	59
6934	49
6935	91
6936	97
6937	62
6938	70
6939	87
6940	91
6941	57
6942	97
6943	55
6944	50
6945	64
6946	50
6947	75
6948	62
6949	59
6950	85
6951	57
6952	58
6953	70
6954	59
6955	73
6956	66
6957	49
6958	47
6959	57
6960	65
6961	66
6962	76
6963	78
6964	61
6965	53
6966	82
6967	60
6968	60
6969	72
6970	82
6971	72
6972	92
6973	88
6974	70
6975	86
6976	67
6977	56
6978	45
6979	69
6980	103
6981	88
6982	65
6983	51
6984	65
6985	58
6986	70
6987	75
6988	53
6989	56
6990	60
6991	74
6992	71
6993	73
6994	89
6995	75
6996	60
6997	69
6998	74
6999	67
7000	72
7001	47
7002	62
7003	60
7004	78
7005	64
7006	71
7007	58
7008	84
7009	46
7010	59
7011	63
7012	46
7013	71
7014	77
7015	57
7016	53
7017	68
7018	58
7019	75
7020	73
7021	62
7022	82
7023	63
7024	55
7025	55
7026	59
7027	49
7028	67
7029	57
7030	70
7031	58
7032	46
7033	47
7034	64
7035	57
7036	63
7037	69
7038	74
7039	73
7040	87
7041	68
7042	64
7043	78
7044	73
7045	67
7046	57
7047	47
7048	59
7049	65
7050	80
7051	51
7052	77
7053	72
7054	106
7055	80
7056	54
7057	58
7058	70
7059	68
7060	50
7061	44
7062	47
7063	50
7064	60
7065	68
7066	84
7067	69
7068	87
7069	76
7070	86
7071	80
7072	80
7073	70
7074	77
7075	86
7076	68
7077	60
7078	61
7079	59
7080	61
7081	52
7082	53
7083	60
7084	43
7085	59
7086	56
7087	80
7088	64
7089	92
7090	70
7091	65
7092	58
7093	53
7094	87
7095	66
7096	72
7097	73
7098	62
7099	58
7100	50
7101	59
7102	54
7103	53
7104	64
7105	66
7106	33
7107	52
7108	55
7109	77
7110	62
7111	78
7112	70
7113	41
7114	52
7115	52
7116	70
7117	66
7118	78
7119	84
7120	79
7121	55
7122	62
7123	63
7124	51
7125	66
7126	47
7127	61
7128	51
7129	61
7130	74
7131	48
7132	76
7133	63
7134	61
7135	59
7136	47
7137	66
7138	60
7139	60
7140	85
7141	62
7142	55
7143	48
7144	60
7145	72
7146	34
7147	55
7148	71
7149	60
7150	55
7151	41
7152	34
7153	49
7154	58
7155	57
7156	69
7157	55
7158	33
7159	57
7160	56
7161	48
7162	51
7163	48
7164	55
7165	83
7166	60
7167	56
7168	46
7169	43
7170	61
7171	67
7172	80
7173	49
7174	70
7175	61
7176	69
7177	67
7178	58
7179	40
7180	55
7181	45
7182	51
7183	41
7184	63
7185	66
7186	70
7187	58
7188	75
7189	56
7190	77
7191	60
7192	43
7193	48
7194	53
7195	43
7196	54
7197	81
7198	56
7199	54
7200	84
7201	64
7202	69
7203	75
7204	51
7205	64
7206	56
7207	71
7208	67
7209	62
7210	58
7211	62
7212	47
7213	57
7214	50
7215	54
7216	70
7217	82
7218	56
7219	78
7220	60
7221	73
7222	73
7223	64
7224	76
7225	40
7226	63
7227	52
7228	77
7229	71
7230	86
7231	81
7232	77
7233	53
7234	90
7235	60
7236	80
7237	48
7238	64
7239	62
7240	73
7241	72
7242	74
7243	74
7244	80
7245	67
7246	64
7247	61
7248	70
7249	85
7250	67
7251	68
7252	83
7253	79
7254	89
7255	70
7256	104
7257	72
7258	44
7259	53
7260	93
7261	66
7262	90
7263	85
7264	64
7265	74
7266	70
7267	51
7268	77
7269	47
7270	54
7271	67
7272	60
7273	66
7274	50
7275	76
7276	72
7277	84
7278	48
7279	81
7280	69
7281	85
7282	58
7283	54
7284	43
7285	73
7286	67
7287	60
7288	49
7289	55
7290	30
7291	73
7292	61
7293	47
7294	47
7295	61
7296	43
7297	87
7298	65
7299	74
7300	82
7301	86
7302	74
7303	58
7304	61
7305	56
7306	63
7307	62
7308	57
7309	66
7310	73
7311	76
7312	81
7313	72
7314	69
7315	54
7316	68
7317	87
7318	88
7319	75
7320	64
7321	56
7322	66
7323	54
7324	52
7325	42
7326	75
7327	72
7328	87
7329	39
7330	62
7331	59
7332	52
7333	62
7334	64
7335	64
7336	49
7337	57
7338	62
7339	66
7340	81
7341	72
7342	58
7343	77
7344	67
7345	51
7346	52
7347	73
7348	60
7349	61
7350	66
7351	53
7352	65
7353	46
7354	87
7355	90
7356	73
7357	78
7358	41
7359	44
7360	44
7361	76
7362	62
7363	58
7364	83
7365	49
7366	64
7367	64
7368	79
7369	63
7370	73
7371	84
7372	106
7373	84
7374	65
7375	67
7376	88
7377	50
7378	52
7379	63
7380	43
7381	47
7382	49
7383	59
7384	58
7385	56
7386	45
7387	75
7388	58
7389	53
7390	69
7391	59
7392	65
7393	50
7394	46
7395	52
7396	63
7397	50
7398	75
7399	51
7400	64
7401	69
7402	58
7403	79
7404	58
7405	34
7406	67
7407	58
7408	61
7409	51
7410	41
7411	58
7412	63
7413	50
7414	33
7415	56
7416	42
7417	60
7418	37
7419	88
7420	78
7421	71
7422	43
7423	49
7424	39
7425	46
7426	65
7427	36
7428	28
7429	71
7430	51
7431	63
7432	61
7433	55
7434	68
7435	53
7436	59
7437	47
7438	54
7439	57
7440	88
7441	59
7442	65
7443	66
7444	53
7445	44
7446	41
7447	52
7448	56
7449	57
7450	53
7451	43
7452	46
7453	62
7454	42
7455	45
7456	75
7457	50
7458	52
7459	54
7460	86
7461	48
7462	45
7463	45
7464	61
7465	56
7466	60
7467	48
7468	56
7469	33
7470	41
7471	53
7472	60
7473	56
7474	32
7475	41
7476	36
7477	57
7478	40
7479	57
7480	43
7481	70
7482	58
7483	69
7484	53
7485	51
7486	42
7487	49
7488	54
7489	46
7490	48
7491	54
7492	37
7493	41
7494	63
7495	66
7496	53
7497	58
7498	49
7499	39
7500	37
7501	46
7502	63
7503	41
7504	54
7505	71
7506	30
7507	48
7508	33
7509	34
7510	43
7511	67
7512	44
7513	51
7514	78
7515	82
7516	78
7517	65
7518	74
7519	69
7520	48
7521	56
7522	44
7523	67
7524	60
7525	46
7526	51
7527	54
7528	58
7529	74
7530	41
7531	48
7532	58
7533	47
7534	66
7535	55
7536	53
7537	66
7538	53
7539	78
7540	65
7541	44
7542	39
7543	80
7544	35
7545	33
7546	59
7547	70
7548	65
7549	66
7550	49
7551	60
7552	53
7553	56
7554	53
7555	57
7556	33
7557	55
7558	55
7559	51
7560	57
7561	63
7562	23
7563	43
7564	54
7565	47
7566	43
7567	30
7568	43
7569	37
7570	45
7571	51
7572	50
7573	72
7574	35
7575	51
7576	57
7577	68
7578	55
7579	58
7580	42
7581	42
7582	46
7583	58
7584	28
7585	56
7586	73
7587	67
7588	44
7589	34
7590	54
7591	57
7592	67
7593	80
7594	68
7595	53
7596	54
7597	28
7598	35
7599	33
7600	40
7601	40
7602	39
7603	32
7604	41
7605	48
7606	73
7607	43
7608	40
7609	58
7610	44
7611	67
7612	64
7613	68
7614	51
7615	57
7616	53
7617	57
7618	58
7619	45
7620	51
7621	47
7622	42
7623	51
7624	50
7625	64
7626	65
7627	66
7628	45
7629	57
7630	36
7631	36
7632	47
7633	56
7634	38
7635	66
7636	65
7637	65
7638	51
7639	56
7640	59
7641	45
7642	75
7643	47
7644	44
7645	43
7646	44
7647	60
7648	71
7649	63
7650	64
7651	43
7652	48
7653	44
7654	56
7655	56
7656	52
7657	53
7658	51
7659	60
7660	47
7661	62
7662	64
7663	45
7664	56
7665	38
7666	40
7667	47
7668	46
7669	35
7670	44
7671	29
7672	37
7673	42
7674	49
7675	29
7676	27
7677	29
7678	44
7679	38
7680	56
7681	39
7682	63
7683	42
7684	58
7685	50
7686	39
7687	45
7688	47
7689	52
7690	52
7691	39
7692	57
7693	52
7694	55
7695	42
7696	60
7697	62
7698	59
7699	47
7700	76
7701	31
7702	61
7703	53
7704	45
7705	67
7706	50
7707	45
7708	40
7709	55
7710	52
7711	61
7712	47
7713	47
7714	57
7715	53
7716	42
7717	57
7718	44
7719	47
7720	52
7721	63
7722	45
7723	70
7724	47
7725	53
7726	75
7727	66
7728	67
7729	48
7730	61
7731	72
7732	29
7733	41
7734	30
7735	39
7736	65
7737	59
7738	59
7739	41
7740	39
7741	35
7742	42
7743	41
7744	52
7745	36
7746	40
7747	40
7748	44
7749	44
7750	56
7751	40
7752	69
7753	51
7754	28
7755	39
7756	31
7757	45
7758	34
7759	34
7760	46
7761	50
7762	32
7763	32
7764	42
7765	49
7766	50
7767	46
7768	45
7769	48
7770	43
7771	43
7772	31
7773	50
7774	37
7775	45
7776	63
7777	54
7778	38
7779	31
7780	64
7781	36
7782	39
7783	44
7784	40
7785	45
7786	39
7787	47
7788	32
7789	44
7790	56
7791	49
7792	35
7793	44
7794	49
7795	50
7796	56
7797	58
7798	44
7799	64
7800	63
7801	57
7802	63
7803	38
7804	53
7805	78
7806	86
7807	67
7808	54
7809	49
7810	62
7811	57
7812	36
7813	42
7814	35
7815	25
7816	32
7817	31
7818	32
7819	64
7820	57
7821	52
7822	43
7823	52
7824	59
7825	68
7826	41
7827	55
7828	55
7829	57
7830	63
7831	24
7832	70
7833	43
7834	57
7835	58
7836	38
7837	76
7838	39
7839	40
7840	44
7841	39
7842	41
7843	36
7844	41
7845	55
7846	51
7847	57
7848	79
7849	68
7850	31
7851	51
7852	56
7853	92
7854	48
7855	54
7856	49
7857	65
7858	53
7859	60
7860	43
7861	50
7862	35
7863	53
7864	66
7865	85
7866	52
7867	60
7868	50
7869	53
7870	56
7871	47
7872	43
7873	57
7874	56
7875	20
7876	43
7877	38
7878	44
7879	42
7880	53
7881	53
7882	52
7883	63
7884	100
7885	122
7886	89
7887	123
7888	45
7889	32
7890	59
7891	47
7892	38
7893	52
7894	54
7895	44
7896	38
7897	37
7898	32
7899	34
7900	41
7901	61
7902	61
7903	59
7904	62
7905	60
7906	67
7907	76
7908	62
7909	45
7910	59
7911	58
7912	57
7913	40
7914	45
7915	48
7916	46
7917	52
7918	79
7919	38
7920	45
7921	72
7922	44
7923	36
7924	45
7925	54
7926	54
7927	50
7928	52
7929	62
7930	56
7931	74
7932	63
7933	73
7934	43
7935	51
7936	49
7937	60
7938	75
7939	54
7940	66
7941	60
7942	55
7943	56
7944	59
7945	43
7946	48
7947	55
7948	35
7949	57
7950	70
7951	77
7952	71
7953	53
7954	44
7955	52
7956	60
7957	49
7958	83
7959	68
7960	57
7961	57
7962	59
7963	65
7964	37
7965	72
7966	55
7967	48
7968	52
7969	50
7970	65
7971	66
7972	61
7973	69
7974	34
7975	59
7976	37
7977	33
7978	60
7979	63
7980	59
7981	53
7982	44
7983	41
7984	46
7985	30
7986	57
7987	50
7988	43
7989	44
7990	54
7991	48
7992	38
7993	60
7994	61
7995	44
7996	64
7997	72
7998	50
7999	45
8000	449391
