0	0
1	0
2	0
3	0
4	0
5	0
6	0
7	0
8	0
9	0
10	0
11	0
12	0
13	1
14	0
15	0
16	0
17	0
18	0
19	0
20	0
21	0
22	2
23	1
24	0
25	1
26	0
27	1
28	2
29	1
30	3
31	2
32	3
33	2
34	0
35	1
36	3
37	2
38	2
39	6
40	7
41	4
42	2
43	2
44	2
45	8
46	5
47	3
48	2
49	4
50	10
51	9
52	10
53	4
54	8
55	14
56	17
57	13
58	13
59	13
60	10
61	14
62	11
63	13
64	7
65	3
66	13
67	11
68	11
69	11
70	17
71	10
72	18
73	22
74	20
75	13
76	17
77	33
78	26
79	22
80	22
81	22
82	24
83	24
84	41
85	34
86	34
87	23
88	61
89	38
90	60
91	64
92	40
93	57
94	56
95	55
96	62
97	57
98	70
99	72
100	80
101	68
102	90
103	104
104	74
105	60
106	118
107	92
108	142
109	157
110	102
111	131
112	111
113	96
114	127
115	160
116	173
117	143
118	173
119	135
120	165
121	234
122	196
123	254
124	201
125	183
126	212
127	169
128	148
129	176
130	252
131	276
132	199
133	312
134	283
135	287
136	240
137	174
138	238
139	261
140	220
141	294
142	310
143	290
144	229
145	237
146	237
147	227
148	330
149	256
150	198
151	256
152	290
153	330
154	181
155	353
156	311
157	349
158	490
159	331
160	492
161	452
162	358
163	355
164	261
165	386
166	496
167	331
168	506
169	397
170	347
171	471
172	410
173	497
174	405
175	501
176	384
177	405
178	374
179	483
180	499
181	400
182	383
183	387
184	369
185	314
186	539
187	428
188	587
189	395
190	397
191	506
192	484
193	710
194	567
195	522
196	439
197	608
198	499
199	464
200	593
201	366
202	329
203	455
204	459
205	384
206	458
207	979
208	353
209	598
210	450
211	486
212	461
213	356
214	703
215	536
216	565
217	482
218	472
219	432
220	473
221	463
222	309
223	327
224	468
225	470
226	307
227	505
228	608
229	517
230	374
231	511
232	233
233	442
234	299
235	343
236	488
237	448
238	487
239	446
240	569
241	373
242	289
243	396
244	621
245	384
246	446
247	236
248	473
249	459
250	337
251	660
252	447
253	507
254	405
255	343
256	409
257	267
258	541
259	708
260	331
261	273
262	392
263	258
264	276
265	282
266	280
267	232
268	483
269	526
270	477
271	259
272	314
273	510
274	352
275	382
276	483
277	286
278	390
279	563
280	370
281	378
282	176
283	477
284	350
285	340
286	421
287	272
288	376
289	430
290	437
291	426
292	334
293	340
294	296
295	211
296	377
297	364
298	301
299	425
300	309
301	386
302	447
303	297
304	346
305	267
306	304
307	467
308	398
309	164
310	325
311	267
312	266
313	225
314	413
315	201
316	351
317	259
318	285
319	263
320	334
321	254
322	230
323	375
324	245
325	182
326	259
327	289
328	298
329	363
330	238
331	232
332	226
333	325
334	290
335	123
336	219
337	262
338	285
339	429
340	186
341	216
342	230
343	214
344	215
345	177
346	184
347	155
348	169
349	168
350	125
351	428
352	273
353	196
354	228
355	141
356	129
357	110
358	267
359	204
360	145
361	224
362	247
363	216
364	142
365	211
366	219
367	238
368	261
369	269
370	155
371	256
372	159
373	170
374	277
375	317
376	151
377	247
378	245
379	233
380	159
381	217
382	211
383	170
384	120
385	113
386	210
387	133
388	156
389	212
390	174
391	174
392	148
393	200
394	297
395	192
396	133
397	190
398	165
399	185
400	161
401	168
402	178
403	99
404	100
405	183
406	111
407	118
408	183
409	198
410	185
411	185
412	106
413	99
414	148
415	84
416	118
417	201
418	96
419	129
420	95
421	167
422	124
423	183
424	104
425	112
426	109
427	156
428	190
429	97
430	125
431	127
432	85
433	121
434	196
435	159
436	178
437	127
438	100
439	147
440	99
441	118
442	147
443	163
444	111
445	124
446	101
447	76
448	127
449	105
450	150
451	167
452	123
453	103
454	100
455	101
456	121
457	91
458	119
459	93
460	86
461	67
462	58
463	81
464	94
465	63
466	65
467	33
468	84
469	70
470	114
471	93
472	67
473	59
474	87
475	87
476	25
477	65
478	36
479	63
480	47
481	66
482	67
483	57
484	15
485	60
486	29
487	57
488	72
489	88
490	86
491	49
492	82
493	58
494	68
495	42
496	42
497	44
498	67
499	48
500	42
501	73
502	61
503	95
504	66
505	32
506	38
507	64
508	70
509	55
510	39
511	63
512	48
513	58
514	45
515	70
516	37
517	18
518	41
519	38
520	33
521	63
522	42
523	41
524	34
525	22
526	30
527	28
528	35
529	40
530	44
531	41
532	48
533	54
534	43
535	59
536	30
537	30
538	50
539	69
540	30
541	37
542	44
543	8
544	40
545	19
546	29
547	29
548	34
549	36
550	45
551	15
552	26
553	23
554	32
555	26
556	29
557	80
