0	0
1	0
2	0
3	0
4	0
5	0
6	0
7	0
8	0
9	0
10	0
11	0
12	0
13	1
14	0
15	0
16	0
17	0
18	0
19	0
20	0
21	0
22	2
23	1
24	0
25	1
26	0
27	1
28	2
29	1
30	3
31	2
32	3
33	2
34	0
35	1
36	3
37	2
38	2
39	6
40	6
41	3
42	2
43	2
44	2
45	8
46	5
47	3
48	2
49	4
50	7
51	7
52	10
53	4
54	8
55	9
56	12
57	11
58	11
59	13
60	10
61	14
62	11
63	13
64	7
65	3
66	13
67	11
68	10
69	9
70	15
71	9
72	17
73	20
74	17
75	13
76	15
77	28
78	21
79	21
80	20
81	18
82	22
83	23
84	37
85	29
86	30
87	22
88	47
89	32
90	52
91	49
92	37
93	45
94	48
95	52
96	46
97	47
98	58
99	56
100	71
101	48
102	61
103	68
104	50
105	53
106	84
107	68
108	89
109	91
110	85
111	78
112	72
113	70
114	95
115	97
116	107
117	109
118	97
119	95
120	109
121	119
122	122
123	126
124	113
125	111
126	108
127	106
128	95
129	107
130	139
131	164
132	112
133	138
134	154
135	141
136	118
137	92
138	147
139	145
140	115
141	154
142	147
143	133
144	103
145	104
146	114
147	111
148	118
149	101
150	90
151	110
152	98
153	107
154	70
155	127
156	110
157	125
158	162
159	123
160	139
161	135
162	108
163	128
164	100
165	128
166	146
167	93
168	111
169	116
170	110
171	134
172	137
173	144
174	114
175	129
176	129
177	125
178	119
179	146
180	120
181	97
182	128
183	111
184	101
185	93
186	137
187	118
188	135
189	97
190	120
191	112
192	128
193	154
194	135
195	130
196	101
197	144
198	123
199	104
200	138
201	102
202	87
203	98
204	103
205	110
206	121
207	184
208	122
209	135
210	91
211	118
212	116
213	101
214	113
215	125
216	143
217	92
218	96
219	81
220	107
221	101
222	84
223	75
224	101
225	102
226	103
227	111
228	140
229	127
230	86
231	106
232	67
233	96
234	95
235	89
236	128
237	121
238	109
239	127
240	107
241	94
242	102
243	92
244	141
245	90
246	112
247	76
248	109
249	115
250	113
251	136
252	112
253	125
254	98
255	94
256	113
257	105
258	145
259	138
260	103
261	74
262	99
263	88
264	67
265	82
266	95
267	100
268	118
269	131
270	123
271	77
272	94
273	131
274	93
275	110
276	122
277	97
278	120
279	124
280	118
281	113
282	71
283	107
284	91
285	111
286	106
287	85
288	123
289	123
290	108
291	104
292	123
293	101
294	92
295	79
296	108
297	104
298	97
299	101
300	98
301	126
302	120
303	112
304	87
305	77
306	107
307	130
308	99
309	83
310	88
311	73
312	80
313	78
314	106
315	82
316	102
317	104
318	103
319	84
320	122
321	89
322	109
323	118
324	95
325	91
326	88
327	95
328	85
329	112
330	103
331	90
332	100
333	99
334	101
335	63
336	80
337	87
338	98
339	104
340	89
341	88
342	85
343	84
344	92
345	91
346	86
347	83
348	79
349	82
350	77
351	100
352	79
353	70
354	76
355	69
356	59
357	57
358	83
359	71
360	62
361	83
362	100
363	87
364	72
365	85
366	83
367	100
368	107
369	109
370	80
371	95
372	66
373	64
374	100
375	103
376	82
377	72
378	95
379	78
380	59
381	81
382	80
383	74
384	59
385	70
386	89
387	63
388	67
389	88
390	89
391	79
392	71
393	75
394	104
395	83
396	44
397	80
398	70
399	73
400	71
401	78
402	74
403	53
404	62
405	62
406	54
407	71
408	83
409	86
410	81
411	91
412	54
413	61
414	75
415	60
416	70
417	71
418	46
419	55
420	65
421	86
422	75
423	97
424	77
425	60
426	56
427	65
428	85
429	55
430	65
431	62
432	63
433	59
434	84
435	66
436	67
437	76
438	62
439	71
440	56
441	67
442	84
443	70
444	74
445	66
446	60
447	58
448	52
449	52
450	70
451	57
452	61
453	56
454	62
455	53
456	59
457	60
458	64
459	58
460	49
461	41
462	33
463	53
464	58
465	34
466	37
467	24
468	42
469	46
470	47
471	45
472	40
473	30
474	48
475	38
476	18
477	30
478	28
479	40
480	37
481	43
482	38
483	34
484	13
485	33
486	26
487	37
488	45
489	57
490	35
491	29
492	42
493	25
494	35
495	31
496	35
497	31
498	44
499	28
500	27
501	38
502	38
503	35
504	27
505	30
506	34
507	47
508	42
509	34
510	24
511	32
512	29
513	35
514	24
515	33
516	24
517	11
518	28
519	26
520	28
521	40
522	29
523	25
524	24
525	21
526	20
527	26
528	29
529	20
530	29
531	28
532	21
533	31
534	23
535	25
536	25
537	18
538	25
539	47
540	25
541	26
542	19
543	7
544	22
545	15
546	19
547	22
548	23
549	22
550	19
551	10
552	16
553	20
554	24
555	21
556	24
557	20
558	24
559	12
560	17
561	8
562	24
563	22
564	13
565	12
566	14
567	27
568	19
569	10
570	14
571	10
572	13
