16	7
17	3
18	3
19	1
20	7
21	5
22	3
23	6
24	8
25	2
26	4
27	9
28	11
29	13
30	19
31	14
32	13
33	28
34	25
35	10
36	14
37	15
38	22
39	20
40	22
41	31
42	35
43	26
44	39
45	35
46	51
47	51
48	40
49	59
50	48
51	62
52	63
53	57
54	50
55	60
56	71
57	95
58	93
59	101
60	102
61	96
62	111
63	119
64	100
65	144
66	149
67	162
68	147
69	140
70	155
71	169
72	169
73	211
74	215
75	222
76	262
77	284
78	255
79	335
80	284
81	311
82	306
83	286
84	316
85	350
86	337
87	399
88	406
89	426
90	440
91	480
92	482
93	503
94	553
95	583
96	579
97	608
98	647
99	695
100	670
101	730
102	693
103	676
104	793
105	822
106	887
107	844
108	862
109	916
110	948
111	929
112	947
113	1059
114	1063
115	1069
116	1119
117	1074
118	1210
119	1172
120	1212
121	1281
122	1236
123	1219
124	1240
125	1313
126	1318
127	1368
128	1465
129	1442
130	1421
131	1421
132	1443
133	1523
134	1547
135	1524
136	1515
137	1621
138	1646
139	1672
140	1780
141	1867
142	2037
143	2293
144	2728
145	3630
146	4978
147	8488
148	11428
149	22361
150	45157
