16	7
17	3
18	3
19	1
20	7
21	5
22	3
23	6
24	8
25	2
26	4
27	9
28	12
29	13
30	20
31	14
32	13
33	28
34	27
35	10
36	14
37	15
38	22
39	20
40	22
41	31
42	35
43	26
44	42
45	36
46	54
47	57
48	46
49	60
50	50
51	71
52	68
53	57
54	53
55	60
56	71
57	99
58	96
59	113
60	105
61	97
62	114
63	126
64	103
65	148
66	158
67	166
68	151
69	144
70	159
71	174
72	175
73	219
74	228
75	230
76	274
77	302
78	277
79	359
80	308
81	331
82	332
83	304
84	337
85	372
86	355
87	427
88	427
89	469
90	486
91	531
92	539
93	619
94	626
95	710
96	724
97	710
98	773
99	760
100	745
101	821
102	815
103	839
104	931
105	928
106	1010
107	952
108	967
109	1021
110	1072
111	1079
112	1117
113	1226
114	1235
115	1278
116	1366
117	1330
118	1410
119	1396
120	1418
121	1502
122	1478
123	1434
124	1503
125	1630
126	1642
127	1704
128	1802
129	1764
130	1852
131	1978
132	2036
133	1950
134	1987
135	1908
136	1859
137	2095
138	2118
139	2222
140	2389
141	2403
142	2616
143	2952
144	3614
145	4836
146	6694
147	11574
148	14748
149	32204
150	84275
