0	0
1	0
2	0
3	0
4	0
5	0
6	0
7	0
8	0
9	0
10	0
11	0
12	0
13	0
14	0
15	2
16	0
17	0
18	0
19	1
20	0
21	0
22	0
23	0
24	0
25	2
26	1
27	1
28	2
29	0
30	1
31	2
32	8
33	5
34	2
35	4
36	6
37	2
38	6
39	3
40	0
41	5
42	7
43	11
44	6
45	4
46	5
47	7
48	4
49	4
50	12
51	12
52	7
53	9
54	5
55	8
56	11
57	7
58	7
59	11
60	9
61	10
62	6
63	16
64	2
65	9
66	4
67	14
68	12
69	10
70	8
71	16
72	7
73	11
74	14
75	11
76	12
77	20
78	17
79	27
80	13
81	14
82	15
83	18
84	25
85	31
86	16
87	22
88	26
89	39
90	41
91	32
92	34
93	32
94	28
95	28
96	27
97	36
98	43
99	57
100	48
101	55
102	64
103	50
104	42
105	36
106	42
107	53
108	68
109	48
110	49
111	71
112	45
113	59
114	74
115	68
116	68
117	62
118	94
119	90
120	64
121	82
122	43
123	63
124	55
125	94
126	99
127	79
128	90
129	75
130	65
131	88
132	77
133	91
134	93
135	105
136	91
137	71
138	127
139	105
140	144
141	122
142	89
143	113
144	95
145	68
146	95
147	96
148	63
149	89
150	87
151	70
152	102
153	118
154	129
155	110
156	76
157	87
158	100
159	108
160	113
161	115
162	82
163	83
164	120
165	99
166	91
167	120
168	130
169	112
170	107
171	112
172	95
173	129
174	107
175	112
176	129
177	108
178	122
179	117
180	102
181	112
182	116
183	111
184	141
185	122
186	121
187	129
188	90
189	128
190	112
191	78
192	114
193	122
194	123
195	168
196	104
197	111
198	142
199	83
200	87
201	105
202	91
203	96
204	92
205	105
206	119
207	99
208	123
209	87
210	123
211	112
212	99
213	103
214	114
215	92
216	89
217	103
218	84
219	124
220	76
221	78
222	108
223	72
224	103
225	103
226	121
227	104
228	95
229	96
230	89
231	104
232	100
233	95
234	113
235	134
236	94
237	87
238	119
239	107
240	120
241	122
242	107
243	104
244	97
245	137
246	97
247	103
248	64
249	99
250	126
251	92
252	73
253	132
254	102
255	103
256	106
257	108
258	102
259	112
260	131
261	133
262	129
263	116
264	91
265	149
266	91
267	132
268	122
269	132
270	106
271	105
272	127
273	92
274	102
275	106
276	89
277	110
278	128
279	86
280	87
281	158
282	120
283	125
284	105
285	94
286	105
287	131
288	121
289	125
290	114
291	101
292	122
293	102
294	123
295	90
296	118
297	109
298	96
299	115
300	121
301	90
302	91
303	93
304	105
305	150
306	109
307	74
308	86
309	95
310	87
311	110
312	117
313	120
314	101
315	94
316	113
317	106
318	90
319	104
320	119
321	113
322	125
323	90
324	102
325	107
326	93
327	96
328	94
329	80
330	98
331	83
332	76
333	114
334	80
335	99
336	89
337	88
338	98
339	82
340	107
341	84
342	89
343	71
344	71
345	67
346	72
347	110
348	109
349	101
350	118
351	78
352	101
353	91
354	94
355	86
356	90
357	100
358	98
359	77
360	94
361	82
362	100
363	87
364	104
365	105
366	103
367	95
368	99
369	82
370	100
371	95
372	83
373	99
374	90
375	74
376	90
377	65
378	68
379	54
380	48
381	80
382	85
383	73
384	80
385	70
386	96
387	92
388	86
389	107
390	84
391	74
392	87
393	63
394	91
395	80
396	80
397	68
398	112
399	79
400	98
401	100
402	58
403	80
404	77
405	81
406	107
407	71
408	87
409	96
410	75
411	69
412	76
413	63
414	87
415	88
416	83
417	98
418	61
419	98
420	80
421	80
422	75
423	35
424	63
425	85
426	60
427	89
428	66
429	73
430	69
431	77
432	75
433	89
434	38
435	90
436	64
437	59
438	77
439	61
440	63
441	51
442	68
443	70
444	88
445	65
446	70
447	62
448	74
449	67
450	57
451	55
452	69
453	56
454	67
455	61
456	69
457	43
458	46
459	61
460	56
461	63
462	39
463	61
464	46
465	44
466	51
467	51
468	56
469	47
470	52
471	55
472	67
473	30
474	47
475	31
476	52
477	53
478	47
479	31
480	39
481	24
482	38
483	34
484	44
485	31
486	35
487	44
488	43
489	29
490	59
491	30
492	34
493	29
494	17
495	37
496	41
497	62
498	42
499	33
500	31
501	49
502	43
503	17
504	42
505	26
506	38
507	22
508	32
509	24
510	31
511	33
512	40
513	35
514	41
515	37
516	34
517	17
518	24
519	24
520	25
521	25
522	30
523	27
524	25
525	34
526	36
527	33
528	13
529	23
530	19
531	13
532	18
533	20
534	39
535	14
536	33
537	9
538	17
539	26
540	23
541	23
542	34
543	19
544	27
545	14
546	29
547	19
548	24
549	17
550	28
551	10
552	18
553	22
554	26
555	13
556	12
557	17
558	14
559	15
560	36
561	13
562	16
563	14
564	4
565	13
566	11
567	20
568	13
569	11
570	11
571	17
572	8
573	15
