0	0
1	0
2	0
3	0
4	0
5	0
6	0
7	0
8	0
9	0
10	0
11	0
12	0
13	0
14	1
15	1
16	0
17	1
18	0
19	1
20	0
21	1
22	2
23	1
24	1
25	2
26	2
27	4
28	3
29	1
30	8
31	7
32	2
33	4
34	6
35	4
36	15
37	3
38	7
39	6
40	15
41	11
42	6
43	16
44	14
45	9
46	11
47	21
48	12
49	15
50	15
51	16
52	22
53	22
54	14
55	20
56	22
57	23
58	32
59	14
60	15
61	16
62	27
63	25
64	29
65	28
66	25
67	20
68	24
69	21
70	34
71	28
72	27
73	22
74	24
75	32
76	39
77	39
78	49
79	60
80	49
81	50
82	69
83	45
84	70
85	67
86	66
87	76
88	63
89	54
90	95
91	72
92	102
93	63
94	94
95	72
96	122
97	95
98	103
99	100
100	100
101	125
102	147
103	122
104	131
105	116
106	143
107	169
108	135
109	120
110	164
111	143
112	175
113	160
114	136
115	198
116	136
117	123
118	174
119	150
120	181
121	231
122	211
123	268
124	293
125	382
126	233
127	199
128	207
129	195
130	300
131	256
132	203
133	288
134	242
135	223
136	206
137	236
138	370
139	311
140	174
141	350
142	328
143	419
144	364
145	442
146	213
147	229
148	196
149	469
150	239
151	226
152	233
153	146
154	154
155	235
156	344
157	320
158	299
159	256
160	347
161	175
162	355
163	345
164	283
165	247
166	414
167	423
168	445
169	385
170	589
171	462
172	425
173	320
174	374
175	440
176	413
177	305
178	524
179	622
180	474
181	408
182	375
183	281
184	375
185	364
186	429
187	381
188	453
189	433
190	539
191	397
192	462
193	356
194	439
195	527
196	514
197	623
198	592
199	719
200	265
201	632
202	658
203	252
204	421
205	567
206	426
207	250
208	266
209	438
210	299
211	326
212	272
213	250
214	355
215	465
216	469
217	491
218	413
219	515
220	372
221	479
222	494
223	339
224	327
225	725
226	427
227	647
228	165
229	454
230	354
231	159
232	171
233	503
234	388
235	256
236	511
237	536
238	500
239	356
240	554
241	396
242	433
243	765
244	291
245	502
246	638
247	474
248	548
249	549
250	559
251	370
252	449
253	643
254	418
255	773
256	613
257	544
258	229
259	245
260	557
261	297
262	402
263	360
264	632
265	397
266	415
267	254
268	760
269	292
270	407
271	463
272	493
273	655
274	538
275	672
276	550
277	440
278	297
279	586
280	402
281	421
282	668
283	460
284	460
285	285
286	554
287	503
288	322
289	548
290	433
291	827
292	228
293	511
294	538
295	431
296	464
297	323
298	425
299	245
300	255
301	591
302	449
303	637
304	776
305	424
306	349
307	277
308	475
309	397
310	206
311	338
312	479
313	486
314	333
315	235
316	596
317	533
318	266
319	402
320	533
321	538
322	437
323	235
324	388
325	442
326	436
327	132
328	155
329	286
330	486
331	408
332	176
333	211
334	205
335	286
336	394
337	200
338	109
339	319
340	428
341	340
342	356
343	222
344	254
345	368
346	247
347	232
348	520
349	563
350	369
351	333
352	195
353	185
354	607
355	480
356	522
357	372
358	471
359	252
360	203
361	445
362	272
363	154
364	414
365	238
366	476
367	216
368	477
369	345
370	360
371	282
372	164
373	333
374	204
375	102
376	183
377	149
378	244
379	270
380	148
381	186
382	200
383	295
384	323
385	315
386	232
387	309
388	207
389	208
390	492
391	157
392	296
393	337
394	131
395	410
396	163
397	306
398	233
399	177
400	176
401	420
402	231
403	365
404	251
405	323
406	87
407	203
408	190
409	209
410	227
411	244
412	166
413	347
414	83
415	87
416	141
417	196
418	261
419	165
420	137
421	84
422	166
423	205
424	197
425	302
426	112
427	170
428	207
429	168
430	101
431	105
432	66
433	249
434	77
435	119
436	143
437	130
438	146
439	78
440	147
441	87
442	132
443	152
444	145
445	94
446	143
447	381
448	151
449	125
450	137
451	115
452	206
453	138
454	89
455	103
456	132
457	151
458	221
459	129
460	78
461	70
462	126
463	116
464	129
465	97
466	55
467	91
468	113
469	112
470	136
471	69
472	107
473	108
474	65
475	119
476	102
477	86
478	77
479	101
480	82
481	90
482	102
483	117
484	81
485	105
486	29
487	147
488	93
489	62
490	108
491	81
492	47
493	56
494	65
495	100
496	71
497	80
498	154
499	52
500	90
501	100
502	64
503	51
504	73
505	100
506	78
507	45
508	93
509	91
510	86
511	58
512	79
513	65
514	64
515	74
516	41
517	24
518	41
519	75
520	44
521	48
522	70
523	45
524	54
525	48
526	94
527	48
528	21
529	76
530	55
531	29
532	27
533	33
534	71
535	103
536	30
537	38
538	27
539	23
540	68
541	46
542	52
543	101
544	26
545	86
546	19
547	38
548	45
549	57
550	36
551	18
552	32
553	23
554	65
555	19
556	39
557	47
558	22
559	17
560	11
561	92
