0	0
1	0
2	0
3	0
4	0
5	0
6	0
7	0
8	0
9	0
10	0
11	0
12	0
13	0
14	1
15	1
16	0
17	1
18	0
19	1
20	0
21	1
22	2
23	1
24	1
25	2
26	2
27	3
28	2
29	1
30	8
31	7
32	2
33	4
34	5
35	4
36	14
37	3
38	6
39	6
40	13
41	10
42	6
43	14
44	14
45	9
46	10
47	15
48	11
49	11
50	12
51	12
52	18
53	19
54	12
55	14
56	20
57	19
58	19
59	12
60	15
61	14
62	22
63	21
64	18
65	17
66	18
67	18
68	20
69	16
70	28
71	21
72	20
73	20
74	11
75	20
76	30
77	29
78	34
79	40
80	34
81	38
82	42
83	31
84	50
85	42
86	48
87	51
88	48
89	42
90	58
91	50
92	67
93	45
94	53
95	51
96	87
97	65
98	63
99	70
100	76
101	70
102	88
103	79
104	86
105	79
106	90
107	84
108	96
109	68
110	110
111	96
112	108
113	96
114	80
115	120
116	94
117	70
118	93
119	93
120	103
121	107
122	118
123	139
124	126
125	171
126	119
127	121
128	115
129	101
130	133
131	101
132	98
133	158
134	135
135	109
136	108
137	117
138	165
139	127
140	103
141	134
142	142
143	175
144	141
145	134
146	89
147	102
148	80
149	128
150	62
151	69
152	79
153	56
154	51
155	67
156	84
157	103
158	82
159	81
160	79
161	68
162	95
163	102
164	60
165	85
166	92
167	94
168	111
169	112
170	125
171	98
172	110
173	92
174	99
175	119
176	104
177	103
178	128
179	123
180	95
181	80
182	87
183	76
184	94
185	98
186	86
187	88
188	114
189	104
190	114
191	79
192	97
193	96
194	105
195	106
196	111
197	115
198	118
199	85
200	72
201	112
202	97
203	66
204	91
205	100
206	64
207	57
208	63
209	61
210	68
211	59
212	44
213	54
214	78
215	99
216	76
217	89
218	83
219	85
220	66
221	86
222	102
223	65
224	70
225	107
226	84
227	116
228	66
229	97
230	82
231	43
232	67
233	107
234	74
235	78
236	109
237	89
238	89
239	81
240	85
241	72
242	79
243	101
244	81
245	84
246	96
247	101
248	93
249	96
250	97
251	80
252	87
253	107
254	93
255	113
256	85
257	97
258	74
259	60
260	109
261	64
262	85
263	81
264	104
265	94
266	89
267	80
268	95
269	100
270	70
271	104
272	102
273	120
274	110
275	106
276	91
277	100
278	81
279	117
280	110
281	102
282	109
283	82
284	87
285	89
286	92
287	97
288	94
289	105
290	110
291	120
292	71
293	95
294	79
295	95
296	79
297	80
298	101
299	60
300	82
301	114
302	97
303	127
304	111
305	87
306	103
307	83
308	91
309	86
310	82
311	84
312	101
313	117
314	91
315	77
316	106
317	108
318	76
319	80
320	104
321	104
322	103
323	70
324	96
325	87
326	110
327	66
328	57
329	68
330	89
331	83
332	48
333	70
334	78
335	65
336	72
337	72
338	56
339	92
340	92
341	80
342	92
343	79
344	68
345	108
346	78
347	87
348	85
349	95
350	78
351	87
352	62
353	64
354	113
355	81
356	117
357	81
358	82
359	66
360	75
361	87
362	77
363	59
364	87
365	84
366	80
367	77
368	87
369	83
370	85
371	72
372	68
373	93
374	61
375	55
376	64
377	59
378	83
379	79
380	61
381	69
382	88
383	86
384	76
385	105
386	90
387	72
388	69
389	88
390	81
391	74
392	90
393	82
394	60
395	89
396	84
397	89
398	94
399	78
400	75
401	95
402	93
403	72
404	71
405	80
406	50
407	57
408	79
409	81
410	81
411	71
412	63
413	77
414	42
415	52
416	56
417	75
418	69
419	64
420	68
421	46
422	61
423	72
424	56
425	75
426	58
427	70
428	61
429	59
430	54
431	50
432	48
433	86
434	43
435	65
436	56
437	59
438	58
439	48
440	57
441	54
442	61
443	75
444	58
445	48
446	63
447	91
448	65
449	60
450	61
451	57
452	65
453	50
454	55
455	66
456	59
457	66
458	63
459	40
460	49
461	38
462	46
463	65
464	51
465	40
466	32
467	43
468	49
469	46
470	51
471	43
472	40
473	40
474	37
475	56
476	35
477	51
478	34
479	35
480	49
481	42
482	31
483	51
484	48
485	41
486	22
487	47
488	42
489	32
490	42
491	43
492	23
493	31
494	31
495	36
496	37
497	38
498	39
499	39
500	43
501	46
502	27
503	35
504	31
505	43
506	36
507	37
508	48
509	44
510	31
511	32
512	33
513	23
514	41
515	30
516	26
517	20
518	30
519	37
520	24
521	32
522	27
523	28
524	32
525	28
526	34
527	29
528	18
529	30
530	29
531	24
532	21
533	27
534	34
535	35
536	24
537	24
538	18
539	20
540	38
541	39
542	34
543	42
544	16
545	15
546	15
547	22
548	24
549	26
550	16
551	16
552	19
553	18
554	21
555	13
556	27
557	22
558	14
559	13
560	10
561	31
562	15
563	23
564	12
565	9
566	24
567	25
568	19
569	19
570	15
571	8
572	18
573	12
574	19
575	23
