16	2
17	1
18	1
19	1
21	1
24	3
26	1
27	6
28	12
29	5
30	17
31	10
32	19
33	14
34	12
35	9
36	15
37	22
38	24
39	30
40	29
41	43
42	48
43	43
44	44
45	72
46	74
47	113
48	87
49	77
50	100
51	117
52	97
53	116
54	118
55	121
56	144
57	164
58	164
59	148
60	186
61	203
62	204
63	194
64	247
65	259
66	280
67	306
68	319
69	341
70	315
71	357
72	367
73	435
74	465
75	505
76	552
77	547
78	601
79	585
80	658
81	666
82	742
83	765
84	752
85	865
86	867
87	906
88	942
89	1046
90	1158
91	1177
92	1228
93	1238
94	1263
95	1276
96	1291
97	1442
98	1429
99	1592
100	1606
101	1696
102	1701
103	1792
104	1886
105	1980
106	1941
107	1984
108	2085
109	2169
110	2187
111	2150
112	2313
113	2379
114	2477
115	2595
116	2802
117	2871
118	2822
119	2745
120	2694
121	2934
122	3036
123	3100
124	3170
125	3319
126	3409
127	3276
128	3232
129	3303
130	3481
131	3495
132	3593
133	3546
134	3642
135	3750
136	3797
137	3847
138	3941
139	3886
140	4087
141	4371
142	4587
143	4575
144	5057
145	5790
146	6833
147	10404
148	15346
149	24372
150	56813
