16	2
17	1
18	1
19	1
21	1
24	3
26	1
27	6
28	11
29	5
30	16
31	10
32	19
33	14
34	12
35	9
36	15
37	22
38	24
39	30
40	29
41	39
42	44
43	43
44	43
45	70
46	63
47	85
48	71
49	74
50	91
51	80
52	88
53	110
54	109
55	118
56	136
57	156
58	156
59	144
60	179
61	196
62	195
63	188
64	237
65	253
66	275
67	297
68	310
69	329
70	305
71	344
72	355
73	425
74	449
75	481
76	519
77	521
78	565
79	550
80	611
81	629
82	699
83	704
84	692
85	789
86	783
87	836
88	867
89	961
90	1075
91	1070
92	1120
93	1106
94	1143
95	1142
96	1170
97	1297
98	1297
99	1435
100	1427
101	1490
102	1489
103	1580
104	1639
105	1702
106	1692
107	1703
108	1813
109	1849
110	1864
111	1819
112	1979
113	1995
114	2061
115	2121
116	2310
117	2290
118	2337
119	2249
120	2203
121	2333
122	2401
123	2419
124	2402
125	2511
126	2518
127	2446
128	2514
129	2514
130	2685
131	2602
132	2682
133	2674
134	2727
135	2829
136	2785
137	2868
138	2873
139	2868
140	2976
141	3157
142	3332
143	3282
144	3677
145	4154
146	4933
147	7336
148	10114
149	16270
150	28383
