16	4
17	7
18	7
19	10
20	6
21	10
22	6
23	8
24	15
25	17
26	14
27	20
28	23
29	15
30	17
31	32
32	38
33	41
34	48
35	46
36	47
37	33
38	50
39	40
40	36
41	53
42	72
43	57
44	57
45	70
46	76
47	88
48	89
49	84
50	84
51	73
52	63
53	80
54	87
55	103
56	112
57	134
58	115
59	104
60	86
61	122
62	84
63	89
64	88
65	135
66	100
67	98
68	137
69	182
70	188
71	164
72	162
73	157
74	157
75	178
76	192
77	244
78	193
79	175
80	192
81	243
82	275
83	270
84	267
85	282
86	333
87	323
88	363
89	384
90	426
91	427
92	397
93	476
94	383
95	448
96	445
97	532
98	607
99	573
100	532
101	582
102	601
103	653
104	653
105	658
106	726
107	698
108	666
109	811
110	895
111	844
112	907
113	952
114	1005
115	1085
116	1029
117	1181
118	966
119	967
120	992
121	1040
122	1178
123	1149
124	1427
125	1508
126	1620
127	1538
128	1588
129	1293
130	1242
131	1329
132	1373
133	1471
134	1823
135	1413
136	1304
137	1434
138	1614
139	2066
140	2015
141	2250
142	2583
143	2729
144	3322
145	4183
146	6934
147	11591
148	13589
149	32218
150	52876
