16	4
17	7
18	7
19	10
20	6
21	10
22	6
23	8
24	15
25	14
26	10
27	16
28	18
29	13
30	16
31	27
32	32
33	34
34	38
35	37
36	36
37	31
38	44
39	34
40	35
41	50
42	56
43	53
44	54
45	61
46	70
47	76
48	76
49	76
50	71
51	61
52	56
53	67
54	68
55	68
56	79
57	85
58	63
59	82
60	72
61	104
62	68
63	78
64	76
65	104
66	85
67	82
68	107
69	142
70	138
71	131
72	140
73	136
74	127
75	144
76	143
77	156
78	147
79	133
80	138
81	179
82	193
83	207
84	191
85	196
86	233
87	234
88	255
89	273
90	281
91	282
92	261
93	316
94	253
95	276
96	285
97	331
98	359
99	357
100	331
101	349
102	354
103	377
104	374
105	378
106	418
107	402
108	385
109	423
110	441
111	405
112	452
113	494
114	498
115	483
116	475
117	495
118	506
119	496
120	506
121	518
122	561
123	534
124	620
125	691
126	628
127	639
128	608
129	552
130	500
131	565
132	568
133	614
134	632
135	555
136	580
137	638
138	654
139	732
140	699
141	748
142	799
143	791
144	1014
145	1222
146	1686
147	2856
148	2738
149	4382
150	4723
