0	0
1	0
2	0
3	0
4	0
5	0
6	0
7	0
8	0
9	0
10	0
11	0
12	0
13	0
14	0
15	1
16	5
17	2
18	2
19	1
20	2
21	2
22	0
23	2
24	3
25	1
26	7
27	6
28	6
29	5
30	7
31	7
32	1
33	12
34	10
35	5
36	16
37	12
38	14
39	18
40	15
41	18
42	25
43	19
44	24
45	13
46	21
47	52
48	13
49	17
50	25
51	24
52	30
53	22
54	18
55	16
56	40
57	27
58	35
59	44
60	41
61	45
62	49
63	49
64	42
65	46
66	41
67	60
68	62
69	71
70	56
71	63
72	64
73	80
74	86
75	88
76	100
77	111
78	90
79	77
80	86
81	139
82	125
83	140
84	150
85	141
86	154
87	146
88	165
89	165
90	196
91	184
92	149
93	173
94	198
95	205
96	198
97	218
98	199
99	197
100	241
101	193
102	244
103	330
104	225
105	229
106	276
107	256
108	279
109	357
110	304
111	339
112	260
113	236
114	328
115	275
116	286
117	275
118	314
119	286
120	267
121	330
122	227
123	323
124	354
125	342
126	292
127	340
128	358
129	283
130	318
131	322
132	342
133	331
134	345
135	385
136	400
137	333
138	338
139	377
140	349
141	384
142	366
143	314
144	348
145	325
146	320
147	320
148	430
149	384
150	365
151	379
152	343
153	408
154	427
155	433
156	420
157	362
158	406
159	393
160	371
161	394
162	366
163	426
164	326
165	366
166	393
167	355
168	399
169	372
170	352
171	336
172	356
173	357
174	399
175	467
176	460
177	433
178	456
179	440
180	404
181	368
182	404
183	419
184	463
185	489
186	406
187	440
188	334
189	452
190	392
191	369
192	458
193	339
194	409
195	489
196	462
197	357
198	449
199	363
200	432
201	399
202	315
203	315
204	317
205	367
206	306
207	397
208	319
209	358
210	413
211	373
212	359
213	340
214	353
215	373
216	343
217	394
218	415
219	294
220	328
221	328
222	341
223	314
224	370
225	313
226	358
227	365
228	378
229	397
230	337
231	364
232	394
233	337
234	337
235	335
236	297
237	290
238	287
239	306
240	300
241	266
242	223
243	302
244	320
245	320
246	304
247	328
248	363
249	360
250	333
251	374
252	470
253	446
254	353
255	399
256	349
257	432
258	402
259	393
260	401
261	358
262	365
263	367
264	358
265	359
266	342
267	402
268	333
269	427
270	316
271	335
272	368
273	370
274	358
275	401
276	395
277	360
278	432
279	423
280	396
281	381
282	387
283	314
284	327
285	366
286	348
287	383
288	412
289	446
290	476
291	369
292	408
293	370
294	323
295	378
296	388
297	440
298	380
299	364
300	378
301	388
302	407
303	379
304	367
305	352
306	372
307	402
308	302
309	358
310	336
311	384
312	316
313	301
314	326
315	370
316	319
317	355
318	348
319	292
320	295
321	368
322	338
323	348
324	327
325	382
326	342
327	321
328	365
329	360
330	359
331	327
332	384
333	305
334	253
335	332
336	280
337	373
338	323
339	349
340	387
341	309
342	283
343	311
344	286
345	363
346	359
347	321
348	294
349	261
350	317
351	308
352	275
353	272
354	254
355	276
356	324
357	292
358	307
359	327
360	286
361	307
362	329
363	301
364	317
365	311
366	361
367	291
368	305
369	315
370	339
371	303
372	264
373	327
374	268
375	331
376	342
377	285
378	310
379	304
380	261
381	288
382	351
383	281
384	277
385	299
386	312
387	289
388	301
389	295
390	299
391	328
392	288
393	340
394	346
395	289
396	296
397	273
398	309
399	273
400	293
401	342
402	327
403	309
404	276
405	256
406	300
407	316
408	268
409	279
410	316
411	269
412	300
413	298
414	325
415	351
416	396
417	312
418	303
419	282
420	351
421	350
422	387
423	345
424	328
425	248
426	252
427	241
428	248
429	254
430	278
431	233
432	260
433	256
434	285
435	273
436	268
437	244
438	256
439	282
440	241
441	265
442	249
443	266
444	237
445	208
446	273
447	250
448	249
449	265
450	232
451	180
452	219
453	221
454	259
455	211
456	237
457	184
458	173
459	190
460	166
461	179
462	176
463	193
464	152
465	179
466	212
467	163
468	197
469	226
470	159
471	159
472	154
473	144
474	201
475	168
476	134
477	188
478	156
479	179
480	150
481	180
482	161
483	184
484	182
485	163
486	119
487	149
488	270
489	162
490	155
491	150
492	172
493	159
494	152
495	180
496	169
497	171
498	176
499	171
500	185
501	198
502	183
503	161
504	189
505	135
506	172
507	292
508	261
509	168
510	138
511	134
512	159
513	172
514	165
515	128
516	155
517	144
518	156
519	169
520	142
521	187
522	124
523	165
524	187
525	151
526	126
527	122
528	128
529	93
530	123
531	120
532	123
533	150
534	136
535	141
536	131
537	115
538	129
539	110
540	125
541	153
542	116
543	93
544	167
545	128
546	91
547	105
548	120
549	122
550	92
551	111
552	80
553	83
554	93
555	79
556	78
557	81
558	91
559	130
560	93
561	86
562	136
563	69
564	71
565	62
566	69
567	118
568	96
569	63
570	62
571	82
572	40
573	35
574	59
575	59
576	60
577	60
578	56
579	64
