0	0
1	0
2	0
3	0
4	0
5	0
6	0
7	0
8	0
9	0
10	0
11	0
12	0
13	0
14	0
15	1
16	5
17	2
18	2
19	1
20	2
21	2
22	0
23	2
24	3
25	1
26	7
27	3
28	6
29	5
30	7
31	7
32	1
33	11
34	10
35	5
36	14
37	10
38	14
39	18
40	15
41	16
42	16
43	16
44	12
45	12
46	18
47	24
48	13
49	16
50	20
51	19
52	28
53	22
54	16
55	16
56	36
57	26
58	34
59	41
60	40
61	43
62	47
63	44
64	37
65	45
66	40
67	56
68	60
69	57
70	52
71	56
72	62
73	74
74	80
75	83
76	96
77	96
78	84
79	70
80	83
81	125
82	116
83	128
84	128
85	124
86	137
87	129
88	149
89	147
90	158
91	169
92	134
93	151
94	182
95	182
96	174
97	189
98	177
99	163
100	209
101	169
102	203
103	265
104	196
105	190
106	235
107	215
108	219
109	284
110	242
111	268
112	223
113	200
114	257
115	231
116	232
117	233
118	256
119	236
120	212
121	277
122	189
123	261
124	269
125	269
126	238
127	249
128	246
129	220
130	230
131	233
132	260
133	243
134	237
135	264
136	285
137	218
138	244
139	232
140	244
141	253
142	263
143	226
144	220
145	231
146	221
147	225
148	277
149	217
150	221
151	225
152	224
153	253
154	261
155	248
156	245
157	239
158	249
159	221
160	202
161	238
162	221
163	258
164	210
165	216
166	253
167	204
168	239
169	216
170	196
171	208
172	215
173	233
174	229
175	234
176	242
177	244
178	251
179	233
180	234
181	209
182	220
183	245
184	244
185	258
186	214
187	245
188	193
189	237
190	213
191	214
192	250
193	190
194	230
195	257
196	260
197	210
198	237
199	207
200	213
201	229
202	194
203	184
204	182
205	202
206	185
207	237
208	194
209	207
210	224
211	215
212	209
213	197
214	192
215	208
216	196
217	208
218	224
219	174
220	189
221	195
222	198
223	189
224	200
225	189
226	228
227	209
228	220
229	212
230	192
231	195
232	193
233	198
234	183
235	201
236	169
237	180
238	169
239	169
240	194
241	175
242	142
243	186
244	184
245	184
246	181
247	192
248	213
249	205
250	206
251	205
252	274
253	255
254	214
255	265
256	220
257	251
258	232
259	226
260	245
261	212
262	216
263	223
264	226
265	235
266	223
267	242
268	223
269	253
270	199
271	200
272	241
273	232
274	219
275	253
276	254
277	229
278	268
279	256
280	230
281	244
282	254
283	219
284	229
285	215
286	210
287	240
288	245
289	271
290	271
291	234
292	237
293	246
294	207
295	249
296	258
297	268
298	248
299	233
300	252
301	270
302	264
303	261
304	240
305	224
306	207
307	220
308	221
309	239
310	251
311	272
312	228
313	219
314	232
315	253
316	222
317	252
318	215
319	219
320	233
321	250
322	247
323	240
324	242
325	257
326	256
327	234
328	248
329	265
330	254
331	228
332	257
333	221
334	203
335	245
336	210
337	251
338	243
339	240
340	285
341	223
342	219
343	214
344	213
345	252
346	238
347	220
348	222
349	202
350	238
351	222
352	202
353	207
354	192
355	204
356	243
357	231
358	234
359	225
360	225
361	233
362	233
363	221
364	243
365	234
366	265
367	227
368	229
369	239
370	250
371	236
372	214
373	256
374	201
375	267
376	237
377	227
378	246
379	204
380	205
381	220
382	258
383	217
384	209
385	222
386	241
387	236
388	232
389	238
390	237
391	252
392	227
393	254
394	239
395	220
396	238
397	228
398	234
399	228
400	229
401	258
402	248
403	235
404	226
405	204
406	237
407	236
408	222
409	215
410	238
411	222
412	244
413	228
414	250
415	263
416	292
417	242
418	226
419	206
420	255
421	233
422	243
423	243
424	255
425	198
426	206
427	205
428	194
429	210
430	223
431	184
432	208
433	203
434	221
435	218
436	202
437	202
438	214
439	224
440	192
441	219
442	205
443	202
444	194
445	173
446	223
447	211
448	202
449	228
450	189
451	153
452	161
453	176
454	197
455	180
456	190
457	152
458	146
459	174
460	142
461	144
462	127
463	152
464	133
465	157
466	182
467	130
468	151
469	175
470	136
471	129
472	129
473	124
474	156
475	139
476	113
477	158
478	132
479	143
480	122
481	135
482	134
483	140
484	150
485	132
486	105
487	129
488	140
489	123
490	129
491	130
492	147
493	121
494	122
495	144
496	146
497	128
498	136
499	137
500	138
501	156
502	139
503	132
504	158
505	115
506	141
507	172
508	160
509	122
510	116
511	113
512	122
513	125
514	130
515	86
516	122
517	122
518	126
519	128
520	120
521	135
522	103
523	125
524	130
525	112
526	94
527	98
528	112
529	79
530	103
531	96
532	99
533	114
534	107
535	104
536	105
537	83
538	99
539	93
540	93
541	117
542	89
543	70
544	111
545	108
546	80
547	76
548	98
549	94
550	72
551	88
552	63
553	76
554	75
555	70
556	66
557	66
558	80
559	85
560	70
561	72
562	82
563	54
564	56
565	47
566	65
567	74
568	56
569	51
570	44
571	64
572	32
573	31
574	51
575	47
576	52
577	47
578	48
579	52
580	28
581	42
