0	0
1	0
2	0
3	0
4	0
5	0
6	0
7	0
8	0
9	0
10	0
11	0
12	0
13	2
14	12
15	20
16	35
17	32
18	15
19	16
20	13
21	25
22	22
23	24
24	33
25	45
26	32
27	44
28	47
29	87
30	94
31	140
32	193
33	196
34	279
35	301
36	348
37	424
38	444
39	557
40	650
41	666
42	755
43	827
44	908
45	991
46	1099
47	1224
48	1335
49	1493
50	1528
51	1739
52	1775
53	1862
54	1980
55	1976
56	2288
57	2121
58	2345
59	2306
60	2333
61	2593
62	2576
63	2676
64	2838
65	2775
66	3001
67	3043
68	3343
69	3439
70	3537
71	3640
72	3708
73	3837
74	3885
75	4168
76	4187
77	4541
78	4496
79	4888
80	4975
81	4888
82	5230
83	5919
84	5601
85	6179
86	5934
87	6060
88	6092
89	6550
90	8453
91	7365
92	7242
93	7061
94	7358
95	7662
96	7773
97	7922
98	8132
99	8257
100	8534
101	8791
102	8846
103	9166
104	9182
105	9493
106	9966
107	10039
108	9948
109	10150
110	10429
111	10492
112	10555
113	10829
114	10948
115	10842
116	11524
117	11738
118	11611
119	11863
120	12011
121	12019
122	12287
123	11969
124	12389
125	12514
126	12601
127	12463
128	12690
129	12767
130	12906
131	12832
132	12752
133	13208
134	13103
135	12956
136	13030
137	13172
138	12863
139	13304
140	13181
141	13196
142	13335
143	13493
144	13043
145	12228
146	12614
147	14976
148	15620
149	15886
150	15571
151	15756
152	15716
153	15632
154	15615
155	15886
156	15672
157	15577
158	15980
159	15706
160	15678
161	15793
162	15748
163	15554
164	15296
165	15493
166	14754
167	15177
168	14771
169	14747
170	14790
171	14757
172	14594
173	14805
174	14580
175	14140
176	14400
177	14278
178	14249
179	14247
180	14107
181	13914
182	13738
183	14020
184	13858
185	13869
186	13496
187	13520
188	13265
189	13297
190	13281
191	13255
192	12739
193	12920
194	12771
195	12798
196	12737
197	12511
198	12356
199	12301
200	12131
201	12465
202	12455
203	12136
204	12034
205	11916
206	11616
207	11560
208	11333
209	11493
210	11337
211	11493
212	10899
213	10731
214	11258
215	10888
216	10558
217	10629
218	10588
219	10514
220	10568
221	10404
222	10445
223	10418
224	10054
225	10085
226	9971
227	9912
228	9895
229	9710
230	9549
231	9491
232	9525
233	9564
234	9465
235	9233
236	9076
237	9202
238	9031
239	8850
240	8895
241	8836
242	8854
243	8878
244	8698
245	8823
246	8549
247	8296
248	8268
249	8348
250	8263
251	8387
252	8184
253	8155
254	8055
255	8119
256	7877
257	7909
258	7947
259	7983
260	7797
261	7637
262	7554
263	7684
264	7695
265	7688
266	7482
267	7533
268	7348
269	7317
270	7092
271	7112
272	7183
273	7065
274	6966
275	6827
276	6812
277	6776
278	6751
279	6699
280	6642
281	6538
282	6669
283	6488
284	6692
285	6443
286	6390
287	6236
288	6141
289	6249
290	6303
291	6227
292	6113
293	6217
294	6168
295	6088
296	5839
297	5745
298	5482
299	5532
300	5599
301	5589
302	5507
303	5449
304	5377
305	5466
306	5392
307	5183
308	5452
309	5488
310	5232
311	5174
312	5186
313	5107
314	5276
315	5084
316	4898
317	4990
318	4792
319	4752
320	4726
321	4739
322	4773
323	4691
324	4590
325	4624
326	4815
327	4438
328	4637
329	4484
330	4374
331	4306
332	4607
333	4603
334	4235
335	4496
336	4427
337	4348
338	4410
339	4294
340	4192
341	4203
342	4096
343	4236
344	4108
345	4100
346	4214
347	4119
348	3884
349	4038
350	4039
351	3917
352	3960
353	3996
354	3707
355	3777
356	3843
357	3532
358	3728
359	3734
360	3595
361	3576
362	3517
363	3531
364	3558
365	3489
366	3444
367	3507
368	3478
369	3490
370	3482
371	3561
372	3353
373	3482
374	3377
375	3272
376	3282
377	3236
378	3263
379	3268
380	3426
381	3332
382	3208
383	3243
384	3116
385	3232
386	3155
387	3051
388	3077
389	3151
390	3023
391	3063
392	2932
393	2910
394	2978
395	2808
396	2873
397	2811
398	2681
399	2800
400	2911
401	2815
402	2820
403	2703
404	2704
405	2645
406	2694
407	2663
408	2539
409	2647
410	2576
411	2634
412	2639
413	2439
414	2448
415	2573
416	2630
417	2506
418	2619
419	2499
420	2397
421	2457
422	2431
423	2429
424	2403
425	2409
426	2420
427	2399
428	2318
429	2304
430	2237
431	2250
432	2253
433	2228
434	2281
435	2008
436	2161
437	2215
438	2090
439	2108
440	2111
441	2239
442	2007
443	2174
444	2007
445	2031
446	2118
447	1999
448	2174
449	2239
450	1992
451	2075
452	2083
453	2066
454	2066
455	1949
456	1971
457	1998
458	1887
459	1850
460	1929
461	2106
462	1945
463	1920
464	2018
465	1936
466	1831
467	1835
468	1901
469	1954
470	1892
471	1839
472	1937
473	1772
474	1862
475	1797
476	1865
477	1763
478	1795
479	1718
480	1821
481	1743
482	1703
483	1728
484	1833
485	1835
486	1736
487	1700
488	1782
489	1711
490	1668
491	1653
492	1635
493	1637
494	1620
495	1666
496	1662
497	1497
498	1555
499	1681
500	1670
501	1693
502	1680
503	1782
504	1726
505	1624
506	1665
507	1696
508	1595
509	1667
510	1566
511	1623
512	1579
513	1706
514	1569
515	1658
516	1650
517	1610
518	1636
519	1675
520	1501
521	1512
522	1535
523	1600
524	1600
525	1557
526	1570
527	1543
528	1501
529	1595
530	1594
531	1586
532	1643
533	1583
534	1638
535	1610
536	1473
537	1486
538	1432
539	1492
540	1460
541	1431
542	1475
543	1574
544	1594
545	1396
546	1493
547	1491
548	1427
549	1428
550	1447
551	1458
552	1440
553	1446
554	1504
555	1450
556	1503
557	1525
558	1417
559	1430
560	1467
561	1426
562	1444
563	1364
564	1436
565	1355
566	1374
567	1374
568	1380
569	1363
570	1440
571	1346
572	1365
573	1324
574	1330
575	1341
576	1341
577	1339
578	1442
579	1348
580	1312
581	1344
582	1299
583	1308
584	1422
585	1277
586	1251
587	1333
588	1370
589	1320
590	1258
591	1236
592	1297
593	1346
594	1306
595	1272
596	1268
597	1273
598	1219
599	1258
600	1205
601	1244
602	1241
603	1278
604	1246
605	1285
606	1312
607	1225
608	1239
609	1288
610	1236
611	1335
612	1275
613	1310
614	1114
615	1183
616	1243
617	1125
618	1218
619	1239
620	1170
621	1233
622	1279
623	1289
624	1219
625	1160
626	1140
627	1283
628	1244
629	1277
630	1233
631	1183
632	1196
633	1251
634	1254
635	1278
636	1258
637	1266
638	1243
639	1241
640	1174
641	1178
642	1216
643	1112
644	1105
645	1165
646	1111
647	1253
648	1198
649	1184
650	1271
651	1180
652	1090
653	1141
654	1092
655	1140
656	1073
657	1135
658	1139
659	1128
660	1120
661	1139
662	1049
663	1082
664	1150
665	1125
666	1078
667	1055
668	1140
669	1191
670	1095
671	1091
672	1232
673	1016
674	1160
675	1164
676	1124
677	1167
678	1135
679	1165
680	1119
681	1093
682	1080
683	1200
684	1140
685	1063
686	1123
687	996
688	1031
689	1099
690	1126
691	1144
692	1090
693	1087
694	1143
695	1117
696	1100
697	1163
698	1139
699	1122
700	1133
701	1128
702	1065
703	1045
704	1101
705	1066
706	1179
707	1259
708	1187
709	1084
710	1149
711	1067
712	1079
713	1013
714	1035
715	1074
716	1032
717	1121
718	1107
719	1056
720	1098
721	1063
722	1152
723	1114
724	1090
725	1018
726	1116
727	1034
728	1038
729	1026
730	1030
731	1074
732	1080
733	1060
734	1013
735	1126
736	1033
737	1046
738	1098
739	1075
740	972
741	1007
742	960
743	998
744	971
745	975
746	1004
747	979
748	956
749	994
750	973
751	918
752	1037
753	1082
754	935
755	959
756	1020
757	932
758	981
759	941
760	909
761	960
762	981
763	935
764	954
765	851
766	968
767	910
768	858
769	1014
770	954
771	906
772	919
773	911
774	1033
775	1009
776	937
777	938
778	897
779	936
780	938
781	960
782	944
783	954
784	920
785	1061
786	1031
787	955
788	996
789	1032
790	969
791	1015
792	1034
793	968
794	967
795	905
796	880
797	936
798	921
799	977
800	954
801	934
802	907
803	872
804	938
805	883
806	917
807	956
808	932
809	942
810	911
811	911
812	872
813	915
814	933
815	872
816	929
817	919
818	921
819	826
820	862
821	939
822	816
823	882
824	891
825	964
826	881
827	837
828	915
829	927
830	877
831	922
832	833
833	853
834	866
835	787
836	937
837	844
838	904
839	898
840	865
841	907
842	914
843	933
844	899
845	918
846	843
847	874
848	942
849	940
850	873
851	826
852	879
853	855
854	895
855	808
856	825
857	845
858	911
859	853
860	868
861	930
862	903
863	888
864	863
865	924
866	872
867	856
868	839
869	876
870	893
871	855
872	894
873	836
874	914
875	924
876	940
877	900
878	944
879	872
880	859
881	872
882	912
883	911
884	889
885	933
886	846
887	867
888	896
889	892
890	840
891	889
892	832
893	883
894	896
895	818
896	891
897	934
898	820
899	804
900	840
901	874
902	861
903	819
904	864
905	815
906	857
907	751
908	770
909	813
910	774
911	813
912	773
913	794
914	812
915	791
916	801
917	775
918	738
919	726
920	734
921	701
922	776
923	723
924	749
925	780
926	810
927	763
928	724
929	810
930	817
931	800
932	733
933	828
934	838
935	859
936	821
937	876
938	783
939	801
940	873
941	776
942	815
943	897
944	853
945	841
946	766
947	834
948	795
949	825
950	768
951	837
952	819
953	783
954	773
955	809
956	807
957	776
958	767
959	803
960	845
961	765
962	833
963	869
964	841
965	755
966	794
967	799
968	766
969	819
970	827
971	893
972	848
973	809
974	831
975	837
976	803
977	867
978	904
979	895
980	848
981	788
982	883
983	819
984	798
985	847
986	786
987	818
988	832
989	795
990	889
991	797
992	834
993	869
994	791
995	851
996	797
997	856
998	885
999	823
1000	842
1001	857
1002	905
1003	837
1004	817
1005	810
1006	855
1007	846
1008	799
1009	848
1010	753
1011	795
1012	837
1013	827
1014	783
1015	765
1016	843
1017	819
1018	779
1019	789
1020	729
1021	751
1022	768
1023	799
1024	773
1025	812
1026	734
1027	747
1028	849
1029	791
1030	788
1031	737
1032	806
1033	806
1034	728
1035	778
1036	690
1037	734
1038	804
1039	715
1040	722
1041	699
1042	768
1043	802
1044	716
1045	696
1046	707
1047	713
1048	713
1049	626
1050	674
1051	710
1052	792
1053	751
1054	747
1055	672
1056	719
1057	736
1058	711
1059	682
1060	701
1061	674
1062	700
1063	755
1064	749
1065	751
1066	782
1067	784
1068	784
1069	713
1070	748
1071	678
1072	718
1073	700
1074	726
1075	719
1076	639
1077	679
1078	697
1079	674
1080	645
1081	691
1082	696
1083	702
1084	696
1085	672
1086	675
1087	719
1088	703
1089	760
1090	684
1091	673
1092	700
1093	746
1094	732
1095	748
1096	706
1097	697
1098	738
1099	749
1100	753
1101	738
1102	745
1103	725
1104	757
1105	658
1106	712
1107	721
1108	709
1109	689
1110	751
1111	745
1112	698
1113	732
1114	718
1115	724
1116	703
1117	761
1118	694
1119	638
1120	770
1121	719
1122	765
1123	690
1124	669
1125	726
1126	706
1127	697
1128	652
1129	792
1130	748
1131	725
1132	760
1133	807
1134	761
1135	685
1136	712
1137	846
1138	739
1139	705
1140	754
1141	730
1142	676
1143	731
1144	717
1145	689
1146	730
1147	711
1148	694
1149	743
1150	811
1151	645
1152	688
1153	765
1154	741
1155	735
1156	693
1157	673
1158	781
1159	748
1160	734
1161	753
1162	710
1163	727
1164	763
1165	697
1166	751
1167	714
1168	711
1169	765
1170	673
1171	710
1172	690
1173	684
1174	669
1175	731
1176	710
1177	690
1178	684
1179	672
1180	751
1181	687
1182	700
1183	705
1184	759
1185	729
1186	669
1187	647
1188	746
1189	666
1190	665
1191	678
1192	713
1193	669
1194	685
1195	679
1196	663
1197	591
1198	691
1199	653
1200	654
1201	725
1202	749
1203	702
1204	693
1205	702
1206	738
1207	656
1208	689
1209	758
1210	662
1211	661
1212	734
1213	738
1214	678
1215	655
1216	666
1217	663
1218	613
1219	662
1220	634
1221	620
1222	691
1223	615
1224	651
1225	666
1226	655
1227	684
1228	700
1229	624
1230	612
1231	658
1232	680
1233	645
1234	608
1235	653
1236	675
1237	641
1238	576
1239	640
1240	625
1241	705
1242	693
1243	633
1244	619
1245	720
1246	655
1247	612
1248	670
1249	617
1250	666
1251	599
1252	767
1253	710
1254	631
1255	637
1256	652
1257	634
1258	681
1259	669
1260	732
1261	661
1262	696
1263	657
1264	688
1265	728
1266	652
1267	744
1268	711
1269	679
1270	747
1271	662
1272	681
1273	689
1274	690
1275	699
1276	659
1277	733
1278	679
1279	760
1280	698
1281	672
1282	747
1283	726
1284	681
1285	644
1286	646
1287	632
1288	647
1289	706
1290	678
1291	669
1292	646
1293	683
1294	661
1295	633
1296	699
1297	655
1298	653
1299	685
1300	641
1301	686
1302	578
1303	591
1304	607
1305	596
1306	705
1307	656
1308	602
1309	652
1310	641
1311	611
1312	624
1313	654
1314	673
1315	622
1316	701
1317	615
1318	588
1319	665
1320	609
1321	581
1322	620
1323	599
1324	656
1325	682
1326	685
1327	596
1328	614
1329	637
1330	667
1331	555
1332	579
1333	613
1334	634
1335	647
1336	601
1337	636
1338	658
1339	598
1340	614
1341	593
1342	571
1343	582
1344	690
1345	607
1346	615
1347	539
1348	608
1349	598
1350	600
1351	567
1352	605
1353	582
1354	562
1355	577
1356	632
1357	643
1358	575
1359	587
1360	581
1361	617
1362	580
1363	628
1364	605
1365	566
1366	631
1367	560
1368	540
1369	656
1370	608
1371	572
1372	595
1373	542
1374	545
1375	577
1376	565
1377	595
1378	579
1379	560
1380	632
1381	667
1382	681
1383	643
1384	606
1385	665
1386	569
1387	643
1388	638
1389	580
1390	659
1391	660
1392	669
1393	591
1394	640
1395	612
1396	667
1397	562
1398	591
1399	656
1400	698
1401	609
1402	653
1403	659
1404	592
1405	604
1406	584
1407	620
1408	599
1409	590
1410	547
1411	601
1412	636
1413	684
1414	676
1415	611
1416	621
1417	594
1418	626
1419	575
1420	553
1421	607
1422	608
1423	620
1424	619
1425	646
1426	516
1427	583
1428	609
1429	629
1430	575
1431	568
1432	579
1433	562
1434	573
1435	600
1436	578
1437	597
1438	588
1439	542
1440	564
1441	514
1442	559
1443	523
1444	528
1445	526
1446	558
1447	532
1448	550
1449	547
1450	682
1451	564
1452	584
1453	642
1454	574
1455	547
1456	559
1457	478
1458	597
1459	544
1460	570
1461	574
1462	586
1463	593
1464	565
1465	590
1466	578
1467	551
1468	564
1469	609
1470	601
1471	593
1472	559
1473	565
1474	589
1475	612
1476	565
1477	608
1478	585
1479	541
1480	564
1481	552
1482	608
1483	559
1484	596
1485	567
1486	538
1487	584
1488	584
1489	610
1490	612
1491	599
1492	595
1493	631
1494	613
1495	625
1496	529
1497	654
1498	611
1499	599
1500	581
1501	577
1502	620
1503	591
1504	596
1505	555
1506	634
1507	581
1508	541
1509	635
1510	598
1511	542
1512	593
1513	586
1514	632
1515	598
1516	582
1517	572
1518	590
1519	560
1520	558
1521	575
1522	576
1523	583
1524	627
1525	628
1526	578
1527	619
1528	608
1529	607
1530	606
1531	593
1532	661
1533	603
1534	644
1535	618
1536	607
1537	578
1538	616
1539	599
1540	614
1541	564
1542	591
1543	575
1544	546
1545	611
1546	524
1547	546
1548	616
1549	571
1550	549
1551	601
1552	584
1553	633
1554	592
1555	512
1556	603
1557	558
1558	596
1559	591
1560	568
1561	603
1562	592
1563	611
1564	612
1565	656
1566	636
1567	637
1568	593
1569	556
1570	638
1571	602
1572	594
1573	624
1574	592
1575	616
1576	626
1577	549
1578	619
1579	587
1580	589
1581	622
1582	639
1583	646
1584	639
1585	604
1586	612
1587	618
1588	568
1589	601
1590	598
1591	650
1592	644
1593	575
1594	614
1595	605
1596	608
1597	624
1598	612
1599	658
1600	625
1601	588
1602	511
1603	596
1604	589
1605	625
1606	582
1607	597
1608	617
1609	577
1610	620
1611	571
1612	563
1613	570
1614	509
1615	500
1616	600
1617	535
1618	564
1619	558
1620	548
1621	554
1622	566
1623	586
1624	558
1625	566
1626	548
1627	576
1628	573
1629	592
1630	587
1631	599
1632	510
1633	536
1634	550
1635	516
1636	530
1637	554
1638	580
1639	644
1640	586
1641	538
1642	582
1643	566
1644	582
1645	609
1646	630
1647	581
1648	572
1649	571
1650	542
1651	535
1652	608
1653	567
1654	573
1655	521
1656	528
1657	523
1658	537
1659	581
1660	557
1661	492
1662	498
1663	586
1664	478
1665	537
1666	598
1667	514
1668	512
1669	518
1670	560
1671	586
1672	494
1673	537
1674	535
1675	541
1676	516
1677	509
1678	540
1679	588
1680	506
1681	568
1682	552
1683	572
1684	526
1685	582
1686	564
1687	556
1688	531
1689	554
1690	518
1691	521
1692	535
1693	490
1694	499
1695	567
1696	559
1697	630
1698	584
1699	564
1700	605
1701	575
1702	570
1703	562
1704	556
1705	560
1706	547
1707	601
1708	587
1709	591
1710	573
1711	503
1712	595
1713	555
1714	578
1715	592
1716	569
1717	656
1718	558
1719	550
1720	589
1721	600
1722	631
1723	514
1724	501
1725	580
1726	526
1727	612
1728	562
1729	615
1730	594
1731	568
1732	591
1733	602
1734	614
1735	576
1736	615
1737	596
1738	564
1739	516
1740	585
1741	543
1742	517
1743	554
1744	634
1745	606
1746	605
1747	596
1748	532
1749	573
1750	520
1751	518
1752	577
1753	532
1754	535
1755	521
1756	538
1757	549
1758	544
1759	572
1760	522
1761	484
1762	492
1763	488
1764	573
1765	540
1766	479
1767	462
1768	465
1769	536
1770	465
1771	495
1772	511
1773	492
1774	545
1775	490
1776	464
1777	525
1778	548
1779	525
1780	473
1781	516
1782	525
1783	478
1784	435
1785	438
1786	510
1787	554
1788	472
1789	527
1790	479
1791	525
1792	555
1793	480
1794	525
1795	488
1796	476
1797	494
1798	467
1799	494
1800	529
1801	541
1802	484
1803	475
1804	479
1805	515
1806	487
1807	464
1808	429
1809	484
1810	482
1811	417
1812	450
1813	428
1814	511
1815	451
1816	477
1817	503
1818	470
1819	442
1820	452
1821	470
1822	528
1823	473
1824	448
1825	464
1826	510
1827	485
1828	447
1829	421
1830	468
1831	446
1832	479
1833	451
1834	444
1835	442
1836	454
1837	425
1838	410
1839	484
1840	480
1841	439
1842	459
1843	456
1844	488
1845	496
1846	519
1847	489
1848	489
1849	512
1850	437
1851	485
1852	457
1853	484
1854	444
1855	477
1856	448
1857	509
1858	497
1859	476
1860	438
1861	467
1862	415
1863	444
1864	453
1865	440
1866	465
1867	486
1868	468
1869	475
1870	475
1871	431
1872	459
1873	415
1874	481
1875	463
1876	494
1877	469
1878	463
1879	477
1880	437
1881	420
1882	440
1883	411
1884	418
1885	431
1886	490
1887	425
1888	475
1889	483
1890	449
1891	483
1892	435
1893	460
1894	458
1895	495
1896	452
1897	474
1898	496
1899	447
1900	441
1901	481
1902	538
1903	483
1904	447
1905	447
1906	477
1907	483
1908	499
1909	452
1910	479
1911	492
1912	425
1913	452
1914	440
1915	448
1916	439
1917	422
1918	441
1919	519
1920	473
1921	473
1922	434
1923	417
1924	452
1925	489
1926	472
1927	511
1928	488
1929	421
1930	439
1931	496
1932	415
1933	444
1934	464
1935	459
1936	431
1937	400
1938	467
1939	399
1940	436
1941	441
1942	460
1943	413
1944	409
1945	400
1946	467
1947	433
1948	453
1949	397
1950	406
1951	477
1952	427
1953	457
1954	469
1955	498
1956	487
1957	455
1958	474
1959	477
1960	450
1961	451
1962	423
1963	450
1964	491
1965	480
1966	421
1967	468
1968	493
1969	413
1970	491
1971	438
1972	495
1973	476
1974	410
1975	407
1976	461
1977	497
1978	512
1979	535
1980	483
1981	464
1982	446
1983	449
1984	463
1985	432
1986	516
1987	498
1988	483
1989	465
1990	457
1991	477
1992	465
1993	431
1994	466
1995	462
1996	481
1997	467
1998	505
1999	466
2000	436
2001	448
2002	455
2003	481
2004	464
2005	492
2006	489
2007	476
2008	453
2009	486
2010	473
2011	515
2012	485
2013	532
2014	558
2015	525
2016	476
2017	454
2018	504
2019	454
2020	471
2021	487
2022	477
2023	505
2024	509
2025	519
2026	458
2027	463
2028	507
2029	447
2030	449
2031	374
2032	494
2033	498
2034	475
2035	468
2036	424
2037	484
2038	479
2039	509
2040	486
2041	514
2042	485
2043	480
2044	473
2045	461
2046	477
2047	485
2048	484
2049	502
2050	419
2051	442
2052	440
2053	488
2054	517
2055	513
2056	572
2057	499
2058	496
2059	462
2060	532
2061	466
2062	436
2063	444
2064	520
2065	462
2066	427
2067	504
2068	403
2069	488
2070	475
2071	483
2072	433
2073	408
2074	414
2075	448
2076	484
2077	466
2078	480
2079	460
2080	468
2081	448
2082	405
2083	457
2084	439
2085	444
2086	478
2087	447
2088	477
2089	445
2090	480
2091	462
2092	413
2093	429
2094	408
2095	474
2096	447
2097	415
2098	486
2099	418
2100	483
2101	486
2102	434
2103	396
2104	441
2105	468
2106	465
2107	415
2108	415
2109	467
2110	444
2111	398
2112	409
2113	448
2114	432
2115	444
2116	396
2117	465
2118	437
2119	448
2120	412
2121	457
2122	376
2123	430
2124	397
2125	401
2126	492
2127	418
2128	499
2129	446
2130	375
2131	416
2132	436
2133	401
2134	445
2135	407
2136	393
2137	441
2138	377
2139	400
2140	419
2141	399
2142	405
2143	386
2144	405
2145	380
2146	388
2147	408
2148	434
2149	373
2150	435
2151	409
2152	413
2153	408
2154	447
2155	428
2156	399
2157	449
2158	378
2159	404
2160	450
2161	406
2162	442
2163	390
2164	442
2165	378
2166	370
2167	401
2168	399
2169	383
2170	464
2171	453
2172	348
2173	410
2174	401
2175	353
2176	380
2177	374
2178	414
2179	379
2180	399
2181	392
2182	424
2183	410
2184	371
2185	399
2186	377
2187	363
2188	399
2189	339
2190	376
2191	389
2192	382
2193	408
2194	375
2195	383
2196	378
2197	422
2198	418
2199	358
2200	411
2201	447
2202	397
2203	430
2204	410
2205	417
2206	441
2207	472
2208	440
2209	455
2210	449
2211	405
2212	438
2213	401
2214	430
2215	408
2216	394
2217	413
2218	429
2219	463
2220	423
2221	438
2222	419
2223	477
2224	396
2225	423
2226	468
2227	450
2228	454
2229	495
2230	414
2231	444
2232	484
2233	468
2234	417
2235	467
2236	401
2237	481
2238	421
2239	425
2240	412
2241	398
2242	490
2243	442
2244	483
2245	438
2246	407
2247	415
2248	419
2249	447
2250	477
2251	378
2252	366
2253	393
2254	475
2255	403
2256	433
2257	451
2258	457
2259	478
2260	449
2261	478
2262	445
2263	468
2264	461
2265	429
2266	454
2267	442
2268	459
2269	467
2270	429
2271	480
2272	428
2273	483
2274	452
2275	466
2276	444
2277	455
2278	468
2279	479
2280	492
2281	437
2282	415
2283	402
2284	423
2285	429
2286	406
2287	464
2288	470
2289	398
2290	413
2291	407
2292	408
2293	367
2294	444
2295	401
2296	402
2297	438
2298	432
2299	426
2300	488
2301	467
2302	459
2303	448
2304	443
2305	425
2306	454
2307	379
2308	402
2309	395
2310	419
2311	417
2312	404
2313	415
2314	437
2315	446
2316	451
2317	447
2318	414
2319	388
2320	393
2321	487
2322	386
2323	442
2324	432
2325	435
2326	436
2327	462
2328	420
2329	422
2330	477
2331	421
2332	417
2333	457
2334	431
2335	387
2336	414
2337	422
2338	449
2339	443
2340	425
2341	436
2342	419
2343	409
2344	418
2345	391
2346	449
2347	356
2348	465
2349	409
2350	377
2351	422
2352	405
2353	402
2354	369
2355	402
2356	433
2357	377
2358	382
2359	384
2360	448
2361	395
2362	422
2363	443
2364	429
2365	417
2366	383
2367	421
2368	432
2369	394
2370	425
2371	382
2372	411
2373	378
2374	400
2375	394
2376	393
2377	394
2378	390
2379	409
2380	437
2381	387
2382	399
2383	432
2384	382
2385	365
2386	404
2387	404
2388	414
2389	491
2390	418
2391	413
2392	432
2393	419
2394	453
2395	421
2396	384
2397	407
2398	375
2399	372
2400	379
2401	380
2402	427
2403	369
2404	446
2405	382
2406	438
2407	431
2408	416
2409	422
2410	399
2411	398
2412	376
2413	440
2414	393
2415	453
2416	453
2417	463
2418	439
2419	393
2420	408
2421	360
2422	402
2423	411
2424	415
2425	375
2426	372
2427	422
2428	385
2429	419
2430	458
2431	399
2432	462
2433	450
2434	398
2435	417
2436	426
2437	415
2438	448
2439	442
2440	476
2441	431
2442	410
2443	418
2444	406
2445	409
2446	395
2447	407
2448	436
2449	395
2450	423
2451	414
2452	407
2453	415
2454	434
2455	407
2456	425
2457	367
2458	417
2459	412
2460	412
2461	400
2462	356
2463	411
2464	427
2465	394
2466	413
2467	487
2468	434
2469	460
2470	434
2471	382
2472	421
2473	390
2474	420
2475	403
2476	369
2477	448
2478	415
2479	430
2480	420
2481	381
2482	354
2483	371
2484	355
2485	345
2486	350
2487	410
2488	398
2489	395
2490	413
2491	428
2492	405
2493	433
2494	436
2495	413
2496	382
2497	426
2498	392
2499	381
2500	362
2501	366
2502	392
2503	395
2504	387
2505	378
2506	428
2507	382
2508	392
2509	384
2510	343
2511	314
2512	327
2513	373
2514	338
2515	386
2516	388
2517	417
2518	398
2519	439
2520	405
2521	386
2522	373
2523	361
2524	451
2525	394
2526	422
2527	417
2528	379
2529	412
2530	368
2531	365
2532	319
2533	418
2534	393
2535	324
2536	343
2537	353
2538	352
2539	382
2540	382
2541	392
2542	349
2543	338
2544	334
2545	323
2546	365
2547	359
2548	339
2549	336
2550	348
2551	365
2552	352
2553	358
2554	373
2555	368
2556	330
2557	334
2558	340
2559	346
2560	384
2561	323
2562	286
2563	315
2564	304
2565	335
2566	339
2567	335
2568	366
2569	345
2570	318
2571	278
2572	322
2573	341
2574	351
2575	358
2576	305
2577	374
2578	357
2579	320
2580	356
2581	351
2582	343
2583	368
2584	344
2585	379
2586	322
2587	312
2588	341
2589	315
2590	322
2591	298
2592	331
2593	347
2594	364
2595	337
2596	332
2597	322
2598	325
2599	332
2600	339
2601	299
2602	304
2603	319
2604	355
2605	331
2606	356
2607	310
2608	346
2609	337
2610	313
2611	354
2612	364
2613	342
2614	357
2615	372
2616	319
2617	343
2618	354
2619	364
2620	327
2621	353
2622	346
2623	325
2624	364
2625	307
2626	346
2627	296
2628	331
2629	283
2630	342
2631	326
2632	281
2633	356
2634	336
2635	351
2636	355
2637	331
2638	337
2639	383
2640	340
2641	321
2642	315
2643	341
2644	324
2645	308
2646	344
2647	344
2648	319
2649	341
2650	323
2651	337
2652	287
2653	363
2654	375
2655	355
2656	392
2657	392
2658	385
2659	349
2660	337
2661	360
2662	335
2663	308
2664	359
2665	353
2666	416
2667	311
2668	341
2669	398
2670	374
2671	365
2672	391
2673	440
2674	362
2675	372
2676	396
2677	352
2678	402
2679	336
2680	355
2681	383
2682	339
2683	379
2684	347
2685	344
2686	340
2687	354
2688	327
2689	312
2690	327
2691	375
2692	319
2693	303
2694	332
2695	381
2696	318
2697	325
2698	361
2699	343
2700	350
2701	324
2702	379
2703	356
2704	359
2705	371
2706	343
2707	366
2708	368
2709	399
2710	378
2711	338
2712	346
2713	338
2714	365
2715	346
2716	385
2717	399
2718	412
2719	343
2720	338
2721	348
2722	402
2723	352
2724	391
2725	405
2726	379
2727	339
2728	335
2729	375
2730	322
2731	358
2732	359
2733	312
2734	362
2735	338
2736	353
2737	351
2738	331
2739	339
2740	345
2741	291
2742	363
2743	348
2744	343
2745	351
2746	341
2747	346
2748	321
2749	344
2750	379
2751	349
2752	327
2753	394
2754	407
2755	343
2756	346
2757	387
2758	356
2759	350
2760	358
2761	352
2762	361
2763	329
2764	328
2765	367
2766	337
2767	388
2768	382
2769	357
2770	349
2771	344
2772	291
2773	357
2774	290
2775	312
2776	322
2777	282
2778	336
2779	358
2780	331
2781	300
2782	323
2783	320
2784	329
2785	321
2786	301
2787	318
2788	300
2789	341
2790	349
2791	351
2792	325
2793	364
2794	337
2795	332
2796	328
2797	291
2798	337
2799	373
2800	324
2801	369
2802	316
2803	380
2804	366
2805	353
2806	300
2807	342
2808	345
2809	314
2810	349
2811	316
2812	341
2813	318
2814	283
2815	313
2816	325
2817	286
2818	325
2819	329
2820	311
2821	292
2822	290
2823	323
2824	318
2825	314
2826	343
2827	364
2828	328
2829	319
2830	363
2831	330
2832	287
2833	299
2834	301
2835	290
2836	356
2837	271
2838	342
2839	336
2840	295
2841	314
2842	291
2843	280
2844	315
2845	273
2846	300
2847	290
2848	301
2849	324
2850	346
2851	314
2852	296
2853	285
2854	273
2855	315
2856	309
2857	336
2858	327
2859	314
2860	343
2861	350
2862	310
2863	305
2864	309
2865	267
2866	330
2867	253
2868	267
2869	339
2870	291
2871	268
2872	252
2873	279
2874	272
2875	279
2876	329
2877	300
2878	301
2879	287
2880	296
2881	319
2882	316
2883	300
2884	275
2885	327
2886	350
2887	298
2888	296
2889	297
2890	294
2891	316
2892	348
2893	253
2894	285
2895	270
2896	257
2897	311
2898	275
2899	260
2900	283
2901	293
2902	264
2903	295
2904	302
2905	271
2906	299
2907	299
2908	282
2909	303
2910	315
2911	312
2912	315
2913	226
2914	256
2915	272
2916	273
2917	292
2918	279
2919	268
2920	229
2921	249
2922	276
2923	286
2924	313
2925	263
2926	262
2927	254
2928	277
2929	299
2930	268
2931	295
2932	282
2933	275
2934	255
2935	288
2936	257
2937	240
2938	288
2939	255
2940	262
2941	278
2942	288
2943	277
2944	268
2945	294
2946	244
2947	250
2948	216
2949	250
2950	275
2951	263
2952	241
2953	240
2954	260
2955	266
2956	235
2957	231
2958	247
2959	241
2960	254
2961	288
2962	288
2963	273
2964	282
2965	242
2966	252
2967	282
2968	256
2969	271
2970	274
2971	317
2972	281
2973	247
2974	251
2975	259
2976	287
2977	254
2978	259
2979	254
2980	269
2981	269
2982	231
2983	256
2984	262
2985	248
2986	226
2987	260
2988	263
2989	254
2990	300
2991	296
2992	289
2993	279
2994	286
2995	306
2996	310
2997	291
2998	273
2999	278
3000	273
3001	291
3002	306
3003	295
3004	345
3005	296
3006	278
3007	279
3008	270
3009	262
3010	289
3011	330
3012	320
3013	297
3014	360
3015	311
3016	295
3017	242
3018	267
3019	287
3020	254
3021	283
3022	310
3023	326
3024	276
3025	261
3026	288
3027	319
3028	281
3029	306
3030	308
3031	356
3032	280
3033	278
3034	287
3035	283
3036	306
3037	337
3038	292
3039	321
3040	308
3041	298
3042	253
3043	306
3044	261
3045	294
3046	287
3047	272
3048	343
3049	308
3050	299
3051	296
3052	305
3053	295
3054	343
3055	343
3056	322
3057	301
3058	323
3059	321
3060	338
3061	289
3062	327
3063	277
3064	282
3065	295
3066	308
3067	288
3068	327
3069	296
3070	263
3071	299
3072	332
3073	298
3074	296
3075	322
3076	313
3077	257
3078	295
3079	258
3080	291
3081	297
3082	257
3083	241
3084	246
3085	288
3086	266
3087	283
3088	276
3089	289
3090	258
3091	295
3092	281
3093	296
3094	271
3095	291
3096	300
3097	306
3098	309
3099	291
3100	298
3101	286
3102	288
3103	283
3104	273
3105	231
3106	286
3107	316
3108	313
3109	287
3110	259
3111	228
3112	266
3113	261
3114	231
3115	259
3116	236
3117	269
3118	267
3119	222
3120	256
3121	263
3122	249
3123	275
3124	295
3125	265
3126	289
3127	271
3128	259
3129	262
3130	244
3131	276
3132	251
3133	281
3134	266
3135	220
3136	223
3137	294
3138	276
3139	248
3140	266
3141	279
3142	281
3143	283
3144	276
3145	239
3146	257
3147	252
3148	266
3149	276
3150	273
3151	302
3152	273
3153	255
3154	234
3155	289
3156	283
3157	291
3158	228
3159	288
3160	264
3161	250
3162	314
3163	266
3164	261
3165	262
3166	253
3167	253
3168	264
3169	238
3170	267
3171	268
3172	261
3173	241
3174	257
3175	262
3176	262
3177	263
3178	258
3179	279
3180	251
3181	268
3182	264
3183	256
3184	261
3185	259
3186	256
3187	223
3188	261
3189	244
3190	232
3191	321
3192	302
3193	313
3194	280
3195	293
3196	324
3197	301
3198	304
3199	290
3200	293
3201	273
3202	285
3203	272
3204	267
3205	229
3206	283
3207	323
3208	302
3209	264
3210	269
3211	260
3212	293
3213	284
3214	280
3215	318
3216	328
3217	273
3218	314
3219	305
3220	292
3221	322
3222	292
3223	260
3224	279
3225	247
3226	274
3227	266
3228	276
3229	276
3230	320
3231	309
3232	295
3233	265
3234	249
3235	296
3236	260
3237	276
3238	273
3239	295
3240	272
3241	256
3242	257
3243	301
3244	305
3245	307
3246	300
3247	310
3248	263
3249	311
3250	284
3251	323
3252	313
3253	291
3254	277
3255	274
3256	320
3257	326
3258	325
3259	339
3260	308
3261	332
3262	315
3263	322
3264	274
3265	259
3266	245
3267	279
3268	284
3269	299
3270	348
3271	306
3272	317
3273	308
3274	298
3275	321
3276	341
3277	300
3278	322
3279	304
3280	317
3281	324
3282	322
3283	319
3284	313
3285	316
3286	347
3287	288
3288	310
3289	307
3290	292
3291	307
3292	323
3293	321
3294	324
3295	319
3296	322
3297	293
3298	295
3299	311
3300	343
3301	338
3302	309
3303	295
3304	327
3305	347
3306	329
3307	324
3308	324
3309	339
3310	353
3311	327
3312	265
3313	296
3314	336
3315	277
3316	319
3317	324
3318	339
3319	345
3320	302
3321	298
3322	320
3323	314
3324	344
3325	382
3326	300
3327	352
3328	306
3329	331
3330	341
3331	339
3332	325
3333	312
3334	320
3335	340
3336	343
3337	346
3338	349
3339	281
3340	337
3341	363
3342	346
3343	341
3344	313
3345	379
3346	355
3347	316
3348	304
3349	301
3350	322
3351	308
3352	304
3353	259
3354	289
3355	298
3356	312
3357	317
3358	266
3359	301
3360	288
3361	296
3362	300
3363	307
3364	320
3365	285
3366	335
3367	281
3368	292
3369	347
3370	288
3371	322
3372	285
3373	286
3374	332
3375	270
3376	263
3377	321
3378	268
3379	284
3380	242
3381	261
3382	272
3383	247
3384	303
3385	292
3386	228
3387	253
3388	246
3389	252
3390	284
3391	260
3392	220
3393	240
3394	256
3395	224
3396	240
3397	267
3398	225
3399	272
3400	276
3401	284
3402	249
3403	287
3404	263
3405	299
3406	259
3407	260
3408	234
3409	279
3410	261
3411	247
3412	208
3413	235
3414	274
3415	275
3416	245
3417	239
3418	236
3419	283
3420	253
3421	272
3422	245
3423	269
3424	220
3425	251
3426	253
3427	219
3428	271
3429	265
3430	297
3431	284
3432	284
3433	260
3434	290
3435	282
3436	267
3437	292
3438	280
3439	280
3440	254
3441	268
3442	251
3443	278
3444	271
3445	237
3446	259
3447	241
3448	274
3449	264
3450	251
3451	257
3452	229
3453	260
3454	300
3455	268
3456	276
3457	284
3458	301
3459	268
3460	288
3461	236
3462	259
3463	265
3464	244
3465	276
3466	269
3467	238
3468	238
3469	250
3470	269
3471	273
3472	253
3473	236
3474	235
3475	242
3476	264
3477	240
3478	264
3479	264
3480	235
3481	263
3482	240
3483	211
3484	216
3485	245
3486	239
3487	232
3488	244
3489	278
3490	277
3491	266
3492	227
3493	219
3494	234
3495	222
3496	252
3497	254
3498	252
3499	235
3500	235
3501	263
3502	230
3503	217
3504	243
3505	256
3506	260
3507	293
3508	246
3509	232
3510	250
3511	226
3512	255
3513	230
3514	277
3515	233
3516	228
3517	196
3518	282
3519	251
3520	201
3521	239
3522	279
3523	243
3524	210
3525	253
3526	246
3527	239
3528	212
3529	218
3530	234
3531	243
3532	230
3533	258
3534	224
3535	263
3536	277
3537	247
3538	258
3539	220
3540	229
3541	254
3542	269
3543	267
3544	246
3545	265
3546	228
3547	229
3548	238
3549	247
3550	243
3551	223
3552	206
3553	238
3554	249
3555	227
3556	255
3557	244
3558	242
3559	276
3560	184
3561	243
3562	244
3563	234
3564	247
3565	251
3566	246
3567	295
3568	261
3569	274
3570	231
3571	228
3572	236
3573	248
3574	231
3575	230
3576	230
3577	216
3578	240
3579	233
3580	248
3581	201
3582	245
3583	246
3584	220
3585	241
3586	258
3587	214
3588	240
3589	289
3590	232
3591	235
3592	222
3593	228
3594	275
3595	266
3596	247
3597	251
3598	240
3599	262
3600	207
3601	259
3602	217
3603	243
3604	280
3605	257
3606	257
3607	237
3608	256
3609	250
3610	273
3611	280
3612	242
3613	247
3614	249
3615	255
3616	246
3617	252
3618	235
3619	210
3620	239
3621	210
3622	216
3623	274
3624	270
3625	229
3626	247
3627	261
3628	231
3629	214
3630	212
3631	218
3632	223
3633	238
3634	243
3635	189
3636	255
3637	253
3638	226
3639	210
3640	274
3641	263
3642	240
3643	269
3644	264
3645	261
3646	275
3647	267
3648	246
3649	261
3650	217
3651	201
3652	245
3653	258
3654	232
3655	254
3656	213
3657	246
3658	260
3659	233
3660	244
3661	268
3662	263
3663	212
3664	232
3665	249
3666	225
3667	240
3668	239
3669	220
3670	193
3671	215
3672	228
3673	283
3674	246
3675	201
3676	191
3677	235
3678	197
3679	206
3680	239
3681	214
3682	206
3683	251
3684	224
3685	217
3686	249
3687	256
3688	202
3689	226
3690	225
3691	204
3692	243
3693	208
3694	227
3695	236
3696	253
3697	219
3698	244
3699	219
3700	222
3701	212
3702	242
3703	248
3704	250
3705	258
3706	235
3707	216
3708	230
3709	242
3710	253
3711	236
3712	240
3713	249
3714	262
3715	241
3716	279
3717	257
3718	236
3719	247
3720	274
3721	200
3722	238
3723	253
3724	224
3725	255
3726	255
3727	221
3728	243
3729	221
3730	239
3731	245
3732	274
3733	238
3734	263
3735	216
3736	245
3737	257
3738	216
3739	228
3740	256
3741	212
3742	251
3743	268
3744	216
3745	229
3746	255
3747	234
3748	260
3749	236
3750	234
3751	228
3752	222
3753	222
3754	234
3755	235
3756	232
3757	208
3758	248
3759	203
3760	241
3761	215
3762	216
3763	240
3764	243
3765	249
3766	232
3767	191
3768	219
3769	180
3770	231
3771	229
3772	203
3773	235
3774	225
3775	244
3776	231
3777	246
3778	199
3779	221
3780	210
3781	236
3782	212
3783	251
3784	198
3785	199
3786	233
3787	225
3788	228
3789	227
3790	249
3791	264
3792	231
3793	158
3794	176
3795	198
3796	188
3797	245
3798	189
3799	201
3800	231
3801	253
3802	243
3803	239
3804	246
3805	235
3806	248
3807	232
3808	248
3809	211
3810	243
3811	200
3812	224
3813	247
3814	253
3815	229
3816	254
3817	264
3818	242
3819	262
3820	280
3821	248
3822	240
3823	251
3824	233
3825	217
3826	196
3827	210
3828	185
3829	196
3830	220
3831	238
3832	245
3833	194
3834	246
3835	241
3836	201
3837	222
3838	191
3839	235
3840	206
3841	230
3842	205
3843	200
3844	222
3845	234
3846	185
3847	221
3848	240
3849	227
3850	248
3851	223
3852	201
3853	269
3854	219
3855	239
3856	232
3857	198
3858	227
3859	232
3860	241
3861	215
3862	210
3863	224
3864	178
3865	205
3866	195
3867	219
3868	209
3869	198
3870	232
3871	235
3872	226
3873	220
3874	219
3875	204
3876	245
3877	180
3878	209
3879	231
3880	218
3881	231
3882	248
3883	240
3884	220
3885	250
3886	257
3887	251
3888	251
3889	245
3890	251
3891	226
3892	257
3893	286
3894	240
3895	226
3896	245
3897	253
3898	277
3899	251
3900	274
3901	247
3902	218
3903	260
3904	262
3905	272
3906	276
3907	274
3908	248
3909	264
3910	269
3911	291
3912	269
3913	246
3914	269
3915	290
3916	272
3917	305
3918	271
3919	233
3920	251
3921	274
3922	301
3923	237
3924	255
3925	283
3926	261
3927	240
3928	275
3929	298
3930	279
3931	268
3932	265
3933	229
3934	255
3935	254
3936	280
3937	276
3938	264
3939	231
3940	242
3941	250
3942	263
3943	239
3944	257
3945	266
3946	293
3947	291
3948	225
3949	266
3950	242
3951	228
3952	253
3953	302
3954	268
3955	251
3956	221
3957	258
3958	260
3959	279
3960	249
3961	280
3962	212
3963	210
3964	216
3965	233
3966	283
3967	228
3968	231
3969	222
3970	231
3971	230
3972	265
3973	250
3974	237
3975	246
3976	224
3977	246
3978	292
3979	247
3980	233
3981	237
3982	204
3983	228
3984	239
3985	267
3986	239
3987	237
3988	219
3989	199
3990	253
3991	218
3992	230
3993	220
3994	238
3995	232
3996	250
3997	242
3998	278
3999	244
4000	220
4001	208
4002	226
4003	210
4004	255
4005	234
4006	253
4007	227
4008	223
4009	176
4010	179
4011	247
4012	202
4013	275
4014	235
4015	238
4016	209
4017	239
4018	249
4019	271
4020	252
4021	274
4022	227
4023	242
4024	253
4025	266
4026	267
4027	246
4028	242
4029	231
4030	225
4031	292
4032	249
4033	270
4034	261
4035	266
4036	284
4037	275
4038	278
4039	256
4040	252
4041	281
4042	241
4043	267
4044	267
4045	311
4046	306
4047	277
4048	293
4049	288
4050	243
4051	268
4052	273
4053	303
4054	288
4055	317
4056	312
4057	291
4058	251
4059	299
4060	278
4061	255
4062	273
4063	292
4064	275
4065	290
4066	262
4067	279
4068	269
4069	268
4070	228
4071	223
4072	273
4073	261
4074	272
4075	278
4076	257
4077	254
4078	281
4079	279
4080	260
4081	266
4082	251
4083	229
4084	266
4085	276
4086	228
4087	269
4088	281
4089	243
4090	311
4091	272
4092	267
4093	261
4094	233
4095	243
4096	305
4097	281
4098	230
4099	251
4100	301
4101	238
4102	248
4103	223
4104	243
4105	294
4106	231
4107	236
4108	249
4109	227
4110	216
4111	234
4112	243
4113	242
4114	224
4115	251
4116	237
4117	223
4118	218
4119	244
4120	244
4121	235
4122	238
4123	209
4124	212
4125	218
4126	204
4127	218
4128	236
4129	235
4130	167
4131	211
4132	239
4133	224
4134	224
4135	233
4136	235
4137	225
4138	263
4139	263
4140	226
4141	191
4142	214
4143	235
4144	229
4145	217
4146	193
4147	200
4148	179
4149	164
4150	180
4151	190
4152	192
4153	191
4154	218
4155	209
4156	199
4157	202
4158	213
4159	205
4160	167
4161	171
4162	192
4163	218
4164	207
4165	170
4166	231
4167	194
4168	190
4169	199
4170	214
4171	204
4172	180
4173	202
4174	192
4175	199
4176	188
4177	201
4178	185
4179	177
4180	221
4181	194
4182	191
4183	206
4184	193
4185	211
4186	197
4187	201
4188	190
4189	199
4190	206
4191	192
4192	192
4193	219
4194	210
4195	181
4196	194
4197	191
4198	194
4199	211
4200	219
4201	213
4202	246
4203	211
4204	207
4205	220
4206	211
4207	199
4208	231
4209	171
4210	193
4211	185
4212	191
4213	187
4214	205
4215	215
4216	197
4217	189
4218	221
4219	210
4220	226
4221	178
4222	155
4223	190
4224	178
4225	213
4226	211
4227	260
4228	223
4229	162
4230	213
4231	231
4232	210
4233	173
4234	207
4235	180
4236	176
4237	191
4238	210
4239	185
4240	207
4241	225
4242	172
4243	153
4244	165
4245	194
4246	185
4247	198
4248	188
4249	176
4250	158
4251	171
4252	187
4253	199
4254	185
4255	204
4256	189
4257	146
4258	207
4259	181
4260	161
4261	171
4262	166
4263	186
4264	190
4265	145
4266	185
4267	172
4268	158
4269	164
4270	181
4271	179
4272	209
4273	178
4274	162
4275	189
4276	174
4277	164
4278	189
4279	176
4280	181
4281	212
4282	185
4283	193
4284	202
4285	231
4286	201
4287	181
4288	163
4289	203
4290	139
4291	180
4292	193
4293	190
4294	202
4295	187
4296	165
4297	179
4298	159
4299	217
4300	201
4301	190
4302	197
4303	171
4304	178
4305	200
4306	198
4307	220
4308	189
4309	188
4310	180
4311	173
4312	170
4313	219
4314	193
4315	211
4316	180
4317	175
4318	169
4319	172
4320	180
4321	165
4322	197
4323	194
4324	204
4325	149
4326	185
4327	195
4328	182
4329	191
4330	207
4331	198
4332	221
4333	197
4334	220
4335	159
4336	149
4337	178
4338	178
4339	172
4340	130
4341	146
4342	175
4343	156
4344	164
4345	166
4346	184
4347	182
4348	206
4349	174
4350	184
4351	192
4352	144
4353	156
4354	130
4355	150
4356	161
4357	152
4358	138
4359	162
4360	199
4361	141
4362	138
4363	139
4364	177
4365	148
4366	141
4367	144
4368	147
4369	164
4370	148
4371	191
4372	170
4373	161
4374	181
4375	175
4376	210
4377	162
4378	192
4379	180
4380	162
4381	166
4382	175
4383	186
4384	197
4385	195
4386	151
4387	194
4388	215
4389	174
4390	191
4391	165
4392	167
4393	139
4394	159
4395	180
4396	197
4397	181
4398	207
4399	170
4400	173
4401	159
4402	163
4403	141
4404	168
4405	146
4406	160
4407	161
4408	152
4409	119
4410	159
4411	186
4412	157
4413	193
4414	173
4415	148
4416	153
4417	169
4418	179
4419	175
4420	196
4421	161
4422	174
4423	207
4424	142
4425	163
4426	147
4427	135
4428	133
4429	164
4430	187
4431	173
4432	181
4433	163
4434	185
4435	153
4436	182
4437	204
4438	180
4439	193
4440	214
4441	193
4442	169
4443	185
4444	161
4445	149
4446	204
4447	152
4448	178
4449	158
4450	157
4451	165
4452	161
4453	194
4454	195
4455	163
4456	144
4457	123
4458	150
4459	177
4460	196
4461	166
4462	179
4463	174
4464	174
4465	158
4466	163
4467	172
4468	164
4469	148
4470	152
4471	160
4472	160
4473	160
4474	125
4475	141
4476	155
4477	152
4478	126
4479	140
4480	125
4481	172
4482	198
4483	202
4484	185
4485	211
4486	176
4487	183
4488	177
4489	155
4490	180
4491	194
4492	163
4493	157
4494	174
4495	180
4496	176
4497	141
4498	139
4499	162
4500	200
4501	221
4502	161
4503	174
4504	174
4505	197
4506	196
4507	201
4508	196
4509	173
4510	172
4511	190
4512	163
4513	149
4514	162
4515	157
4516	157
4517	155
4518	154
4519	160
4520	160
4521	185
4522	155
4523	164
4524	167
4525	179
4526	175
4527	164
4528	156
4529	175
4530	158
4531	189
4532	172
4533	202
4534	216
4535	191
4536	188
4537	181
4538	199
4539	167
4540	162
4541	168
4542	166
4543	202
4544	190
4545	169
4546	190
4547	180
4548	198
4549	179
4550	206
4551	169
4552	167
4553	173
4554	150
4555	190
4556	198
4557	206
4558	179
4559	227
4560	190
4561	207
4562	194
4563	201
4564	213
4565	207
4566	193
4567	185
4568	190
4569	184
4570	200
4571	216
4572	242
4573	193
4574	190
4575	216
4576	206
4577	165
4578	200
4579	227
4580	174
4581	168
4582	173
4583	191
4584	156
4585	180
4586	162
4587	187
4588	212
4589	222
4590	188
4591	166
4592	170
4593	211
4594	214
4595	226
4596	175
4597	221
4598	189
4599	193
4600	156
4601	169
4602	167
4603	156
4604	167
4605	176
4606	166
4607	172
4608	162
4609	181
4610	179
4611	189
4612	193
4613	159
4614	144
4615	170
4616	190
4617	228
4618	152
4619	165
4620	163
4621	177
4622	150
4623	181
4624	173
4625	191
4626	183
4627	158
4628	157
4629	158
4630	174
4631	186
4632	184
4633	184
4634	136
4635	145
4636	165
4637	160
4638	174
4639	128
4640	173
4641	148
4642	130
4643	158
4644	157
4645	176
4646	156
4647	141
4648	177
4649	158
4650	160
4651	150
4652	145
4653	124
4654	185
4655	164
4656	182
4657	174
4658	166
4659	150
4660	214
4661	167
4662	161
4663	152
4664	150
4665	157
4666	151
4667	182
4668	167
4669	174
4670	209
4671	197
4672	155
4673	163
4674	185
4675	167
4676	174
4677	154
4678	162
4679	167
4680	197
4681	145
4682	176
4683	178
4684	165
4685	184
4686	204
4687	168
4688	151
4689	180
4690	190
4691	168
4692	128
4693	120
4694	150
4695	146
4696	136
4697	154
4698	143
4699	145
4700	158
4701	124
4702	133
4703	140
4704	175
4705	182
4706	188
4707	162
4708	180
4709	144
4710	178
4711	175
4712	159
4713	172
4714	142
4715	144
4716	175
4717	158
4718	154
4719	168
4720	164
4721	144
4722	148
4723	153
4724	166
4725	144
4726	161
4727	143
4728	129
4729	136
4730	153
4731	130
4732	127
4733	137
4734	133
4735	173
4736	162
4737	180
4738	167
4739	160
4740	149
4741	147
4742	153
4743	154
4744	148
4745	177
4746	168
4747	149
4748	150
4749	183
4750	146
4751	170
4752	151
4753	164
4754	131
4755	149
4756	171
4757	168
4758	155
4759	171
4760	172
4761	169
4762	213
4763	184
4764	143
4765	146
4766	166
4767	163
4768	157
4769	168
4770	162
4771	159
4772	158
4773	183
4774	181
4775	176
4776	176
4777	168
4778	170
4779	168
4780	211
4781	185
4782	167
4783	195
4784	180
4785	172
4786	179
4787	163
4788	173
4789	168
4790	153
4791	171
4792	188
4793	166
4794	155
4795	162
4796	184
4797	171
4798	154
4799	139
4800	172
4801	146
4802	201
4803	135
4804	169
4805	175
4806	164
4807	151
4808	174
4809	155
4810	156
4811	173
4812	177
4813	172
4814	158
4815	186
4816	176
4817	152
4818	194
4819	159
4820	177
4821	164
4822	167
4823	171
4824	202
4825	145
4826	150
4827	159
4828	139
4829	149
4830	142
4831	171
4832	140
4833	163
4834	122
4835	136
4836	156
4837	130
4838	145
4839	169
4840	158
4841	153
4842	153
4843	147
4844	152
4845	148
4846	122
4847	147
4848	108
4849	120
4850	150
4851	153
4852	141
4853	150
4854	155
4855	139
4856	160
4857	160
4858	150
4859	148
4860	169
4861	150
4862	146
4863	149
4864	167
4865	134
4866	156
4867	124
4868	136
4869	166
4870	120
4871	124
4872	136
4873	122
4874	114
4875	129
4876	128
4877	125
4878	156
4879	186
4880	116
4881	109
4882	155
4883	136
4884	191
4885	147
4886	167
4887	164
4888	170
4889	150
4890	157
4891	142
4892	147
4893	138
4894	152
4895	138
4896	134
4897	167
4898	127
4899	140
4900	149
4901	166
4902	161
4903	178
4904	142
4905	172
4906	165
4907	148
4908	146
4909	179
4910	154
4911	144
4912	175
4913	137
4914	148
4915	164
4916	146
4917	142
4918	175
4919	160
4920	196
4921	167
4922	151
4923	166
4924	144
4925	162
4926	145
4927	144
4928	126
4929	165
4930	169
4931	147
4932	156
4933	163
4934	149
4935	136
4936	145
4937	131
4938	128
4939	143
4940	162
4941	169
4942	143
4943	160
4944	135
4945	151
4946	139
4947	133
4948	151
4949	105
4950	153
4951	151
4952	150
4953	166
4954	181
4955	167
4956	132
4957	129
4958	134
4959	172
4960	153
4961	167
4962	172
4963	158
4964	163
4965	167
4966	167
4967	185
4968	203
4969	164
4970	175
4971	146
4972	192
4973	133
4974	146
4975	166
4976	137
4977	150
4978	171
4979	136
4980	145
4981	150
4982	164
4983	131
4984	186
4985	170
4986	164
4987	157
4988	153
4989	165
4990	173
4991	147
4992	174
4993	134
4994	150
4995	162
4996	146
4997	163
4998	117
4999	118
5000	143
5001	147
5002	155
5003	179
5004	162
5005	120
5006	156
5007	168
5008	128
5009	152
5010	143
5011	170
5012	186
5013	178
5014	136
5015	168
5016	182
5017	167
5018	170
5019	157
5020	154
5021	179
5022	187
5023	164
5024	194
5025	177
5026	148
5027	171
5028	134
5029	158
5030	193
5031	178
5032	143
5033	204
5034	159
5035	163
5036	165
5037	171
5038	172
5039	158
5040	154
5041	172
5042	164
5043	163
5044	168
5045	167
5046	149
5047	161
5048	166
5049	173
5050	175
5051	167
5052	160
5053	160
5054	163
5055	186
5056	173
5057	181
5058	198
5059	184
5060	152
5061	161
5062	155
5063	138
5064	172
5065	126
5066	167
5067	136
5068	142
5069	191
5070	191
5071	190
5072	178
5073	178
5074	166
5075	174
5076	190
5077	161
5078	170
5079	141
5080	181
5081	158
5082	186
5083	183
5084	169
5085	143
5086	150
5087	170
5088	187
5089	205
5090	169
5091	168
5092	157
5093	145
5094	145
5095	142
5096	148
5097	163
5098	156
5099	167
5100	134
5101	147
5102	179
5103	143
5104	152
5105	140
5106	162
5107	176
5108	174
5109	181
5110	165
5111	174
5112	186
5113	162
5114	153
5115	156
5116	168
5117	136
5118	136
5119	167
5120	161
5121	174
5122	169
5123	144
5124	158
5125	157
5126	199
5127	183
5128	173
5129	142
5130	161
5131	172
5132	122
5133	166
5134	154
5135	152
5136	146
5137	174
5138	158
5139	182
5140	149
5141	120
5142	149
5143	126
5144	158
5145	147
5146	171
5147	161
5148	152
5149	144
5150	146
5151	155
5152	149
5153	158
5154	147
5155	129
5156	162
5157	142
5158	139
5159	140
5160	157
5161	123
5162	165
5163	159
5164	163
5165	166
5166	150
5167	153
5168	165
5169	145
5170	194
5171	126
5172	150
5173	155
5174	142
5175	178
5176	132
5177	158
5178	143
5179	136
5180	135
5181	112
5182	146
5183	166
5184	189
5185	161
5186	139
5187	161
5188	110
5189	128
5190	140
5191	143
5192	133
5193	129
5194	141
5195	129
5196	138
5197	116
5198	142
5199	123
5200	169
5201	127
5202	137
5203	129
5204	108
5205	130
5206	150
5207	123
5208	102
5209	109
5210	121
5211	99
5212	128
5213	132
5214	138
5215	119
5216	133
5217	109
5218	138
5219	148
5220	115
5221	134
5222	115
5223	115
5224	122
5225	115
5226	131
5227	118
5228	174
5229	145
5230	112
5231	141
5232	139
5233	140
5234	127
5235	135
5236	167
5237	122
5238	119
5239	111
5240	118
5241	111
5242	114
5243	130
5244	130
5245	131
5246	118
5247	132
5248	123
5249	123
5250	125
5251	134
5252	134
5253	109
5254	118
5255	124
5256	111
5257	117
5258	134
5259	135
5260	123
5261	119
5262	152
5263	151
5264	109
5265	101
5266	107
5267	109
5268	127
5269	142
5270	101
5271	112
5272	145
5273	133
5274	114
5275	123
5276	154
5277	150
5278	127
5279	120
5280	118
5281	119
5282	138
5283	133
5284	143
5285	150
5286	165
5287	158
5288	137
5289	127
5290	138
5291	135
5292	128
5293	131
5294	121
5295	114
5296	135
5297	137
5298	122
5299	108
5300	123
5301	141
5302	125
5303	137
5304	142
5305	127
5306	134
5307	143
5308	132
5309	119
5310	122
5311	103
5312	115
5313	131
5314	110
5315	127
5316	146
5317	144
5318	109
5319	120
5320	134
5321	122
5322	121
5323	140
5324	153
5325	124
5326	141
5327	130
5328	136
5329	154
5330	120
5331	152
5332	119
5333	99
5334	133
5335	116
5336	142
5337	153
5338	153
5339	149
5340	131
5341	152
5342	116
5343	143
5344	137
5345	117
5346	135
5347	112
5348	151
5349	124
5350	130
5351	126
5352	159
5353	148
5354	145
5355	152
5356	158
5357	158
5358	147
5359	110
5360	141
5361	158
5362	179
5363	150
5364	127
5365	129
5366	164
5367	151
5368	149
5369	155
5370	153
5371	149
5372	133
5373	133
5374	115
5375	152
5376	142
5377	114
5378	139
5379	137
5380	147
5381	130
5382	128
5383	139
5384	141
5385	111
5386	119
5387	157
5388	135
5389	116
5390	126
5391	132
5392	136
5393	125
5394	131
5395	135
5396	131
5397	158
5398	139
5399	141
5400	146
5401	139
5402	118
5403	147
5404	137
5405	108
5406	123
5407	138
5408	137
5409	158
5410	124
5411	160
5412	142
5413	153
5414	143
5415	170
5416	128
5417	145
5418	126
5419	127
5420	151
5421	131
5422	116
5423	139
5424	117
5425	133
5426	166
5427	145
5428	170
5429	150
5430	148
5431	137
5432	145
5433	167
5434	141
5435	132
5436	126
5437	129
5438	121
5439	136
5440	135
5441	144
5442	162
5443	144
5444	143
5445	136
5446	122
5447	127
5448	134
5449	112
5450	112
5451	136
5452	151
5453	156
5454	123
5455	142
5456	87
5457	109
5458	120
5459	111
5460	96
5461	101
5462	109
5463	150
5464	124
5465	112
5466	122
5467	133
5468	158
5469	154
5470	129
5471	131
5472	161
5473	171
5474	156
5475	123
5476	121
5477	167
5478	131
5479	127
5480	152
5481	114
5482	145
5483	151
5484	133
5485	170
5486	163
5487	152
5488	164
5489	137
5490	148
5491	121
5492	161
5493	162
5494	171
5495	164
5496	155
5497	135
5498	134
5499	151
5500	144
5501	157
5502	149
5503	132
5504	180
5505	186
5506	148
5507	153
5508	142
5509	153
5510	126
5511	146
5512	202
5513	162
5514	154
5515	152
5516	150
5517	142
5518	132
5519	173
5520	176
5521	148
5522	144
5523	169
5524	126
5525	148
5526	143
5527	140
5528	174
5529	144
5530	164
5531	167
5532	173
5533	141
5534	165
5535	193
5536	167
5537	165
5538	158
5539	160
5540	188
5541	160
5542	145
5543	148
5544	187
5545	172
5546	158
5547	185
5548	153
5549	157
5550	155
5551	168
5552	180
5553	138
5554	142
5555	183
5556	139
5557	143
5558	147
5559	151
5560	170
5561	173
5562	188
5563	154
5564	173
5565	185
5566	167
5567	155
5568	153
5569	137
5570	122
5571	124
5572	166
5573	122
5574	141
5575	153
5576	125
5577	136
5578	160
5579	165
5580	155
5581	146
5582	146
5583	144
5584	169
5585	137
5586	159
5587	183
5588	142
5589	149
5590	130
5591	142
5592	141
5593	132
5594	131
5595	158
5596	139
5597	112
5598	137
5599	122
5600	117
5601	126
5602	98
5603	137
5604	122
5605	120
5606	143
5607	115
5608	152
5609	137
5610	138
5611	154
5612	124
5613	158
5614	153
5615	123
5616	130
5617	150
5618	121
5619	160
5620	132
5621	156
5622	98
5623	105
5624	119
5625	148
5626	128
5627	158
5628	135
5629	106
5630	117
5631	129
5632	133
5633	164
5634	133
5635	106
5636	135
5637	126
5638	140
5639	163
5640	138
5641	96
5642	139
5643	132
5644	107
5645	134
5646	148
5647	137
5648	106
5649	128
5650	135
5651	155
5652	132
5653	120
5654	149
5655	182
5656	131
5657	154
5658	138
5659	116
5660	165
5661	141
5662	149
5663	136
5664	139
5665	151
5666	142
5667	137
5668	111
5669	153
5670	130
5671	162
5672	156
5673	152
5674	166
5675	162
5676	151
5677	167
5678	136
5679	157
5680	117
5681	135
5682	121
5683	140
5684	157
5685	146
5686	184
5687	139
5688	129
5689	128
5690	135
5691	126
5692	128
5693	144
5694	134
5695	150
5696	129
5697	142
5698	165
5699	148
5700	150
5701	153
5702	148
5703	169
5704	151
5705	138
5706	144
5707	117
5708	108
5709	146
5710	126
5711	159
5712	118
5713	140
5714	130
5715	118
5716	119
5717	148
5718	141
5719	150
5720	118
5721	161
5722	124
5723	143
5724	159
5725	133
5726	163
5727	164
5728	121
5729	118
5730	113
5731	116
5732	136
5733	157
5734	120
5735	89
5736	127
5737	143
5738	113
5739	151
5740	123
5741	118
5742	141
5743	115
5744	99
5745	134
5746	134
5747	131
5748	138
5749	111
5750	142
5751	119
5752	139
5753	115
5754	155
5755	107
5756	117
5757	111
5758	142
5759	154
5760	114
5761	155
5762	133
5763	104
5764	115
5765	97
5766	130
5767	132
5768	131
5769	136
5770	124
5771	146
5772	115
5773	140
5774	133
5775	134
5776	136
5777	128
5778	146
5779	135
5780	132
5781	132
5782	140
5783	107
5784	134
5785	124
5786	131
5787	122
5788	118
5789	105
5790	144
5791	148
5792	107
5793	105
5794	136
5795	103
5796	127
5797	115
5798	109
5799	156
5800	95
5801	116
5802	116
5803	117
5804	123
5805	109
5806	166
5807	124
5808	103
5809	132
5810	116
5811	120
5812	106
5813	135
5814	123
5815	136
5816	116
5817	131
5818	136
5819	111
5820	124
5821	142
5822	142
5823	158
5824	113
5825	147
5826	106
5827	89
5828	102
5829	119
5830	173
5831	143
5832	144
5833	132
5834	145
5835	102
5836	128
5837	137
5838	132
5839	98
5840	104
5841	125
5842	159
5843	140
5844	136
5845	151
5846	120
5847	136
5848	151
5849	144
5850	145
5851	140
5852	131
5853	147
5854	139
5855	90
5856	132
5857	108
5858	113
5859	129
5860	123
5861	113
5862	117
5863	109
5864	136
5865	114
5866	133
5867	113
5868	77
5869	107
5870	141
5871	129
5872	127
5873	141
5874	112
5875	109
5876	121
5877	139
5878	111
5879	104
5880	88
5881	114
5882	101
5883	114
5884	131
5885	135
5886	130
5887	118
5888	127
5889	123
5890	107
5891	118
5892	120
5893	156
5894	151
5895	112
5896	133
5897	154
5898	120
5899	124
5900	131
5901	149
5902	95
5903	138
5904	156
5905	101
5906	139
5907	109
5908	126
5909	127
5910	117
5911	76
5912	120
5913	110
5914	101
5915	119
5916	102
5917	136
5918	143
5919	120
5920	136
5921	135
5922	156
5923	122
5924	109
5925	136
5926	137
5927	146
5928	137
5929	138
5930	150
5931	128
5932	117
5933	102
5934	153
5935	132
5936	142
5937	137
5938	140
5939	173
5940	120
5941	113
5942	107
5943	121
5944	131
5945	128
5946	148
5947	126
5948	110
5949	134
5950	174
5951	153
5952	144
5953	160
5954	160
5955	136
5956	146
5957	137
5958	132
5959	144
5960	120
5961	119
5962	140
5963	159
5964	119
5965	132
5966	152
5967	140
5968	146
5969	133
5970	170
5971	160
5972	125
5973	103
5974	128
5975	116
5976	98
5977	115
5978	122
5979	157
5980	140
5981	120
5982	127
5983	143
5984	169
5985	144
5986	141
5987	142
5988	154
5989	121
5990	131
5991	120
5992	108
5993	122
5994	144
5995	131
5996	134
5997	129
5998	140
5999	125
6000	156
6001	121
6002	115
6003	94
6004	133
6005	160
6006	144
6007	127
6008	136
6009	130
6010	138
6011	119
6012	109
6013	122
6014	122
6015	94
6016	124
6017	120
6018	117
6019	138
6020	129
6021	129
6022	116
6023	104
6024	127
6025	118
6026	138
6027	119
6028	126
6029	115
6030	128
6031	113
6032	101
6033	113
6034	104
6035	111
6036	121
6037	131
6038	122
6039	106
6040	106
6041	98
6042	122
6043	115
6044	119
6045	137
6046	111
6047	110
6048	136
6049	115
6050	129
6051	99
6052	113
6053	100
6054	126
6055	144
6056	121
6057	146
6058	112
6059	136
6060	138
6061	127
6062	111
6063	114
6064	104
6065	144
6066	110
6067	132
6068	116
6069	100
6070	116
6071	112
6072	148
6073	117
6074	96
6075	105
6076	111
6077	93
6078	120
6079	128
6080	143
6081	108
6082	78
6083	104
6084	98
6085	99
6086	106
6087	93
6088	90
6089	120
6090	128
6091	97
6092	97
6093	101
6094	114
6095	104
6096	113
6097	100
6098	92
6099	133
6100	123
6101	111
6102	87
6103	109
6104	103
6105	88
6106	131
6107	114
6108	143
6109	136
6110	101
6111	134
6112	124
6113	139
6114	134
6115	128
6116	129
6117	127
6118	140
6119	114
6120	139
6121	135
6122	131
6123	100
6124	105
6125	117
6126	121
6127	127
6128	110
6129	103
6130	128
6131	116
6132	109
6133	115
6134	129
6135	150
6136	109
6137	124
6138	106
6139	132
6140	117
6141	86
6142	88
6143	119
6144	134
6145	124
6146	120
6147	125
6148	131
6149	105
6150	146
6151	96
6152	119
6153	109
6154	114
6155	126
6156	139
6157	138
6158	99
6159	118
6160	118
6161	112
6162	108
6163	115
6164	123
6165	89
6166	112
6167	93
6168	95
6169	107
6170	111
6171	128
6172	94
6173	101
6174	112
6175	94
6176	129
6177	92
6178	97
6179	89
6180	105
6181	131
6182	97
6183	104
6184	106
6185	116
6186	120
6187	117
6188	101
6189	107
6190	103
6191	105
6192	96
6193	141
6194	110
6195	118
6196	95
6197	128
6198	129
6199	117
6200	129
6201	122
6202	97
6203	116
6204	117
6205	98
6206	99
6207	88
6208	128
6209	110
6210	130
6211	106
6212	110
6213	114
6214	89
6215	102
6216	99
6217	96
6218	107
6219	106
6220	119
6221	129
6222	122
6223	101
6224	99
6225	119
6226	94
6227	92
6228	122
6229	93
6230	109
6231	132
6232	105
6233	114
6234	121
6235	123
6236	123
6237	85
6238	94
6239	117
6240	112
6241	107
6242	111
6243	112
6244	126
6245	107
6246	106
6247	135
6248	121
6249	114
6250	119
6251	138
6252	138
6253	123
6254	123
6255	123
6256	108
6257	118
6258	122
6259	134
6260	138
6261	153
6262	119
6263	124
6264	127
6265	129
6266	126
6267	151
6268	122
6269	134
6270	163
6271	119
6272	111
6273	108
6274	137
6275	109
6276	126
6277	115
6278	114
6279	141
6280	130
6281	118
6282	123
6283	118
6284	102
6285	116
6286	134
6287	126
6288	128
6289	105
6290	103
6291	117
6292	109
6293	129
6294	130
6295	118
6296	128
6297	92
6298	99
6299	112
6300	105
6301	96
6302	91
6303	114
6304	95
6305	116
6306	140
6307	107
6308	102
6309	125
6310	120
6311	113
6312	89
6313	99
6314	124
6315	109
6316	85
6317	158
6318	125
6319	109
6320	118
6321	112
6322	130
6323	147
6324	114
6325	123
6326	96
6327	121
6328	136
6329	110
6330	122
6331	133
6332	111
6333	134
6334	98
6335	137
6336	148
6337	112
6338	139
6339	125
6340	131
6341	110
6342	106
6343	113
6344	129
6345	114
6346	116
6347	118
6348	116
6349	96
6350	138
6351	119
6352	130
6353	94
6354	100
6355	107
6356	129
6357	116
6358	119
6359	114
6360	122
6361	114
6362	110
6363	109
6364	119
6365	100
6366	122
6367	122
6368	124
6369	130
6370	115
6371	97
6372	116
6373	81
6374	85
6375	100
6376	134
6377	100
6378	86
6379	97
6380	108
6381	82
6382	92
6383	126
6384	107
6385	122
6386	112
6387	92
6388	114
6389	97
6390	94
6391	108
6392	112
6393	113
6394	90
6395	76
6396	91
6397	97
6398	82
6399	54
6400	85
6401	86
6402	79
6403	78
6404	90
6405	93
6406	105
6407	94
6408	81
6409	117
6410	81
6411	91
6412	109
6413	99
6414	114
6415	113
6416	110
6417	143
6418	101
6419	94
6420	104
6421	86
6422	94
6423	72
6424	84
6425	108
6426	95
6427	96
6428	83
6429	102
6430	109
6431	94
6432	73
6433	99
6434	93
6435	93
6436	118
6437	115
6438	97
6439	94
6440	89
6441	114
6442	96
6443	64
6444	98
6445	82
6446	104
6447	114
6448	132
6449	72
6450	94
6451	95
6452	108
6453	97
6454	113
6455	90
6456	75
6457	116
6458	95
6459	92
6460	114
6461	119
6462	117
6463	95
6464	109
6465	101
6466	102
6467	100
6468	105
6469	85
6470	100
6471	116
6472	119
6473	108
6474	118
6475	73
6476	82
6477	91
6478	82
6479	91
6480	92
6481	109
6482	117
6483	105
6484	100
6485	88
6486	99
6487	115
6488	94
6489	144
6490	99
6491	104
6492	107
6493	119
6494	116
6495	118
6496	131
6497	118
6498	94
6499	98
6500	115
6501	122
6502	127
6503	120
6504	106
6505	108
6506	93
6507	114
6508	130
6509	99
6510	105
6511	119
6512	101
6513	128
6514	142
6515	109
6516	122
6517	105
6518	102
6519	106
6520	131
6521	105
6522	134
6523	144
6524	146
6525	146
6526	135
6527	134
6528	117
6529	109
6530	109
6531	114
6532	101
6533	72
6534	87
6535	133
6536	100
6537	114
6538	127
6539	140
6540	103
6541	119
6542	89
6543	110
6544	101
6545	114
6546	118
6547	117
6548	101
6549	110
6550	74
6551	89
6552	111
6553	104
6554	95
6555	106
6556	94
6557	114
6558	93
6559	133
6560	127
6561	94
6562	104
6563	112
6564	108
6565	95
6566	109
6567	104
6568	112
6569	101
6570	84
6571	119
6572	99
6573	90
6574	79
6575	96
6576	84
6577	90
6578	102
6579	87
6580	88
6581	122
6582	112
6583	126
6584	92
6585	101
6586	90
6587	100
6588	82
6589	83
6590	85
6591	99
6592	67
6593	95
6594	92
6595	92
6596	106
6597	122
6598	74
6599	97
6600	120
6601	95
6602	98
6603	93
6604	82
6605	88
6606	100
6607	92
6608	87
6609	103
6610	109
6611	101
6612	70
6613	95
6614	113
6615	84
6616	113
6617	101
6618	98
6619	78
6620	94
6621	98
6622	78
6623	85
6624	91
6625	80
6626	88
6627	75
6628	87
6629	76
6630	105
6631	90
6632	76
6633	64
6634	78
6635	76
6636	67
6637	99
6638	85
6639	70
6640	86
6641	108
6642	79
6643	71
6644	82
6645	98
6646	115
6647	100
6648	88
6649	83
6650	66
6651	79
6652	64
6653	83
6654	90
6655	90
6656	72
6657	102
6658	80
6659	88
6660	104
6661	83
6662	85
6663	74
6664	88
6665	85
6666	78
6667	82
6668	85
6669	86
6670	64
6671	107
6672	96
6673	78
6674	89
6675	80
6676	95
6677	70
6678	74
6679	79
6680	85
6681	79
6682	75
6683	88
6684	69
6685	72
6686	80
6687	74
6688	100
6689	73
6690	86
6691	83
6692	97
6693	97
6694	91
6695	75
6696	110
6697	65
6698	88
6699	95
6700	112
6701	105
6702	90
6703	112
6704	128
6705	96
6706	101
6707	114
6708	91
6709	98
6710	97
6711	113
6712	130
6713	77
6714	88
6715	96
6716	87
6717	105
6718	89
6719	89
6720	89
6721	92
6722	83
6723	92
6724	102
6725	115
6726	118
6727	90
6728	88
6729	74
6730	61
6731	98
6732	102
6733	91
6734	93
6735	97
6736	107
6737	77
6738	112
6739	103
6740	76
6741	100
6742	95
6743	86
6744	99
6745	102
6746	94
6747	69
6748	125
6749	88
6750	86
6751	116
6752	112
6753	97
6754	77
6755	86
6756	82
6757	104
6758	95
6759	75
6760	89
6761	75
6762	71
6763	80
6764	131
6765	108
6766	128
6767	100
6768	101
6769	94
6770	102
6771	111
6772	92
6773	121
6774	121
6775	118
6776	121
6777	103
6778	104
6779	105
6780	121
6781	108
6782	109
6783	94
6784	106
6785	109
6786	76
6787	109
6788	95
6789	114
6790	94
6791	109
6792	104
6793	100
6794	101
6795	84
6796	128
6797	103
6798	102
6799	76
6800	95
6801	103
6802	94
6803	114
6804	143
6805	110
6806	115
6807	88
6808	116
6809	88
6810	92
6811	100
6812	113
6813	108
6814	71
6815	95
6816	104
6817	129
6818	100
6819	120
6820	121
6821	122
6822	117
6823	106
6824	130
6825	126
6826	112
6827	110
6828	104
6829	83
6830	110
6831	97
6832	87
6833	92
6834	101
6835	82
6836	97
6837	93
6838	104
6839	114
6840	80
6841	79
6842	93
6843	91
6844	110
6845	99
6846	100
6847	92
6848	111
6849	91
6850	125
6851	86
6852	86
6853	79
6854	87
6855	121
6856	105
6857	111
6858	86
6859	91
6860	75
6861	85
6862	100
6863	98
6864	108
6865	97
6866	105
6867	94
6868	83
6869	88
6870	95
6871	91
6872	96
6873	90
6874	105
6875	100
6876	116
6877	100
6878	89
6879	104
6880	118
6881	90
6882	133
6883	109
6884	96
6885	97
6886	98
6887	107
6888	92
6889	102
6890	115
6891	135
6892	125
6893	101
6894	102
6895	110
6896	121
6897	105
6898	120
6899	107
6900	119
6901	131
6902	125
6903	116
6904	141
6905	113
6906	102
6907	103
6908	121
6909	125
6910	132
6911	98
6912	113
6913	116
6914	139
6915	116
6916	115
6917	107
6918	126
6919	130
6920	123
6921	120
6922	127
6923	101
6924	116
6925	102
6926	131
6927	85
6928	114
6929	85
6930	97
6931	117
6932	82
6933	98
6934	93
6935	85
6936	99
6937	117
6938	107
6939	112
6940	105
6941	103
6942	103
6943	101
6944	128
6945	118
6946	124
6947	112
6948	88
6949	101
6950	107
6951	122
6952	102
6953	102
6954	119
6955	128
6956	113
6957	120
6958	103
6959	114
6960	137
6961	99
6962	104
6963	100
6964	91
6965	115
6966	119
6967	118
6968	117
6969	118
6970	139
6971	109
6972	128
6973	118
6974	145
6975	122
6976	106
6977	96
6978	110
6979	126
6980	128
6981	98
6982	111
6983	119
6984	107
6985	103
6986	104
6987	94
6988	105
6989	72
6990	109
6991	85
6992	105
6993	80
6994	86
6995	124
6996	106
6997	110
6998	91
6999	86
7000	104
7001	112
7002	116
7003	116
7004	96
7005	122
7006	100
7007	110
7008	95
7009	121
7010	105
7011	103
7012	90
7013	112
7014	117
7015	109
7016	109
7017	85
7018	105
7019	107
7020	112
7021	94
7022	119
7023	102
7024	142
7025	105
7026	112
7027	107
7028	109
7029	121
7030	86
7031	95
7032	111
7033	102
7034	86
7035	85
7036	103
7037	112
7038	90
7039	97
7040	124
7041	132
7042	107
7043	116
7044	95
7045	107
7046	121
7047	122
7048	80
7049	79
7050	104
7051	87
7052	98
7053	98
7054	99
7055	100
7056	110
7057	100
7058	94
7059	102
7060	104
7061	88
7062	127
7063	120
7064	128
7065	114
7066	104
7067	109
7068	114
7069	99
7070	83
7071	100
7072	122
7073	89
7074	81
7075	97
7076	101
7077	104
7078	107
7079	117
7080	112
7081	103
7082	83
7083	98
7084	89
7085	87
7086	102
7087	100
7088	118
7089	119
7090	90
7091	99
7092	92
7093	74
7094	108
7095	91
7096	112
7097	108
7098	124
7099	77
7100	99
7101	116
7102	113
7103	96
7104	100
7105	103
7106	80
7107	103
7108	86
7109	108
7110	107
7111	100
7112	119
7113	124
7114	105
7115	122
7116	103
7117	103
7118	107
7119	119
7120	95
7121	97
7122	100
7123	90
7124	110
7125	99
7126	88
7127	109
7128	94
7129	103
7130	82
7131	105
7132	101
7133	99
7134	122
7135	101
7136	116
7137	92
7138	86
7139	134
7140	87
7141	81
7142	111
7143	79
7144	74
7145	57
7146	101
7147	103
7148	93
7149	83
7150	126
7151	95
7152	110
7153	114
7154	101
7155	100
7156	117
7157	104
7158	93
7159	103
7160	103
7161	118
7162	105
7163	98
7164	72
7165	85
7166	87
7167	113
7168	87
7169	75
7170	129
7171	99
7172	96
7173	84
7174	86
7175	85
7176	95
7177	103
7178	96
7179	108
7180	103
7181	118
7182	118
7183	119
7184	120
7185	122
7186	103
7187	99
7188	109
7189	111
7190	114
7191	98
7192	105
7193	92
7194	103
7195	111
7196	95
7197	79
7198	100
7199	90
7200	95
7201	73
7202	112
7203	114
7204	113
7205	113
7206	93
7207	107
7208	89
7209	90
7210	94
7211	99
7212	105
7213	97
7214	91
7215	134
7216	113
7217	151
7218	134
7219	130
7220	91
7221	108
7222	120
7223	101
7224	92
7225	109
7226	96
7227	85
7228	125
7229	123
7230	105
7231	106
7232	98
7233	131
7234	100
7235	101
7236	99
7237	117
7238	119
7239	78
7240	80
7241	90
7242	97
7243	96
7244	123
7245	117
7246	107
7247	110
7248	95
7249	87
7250	116
7251	120
7252	101
7253	123
7254	84
7255	83
7256	93
7257	108
7258	153
7259	97
7260	100
7261	116
7262	100
7263	108
7264	99
7265	124
7266	125
7267	114
7268	116
7269	105
7270	122
7271	116
7272	106
7273	96
7274	143
7275	108
7276	115
7277	118
7278	118
7279	98
7280	108
7281	95
7282	95
7283	103
7284	98
7285	104
7286	85
7287	105
7288	104
7289	83
7290	110
7291	125
7292	90
7293	102
7294	99
7295	100
7296	108
7297	130
7298	122
7299	113
7300	92
7301	86
7302	127
7303	113
7304	108
7305	122
7306	127
7307	121
7308	93
7309	104
7310	101
7311	99
7312	113
7313	104
7314	76
7315	99
7316	88
7317	101
7318	88
7319	109
7320	111
7321	77
7322	97
7323	100
7324	102
7325	107
7326	118
7327	128
7328	102
7329	118
7330	112
7331	108
7332	98
7333	85
7334	109
7335	122
7336	102
7337	109
7338	101
7339	86
7340	95
7341	73
7342	66
7343	97
7344	82
7345	87
7346	95
7347	124
7348	84
7349	89
7350	102
7351	103
7352	104
7353	128
7354	124
7355	116
7356	109
7357	116
7358	87
7359	94
7360	76
7361	110
7362	85
7363	99
7364	86
7365	81
7366	121
7367	100
7368	88
7369	91
7370	113
7371	115
7372	93
7373	78
7374	101
7375	105
7376	111
7377	79
7378	104
7379	77
7380	79
7381	97
7382	97
7383	94
7384	95
7385	94
7386	102
7387	96
7388	79
7389	80
7390	68
7391	89
7392	104
7393	80
7394	76
7395	95
7396	86
7397	81
7398	87
7399	89
7400	91
7401	70
7402	84
7403	118
7404	90
7405	104
7406	80
7407	97
7408	77
7409	73
7410	106
7411	95
7412	91
7413	93
7414	90
7415	91
7416	82
7417	89
7418	90
7419	102
7420	89
7421	93
7422	106
7423	84
7424	90
7425	101
7426	67
7427	122
7428	90
7429	114
7430	93
7431	79
7432	93
7433	88
7434	80
7435	104
7436	109
7437	92
7438	115
7439	87
7440	102
7441	80
7442	119
7443	107
7444	85
7445	86
7446	92
7447	87
7448	73
7449	68
7450	96
7451	100
7452	80
7453	86
7454	122
7455	88
7456	87
7457	57
7458	81
7459	86
7460	107
7461	94
7462	81
7463	82
7464	57
7465	94
7466	76
7467	105
7468	85
7469	84
7470	91
7471	61
7472	63
7473	61
7474	94
7475	90
7476	63
7477	91
7478	77
7479	90
7480	91
7481	89
7482	84
7483	100
7484	99
7485	97
7486	100
7487	69
7488	101
7489	85
7490	111
7491	101
7492	74
7493	76
7494	84
7495	74
7496	78
7497	86
7498	81
7499	83
7500	79
7501	64
7502	69
7503	54
7504	94
7505	72
7506	89
7507	78
7508	91
7509	89
7510	87
7511	93
7512	96
7513	87
7514	91
7515	76
7516	88
7517	103
7518	88
7519	72
7520	70
7521	62
7522	72
7523	96
7524	71
7525	66
7526	68
7527	78
7528	95
7529	102
7530	74
7531	76
7532	78
7533	88
7534	80
7535	92
7536	72
7537	59
7538	85
7539	64
7540	77
7541	80
7542	72
7543	89
7544	71
7545	60
7546	79
7547	99
7548	76
7549	95
7550	84
7551	76
7552	95
7553	83
7554	67
7555	73
7556	84
7557	84
7558	102
7559	78
7560	80
7561	83
7562	104
7563	107
7564	126
7565	104
7566	98
7567	80
7568	83
7569	97
7570	63
7571	75
7572	96
7573	84
7574	65
7575	97
7576	42
7577	98
7578	95
7579	79
7580	78
7581	73
7582	71
7583	74
7584	92
7585	97
7586	66
7587	71
7588	70
7589	71
7590	63
7591	84
7592	90
7593	77
7594	87
7595	73
7596	73
7597	84
7598	99
7599	84
7600	106
7601	79
7602	74
7603	70
7604	93
7605	83
7606	79
7607	83
7608	72
7609	98
7610	67
7611	73
7612	71
7613	80
7614	79
7615	69
7616	72
7617	63
7618	72
7619	85
7620	86
7621	83
7622	93
7623	74
7624	82
7625	84
7626	86
7627	85
7628	93
7629	98
7630	66
7631	59
7632	61
7633	51
7634	79
7635	74
7636	94
7637	68
7638	70
7639	62
7640	64
7641	50
7642	85
7643	66
7644	81
7645	50
7646	67
7647	67
7648	82
7649	75
7650	65
7651	91
7652	75
7653	71
7654	80
7655	67
7656	45
7657	51
7658	66
7659	79
7660	78
7661	66
7662	88
7663	73
7664	83
7665	79
7666	66
7667	78
7668	95
7669	92
7670	95
7671	67
7672	72
7673	86
7674	67
7675	58
7676	68
7677	90
7678	94
7679	67
7680	89
7681	79
7682	70
7683	74
7684	76
7685	63
7686	56
7687	79
7688	72
7689	76
7690	81
7691	78
7692	79
7693	94
7694	82
7695	78
7696	63
7697	53
7698	70
7699	81
7700	69
7701	65
7702	69
7703	80
7704	55
7705	63
7706	69
7707	49
7708	69
7709	73
7710	86
7711	60
7712	73
7713	79
7714	68
7715	89
7716	80
7717	77
7718	88
7719	61
7720	60
7721	71
7722	68
7723	85
7724	86
7725	50
7726	81
7727	79
7728	90
7729	61
7730	68
7731	71
7732	61
7733	81
7734	77
7735	72
7736	71
7737	64
7738	87
7739	79
7740	61
7741	67
7742	50
7743	73
7744	95
7745	67
7746	60
7747	67
7748	58
7749	65
7750	95
7751	95
7752	91
7753	70
7754	64
7755	71
7756	71
7757	75
7758	74
7759	80
7760	90
7761	61
7762	62
7763	65
7764	85
7765	77
7766	64
7767	96
7768	75
7769	72
7770	74
7771	71
7772	62
7773	85
7774	56
7775	61
7776	68
7777	52
7778	86
7779	73
7780	82
7781	75
7782	62
7783	54
7784	79
7785	74
7786	79
7787	76
7788	85
7789	98
7790	87
7791	86
7792	87
7793	80
7794	74
7795	86
7796	90
7797	66
7798	80
7799	100
7800	86
7801	67
7802	83
7803	78
7804	73
7805	101
7806	90
7807	110
7808	83
7809	82
7810	88
7811	79
7812	78
7813	50
7814	73
7815	79
7816	74
7817	85
7818	88
7819	105
7820	88
7821	93
7822	112
7823	85
7824	78
7825	81
7826	61
7827	82
7828	81
7829	83
7830	82
7831	78
7832	89
7833	95
7834	80
7835	90
7836	74
7837	93
7838	71
7839	111
7840	97
7841	106
7842	87
7843	96
7844	96
7845	97
7846	77
7847	101
7848	85
7849	85
7850	68
7851	82
7852	75
7853	101
7854	98
7855	70
7856	99
7857	77
7858	83
7859	108
7860	76
7861	90
7862	95
7863	74
7864	99
7865	105
7866	105
7867	105
7868	100
7869	84
7870	95
7871	117
7872	91
7873	103
7874	89
7875	101
7876	112
7877	75
7878	72
7879	95
7880	79
7881	88
7882	125
7883	107
7884	126
7885	154
7886	133
7887	123
7888	94
7889	99
7890	123
7891	122
7892	139
7893	100
7894	115
7895	106
7896	90
7897	109
7898	98
7899	82
7900	81
7901	104
7902	119
7903	109
7904	128
7905	113
7906	99
7907	109
7908	93
7909	90
7910	58
7911	98
7912	91
7913	98
7914	83
7915	105
7916	83
7917	104
7918	86
7919	79
7920	110
7921	92
7922	81
7923	88
7924	91
7925	95
7926	118
7927	117
7928	79
7929	100
7930	101
7931	99
7932	76
7933	99
7934	108
7935	97
7936	108
7937	89
7938	91
7939	85
7940	102
7941	113
7942	84
7943	90
7944	95
7945	111
7946	102
7947	109
7948	99
7949	112
7950	90
7951	114
7952	89
7953	90
7954	116
7955	114
7956	107
7957	117
7958	114
7959	107
7960	84
7961	98
7962	109
7963	116
7964	114
7965	129
7966	96
7967	101
7968	114
7969	108
7970	128
7971	85
7972	113
7973	99
7974	105
7975	86
7976	87
7977	101
7978	79
7979	96
7980	90
7981	105
7982	86
7983	77
7984	112
7985	78
7986	81
7987	99
7988	81
7989	88
7990	81
7991	99
7992	74
7993	90
7994	83
7995	106
7996	93
7997	104
7998	84
7999	95
8000	812780
