16	3
17	1
18	3
19	3
20	4
21	1
22	5
23	2
25	3
26	2
27	5
28	8
29	8
30	6
31	12
32	18
33	10
34	15
35	16
36	17
37	17
38	15
39	19
40	10
41	20
42	15
43	21
44	27
45	15
46	30
47	17
48	24
49	27
50	21
51	35
52	33
53	36
54	29
55	32
56	24
57	42
58	52
59	42
60	36
61	43
62	49
63	48
64	39
65	47
66	61
67	45
68	61
69	49
70	62
71	59
72	71
73	69
74	68
75	70
76	79
77	73
78	90
79	109
80	76
81	108
82	124
83	120
84	114
85	121
86	103
87	142
88	142
89	158
90	166
91	194
92	192
93	197
94	189
95	212
96	235
97	241
98	228
99	249
100	270
101	233
102	267
103	286
104	291
105	315
106	342
107	348
108	326
109	373
110	356
111	381
112	391
113	432
114	437
115	470
116	507
117	472
118	481
119	467
120	464
121	512
122	472
123	451
124	538
125	468
126	534
127	558
128	568
129	582
130	600
131	646
132	665
133	681
134	703
135	741
136	760
137	805
138	869
139	987
140	1084
141	1202
142	1386
143	1776
144	2487
145	3447
146	5534
147	10596
148	11566
149	26963
150	52327
