16	3
17	4
18	3
21	2
22	1
23	1
25	1
26	1
27	1
28	3
29	6
30	5
31	7
32	10
33	6
34	7
35	9
36	14
37	7
38	11
39	22
40	20
41	33
42	31
43	25
44	38
45	44
46	59
47	54
48	34
49	39
50	38
51	47
52	43
53	39
54	40
55	48
56	58
57	61
58	72
59	91
60	64
61	80
62	76
63	78
64	79
65	84
66	78
67	81
68	62
69	80
70	113
71	96
72	100
73	138
74	152
75	157
76	127
77	138
78	147
79	157
80	144
81	162
82	200
83	195
84	193
85	187
86	240
87	259
88	281
89	248
90	260
91	262
92	290
93	296
94	373
95	418
96	394
97	373
98	409
99	446
100	461
101	509
102	596
103	593
104	692
105	632
106	652
107	703
108	717
109	751
110	752
111	813
112	846
113	880
114	910
115	1042
116	1140
117	1049
118	957
119	1071
120	1147
121	1134
122	1072
123	1130
124	1262
125	1259
126	1236
127	1333
128	1400
129	1418
130	1495
131	1403
132	1453
133	1591
134	1570
135	1633
136	1818
137	1828
138	1968
139	2084
140	2336
141	2729
142	3178
143	4161
144	6078
145	9536
146	14257
147	26495
148	37180
149	99755
150	131216
