16	3
17	4
18	3
21	2
22	1
23	1
25	1
26	1
27	1
28	3
29	6
30	5
31	6
32	10
33	5
34	7
35	9
36	13
37	7
38	11
39	22
40	20
41	32
42	30
43	25
44	35
45	40
46	50
47	42
48	33
49	37
50	35
51	44
52	40
53	35
54	37
55	38
56	43
57	41
58	43
59	68
60	57
61	76
62	72
63	68
64	68
65	72
66	69
67	74
68	57
69	70
70	95
71	87
72	89
73	116
74	120
75	131
76	105
77	107
78	120
79	136
80	113
81	127
82	164
83	170
84	158
85	144
86	186
87	187
88	221
89	196
90	200
91	198
92	223
93	236
94	266
95	306
96	273
97	273
98	298
99	325
100	324
101	360
102	401
103	404
104	439
105	463
106	460
107	474
108	452
109	482
110	491
111	485
112	500
113	552
114	537
115	598
116	617
117	589
118	568
119	656
120	681
121	668
122	654
123	674
124	737
125	733
126	735
127	776
128	822
129	783
130	816
131	777
132	823
133	815
134	899
135	934
136	1002
137	962
138	1048
139	1119
140	1209
141	1370
142	1577
143	1988
144	2616
145	3905
146	5120
147	10380
148	12506
149	20296
150	24823
