16	10
17	3
18	9
19	18
20	20
21	16
22	27
23	24
24	24
25	32
26	29
27	26
28	27
29	34
30	54
31	83
32	109
33	151
34	231
35	242
36	300
37	395
38	439
39	556
40	590
41	795
42	884
43	1025
44	1160
45	1439
46	1616
47	1746
48	1776
49	1901
50	2092
51	2219
52	2267
53	2528
54	2633
55	2744
56	2745
57	2777
58	3167
59	3207
60	3236
61	3235
62	3299
63	3454
64	3442
65	3575
66	3643
67	3799
68	4075
69	4168
70	4377
71	4499
72	4569
73	4810
74	5034
75	5218
76	5323
77	5552
78	5640
79	5776
80	6100
81	6407
82	6626
83	6976
84	7110
85	7388
86	7900
87	8041
88	8167
89	8616
90	8652
91	9268
92	9672
93	9846
94	10645
95	10827
96	11435
97	11794
98	12676
99	13551
100	13687
101	14255
102	14760
103	15436
104	16535
105	16872
106	17661
107	18527
108	19182
109	19656
110	20642
111	21338
112	21589
113	22178
114	22882
115	23575
116	24268
117	25039
118	25550
119	26176
120	26668
121	27257
122	27498
123	27693
124	28080
125	28796
126	29412
127	29753
128	30496
129	30601
130	31897
131	32580
132	33372
133	34430
134	36146
135	37573
136	39806
137	42829
138	45569
139	50751
140	57355
141	69676
142	91145
143	120020
144	176175
145	292304
146	422335
147	937040
148	1176177
149	1864381
150	2379260
