0	0
1	0
2	0
3	0
4	0
5	0
6	0
7	0
8	0
9	0
10	0
11	0
12	0
13	1
14	0
15	0
16	0
17	0
18	0
19	0
20	0
21	0
22	0
23	2
24	1
25	0
26	0
27	3
28	0
29	1
30	3
31	1
32	3
33	3
34	5
35	2
36	7
37	4
38	7
39	5
40	7
41	2
42	10
43	3
44	10
45	4
46	5
47	3
48	12
49	8
50	12
51	19
52	5
53	8
54	8
55	7
56	4
57	9
58	17
59	9
60	8
61	10
62	8
63	13
64	18
65	22
66	14
67	11
68	21
69	32
70	15
71	17
72	10
73	12
74	21
75	30
76	31
77	34
78	25
79	31
80	35
81	41
82	28
83	44
84	45
85	56
86	52
87	44
88	39
89	62
90	71
91	78
92	66
93	65
94	72
95	59
96	91
97	83
98	104
99	74
100	85
101	102
102	80
103	85
104	116
105	89
106	117
107	126
108	170
109	120
110	156
111	175
112	122
113	165
114	184
115	143
116	88
117	109
118	126
119	219
120	176
121	158
122	185
123	153
124	151
125	134
126	203
127	174
128	169
129	191
130	242
131	180
132	129
133	220
134	246
135	270
136	184
137	277
138	272
139	212
140	314
141	219
142	371
143	341
144	257
145	195
146	175
147	175
148	220
149	145
150	256
151	209
152	291
153	173
154	254
155	347
156	262
157	308
158	305
159	259
160	261
161	391
162	366
163	395
164	353
165	317
166	508
167	392
168	344
169	389
170	378
171	349
172	403
173	446
174	280
175	438
176	608
177	553
178	503
179	492
180	452
181	340
182	660
183	563
184	447
185	418
186	352
187	680
188	406
189	383
190	404
191	370
192	530
193	516
194	375
195	545
196	393
197	484
198	559
199	646
200	698
201	343
202	480
203	510
204	435
205	493
206	598
207	317
208	391
209	369
210	570
211	648
212	383
213	737
214	679
215	730
216	443
217	457
218	485
219	670
220	595
221	741
222	455
223	335
224	522
225	758
226	749
227	704
228	596
229	617
230	574
231	654
232	467
233	384
234	658
235	600
236	311
237	585
238	360
239	432
240	532
241	585
242	562
243	442
244	404
245	432
246	493
247	437
248	497
249	408
250	460
251	357
252	702
253	615
254	494
255	586
256	757
257	552
258	956
259	832
260	526
261	655
262	609
263	326
264	644
265	380
266	341
267	491
268	455
269	573
270	737
271	732
272	618
273	779
274	748
275	674
276	422
277	575
278	526
279	473
280	454
281	557
282	577
283	682
284	633
285	852
286	429
287	477
288	554
289	585
290	432
291	634
292	738
293	701
294	535
295	643
296	330
297	585
298	775
299	957
300	420
301	444
302	400
303	595
304	525
305	459
306	500
307	516
308	516
309	633
310	698
311	666
312	496
313	850
314	480
315	525
316	525
317	411
318	602
319	694
320	429
321	814
322	744
323	662
324	543
325	467
326	403
327	345
328	630
329	494
330	421
331	417
332	431
333	388
334	555
335	445
336	434
337	487
338	646
339	584
340	482
341	323
342	449
343	578
344	450
345	529
346	493
347	432
348	424
349	292
350	402
351	243
352	367
353	478
354	483
355	314
356	481
357	308
358	211
359	334
360	384
361	301
362	214
363	408
364	312
365	469
366	422
367	364
368	421
369	362
370	316
371	302
372	301
373	311
374	343
375	471
376	427
377	324
378	335
379	394
380	254
381	273
382	216
383	225
384	275
385	159
386	157
387	173
388	303
389	321
390	253
391	382
392	294
393	251
394	406
395	185
396	356
397	312
398	351
399	304
400	239
401	314
402	267
403	158
404	259
405	376
406	290
407	304
408	327
409	249
410	267
411	323
412	292
413	271
414	317
415	300
416	243
417	359
418	450
419	281
420	305
421	227
422	233
423	253
424	247
425	312
426	259
427	166
428	298
429	138
430	165
431	206
432	208
433	236
434	220
435	217
436	166
437	192
438	277
439	152
440	231
441	256
442	216
443	195
444	204
445	149
446	238
447	286
448	197
449	271
450	249
451	192
452	157
453	231
454	198
455	198
456	203
457	134
458	248
459	204
460	159
461	122
462	137
463	165
464	137
465	192
466	140
467	140
468	173
469	194
470	151
471	144
472	126
473	104
474	95
475	148
476	127
477	116
478	107
479	116
480	179
481	82
482	88
483	143
484	230
485	172
486	173
487	110
488	157
489	91
490	101
491	152
492	121
493	82
494	90
495	106
496	125
497	97
498	81
499	99
500	38
501	58
502	93
503	73
504	91
505	55
506	84
507	206
508	99
509	241
510	90
511	93
512	78
513	80
514	75
515	54
516	55
517	81
518	50
519	141
520	184
521	118
522	78
523	77
524	71
525	70
526	93
527	70
528	116
529	160
530	124
531	52
532	157
533	46
534	39
535	80
536	36
537	53
538	86
539	49
540	147
541	44
542	56
543	56
544	122
545	73
546	66
547	82
548	65
549	63
550	151
551	44
552	46
553	43
554	71
555	92
556	44
557	42
558	34
559	60
560	46
561	52
562	56
563	47
564	38
565	32
566	54
567	57
