0	0
1	0
2	0
3	0
4	0
5	0
6	0
7	0
8	0
9	0
10	0
11	0
12	0
13	1
14	0
15	0
16	0
17	0
18	0
19	0
20	0
21	0
22	0
23	2
24	1
25	0
26	0
27	3
28	0
29	1
30	3
31	1
32	3
33	3
34	5
35	2
36	7
37	4
38	7
39	4
40	6
41	2
42	10
43	3
44	10
45	4
46	4
47	3
48	12
49	7
50	11
51	14
52	3
53	7
54	8
55	7
56	4
57	9
58	15
59	9
60	8
61	10
62	8
63	11
64	16
65	20
66	13
67	11
68	20
69	25
70	14
71	15
72	9
73	11
74	19
75	29
76	27
77	30
78	22
79	28
80	30
81	32
82	23
83	37
84	39
85	53
86	44
87	38
88	35
89	54
90	60
91	61
92	53
93	53
94	56
95	52
96	69
97	65
98	80
99	62
100	63
101	75
102	72
103	72
104	96
105	70
106	93
107	85
108	115
109	95
110	113
111	135
112	95
113	121
114	107
115	105
116	70
117	91
118	98
119	121
120	113
121	109
122	135
123	110
124	103
125	94
126	153
127	116
128	126
129	132
130	141
131	112
132	98
133	135
134	166
135	153
136	134
137	150
138	166
139	125
140	161
141	148
142	191
143	184
144	129
145	114
146	80
147	106
148	100
149	82
150	103
151	99
152	108
153	87
154	117
155	130
156	110
157	126
158	123
159	118
160	125
161	135
162	141
163	137
164	148
165	146
166	183
167	182
168	148
169	138
170	152
171	156
172	136
173	151
174	127
175	178
176	183
177	167
178	163
179	149
180	158
181	144
182	192
183	166
184	161
185	154
186	127
187	194
188	144
189	120
190	127
191	137
192	160
193	160
194	133
195	176
196	133
197	169
198	159
199	160
200	170
201	125
202	150
203	159
204	147
205	147
206	143
207	100
208	120
209	129
210	143
211	158
212	142
213	142
214	191
215	175
216	125
217	133
218	140
219	170
220	190
221	195
222	134
223	134
224	178
225	202
226	183
227	172
228	137
229	172
230	139
231	138
232	136
233	131
234	164
235	163
236	112
237	141
238	130
239	127
240	120
241	153
242	152
243	132
244	163
245	140
246	131
247	146
248	126
249	142
250	137
251	146
252	204
253	175
254	119
255	162
256	191
257	182
258	195
259	198
260	168
261	175
262	151
263	113
264	169
265	117
266	128
267	175
268	150
269	176
270	224
271	209
272	165
273	181
274	157
275	127
276	138
277	131
278	161
279	163
280	161
281	156
282	155
283	175
284	187
285	177
286	141
287	169
288	164
289	153
290	165
291	157
292	153
293	161
294	169
295	139
296	145
297	180
298	195
299	238
300	139
301	148
302	149
303	173
304	145
305	162
306	164
307	162
308	166
309	199
310	172
311	195
312	163
313	210
314	170
315	173
316	169
317	145
318	187
319	169
320	154
321	190
322	162
323	172
324	167
325	152
326	156
327	166
328	175
329	148
330	141
331	130
332	152
333	137
334	156
335	156
336	149
337	168
338	167
339	172
340	164
341	147
342	150
343	166
344	169
345	164
346	155
347	154
348	136
349	115
350	145
351	113
352	130
353	172
354	139
355	136
356	135
357	136
358	124
359	120
360	150
361	101
362	105
363	126
364	132
365	172
366	140
367	131
368	126
369	124
370	114
371	118
372	127
373	164
374	140
375	136
376	141
377	123
378	125
379	144
380	114
381	109
382	96
383	121
384	125
385	89
386	98
387	83
388	124
389	119
390	121
391	138
392	118
393	134
394	147
395	92
396	141
397	128
398	136
399	130
400	113
401	144
402	128
403	110
404	125
405	155
406	117
407	109
408	139
409	133
410	121
411	159
412	155
413	102
414	144
415	147
416	108
417	134
418	169
419	118
420	122
421	121
422	121
423	122
424	104
425	134
426	89
427	76
428	108
429	96
430	103
431	140
432	102
433	109
434	107
435	129
436	93
437	108
438	134
439	87
440	125
441	109
442	110
443	110
444	107
445	95
446	109
447	110
448	95
449	114
450	115
451	110
452	89
453	118
454	97
455	86
456	111
457	86
458	96
459	82
460	81
461	72
462	84
463	90
464	77
465	73
466	62
467	80
468	89
469	88
470	84
471	83
472	62
473	63
474	63
475	57
476	63
477	61
478	61
479	70
480	77
481	49
482	65
483	74
484	86
485	77
486	70
487	63
488	59
489	63
490	61
491	68
492	73
493	57
494	56
495	60
496	75
497	52
498	47
499	53
500	37
501	45
502	63
503	48
504	59
505	40
506	67
507	114
508	60
509	61
510	56
511	54
512	50
513	45
514	43
515	40
516	42
517	57
518	42
519	62
520	60
521	60
522	50
523	38
524	50
525	42
526	52
527	46
528	57
529	64
530	56
531	36
532	58
533	35
534	35
535	50
536	27
537	40
538	42
539	34
540	46
541	36
542	30
543	37
544	64
545	46
546	40
547	44
548	44
549	32
550	52
551	29
552	37
553	30
554	38
555	35
556	33
557	31
558	26
559	31
560	34
561	36
562	33
563	38
564	34
565	24
566	31
567	41
568	37
569	35
570	47
571	24
572	25
573	34
574	37
575	26
576	28
577	21
