0	0
1	0
2	0
3	0
4	0
5	0
6	0
7	0
8	0
9	0
10	0
11	0
12	0
13	1
14	6
15	7
16	6
17	1
18	2
19	1
20	6
21	5
22	7
23	2
24	7
25	6
26	5
27	21
28	23
29	18
30	23
31	40
32	48
33	41
34	92
35	83
36	96
37	131
38	136
39	177
40	194
41	221
42	252
43	264
44	317
45	328
46	338
47	428
48	443
49	403
50	473
51	486
52	509
53	506
54	610
55	570
56	718
57	662
58	662
59	632
60	681
61	707
62	721
63	808
64	772
65	802
66	871
67	796
68	829
69	921
70	933
71	957
72	938
73	927
74	1082
75	1062
76	1040
77	1114
78	1125
79	1115
80	1327
81	1211
82	1334
83	1471
84	1399
85	1508
86	1437
87	1489
88	1628
89	1729
90	3332
91	2299
92	1949
93	1902
94	2046
95	1902
96	1948
97	2076
98	2100
99	2281
100	2255
101	2350
102	2418
103	2493
104	2566
105	2638
106	2893
107	2748
108	2883
109	3059
110	3153
111	3205
112	3150
113	3356
114	3473
115	3511
116	3822
117	3860
118	3880
119	4012
120	4118
121	4156
122	4402
123	4458
124	4446
125	4643
126	4727
127	4837
128	4894
129	5069
130	5251
131	5334
132	5299
133	5506
134	5401
135	5405
136	5635
137	5732
138	5944
139	5843
140	6301
141	6145
142	6397
143	6187
144	6356
145	6088
146	5995
147	7559
148	7731
149	8304
150	8430
151	8366
152	8549
153	8698
154	8892
155	9094
156	8862
157	9034
158	9150
159	9079
160	9128
161	9307
162	9351
163	9597
164	9505
165	9681
166	9535
167	9598
168	9491
169	9768
170	10148
171	10025
172	9850
173	10080
174	10190
175	10420
176	10103
177	10180
178	10112
179	10560
180	10177
181	10150
182	10226
183	10090
184	10033
185	10312
186	10155
187	10230
188	10053
189	10081
190	10391
191	10212
192	9916
193	10465
194	10567
195	10182
196	10530
197	10296
198	10294
199	10188
200	10016
201	10200
202	10192
203	10228
204	10138
205	10229
206	9970
207	9731
208	9892
209	9738
210	9620
211	9691
212	9714
213	9782
214	9789
215	9124
216	9225
217	9218
218	9456
219	9421
220	9246
221	9149
222	9218
223	8997
224	9199
225	9153
226	8824
227	8884
228	8576
229	8639
230	8518
231	8716
232	8635
233	8359
234	8534
235	8239
236	8376
237	8298
238	8017
239	8134
240	8268
241	8260
242	8156
243	8212
244	7926
245	7939
246	8201
247	7754
248	7906
249	7432
250	7542
251	7691
252	7609
253	7620
254	7533
255	7540
256	7283
257	7166
258	7505
259	7361
260	7033
261	7332
262	7139
263	7270
264	7187
265	7099
266	6984
267	6495
268	6706
269	6847
270	6675
271	6730
272	6480
273	6498
274	6577
275	6301
276	6414
277	6311
278	6005
279	5843
280	6050
281	6241
282	6270
283	5969
284	5871
285	5787
286	5758
287	5843
288	5859
289	5770
290	5727
291	5829
292	5852
293	5456
294	5589
295	5473
296	5404
297	5277
298	5355
299	5112
300	5168
301	5022
302	5399
303	4994
304	5002
305	4971
306	4883
307	4985
308	4895
309	5027
310	4665
311	4685
312	4735
313	4694
314	4725
315	4741
316	4475
317	4516
318	4503
319	4650
320	4298
321	4376
322	4547
323	4355
324	4475
325	4242
326	4275
327	4037
328	4100
329	4052
330	4107
331	4040
332	3787
333	3771
334	3734
335	3812
336	3894
337	3754
338	3852
339	3834
340	3869
341	3764
342	3736
343	3672
344	3681
345	3759
346	3852
347	3517
348	3782
349	3484
350	3492
351	3229
352	3239
353	3390
354	3367
355	3355
356	3170
357	3146
358	3140
359	3234
360	3170
361	3237
362	3168
363	3248
364	3170
365	3199
366	3050
367	3079
368	3084
369	2822
370	3097
371	2981
372	2869
373	2884
374	2997
375	2990
376	3001
377	2871
378	2877
379	2796
380	2871
381	2813
382	2620
383	2741
384	2735
385	2569
386	2698
387	2730
388	2552
389	2763
390	2575
391	2498
392	2407
393	2569
394	2414
395	2413
396	2272
397	2352
398	2485
399	2338
400	2265
401	2403
402	2264
403	2333
404	2219
405	2191
406	2223
407	2294
408	2229
409	2130
410	2148
411	2109
412	2043
413	2185
414	2223
415	1834
416	2012
417	1947
418	1977
419	1988
420	1990
421	2093
422	2103
423	1986
424	1932
425	1972
426	1932
427	1912
428	1966
429	1845
430	1837
431	1774
432	1815
433	1825
434	1684
435	1837
436	1755
437	1854
438	1857
439	1912
440	1839
441	1850
442	1758
443	1682
444	1804
445	1900
446	1726
447	1720
448	1647
449	1680
450	1570
451	1580
452	1642
453	1623
454	1657
455	1638
456	1553
457	1612
458	1605
459	1554
460	1536
461	1511
462	1531
463	1560
464	1627
465	1524
466	1555
467	1587
468	1521
469	1523
470	1531
471	1504
472	1469
473	1350
474	1362
475	1373
476	1434
477	1497
478	1384
479	1341
480	1402
481	1362
482	1260
483	1266
484	1161
485	1258
486	1250
487	1194
488	1421
489	1378
490	1385
491	1333
492	1365
493	1268
494	1295
495	1400
496	1377
497	1379
498	1239
499	1213
500	1243
501	1310
502	1270
503	1272
504	1198
505	1247
506	1257
507	1320
508	1172
509	1188
510	1213
511	1220
512	1199
513	1223
514	1169
515	1156
516	1283
517	1216
518	1132
519	1219
520	1217
521	1218
522	1208
523	1208
524	1292
525	1229
526	1234
527	1222
528	1229
529	1099
530	1242
531	1272
532	1235
533	1234
534	1252
535	1186
536	1142
537	1189
538	1167
539	1143
540	1211
541	1289
542	1119
543	1239
544	1250
545	1147
546	1256
547	1243
548	1185
549	1152
550	1090
551	1239
552	1182
553	1248
554	1151
555	1220
556	1179
557	1141
558	1168
559	1121
560	1061
561	1107
562	1201
563	1113
564	1190
565	1102
566	1052
567	1033
568	1058
569	1009
570	1124
571	1007
572	1099
573	1138
574	1069
575	1035
576	1154
577	1107
578	1002
579	1070
580	1111
581	1076
582	1095
583	1036
584	1067
585	994
586	1003
587	1010
588	1071
589	1069
590	1044
591	971
592	964
593	1037
594	1032
595	1006
596	1010
597	980
598	1062
599	943
600	999
601	1052
602	942
603	1038
604	1044
605	941
606	1005
607	1031
608	937
609	962
610	1040
611	1059
612	922
613	1015
614	960
615	898
616	1052
617	945
618	817
619	809
620	914
621	924
622	944
623	881
624	978
625	895
626	929
627	950
628	987
629	998
630	1002
631	934
632	1076
633	1013
634	940
635	961
636	985
637	1029
638	918
639	962
640	906
641	965
642	937
643	920
644	890
645	951
646	1018
647	921
648	858
649	834
650	899
651	864
652	886
653	872
654	837
655	798
656	832
657	869
658	859
659	820
660	876
661	881
662	784
663	876
664	915
665	825
666	865
667	853
668	830
669	986
670	911
671	862
672	920
673	843
674	899
675	796
676	902
677	801
678	827
679	784
680	807
681	946
682	981
683	852
684	876
685	850
686	755
687	905
688	909
689	895
690	888
691	844
692	973
693	911
694	925
695	889
696	934
697	889
698	845
699	862
700	823
701	918
702	918
703	977
704	825
705	873
706	843
707	846
708	910
709	985
710	878
711	844
712	850
713	900
714	811
715	904
716	866
717	841
718	775
719	814
720	820
721	837
722	798
723	919
724	862
725	826
726	816
727	828
728	873
729	875
730	932
731	876
732	795
733	863
734	779
735	851
736	810
737	814
738	754
739	827
740	826
741	811
742	796
743	767
744	826
745	836
746	766
747	693
748	754
749	759
750	763
751	738
752	733
753	780
754	762
755	756
756	662
757	690
758	739
759	720
760	705
761	647
762	680
763	675
764	696
765	759
766	706
767	708
768	730
769	743
770	666
771	729
772	735
773	710
774	711
775	787
776	765
777	695
778	655
779	720
780	721
781	668
782	748
783	835
784	720
785	744
786	681
787	725
788	639
789	744
790	751
791	731
792	716
793	726
794	729
795	704
796	760
797	723
798	705
799	627
800	738
801	710
802	713
803	778
804	750
805	668
806	707
807	700
808	648
809	691
810	685
811	787
812	748
813	712
814	749
815	645
816	637
817	626
818	716
819	761
820	784
821	836
822	723
823	703
824	708
825	714
826	710
827	767
828	739
829	729
830	743
831	732
832	709
833	703
834	718
835	693
836	788
837	724
838	673
839	754
840	607
841	659
842	683
843	659
844	662
845	647
846	688
847	728
848	764
849	728
850	742
851	688
852	739
853	715
854	705
855	690
856	673
857	649
858	661
859	673
860	646
861	622
862	714
863	671
864	643
865	737
866	768
867	697
868	722
869	769
870	729
871	636
872	715
873	708
874	690
875	676
876	653
877	725
878	685
879	665
880	686
881	769
882	718
883	706
884	730
885	772
886	680
887	747
888	683
889	708
890	645
891	680
892	672
893	727
894	714
895	712
896	667
897	585
898	650
899	675
900	707
901	626
902	659
903	642
904	602
905	657
906	642
907	652
908	746
909	685
910	650
911	677
912	622
913	593
914	551
915	674
916	581
917	655
918	662
919	620
920	604
921	628
922	685
923	638
924	622
925	636
926	678
927	615
928	709
929	638
930	647
931	634
932	586
933	708
934	624
935	644
936	620
937	663
938	657
939	652
940	656
941	643
942	602
943	628
944	667
945	590
946	609
947	653
948	626
949	618
950	644
951	639
952	588
953	604
954	634
955	650
956	699
957	662
958	685
959	634
960	648
961	751
962	611
963	534
964	658
965	622
966	607
967	646
968	677
969	651
970	652
971	548
972	626
973	690
974	681
975	654
976	656
977	642
978	639
979	717
980	653
981	639
982	699
983	602
984	689
985	681
986	651
987	664
988	657
989	645
990	589
991	605
992	622
993	683
994	650
995	709
996	606
997	581
998	618
999	578
1000	523
1001	680
1002	628
1003	645
1004	679
1005	726
1006	659
1007	636
1008	647
1009	623
1010	627
1011	683
1012	698
1013	682
1014	626
1015	584
1016	656
1017	620
1018	623
1019	608
1020	633
1021	695
1022	680
1023	659
1024	572
1025	573
1026	540
1027	645
1028	621
1029	567
1030	653
1031	657
1032	576
1033	583
1034	621
1035	705
1036	615
1037	552
1038	588
1039	559
1040	594
1041	561
1042	559
1043	579
1044	535
1045	541
1046	519
1047	524
1048	499
1049	528
1050	522
1051	568
1052	537
1053	633
1054	589
1055	643
1056	655
1057	594
1058	594
1059	630
1060	597
1061	550
1062	623
1063	618
1064	595
1065	691
1066	560
1067	584
1068	612
1069	590
1070	515
1071	551
1072	588
1073	615
1074	640
1075	505
1076	476
1077	505
1078	532
1079	537
1080	599
1081	512
1082	549
1083	516
1084	585
1085	510
1086	608
1087	503
1088	506
1089	630
1090	602
1091	585
1092	545
1093	535
1094	560
1095	586
1096	565
1097	629
1098	637
1099	582
1100	613
1101	596
1102	606
1103	524
1104	558
1105	567
1106	626
1107	606
1108	564
1109	615
1110	594
1111	650
1112	584
1113	618
1114	605
1115	563
1116	614
1117	612
1118	576
1119	593
1120	551
1121	573
1122	467
1123	546
1124	570
1125	594
1126	451
1127	609
1128	528
1129	603
1130	550
1131	548
1132	658
1133	556
1134	534
1135	580
1136	581
1137	552
1138	540
1139	671
1140	580
1141	600
1142	552
1143	551
1144	581
1145	563
1146	518
1147	497
1148	510
1149	522
1150	499
1151	573
1152	552
1153	566
1154	599
1155	574
1156	560
1157	599
1158	596
1159	608
1160	569
1161	620
1162	583
1163	587
1164	548
1165	518
1166	562
1167	580
1168	512
1169	571
1170	550
1171	663
1172	592
1173	711
1174	662
1175	543
1176	572
1177	546
1178	524
1179	517
1180	600
1181	584
1182	599
1183	525
1184	523
1185	581
1186	482
1187	486
1188	535
1189	577
1190	558
1191	526
1192	506
1193	562
1194	469
1195	507
1196	454
1197	556
1198	564
1199	554
1200	576
1201	596
1202	573
1203	579
1204	569
1205	527
1206	565
1207	525
1208	541
1209	539
1210	532
1211	554
1212	643
1213	535
1214	546
1215	510
1216	525
1217	558
1218	556
1219	594
1220	543
1221	509
1222	511
1223	543
1224	581
1225	530
1226	513
1227	529
1228	558
1229	491
1230	520
1231	487
1232	452
1233	486
1234	510
1235	530
1236	539
1237	507
1238	478
1239	554
1240	569
1241	516
1242	510
1243	493
1244	500
1245	571
1246	623
1247	543
1248	601
1249	534
1250	505
1251	546
1252	558
1253	523
1254	546
1255	565
1256	602
1257	529
1258	509
1259	496
1260	560
1261	585
1262	554
1263	521
1264	556
1265	543
1266	571
1267	517
1268	508
1269	553
1270	521
1271	532
1272	527
1273	499
1274	613
1275	517
1276	593
1277	571
1278	562
1279	554
1280	581
1281	527
1282	571
1283	526
1284	596
1285	573
1286	522
1287	493
1288	556
1289	568
1290	534
1291	494
1292	567
1293	433
1294	499
1295	499
1296	541
1297	525
1298	540
1299	584
1300	492
1301	558
1302	469
1303	499
1304	508
1305	546
1306	550
1307	615
1308	532
1309	503
1310	552
1311	522
1312	486
1313	465
1314	432
1315	429
1316	522
1317	570
1318	504
1319	525
1320	439
1321	469
1322	536
1323	498
1324	498
1325	459
1326	447
1327	419
1328	442
1329	514
1330	512
1331	555
1332	539
1333	542
1334	522
1335	536
1336	479
1337	511
1338	530
1339	452
1340	488
1341	483
1342	513
1343	485
1344	514
1345	471
1346	450
1347	467
1348	474
1349	474
1350	495
1351	487
1352	421
1353	455
1354	424
1355	467
1356	512
1357	490
1358	449
1359	570
1360	484
1361	420
1362	487
1363	535
1364	493
1365	459
1366	499
1367	429
1368	453
1369	498
1370	425
1371	471
1372	514
1373	489
1374	472
1375	509
1376	497
1377	540
1378	494
1379	480
1380	435
1381	445
1382	475
1383	459
1384	449
1385	430
1386	407
1387	476
1388	379
1389	505
1390	460
1391	453
1392	449
1393	468
1394	375
1395	438
1396	516
1397	465
1398	447
1399	470
1400	502
1401	431
1402	524
1403	474
1404	519
1405	379
1406	471
1407	463
1408	495
1409	418
1410	405
1411	471
1412	478
1413	510
1414	476
1415	446
1416	460
1417	484
1418	497
1419	454
1420	453
1421	507
1422	484
1423	476
1424	466
1425	463
1426	461
1427	527
1428	474
1429	502
1430	513
1431	504
1432	485
1433	488
1434	433
1435	407
1436	481
1437	485
1438	599
1439	497
1440	531
1441	517
1442	538
1443	500
1444	555
1445	515
1446	406
1447	439
1448	463
1449	406
1450	443
1451	437
1452	454
1453	447
1454	436
1455	499
1456	429
1457	436
1458	504
1459	547
1460	511
1461	486
1462	481
1463	495
1464	471
1465	481
1466	511
1467	488
1468	482
1469	459
1470	443
1471	452
1472	437
1473	491
1474	485
1475	424
1476	454
1477	434
1478	432
1479	453
1480	459
1481	466
1482	478
1483	472
1484	458
1485	460
1486	492
1487	446
1488	426
1489	470
1490	422
1491	469
1492	460
1493	526
1494	375
1495	510
1496	551
1497	512
1498	475
1499	480
1500	417
1501	520
1502	509
1503	453
1504	475
1505	497
1506	543
1507	472
1508	505
1509	463
1510	452
1511	444
1512	505
1513	503
1514	535
1515	524
1516	453
1517	506
1518	512
1519	595
1520	544
1521	477
1522	545
1523	510
1524	545
1525	562
1526	579
1527	528
1528	497
1529	466
1530	511
1531	524
1532	518
1533	527
1534	501
1535	451
1536	497
1537	439
1538	468
1539	445
1540	513
1541	500
1542	501
1543	502
1544	492
1545	447
1546	467
1547	472
1548	442
1549	442
1550	447
1551	447
1552	397
1553	461
1554	474
1555	447
1556	505
1557	479
1558	493
1559	510
1560	523
1561	560
1562	483
1563	582
1564	522
1565	490
1566	493
1567	552
1568	498
1569	550
1570	560
1571	543
1572	502
1573	512
1574	545
1575	549
1576	487
1577	532
1578	527
1579	536
1580	498
1581	462
1582	526
1583	466
1584	454
1585	514
1586	502
1587	557
1588	484
1589	502
1590	506
1591	589
1592	489
1593	494
1594	550
1595	578
1596	477
1597	471
1598	513
1599	566
1600	531
1601	539
1602	491
1603	559
1604	550
1605	519
1606	508
1607	401
1608	521
1609	474
1610	532
1611	496
1612	467
1613	459
1614	498
1615	430
1616	471
1617	433
1618	419
1619	454
1620	395
1621	489
1622	471
1623	450
1624	447
1625	528
1626	467
1627	452
1628	467
1629	443
1630	511
1631	488
1632	428
1633	486
1634	467
1635	475
1636	507
1637	433
1638	446
1639	421
1640	486
1641	502
1642	506
1643	465
1644	495
1645	554
1646	444
1647	552
1648	417
1649	449
1650	483
1651	438
1652	460
1653	445
1654	445
1655	469
1656	506
1657	483
1658	491
1659	512
1660	487
1661	442
1662	404
1663	387
1664	432
1665	428
1666	462
1667	521
1668	434
1669	441
1670	374
1671	434
1672	407
1673	479
1674	465
1675	550
1676	521
1677	459
1678	411
1679	437
1680	402
1681	462
1682	439
1683	474
1684	474
1685	479
1686	462
1687	453
1688	468
1689	414
1690	476
1691	419
1692	495
1693	442
1694	543
1695	406
1696	439
1697	410
1698	458
1699	443
1700	443
1701	464
1702	434
1703	438
1704	452
1705	426
1706	403
1707	454
1708	428
1709	481
1710	431
1711	506
1712	425
1713	455
1714	433
1715	489
1716	443
1717	442
1718	486
1719	467
1720	452
1721	505
1722	409
1723	409
1724	429
1725	448
1726	444
1727	435
1728	431
1729	499
1730	445
1731	501
1732	441
1733	447
1734	498
1735	480
1736	512
1737	496
1738	542
1739	469
1740	494
1741	461
1742	497
1743	432
1744	425
1745	442
1746	481
1747	384
1748	409
1749	478
1750	470
1751	471
1752	456
1753	395
1754	428
1755	416
1756	402
1757	430
1758	437
1759	406
1760	384
1761	382
1762	390
1763	404
1764	370
1765	410
1766	516
1767	426
1768	409
1769	424
1770	373
1771	416
1772	418
1773	418
1774	425
1775	409
1776	377
1777	410
1778	393
1779	446
1780	471
1781	429
1782	441
1783	420
1784	382
1785	444
1786	419
1787	431
1788	443
1789	409
1790	399
1791	405
1792	404
1793	379
1794	460
1795	407
1796	427
1797	378
1798	434
1799	367
1800	415
1801	458
1802	438
1803	375
1804	367
1805	303
1806	374
1807	377
1808	363
1809	471
1810	405
1811	389
1812	357
1813	345
1814	318
1815	393
1816	356
1817	320
1818	330
1819	322
1820	331
1821	381
1822	340
1823	416
1824	357
1825	367
1826	401
1827	385
1828	391
1829	430
1830	383
1831	355
1832	361
1833	377
1834	387
1835	352
1836	355
1837	384
1838	403
1839	386
1840	365
1841	426
1842	421
1843	413
1844	413
1845	416
1846	399
1847	441
1848	367
1849	383
1850	374
1851	389
1852	361
1853	317
1854	287
1855	343
1856	353
1857	374
1858	331
1859	361
1860	361
1861	379
1862	328
1863	386
1864	354
1865	385
1866	295
1867	353
1868	288
1869	322
1870	377
1871	326
1872	366
1873	362
1874	326
1875	366
1876	311
1877	318
1878	293
1879	357
1880	431
1881	343
1882	376
1883	370
1884	346
1885	400
1886	376
1887	409
1888	403
1889	429
1890	413
1891	415
1892	414
1893	400
1894	363
1895	323
1896	355
1897	425
1898	408
1899	383
1900	448
1901	374
1902	341
1903	303
1904	255
1905	271
1906	300
1907	338
1908	367
1909	328
1910	364
1911	349
1912	346
1913	365
1914	368
1915	321
1916	293
1917	376
1918	361
1919	338
1920	379
1921	406
1922	414
1923	382
1924	351
1925	310
1926	351
1927	314
1928	321
1929	354
1930	323
1931	362
1932	305
1933	310
1934	324
1935	327
1936	351
1937	361
1938	350
1939	317
1940	282
1941	346
1942	311
1943	291
1944	316
1945	354
1946	316
1947	367
1948	370
1949	324
1950	367
1951	419
1952	401
1953	397
1954	388
1955	375
1956	329
1957	306
1958	320
1959	294
1960	299
1961	290
1962	371
1963	279
1964	359
1965	360
1966	383
1967	403
1968	414
1969	412
1970	367
1971	377
1972	405
1973	428
1974	439
1975	368
1976	431
1977	351
1978	364
1979	389
1980	430
1981	377
1982	430
1983	383
1984	387
1985	382
1986	392
1987	404
1988	375
1989	362
1990	339
1991	418
1992	358
1993	450
1994	443
1995	393
1996	371
1997	360
1998	341
1999	379
2000	415
2001	429
2002	436
2003	424
2004	374
2005	346
2006	393
2007	441
2008	421
2009	417
2010	445
2011	419
2012	379
2013	451
2014	450
2015	393
2016	416
2017	414
2018	408
2019	356
2020	405
2021	409
2022	342
2023	352
2024	318
2025	352
2026	358
2027	339
2028	333
2029	378
2030	332
2031	343
2032	415
2033	346
2034	347
2035	356
2036	351
2037	385
2038	371
2039	357
2040	378
2041	397
2042	370
2043	418
2044	388
2045	377
2046	465
2047	420
2048	394
2049	410
2050	397
2051	371
2052	383
2053	451
2054	386
2055	385
2056	388
2057	404
2058	455
2059	404
2060	371
2061	455
2062	425
2063	377
2064	376
2065	337
2066	367
2067	394
2068	374
2069	380
2070	424
2071	377
2072	391
2073	385
2074	383
2075	328
2076	327
2077	378
2078	340
2079	322
2080	415
2081	395
2082	328
2083	385
2084	404
2085	354
2086	382
2087	331
2088	389
2089	325
2090	364
2091	402
2092	406
2093	396
2094	414
2095	415
2096	396
2097	429
2098	405
2099	436
2100	459
2101	374
2102	386
2103	347
2104	387
2105	436
2106	366
2107	398
2108	377
2109	313
2110	366
2111	373
2112	402
2113	395
2114	297
2115	398
2116	396
2117	360
2118	385
2119	415
2120	393
2121	379
2122	338
2123	359
2124	362
2125	326
2126	342
2127	414
2128	411
2129	321
2130	332
2131	350
2132	291
2133	273
2134	324
2135	312
2136	320
2137	264
2138	347
2139	346
2140	297
2141	317
2142	327
2143	301
2144	271
2145	335
2146	397
2147	423
2148	371
2149	378
2150	355
2151	350
2152	335
2153	396
2154	344
2155	373
2156	347
2157	332
2158	355
2159	351
2160	425
2161	362
2162	371
2163	404
2164	376
2165	386
2166	319
2167	358
2168	308
2169	368
2170	303
2171	345
2172	346
2173	402
2174	303
2175	327
2176	334
2177	319
2178	308
2179	311
2180	303
2181	295
2182	309
2183	308
2184	332
2185	377
2186	323
2187	323
2188	324
2189	322
2190	326
2191	352
2192	322
2193	410
2194	392
2195	331
2196	310
2197	351
2198	362
2199	384
2200	337
2201	331
2202	354
2203	343
2204	365
2205	342
2206	382
2207	372
2208	366
2209	294
2210	343
2211	278
2212	315
2213	297
2214	290
2215	340
2216	338
2217	343
2218	371
2219	335
2220	368
2221	324
2222	334
2223	338
2224	339
2225	347
2226	277
2227	335
2228	275
2229	372
2230	384
2231	372
2232	373
2233	376
2234	385
2235	339
2236	365
2237	360
2238	364
2239	368
2240	314
2241	372
2242	333
2243	340
2244	349
2245	350
2246	315
2247	388
2248	366
2249	368
2250	346
2251	333
2252	366
2253	310
2254	319
2255	383
2256	356
2257	334
2258	381
2259	413
2260	365
2261	367
2262	397
2263	446
2264	340
2265	415
2266	380
2267	358
2268	390
2269	401
2270	328
2271	341
2272	357
2273	366
2274	327
2275	356
2276	366
2277	309
2278	382
2279	458
2280	380
2281	411
2282	402
2283	457
2284	422
2285	416
2286	435
2287	415
2288	417
2289	378
2290	350
2291	335
2292	329
2293	322
2294	380
2295	361
2296	359
2297	385
2298	353
2299	329
2300	331
2301	342
2302	340
2303	345
2304	329
2305	371
2306	331
2307	400
2308	352
2309	344
2310	408
2311	364
2312	394
2313	331
2314	352
2315	373
2316	367
2317	378
2318	390
2319	356
2320	381
2321	341
2322	366
2323	301
2324	290
2325	312
2326	314
2327	354
2328	300
2329	337
2330	368
2331	339
2332	374
2333	358
2334	376
2335	364
2336	330
2337	305
2338	301
2339	325
2340	347
2341	309
2342	280
2343	324
2344	306
2345	293
2346	331
2347	312
2348	281
2349	311
2350	343
2351	253
2352	283
2353	277
2354	284
2355	290
2356	283
2357	282
2358	360
2359	295
2360	254
2361	320
2362	304
2363	280
2364	322
2365	369
2366	371
2367	353
2368	355
2369	320
2370	299
2371	322
2372	341
2373	314
2374	305
2375	310
2376	324
2377	331
2378	318
2379	327
2380	326
2381	311
2382	333
2383	312
2384	343
2385	307
2386	362
2387	279
2388	292
2389	282
2390	255
2391	279
2392	313
2393	324
2394	322
2395	272
2396	269
2397	270
2398	341
2399	319
2400	303
2401	340
2402	321
2403	367
2404	415
2405	326
2406	303
2407	299
2408	313
2409	412
2410	281
2411	383
2412	326
2413	313
2414	281
2415	329
2416	344
2417	372
2418	341
2419	351
2420	392
2421	388
2422	357
2423	327
2424	267
2425	355
2426	347
2427	300
2428	363
2429	330
2430	276
2431	286
2432	368
2433	338
2434	320
2435	306
2436	370
2437	339
2438	365
2439	355
2440	355
2441	317
2442	326
2443	347
2444	371
2445	310
2446	372
2447	342
2448	335
2449	365
2450	321
2451	284
2452	319
2453	328
2454	379
2455	412
2456	354
2457	337
2458	372
2459	342
2460	302
2461	316
2462	342
2463	288
2464	329
2465	339
2466	319
2467	344
2468	375
2469	321
2470	315
2471	350
2472	338
2473	389
2474	327
2475	330
2476	356
2477	329
2478	310
2479	351
2480	374
2481	315
2482	317
2483	300
2484	272
2485	285
2486	322
2487	290
2488	314
2489	300
2490	356
2491	306
2492	320
2493	308
2494	295
2495	261
2496	312
2497	282
2498	311
2499	315
2500	295
2501	351
2502	308
2503	355
2504	344
2505	333
2506	276
2507	287
2508	305
2509	297
2510	263
2511	252
2512	262
2513	289
2514	312
2515	310
2516	333
2517	312
2518	381
2519	298
2520	295
2521	352
2522	327
2523	306
2524	261
2525	291
2526	313
2527	351
2528	314
2529	342
2530	336
2531	326
2532	328
2533	343
2534	311
2535	317
2536	292
2537	313
2538	299
2539	301
2540	314
2541	335
2542	267
2543	305
2544	331
2545	333
2546	294
2547	288
2548	320
2549	236
2550	271
2551	306
2552	242
2553	261
2554	290
2555	286
2556	332
2557	315
2558	278
2559	278
2560	261
2561	261
2562	291
2563	297
2564	273
2565	292
2566	273
2567	287
2568	300
2569	309
2570	298
2571	281
2572	320
2573	268
2574	282
2575	330
2576	325
2577	271
2578	303
2579	251
2580	331
2581	296
2582	326
2583	345
2584	267
2585	258
2586	248
2587	247
2588	270
2589	263
2590	206
2591	272
2592	304
2593	312
2594	256
2595	280
2596	254
2597	231
2598	227
2599	241
2600	252
2601	259
2602	263
2603	242
2604	229
2605	248
2606	292
2607	258
2608	296
2609	313
2610	305
2611	327
2612	276
2613	269
2614	293
2615	275
2616	304
2617	251
2618	239
2619	237
2620	242
2621	276
2622	320
2623	317
2624	323
2625	258
2626	278
2627	288
2628	318
2629	327
2630	249
2631	293
2632	220
2633	258
2634	277
2635	276
2636	262
2637	256
2638	276
2639	295
2640	293
2641	242
2642	224
2643	248
2644	267
2645	272
2646	278
2647	267
2648	331
2649	253
2650	290
2651	279
2652	261
2653	231
2654	272
2655	257
2656	272
2657	310
2658	262
2659	248
2660	235
2661	295
2662	258
2663	288
2664	297
2665	290
2666	270
2667	284
2668	290
2669	255
2670	255
2671	262
2672	272
2673	278
2674	283
2675	297
2676	312
2677	299
2678	317
2679	264
2680	284
2681	294
2682	238
2683	239
2684	245
2685	245
2686	298
2687	286
2688	317
2689	311
2690	343
2691	339
2692	302
2693	296
2694	306
2695	320
2696	274
2697	300
2698	299
2699	255
2700	216
2701	262
2702	225
2703	335
2704	281
2705	277
2706	284
2707	260
2708	297
2709	239
2710	275
2711	272
2712	265
2713	309
2714	256
2715	290
2716	318
2717	238
2718	284
2719	271
2720	289
2721	273
2722	333
2723	270
2724	241
2725	286
2726	273
2727	306
2728	233
2729	277
2730	233
2731	299
2732	299
2733	295
2734	301
2735	270
2736	274
2737	303
2738	321
2739	311
2740	244
2741	278
2742	261
2743	282
2744	325
2745	321
2746	292
2747	301
2748	294
2749	340
2750	311
2751	318
2752	250
2753	267
2754	314
2755	336
2756	301
2757	352
2758	312
2759	305
2760	313
2761	304
2762	287
2763	272
2764	288
2765	277
2766	305
2767	270
2768	325
2769	299
2770	286
2771	365
2772	259
2773	301
2774	300
2775	278
2776	286
2777	269
2778	278
2779	294
2780	241
2781	216
2782	231
2783	255
2784	237
2785	267
2786	257
2787	213
2788	247
2789	232
2790	232
2791	242
2792	245
2793	240
2794	308
2795	283
2796	330
2797	305
2798	331
2799	281
2800	302
2801	283
2802	296
2803	286
2804	266
2805	263
2806	284
2807	239
2808	217
2809	264
2810	223
2811	261
2812	205
2813	261
2814	238
2815	246
2816	245
2817	278
2818	262
2819	269
2820	266
2821	281
2822	212
2823	234
2824	240
2825	271
2826	224
2827	200
2828	239
2829	285
2830	233
2831	241
2832	250
2833	219
2834	293
2835	274
2836	221
2837	268
2838	268
2839	265
2840	255
2841	284
2842	273
2843	218
2844	293
2845	248
2846	322
2847	277
2848	268
2849	309
2850	271
2851	218
2852	232
2853	240
2854	236
2855	250
2856	269
2857	242
2858	259
2859	281
2860	266
2861	241
2862	230
2863	232
2864	239
2865	273
2866	223
2867	217
2868	270
2869	181
2870	239
2871	233
2872	208
2873	217
2874	207
2875	215
2876	233
2877	246
2878	242
2879	234
2880	266
2881	221
2882	201
2883	245
2884	228
2885	230
2886	257
2887	307
2888	224
2889	285
2890	232
2891	270
2892	229
2893	244
2894	211
2895	230
2896	222
2897	266
2898	186
2899	173
2900	254
2901	261
2902	239
2903	218
2904	188
2905	234
2906	234
2907	281
2908	211
2909	218
2910	193
2911	260
2912	242
2913	238
2914	217
2915	281
2916	254
2917	272
2918	262
2919	230
2920	213
2921	263
2922	185
2923	202
2924	259
2925	213
2926	288
2927	253
2928	250
2929	268
2930	209
2931	212
2932	239
2933	158
2934	202
2935	201
2936	237
2937	265
2938	237
2939	220
2940	220
2941	232
2942	208
2943	247
2944	176
2945	202
2946	172
2947	208
2948	171
2949	168
2950	163
2951	192
2952	217
2953	193
2954	249
2955	247
2956	199
2957	209
2958	188
2959	189
2960	151
2961	188
2962	248
2963	230
2964	183
2965	197
2966	184
2967	184
2968	209
2969	229
2970	217
2971	200
2972	149
2973	208
2974	190
2975	241
2976	204
2977	183
2978	161
2979	208
2980	173
2981	146
2982	166
2983	172
2984	222
2985	183
2986	192
2987	230
2988	189
2989	211
2990	205
2991	224
2992	229
2993	200
2994	175
2995	218
2996	239
2997	244
2998	224
2999	236
3000	193
3001	214
3002	218
3003	196
3004	207
3005	252
3006	222
3007	237
3008	209
3009	233
3010	216
3011	149
3012	222
3013	198
3014	244
3015	202
3016	176
3017	205
3018	206
3019	243
3020	215
3021	228
3022	214
3023	232
3024	234
3025	247
3026	260
3027	218
3028	241
3029	223
3030	252
3031	228
3032	275
3033	242
3034	194
3035	230
3036	255
3037	241
3038	245
3039	197
3040	247
3041	249
3042	262
3043	244
3044	242
3045	226
3046	206
3047	218
3048	314
3049	274
3050	247
3051	249
3052	233
3053	185
3054	209
3055	216
3056	265
3057	264
3058	290
3059	280
3060	243
3061	346
3062	271
3063	200
3064	257
3065	226
3066	197
3067	201
3068	230
3069	235
3070	241
3071	254
3072	211
3073	209
3074	256
3075	255
3076	215
3077	239
3078	228
3079	243
3080	209
3081	165
3082	205
3083	218
3084	225
3085	225
3086	208
3087	231
3088	243
3089	219
3090	250
3091	261
3092	256
3093	240
3094	246
3095	255
3096	226
3097	213
3098	303
3099	289
3100	242
3101	233
3102	218
3103	223
3104	211
3105	211
3106	200
3107	248
3108	208
3109	215
3110	289
3111	227
3112	236
3113	197
3114	216
3115	199
3116	171
3117	190
3118	230
3119	171
3120	208
3121	241
3122	195
3123	248
3124	245
3125	205
3126	216
3127	210
3128	271
3129	234
3130	265
3131	267
3132	222
3133	201
3134	229
3135	242
3136	203
3137	229
3138	247
3139	193
3140	216
3141	223
3142	233
3143	218
3144	223
3145	257
3146	207
3147	203
3148	213
3149	191
3150	210
3151	200
3152	203
3153	197
3154	202
3155	171
3156	241
3157	234
3158	238
3159	256
3160	242
3161	253
3162	213
3163	204
3164	240
3165	281
3166	213
3167	212
3168	223
3169	226
3170	200
3171	221
3172	252
3173	222
3174	191
3175	210
3176	187
3177	212
3178	182
3179	245
3180	239
3181	187
3182	190
3183	244
3184	184
3185	179
3186	195
3187	202
3188	216
3189	228
3190	216
3191	210
3192	272
3193	281
3194	227
3195	196
3196	195
3197	227
3198	181
3199	199
3200	228
3201	250
3202	218
3203	225
3204	254
3205	286
3206	222
3207	248
3208	242
3209	265
3210	247
3211	255
3212	283
3213	220
3214	264
3215	190
3216	183
3217	207
3218	256
3219	216
3220	231
3221	227
3222	252
3223	204
3224	215
3225	206
3226	232
3227	218
3228	217
3229	233
3230	240
3231	225
3232	204
3233	210
3234	238
3235	201
3236	201
3237	245
3238	204
3239	198
3240	233
3241	184
3242	189
3243	203
3244	269
3245	243
3246	269
3247	253
3248	241
3249	294
3250	293
3251	285
3252	275
3253	255
3254	320
3255	265
3256	244
3257	269
3258	259
3259	271
3260	261
3261	257
3262	207
3263	291
3264	242
3265	216
3266	221
3267	224
3268	253
3269	174
3270	258
3271	234
3272	259
3273	239
3274	266
3275	259
3276	286
3277	241
3278	257
3279	293
3280	242
3281	215
3282	217
3283	244
3284	263
3285	287
3286	212
3287	276
3288	274
3289	301
3290	247
3291	234
3292	244
3293	261
3294	241
3295	292
3296	233
3297	284
3298	272
3299	252
3300	223
3301	288
3302	220
3303	266
3304	274
3305	298
3306	285
3307	238
3308	270
3309	241
3310	231
3311	308
3312	305
3313	316
3314	335
3315	284
3316	316
3317	291
3318	262
3319	290
3320	314
3321	281
3322	287
3323	253
3324	260
3325	279
3326	288
3327	294
3328	294
3329	227
3330	246
3331	261
3332	238
3333	332
3334	277
3335	353
3336	292
3337	288
3338	263
3339	312
3340	303
3341	296
3342	286
3343	267
3344	253
3345	253
3346	229
3347	244
3348	268
3349	292
3350	204
3351	244
3352	231
3353	214
3354	259
3355	258
3356	234
3357	273
3358	259
3359	263
3360	240
3361	212
3362	246
3363	294
3364	325
3365	291
3366	279
3367	269
3368	270
3369	224
3370	272
3371	244
3372	201
3373	183
3374	182
3375	270
3376	253
3377	221
3378	244
3379	220
3380	247
3381	255
3382	264
3383	308
3384	256
3385	264
3386	189
3387	190
3388	225
3389	206
3390	275
3391	235
3392	214
3393	197
3394	198
3395	216
3396	260
3397	199
3398	219
3399	243
3400	230
3401	243
3402	261
3403	195
3404	260
3405	222
3406	203
3407	289
3408	256
3409	178
3410	209
3411	195
3412	225
3413	232
3414	203
3415	208
3416	223
3417	221
3418	241
3419	205
3420	207
3421	190
3422	200
3423	187
3424	240
3425	210
3426	240
3427	223
3428	202
3429	181
3430	206
3431	239
3432	217
3433	187
3434	253
3435	167
3436	172
3437	190
3438	195
3439	234
3440	256
3441	183
3442	263
3443	207
3444	220
3445	223
3446	182
3447	163
3448	193
3449	160
3450	176
3451	211
3452	236
3453	217
3454	200
3455	185
3456	151
3457	202
3458	191
3459	234
3460	224
3461	234
3462	244
3463	227
3464	216
3465	239
3466	195
3467	201
3468	171
3469	204
3470	174
3471	190
3472	177
3473	201
3474	228
3475	186
3476	201
3477	196
3478	199
3479	219
3480	162
3481	160
3482	157
3483	189
3484	168
3485	174
3486	175
3487	156
3488	182
3489	137
3490	193
3491	189
3492	203
3493	170
3494	168
3495	174
3496	228
3497	208
3498	185
3499	187
3500	175
3501	211
3502	207
3503	218
3504	196
3505	166
3506	192
3507	229
3508	220
3509	216
3510	225
3511	156
3512	184
3513	169
3514	203
3515	165
3516	174
3517	164
3518	156
3519	200
3520	204
3521	149
3522	177
3523	168
3524	184
3525	210
3526	211
3527	190
3528	175
3529	170
3530	205
3531	200
3532	156
3533	137
3534	166
3535	163
3536	147
3537	173
3538	195
3539	200
3540	234
3541	233
3542	247
3543	233
3544	156
3545	184
3546	195
3547	150
3548	170
3549	197
3550	177
3551	213
3552	241
3553	245
3554	174
3555	181
3556	189
3557	231
3558	199
3559	251
3560	220
3561	221
3562	223
3563	168
3564	231
3565	268
3566	253
3567	203
3568	241
3569	176
3570	228
3571	184
3572	146
3573	127
3574	161
3575	197
3576	159
3577	212
3578	201
3579	209
3580	215
3581	154
3582	173
3583	183
3584	166
3585	182
3586	146
3587	150
3588	167
3589	189
3590	228
3591	248
3592	230
3593	233
3594	177
3595	214
3596	217
3597	212
3598	160
3599	174
3600	220
3601	235
3602	232
3603	193
3604	211
3605	195
3606	178
3607	212
3608	188
3609	182
3610	184
3611	219
3612	218
3613	198
3614	250
3615	254
3616	247
3617	249
3618	176
3619	179
3620	154
3621	193
3622	191
3623	213
3624	170
3625	185
3626	174
3627	185
3628	202
3629	166
3630	201
3631	181
3632	208
3633	150
3634	197
3635	181
3636	236
3637	206
3638	187
3639	204
3640	203
3641	221
3642	176
3643	176
3644	140
3645	160
3646	194
3647	205
3648	190
3649	219
3650	175
3651	199
3652	209
3653	186
3654	171
3655	234
3656	193
3657	208
3658	217
3659	205
3660	234
3661	207
3662	167
3663	221
3664	226
3665	230
3666	190
3667	176
3668	189
3669	162
3670	176
3671	157
3672	158
3673	174
3674	152
3675	166
3676	185
3677	208
3678	186
3679	135
3680	169
3681	178
3682	197
3683	182
3684	203
3685	166
3686	124
3687	217
3688	197
3689	173
3690	165
3691	179
3692	215
3693	229
3694	207
3695	171
3696	187
3697	168
3698	161
3699	201
3700	214
3701	176
3702	172
3703	135
3704	164
3705	141
3706	177
3707	153
3708	187
3709	166
3710	230
3711	164
3712	188
3713	173
3714	241
3715	221
3716	190
3717	182
3718	228
3719	160
3720	186
3721	167
3722	137
3723	191
3724	180
3725	187
3726	182
3727	172
3728	193
3729	189
3730	199
3731	224
3732	212
3733	134
3734	179
3735	155
3736	191
3737	212
3738	184
3739	199
3740	195
3741	162
3742	154
3743	155
3744	170
3745	240
3746	186
3747	171
3748	187
3749	169
3750	153
3751	154
3752	190
3753	205
3754	181
3755	174
3756	169
3757	161
3758	186
3759	158
3760	132
3761	126
3762	132
3763	152
3764	149
3765	124
3766	140
3767	217
3768	198
3769	187
3770	217
3771	186
3772	165
3773	208
3774	184
3775	188
3776	173
3777	171
3778	215
3779	162
3780	148
3781	168
3782	187
3783	145
3784	151
3785	166
3786	167
3787	166
3788	221
3789	183
3790	154
3791	220
3792	213
3793	202
3794	195
3795	179
3796	159
3797	202
3798	198
3799	156
3800	182
3801	156
3802	165
3803	211
3804	174
3805	165
3806	189
3807	224
3808	182
3809	176
3810	202
3811	167
3812	191
3813	157
3814	196
3815	140
3816	147
3817	134
3818	158
3819	165
3820	167
3821	186
3822	190
3823	183
3824	212
3825	190
3826	180
3827	153
3828	166
3829	157
3830	173
3831	179
3832	167
3833	165
3834	172
3835	165
3836	196
3837	175
3838	212
3839	180
3840	176
3841	165
3842	208
3843	151
3844	159
3845	229
3846	170
3847	217
3848	190
3849	137
3850	179
3851	163
3852	209
3853	166
3854	220
3855	198
3856	215
3857	171
3858	121
3859	170
3860	182
3861	154
3862	177
3863	164
3864	152
3865	160
3866	191
3867	165
3868	157
3869	172
3870	148
3871	187
3872	151
3873	209
3874	163
3875	191
3876	177
3877	202
3878	221
3879	206
3880	195
3881	220
3882	209
3883	159
3884	196
3885	221
3886	151
3887	151
3888	163
3889	194
3890	154
3891	166
3892	178
3893	236
3894	208
3895	187
3896	175
3897	241
3898	181
3899	206
3900	209
3901	190
3902	163
3903	156
3904	205
3905	210
3906	215
3907	226
3908	180
3909	179
3910	215
3911	154
3912	203
3913	165
3914	153
3915	188
3916	202
3917	211
3918	231
3919	223
3920	204
3921	154
3922	181
3923	169
3924	194
3925	255
3926	177
3927	185
3928	196
3929	182
3930	178
3931	207
3932	176
3933	217
3934	182
3935	228
3936	195
3937	180
3938	143
3939	208
3940	225
3941	181
3942	211
3943	239
3944	238
3945	225
3946	183
3947	220
3948	225
3949	269
3950	258
3951	215
3952	193
3953	171
3954	193
3955	206
3956	233
3957	219
3958	236
3959	168
3960	199
3961	171
3962	158
3963	154
3964	200
3965	224
3966	154
3967	179
3968	121
3969	182
3970	163
3971	177
3972	197
3973	171
3974	172
3975	203
3976	171
3977	169
3978	157
3979	164
3980	186
3981	205
3982	170
3983	178
3984	188
3985	207
3986	167
3987	184
3988	222
3989	220
3990	223
3991	199
3992	207
3993	162
3994	185
3995	185
3996	174
3997	212
3998	165
3999	183
4000	160
4001	157
4002	173
4003	169
4004	200
4005	247
4006	201
4007	196
4008	181
4009	213
4010	164
4011	188
4012	188
4013	144
4014	211
4015	172
4016	161
4017	188
4018	180
4019	240
4020	178
4021	135
4022	193
4023	201
4024	197
4025	171
4026	204
4027	229
4028	218
4029	127
4030	169
4031	173
4032	166
4033	184
4034	199
4035	207
4036	209
4037	203
4038	232
4039	224
4040	217
4041	195
4042	172
4043	176
4044	157
4045	196
4046	185
4047	168
4048	170
4049	248
4050	229
4051	226
4052	177
4053	220
4054	225
4055	238
4056	212
4057	227
4058	213
4059	157
4060	155
4061	152
4062	176
4063	190
4064	225
4065	224
4066	277
4067	212
4068	191
4069	206
4070	218
4071	251
4072	166
4073	194
4074	162
4075	211
4076	177
4077	250
4078	199
4079	203
4080	246
4081	265
4082	175
4083	185
4084	200
4085	216
4086	210
4087	185
4088	221
4089	179
4090	194
4091	246
4092	249
4093	215
4094	212
4095	216
4096	217
4097	234
4098	214
4099	227
4100	208
4101	205
4102	208
4103	186
4104	167
4105	171
4106	187
4107	178
4108	234
4109	212
4110	221
4111	202
4112	201
4113	214
4114	192
4115	183
4116	142
4117	192
4118	199
4119	192
4120	178
4121	202
4122	189
4123	155
4124	212
4125	176
4126	147
4127	228
4128	186
4129	206
4130	226
4131	210
4132	196
4133	199
4134	169
4135	185
4136	205
4137	197
4138	206
4139	181
4140	146
4141	170
4142	204
4143	204
4144	205
4145	202
4146	150
4147	180
4148	180
4149	161
4150	156
4151	166
4152	170
4153	188
4154	157
4155	127
4156	167
4157	187
4158	184
4159	168
4160	112
4161	148
4162	139
4163	169
4164	168
4165	131
4166	134
4167	143
4168	220
4169	200
4170	195
4171	179
4172	150
4173	159
4174	157
4175	158
4176	181
4177	172
4178	159
4179	168
4180	164
4181	161
4182	158
4183	139
4184	136
4185	167
4186	174
4187	158
4188	150
4189	159
4190	119
4191	116
4192	153
4193	157
4194	191
4195	136
4196	151
4197	159
4198	140
4199	141
4200	163
4201	162
4202	166
4203	184
4204	186
4205	176
4206	148
4207	211
4208	143
4209	182
4210	192
4211	201
4212	195
4213	138
4214	128
4215	131
4216	173
4217	139
4218	152
4219	155
4220	136
4221	178
4222	136
4223	109
4224	135
4225	151
4226	154
4227	134
4228	143
4229	121
4230	139
4231	124
4232	146
4233	133
4234	137
4235	157
4236	161
4237	168
4238	175
4239	148
4240	162
4241	122
4242	111
4243	136
4244	141
4245	146
4246	166
4247	140
4248	139
4249	135
4250	155
4251	152
4252	116
4253	135
4254	178
4255	124
4256	138
4257	158
4258	121
4259	139
4260	122
4261	147
4262	121
4263	154
4264	182
4265	153
4266	138
4267	129
4268	144
4269	163
4270	140
4271	150
4272	186
4273	175
4274	167
4275	198
4276	179
4277	175
4278	191
4279	124
4280	176
4281	142
4282	143
4283	144
4284	133
4285	152
4286	121
4287	177
4288	164
4289	186
4290	171
4291	191
4292	150
4293	180
4294	199
4295	151
4296	132
4297	173
4298	164
4299	147
4300	197
4301	138
4302	144
4303	127
4304	128
4305	143
4306	196
4307	185
4308	126
4309	145
4310	168
4311	191
4312	144
4313	159
4314	146
4315	180
4316	172
4317	168
4318	146
4319	126
4320	151
4321	135
4322	156
4323	153
4324	194
4325	163
4326	143
4327	202
4328	164
4329	175
4330	159
4331	171
4332	136
4333	140
4334	156
4335	127
4336	128
4337	135
4338	122
4339	127
4340	116
4341	143
4342	128
4343	96
4344	134
4345	176
4346	168
4347	121
4348	148
4349	101
4350	98
4351	121
4352	101
4353	105
4354	117
4355	147
4356	126
4357	102
4358	128
4359	119
4360	124
4361	108
4362	125
4363	124
4364	105
4365	106
4366	102
4367	102
4368	117
4369	105
4370	103
4371	119
4372	123
4373	103
4374	113
4375	107
4376	132
4377	129
4378	158
4379	103
4380	118
4381	92
4382	92
4383	145
4384	140
4385	130
4386	128
4387	142
4388	155
4389	161
4390	138
4391	122
4392	128
4393	137
4394	124
4395	110
4396	132
4397	134
4398	117
4399	135
4400	152
4401	122
4402	124
4403	109
4404	134
4405	135
4406	140
4407	153
4408	161
4409	154
4410	133
4411	137
4412	148
4413	142
4414	140
4415	141
4416	149
4417	161
4418	102
4419	91
4420	116
4421	159
4422	158
4423	141
4424	145
4425	130
4426	138
4427	125
4428	114
4429	186
4430	140
4431	130
4432	148
4433	150
4434	135
4435	130
4436	131
4437	126
4438	138
4439	174
4440	105
4441	155
4442	132
4443	131
4444	148
4445	143
4446	128
4447	169
4448	129
4449	144
4450	154
4451	139
4452	137
4453	146
4454	156
4455	142
4456	146
4457	134
4458	111
4459	139
4460	126
4461	112
4462	137
4463	128
4464	145
4465	128
4466	126
4467	102
4468	127
4469	144
4470	101
4471	119
4472	116
4473	105
4474	141
4475	127
4476	135
4477	146
4478	97
4479	126
4480	140
4481	123
4482	135
4483	129
4484	128
4485	188
4486	194
4487	106
4488	148
4489	139
4490	126
4491	161
4492	127
4493	128
4494	172
4495	131
4496	138
4497	125
4498	102
4499	126
4500	116
4501	120
4502	143
4503	161
4504	163
4505	159
4506	120
4507	129
4508	144
4509	141
4510	151
4511	177
4512	154
4513	165
4514	143
4515	129
4516	117
4517	155
4518	130
4519	118
4520	123
4521	146
4522	110
4523	164
4524	132
4525	114
4526	161
4527	132
4528	127
4529	131
4530	137
4531	170
4532	136
4533	130
4534	149
4535	177
4536	126
4537	117
4538	135
4539	112
4540	129
4541	144
4542	142
4543	138
4544	148
4545	146
4546	158
4547	139
4548	148
4549	118
4550	164
4551	161
4552	174
4553	136
4554	185
4555	152
4556	160
4557	181
4558	179
4559	193
4560	196
4561	177
4562	220
4563	163
4564	169
4565	175
4566	144
4567	184
4568	174
4569	146
4570	187
4571	182
4572	159
4573	147
4574	143
4575	150
4576	157
4577	133
4578	122
4579	97
4580	149
4581	156
4582	170
4583	166
4584	129
4585	171
4586	133
4587	185
4588	136
4589	172
4590	126
4591	171
4592	141
4593	172
4594	191
4595	179
4596	136
4597	150
4598	148
4599	117
4600	116
4601	182
4602	154
4603	144
4604	149
4605	155
4606	144
4607	139
4608	139
4609	145
4610	174
4611	183
4612	138
4613	160
4614	172
4615	173
4616	135
4617	158
4618	168
4619	188
4620	183
4621	138
4622	149
4623	141
4624	148
4625	133
4626	130
4627	156
4628	141
4629	176
4630	177
4631	189
4632	164
4633	147
4634	135
4635	139
4636	174
4637	154
4638	123
4639	98
4640	106
4641	104
4642	96
4643	104
4644	130
4645	131
4646	164
4647	114
4648	138
4649	143
4650	113
4651	115
4652	124
4653	146
4654	160
4655	141
4656	112
4657	125
4658	126
4659	120
4660	128
4661	144
4662	108
4663	114
4664	133
4665	128
4666	115
4667	121
4668	102
4669	145
4670	137
4671	135
4672	131
4673	135
4674	158
4675	145
4676	161
4677	157
4678	140
4679	162
4680	146
4681	157
4682	165
4683	161
4684	156
4685	182
4686	152
4687	183
4688	181
4689	124
4690	157
4691	140
4692	124
4693	132
4694	160
4695	166
4696	133
4697	134
4698	161
4699	140
4700	118
4701	168
4702	144
4703	115
4704	158
4705	127
4706	126
4707	115
4708	157
4709	128
4710	117
4711	148
4712	130
4713	131
4714	138
4715	177
4716	145
4717	151
4718	153
4719	136
4720	103
4721	120
4722	125
4723	111
4724	133
4725	115
4726	117
4727	131
4728	132
4729	173
4730	134
4731	155
4732	162
4733	120
4734	139
4735	150
4736	132
4737	150
4738	145
4739	155
4740	137
4741	135
4742	161
4743	151
4744	167
4745	192
4746	141
4747	131
4748	118
4749	160
4750	80
4751	97
4752	138
4753	124
4754	139
4755	154
4756	150
4757	150
4758	159
4759	152
4760	156
4761	131
4762	147
4763	147
4764	155
4765	132
4766	107
4767	114
4768	130
4769	140
4770	165
4771	162
4772	152
4773	119
4774	129
4775	155
4776	166
4777	123
4778	117
4779	122
4780	132
4781	122
4782	112
4783	107
4784	125
4785	112
4786	122
4787	109
4788	121
4789	157
4790	126
4791	142
4792	141
4793	133
4794	123
4795	98
4796	100
4797	103
4798	140
4799	152
4800	129
4801	167
4802	137
4803	119
4804	127
4805	127
4806	167
4807	136
4808	137
4809	150
4810	174
4811	180
4812	164
4813	152
4814	146
4815	116
4816	115
4817	127
4818	89
4819	95
4820	119
4821	108
4822	127
4823	134
4824	136
4825	116
4826	121
4827	166
4828	184
4829	142
4830	124
4831	152
4832	119
4833	102
4834	128
4835	115
4836	147
4837	91
4838	89
4839	137
4840	114
4841	128
4842	128
4843	135
4844	96
4845	121
4846	118
4847	124
4848	87
4849	105
4850	102
4851	127
4852	125
4853	106
4854	116
4855	137
4856	115
4857	106
4858	100
4859	108
4860	125
4861	103
4862	132
4863	128
4864	114
4865	126
4866	130
4867	134
4868	105
4869	128
4870	119
4871	131
4872	144
4873	170
4874	110
4875	109
4876	127
4877	124
4878	127
4879	141
4880	107
4881	137
4882	110
4883	150
4884	138
4885	118
4886	92
4887	113
4888	87
4889	103
4890	122
4891	139
4892	131
4893	105
4894	101
4895	119
4896	105
4897	121
4898	129
4899	132
4900	101
4901	143
4902	147
4903	121
4904	150
4905	135
4906	131
4907	105
4908	112
4909	116
4910	101
4911	129
4912	138
4913	110
4914	132
4915	124
4916	122
4917	148
4918	145
4919	121
4920	156
4921	141
4922	140
4923	112
4924	125
4925	163
4926	154
4927	132
4928	141
4929	111
4930	131
4931	125
4932	163
4933	132
4934	123
4935	151
4936	120
4937	103
4938	116
4939	184
4940	131
4941	117
4942	137
4943	155
4944	143
4945	142
4946	117
4947	117
4948	127
4949	98
4950	113
4951	105
4952	78
4953	119
4954	111
4955	150
4956	109
4957	156
4958	133
4959	141
4960	168
4961	137
4962	128
4963	111
4964	116
4965	140
4966	124
4967	125
4968	192
4969	169
4970	136
4971	151
4972	148
4973	130
4974	136
4975	92
4976	113
4977	159
4978	141
4979	138
4980	140
4981	136
4982	126
4983	156
4984	122
4985	144
4986	142
4987	137
4988	156
4989	99
4990	103
4991	122
4992	124
4993	136
4994	108
4995	109
4996	101
4997	115
4998	136
4999	98
5000	89
5001	105
5002	83
5003	122
5004	91
5005	125
5006	135
5007	102
5008	114
5009	129
5010	117
5011	146
5012	143
5013	169
5014	126
5015	122
5016	128
5017	131
5018	130
5019	104
5020	138
5021	122
5022	143
5023	141
5024	150
5025	140
5026	155
5027	156
5028	148
5029	113
5030	145
5031	148
5032	114
5033	122
5034	111
5035	128
5036	118
5037	156
5038	115
5039	119
5040	104
5041	161
5042	110
5043	140
5044	133
5045	143
5046	122
5047	161
5048	139
5049	127
5050	115
5051	144
5052	125
5053	128
5054	145
5055	165
5056	125
5057	120
5058	115
5059	101
5060	159
5061	189
5062	140
5063	152
5064	161
5065	142
5066	123
5067	126
5068	178
5069	120
5070	131
5071	152
5072	190
5073	197
5074	153
5075	135
5076	107
5077	129
5078	137
5079	165
5080	148
5081	132
5082	137
5083	132
5084	129
5085	120
5086	128
5087	116
5088	115
5089	120
5090	70
5091	83
5092	83
5093	123
5094	124
5095	112
5096	110
5097	165
5098	134
5099	122
5100	91
5101	90
5102	99
5103	111
5104	89
5105	136
5106	97
5107	107
5108	117
5109	91
5110	151
5111	139
5112	120
5113	132
5114	126
5115	105
5116	92
5117	119
5118	146
5119	136
5120	106
5121	101
5122	114
5123	107
5124	106
5125	94
5126	110
5127	97
5128	113
5129	108
5130	84
5131	94
5132	79
5133	124
5134	139
5135	89
5136	124
5137	141
5138	135
5139	141
5140	97
5141	106
5142	110
5143	125
5144	117
5145	148
5146	151
5147	106
5148	89
5149	103
5150	136
5151	107
5152	115
5153	100
5154	131
5155	157
5156	133
5157	137
5158	129
5159	114
5160	115
5161	134
5162	135
5163	122
5164	116
5165	128
5166	124
5167	100
5168	189
5169	117
5170	109
5171	92
5172	124
5173	126
5174	143
5175	134
5176	152
5177	142
5178	138
5179	108
5180	130
5181	87
5182	141
5183	130
5184	126
5185	123
5186	114
5187	107
5188	128
5189	125
5190	105
5191	74
5192	122
5193	136
5194	75
5195	91
5196	111
5197	107
5198	117
5199	117
5200	90
5201	81
5202	107
5203	92
5204	81
5205	115
5206	79
5207	72
5208	66
5209	107
5210	101
5211	134
5212	133
5213	83
5214	110
5215	104
5216	93
5217	81
5218	103
5219	86
5220	86
5221	93
5222	91
5223	108
5224	100
5225	89
5226	118
5227	72
5228	122
5229	106
5230	74
5231	96
5232	87
5233	106
5234	82
5235	108
5236	121
5237	118
5238	121
5239	71
5240	96
5241	77
5242	59
5243	87
5244	138
5245	128
5246	100
5247	85
5248	86
5249	79
5250	74
5251	85
5252	123
5253	101
5254	121
5255	85
5256	101
5257	96
5258	126
5259	90
5260	79
5261	97
5262	110
5263	81
5264	85
5265	121
5266	106
5267	102
5268	122
5269	99
5270	91
5271	116
5272	96
5273	132
5274	173
5275	164
5276	110
5277	97
5278	112
5279	154
5280	115
5281	87
5282	124
5283	65
5284	105
5285	107
5286	93
5287	118
5288	79
5289	111
5290	98
5291	117
5292	103
5293	112
5294	92
5295	93
5296	92
5297	100
5298	128
5299	124
5300	106
5301	130
5302	134
5303	155
5304	124
5305	90
5306	115
5307	82
5308	99
5309	105
5310	119
5311	112
5312	108
5313	190
5314	149
5315	124
5316	148
5317	122
5318	132
5319	136
5320	163
5321	133
5322	121
5323	114
5324	129
5325	116
5326	95
5327	119
5328	101
5329	120
5330	110
5331	88
5332	91
5333	100
5334	116
5335	76
5336	100
5337	103
5338	126
5339	109
5340	80
5341	100
5342	91
5343	97
5344	112
5345	92
5346	124
5347	114
5348	118
5349	90
5350	119
5351	115
5352	134
5353	122
5354	113
5355	122
5356	87
5357	96
5358	97
5359	106
5360	111
5361	114
5362	99
5363	132
5364	107
5365	85
5366	96
5367	100
5368	122
5369	96
5370	122
5371	112
5372	89
5373	98
5374	123
5375	125
5376	102
5377	91
5378	91
5379	127
5380	111
5381	79
5382	97
5383	86
5384	112
5385	100
5386	96
5387	106
5388	125
5389	116
5390	111
5391	146
5392	134
5393	131
5394	105
5395	101
5396	114
5397	125
5398	103
5399	107
5400	135
5401	115
5402	121
5403	91
5404	133
5405	136
5406	135
5407	107
5408	131
5409	117
5410	107
5411	108
5412	114
5413	124
5414	68
5415	93
5416	110
5417	88
5418	116
5419	125
5420	87
5421	118
5422	91
5423	98
5424	145
5425	101
5426	109
5427	134
5428	120
5429	95
5430	94
5431	93
5432	83
5433	79
5434	128
5435	107
5436	113
5437	104
5438	103
5439	99
5440	111
5441	82
5442	67
5443	86
5444	111
5445	105
5446	99
5447	120
5448	141
5449	104
5450	108
5451	148
5452	120
5453	101
5454	95
5455	78
5456	132
5457	108
5458	99
5459	87
5460	121
5461	107
5462	97
5463	70
5464	101
5465	114
5466	104
5467	127
5468	97
5469	113
5470	113
5471	128
5472	127
5473	135
5474	109
5475	140
5476	115
5477	108
5478	110
5479	110
5480	89
5481	76
5482	100
5483	105
5484	99
5485	121
5486	127
5487	123
5488	101
5489	99
5490	126
5491	87
5492	95
5493	87
5494	90
5495	71
5496	98
5497	93
5498	115
5499	125
5500	171
5501	82
5502	95
5503	120
5504	148
5505	146
5506	119
5507	133
5508	106
5509	103
5510	108
5511	90
5512	84
5513	95
5514	100
5515	125
5516	123
5517	129
5518	140
5519	126
5520	125
5521	153
5522	119
5523	157
5524	110
5525	104
5526	141
5527	114
5528	124
5529	114
5530	124
5531	109
5532	123
5533	93
5534	103
5535	120
5536	164
5537	124
5538	113
5539	153
5540	140
5541	113
5542	137
5543	118
5544	149
5545	129
5546	110
5547	123
5548	111
5549	116
5550	154
5551	106
5552	145
5553	131
5554	118
5555	115
5556	99
5557	109
5558	113
5559	150
5560	163
5561	139
5562	135
5563	126
5564	131
5565	142
5566	150
5567	118
5568	114
5569	103
5570	156
5571	106
5572	113
5573	94
5574	117
5575	103
5576	109
5577	90
5578	105
5579	109
5580	137
5581	117
5582	135
5583	141
5584	109
5585	98
5586	105
5587	127
5588	139
5589	131
5590	150
5591	120
5592	119
5593	87
5594	115
5595	154
5596	125
5597	119
5598	127
5599	137
5600	126
5601	116
5602	115
5603	109
5604	110
5605	132
5606	133
5607	113
5608	116
5609	113
5610	86
5611	113
5612	95
5613	95
5614	105
5615	98
5616	103
5617	104
5618	101
5619	90
5620	93
5621	102
5622	140
5623	110
5624	83
5625	99
5626	112
5627	84
5628	79
5629	101
5630	83
5631	119
5632	126
5633	104
5634	91
5635	81
5636	111
5637	107
5638	99
5639	80
5640	99
5641	86
5642	79
5643	91
5644	86
5645	80
5646	95
5647	67
5648	99
5649	124
5650	122
5651	111
5652	145
5653	112
5654	80
5655	105
5656	97
5657	112
5658	125
5659	149
5660	159
5661	135
5662	137
5663	104
5664	78
5665	122
5666	127
5667	103
5668	104
5669	107
5670	158
5671	173
5672	127
5673	95
5674	126
5675	90
5676	115
5677	91
5678	78
5679	111
5680	106
5681	113
5682	104
5683	112
5684	96
5685	80
5686	89
5687	96
5688	80
5689	91
5690	103
5691	143
5692	115
5693	104
5694	135
5695	128
5696	124
5697	123
5698	141
5699	100
5700	147
5701	148
5702	120
5703	127
5704	101
5705	122
5706	105
5707	108
5708	125
5709	132
5710	117
5711	125
5712	86
5713	109
5714	124
5715	98
5716	99
5717	109
5718	123
5719	100
5720	99
5721	75
5722	85
5723	108
5724	74
5725	62
5726	105
5727	96
5728	108
5729	95
5730	75
5731	145
5732	125
5733	115
5734	115
5735	94
5736	92
5737	93
5738	102
5739	116
5740	107
5741	94
5742	119
5743	117
5744	93
5745	99
5746	102
5747	100
5748	77
5749	137
5750	125
5751	96
5752	136
5753	105
5754	108
5755	111
5756	91
5757	129
5758	91
5759	142
5760	107
5761	89
5762	125
5763	130
5764	98
5765	70
5766	95
5767	70
5768	83
5769	135
5770	104
5771	98
5772	84
5773	94
5774	122
5775	136
5776	97
5777	109
5778	107
5779	99
5780	114
5781	89
5782	100
5783	89
5784	93
5785	90
5786	78
5787	78
5788	75
5789	95
5790	99
5791	115
5792	114
5793	121
5794	117
5795	117
5796	111
5797	116
5798	94
5799	99
5800	83
5801	76
5802	98
5803	117
5804	122
5805	78
5806	106
5807	67
5808	112
5809	84
5810	94
5811	92
5812	85
5813	93
5814	117
5815	98
5816	75
5817	116
5818	72
5819	93
5820	111
5821	91
5822	91
5823	112
5824	115
5825	113
5826	144
5827	136
5828	104
5829	90
5830	85
5831	126
5832	95
5833	87
5834	121
5835	88
5836	107
5837	106
5838	109
5839	119
5840	114
5841	88
5842	112
5843	141
5844	138
5845	97
5846	99
5847	122
5848	91
5849	107
5850	92
5851	58
5852	92
5853	136
5854	91
5855	59
5856	87
5857	102
5858	116
5859	147
5860	106
5861	109
5862	97
5863	113
5864	99
5865	83
5866	81
5867	107
5868	106
5869	76
5870	79
5871	89
5872	115
5873	132
5874	82
5875	101
5876	97
5877	81
5878	89
5879	108
5880	107
5881	123
5882	102
5883	79
5884	113
5885	91
5886	108
5887	114
5888	137
5889	113
5890	123
5891	87
5892	108
5893	98
5894	92
5895	108
5896	102
5897	109
5898	91
5899	94
5900	103
5901	113
5902	99
5903	99
5904	111
5905	97
5906	108
5907	124
5908	108
5909	126
5910	141
5911	124
5912	124
5913	132
5914	99
5915	80
5916	89
5917	112
5918	100
5919	99
5920	92
5921	73
5922	83
5923	74
5924	68
5925	72
5926	108
5927	141
5928	109
5929	131
5930	167
5931	109
5932	125
5933	124
5934	125
5935	102
5936	125
5937	121
5938	117
5939	114
5940	123
5941	115
5942	91
5943	112
5944	98
5945	101
5946	117
5947	142
5948	108
5949	116
5950	109
5951	100
5952	106
5953	118
5954	88
5955	101
5956	81
5957	103
5958	112
5959	124
5960	134
5961	135
5962	119
5963	114
5964	116
5965	134
5966	160
5967	118
5968	102
5969	111
5970	102
5971	101
5972	108
5973	108
5974	108
5975	146
5976	123
5977	128
5978	123
5979	100
5980	115
5981	118
5982	84
5983	107
5984	112
5985	106
5986	97
5987	115
5988	145
5989	149
5990	144
5991	133
5992	110
5993	131
5994	109
5995	140
5996	120
5997	107
5998	124
5999	98
6000	93
6001	83
6002	81
6003	98
6004	102
6005	91
6006	113
6007	80
6008	118
6009	102
6010	71
6011	99
6012	82
6013	73
6014	112
6015	83
6016	92
6017	104
6018	102
6019	132
6020	125
6021	105
6022	124
6023	111
6024	103
6025	82
6026	80
6027	121
6028	97
6029	102
6030	107
6031	114
6032	91
6033	89
6034	89
6035	106
6036	131
6037	100
6038	114
6039	121
6040	87
6041	82
6042	73
6043	55
6044	107
6045	67
6046	89
6047	117
6048	87
6049	94
6050	115
6051	96
6052	93
6053	94
6054	74
6055	76
6056	74
6057	88
6058	116
6059	101
6060	74
6061	69
6062	67
6063	64
6064	93
6065	60
6066	100
6067	100
6068	86
6069	120
6070	123
6071	112
6072	127
6073	98
6074	114
6075	92
6076	117
6077	92
6078	61
6079	77
6080	67
6081	92
6082	108
6083	80
6084	106
6085	115
6086	105
6087	124
6088	81
6089	76
6090	119
6091	101
6092	92
6093	115
6094	91
6095	79
6096	71
6097	65
6098	80
6099	69
6100	76
6101	81
6102	91
6103	91
6104	71
6105	102
6106	74
6107	115
6108	100
6109	101
6110	82
6111	102
6112	81
6113	112
6114	83
6115	101
6116	109
6117	103
6118	95
6119	87
6120	103
6121	69
6122	80
6123	85
6124	83
6125	114
6126	86
6127	96
6128	72
6129	82
6130	63
6131	93
6132	98
6133	94
6134	85
6135	74
6136	83
6137	102
6138	118
6139	83
6140	95
6141	111
6142	101
6143	98
6144	94
6145	90
6146	70
6147	105
6148	78
6149	102
6150	95
6151	113
6152	116
6153	92
6154	87
6155	51
6156	87
6157	80
6158	80
6159	101
6160	92
6161	136
6162	90
6163	106
6164	78
6165	81
6166	83
6167	100
6168	76
6169	81
6170	73
6171	104
6172	98
6173	84
6174	104
6175	74
6176	73
6177	89
6178	103
6179	102
6180	121
6181	111
6182	94
6183	91
6184	78
6185	76
6186	91
6187	82
6188	81
6189	91
6190	60
6191	62
6192	89
6193	79
6194	87
6195	101
6196	102
6197	106
6198	85
6199	87
6200	67
6201	102
6202	103
6203	122
6204	81
6205	59
6206	62
6207	79
6208	82
6209	66
6210	84
6211	75
6212	51
6213	87
6214	78
6215	107
6216	74
6217	76
6218	72
6219	90
6220	126
6221	93
6222	97
6223	84
6224	69
6225	65
6226	56
6227	76
6228	79
6229	129
6230	117
6231	109
6232	92
6233	57
6234	78
6235	88
6236	69
6237	92
6238	103
6239	111
6240	120
6241	101
6242	95
6243	87
6244	105
6245	103
6246	88
6247	109
6248	110
6249	95
6250	91
6251	84
6252	97
6253	65
6254	133
6255	92
6256	125
6257	92
6258	110
6259	96
6260	109
6261	114
6262	100
6263	82
6264	95
6265	130
6266	87
6267	102
6268	101
6269	104
6270	118
6271	113
6272	124
6273	121
6274	131
6275	96
6276	127
6277	121
6278	105
6279	93
6280	116
6281	127
6282	90
6283	125
6284	114
6285	114
6286	117
6287	135
6288	113
6289	94
6290	139
6291	129
6292	130
6293	113
6294	101
6295	88
6296	101
6297	115
6298	102
6299	113
6300	117
6301	96
6302	85
6303	116
6304	109
6305	95
6306	86
6307	98
6308	88
6309	121
6310	105
6311	86
6312	93
6313	91
6314	108
6315	110
6316	90
6317	93
6318	104
6319	104
6320	87
6321	112
6322	85
6323	83
6324	89
6325	78
6326	82
6327	85
6328	94
6329	80
6330	75
6331	120
6332	119
6333	63
6334	71
6335	96
6336	93
6337	72
6338	51
6339	52
6340	92
6341	67
6342	82
6343	75
6344	80
6345	115
6346	68
6347	80
6348	60
6349	105
6350	105
6351	95
6352	102
6353	112
6354	86
6355	91
6356	86
6357	95
6358	99
6359	82
6360	87
6361	96
6362	89
6363	117
6364	96
6365	60
6366	58
6367	78
6368	72
6369	67
6370	73
6371	69
6372	74
6373	66
6374	84
6375	66
6376	84
6377	61
6378	107
6379	70
6380	94
6381	84
6382	132
6383	97
6384	93
6385	94
6386	89
6387	94
6388	86
6389	83
6390	83
6391	73
6392	77
6393	93
6394	73
6395	51
6396	67
6397	50
6398	60
6399	73
6400	56
6401	63
6402	62
6403	99
6404	63
6405	65
6406	86
6407	96
6408	77
6409	56
6410	73
6411	81
6412	73
6413	89
6414	89
6415	78
6416	84
6417	84
6418	85
6419	69
6420	97
6421	80
6422	67
6423	70
6424	78
6425	54
6426	84
6427	72
6428	92
6429	64
6430	91
6431	52
6432	80
6433	76
6434	82
6435	97
6436	75
6437	120
6438	73
6439	82
6440	101
6441	78
6442	77
6443	86
6444	106
6445	81
6446	74
6447	66
6448	52
6449	53
6450	56
6451	55
6452	78
6453	70
6454	75
6455	68
6456	78
6457	63
6458	85
6459	79
6460	71
6461	89
6462	78
6463	96
6464	77
6465	109
6466	75
6467	90
6468	62
6469	78
6470	111
6471	122
6472	60
6473	108
6474	81
6475	91
6476	99
6477	55
6478	78
6479	96
6480	79
6481	107
6482	75
6483	98
6484	113
6485	66
6486	101
6487	68
6488	81
6489	69
6490	82
6491	80
6492	83
6493	83
6494	53
6495	71
6496	58
6497	126
6498	70
6499	78
6500	105
6501	82
6502	88
6503	82
6504	73
6505	79
6506	88
6507	83
6508	77
6509	81
6510	69
6511	86
6512	87
6513	124
6514	102
6515	89
6516	102
6517	85
6518	64
6519	123
6520	107
6521	111
6522	92
6523	112
6524	76
6525	114
6526	85
6527	83
6528	89
6529	95
6530	107
6531	104
6532	74
6533	110
6534	63
6535	74
6536	62
6537	61
6538	97
6539	63
6540	85
6541	83
6542	114
6543	95
6544	73
6545	92
6546	61
6547	84
6548	98
6549	103
6550	84
6551	101
6552	116
6553	95
6554	109
6555	73
6556	72
6557	91
6558	60
6559	67
6560	97
6561	77
6562	83
6563	97
6564	128
6565	95
6566	96
6567	88
6568	88
6569	90
6570	85
6571	85
6572	88
6573	85
6574	113
6575	70
6576	98
6577	126
6578	80
6579	75
6580	66
6581	74
6582	53
6583	81
6584	67
6585	72
6586	60
6587	43
6588	68
6589	89
6590	99
6591	106
6592	119
6593	95
6594	87
6595	108
6596	73
6597	72
6598	77
6599	92
6600	96
6601	89
6602	89
6603	99
6604	97
6605	97
6606	96
6607	74
6608	70
6609	102
6610	74
6611	79
6612	55
6613	90
6614	72
6615	53
6616	66
6617	86
6618	118
6619	86
6620	58
6621	50
6622	80
6623	78
6624	59
6625	66
6626	76
6627	67
6628	52
6629	67
6630	71
6631	57
6632	77
6633	91
6634	85
6635	68
6636	48
6637	85
6638	65
6639	60
6640	54
6641	97
6642	71
6643	82
6644	92
6645	86
6646	61
6647	79
6648	71
6649	78
6650	98
6651	61
6652	92
6653	77
6654	73
6655	64
6656	87
6657	59
6658	44
6659	52
6660	37
6661	35
6662	73
6663	56
6664	71
6665	81
6666	74
6667	81
6668	133
6669	82
6670	88
6671	91
6672	103
6673	96
6674	65
6675	55
6676	80
6677	51
6678	62
6679	96
6680	82
6681	84
6682	80
6683	81
6684	102
6685	83
6686	87
6687	108
6688	107
6689	67
6690	66
6691	79
6692	84
6693	95
6694	89
6695	66
6696	81
6697	60
6698	74
6699	68
6700	40
6701	72
6702	79
6703	74
6704	56
6705	46
6706	66
6707	98
6708	81
6709	86
6710	80
6711	85
6712	56
6713	64
6714	67
6715	100
6716	97
6717	110
6718	117
6719	125
6720	78
6721	83
6722	103
6723	62
6724	91
6725	109
6726	71
6727	92
6728	95
6729	92
6730	80
6731	75
6732	64
6733	76
6734	70
6735	81
6736	77
6737	90
6738	111
6739	88
6740	72
6741	66
6742	53
6743	76
6744	70
6745	88
6746	75
6747	87
6748	74
6749	68
6750	100
6751	90
6752	63
6753	84
6754	62
6755	86
6756	55
6757	43
6758	59
6759	71
6760	72
6761	65
6762	75
6763	104
6764	73
6765	57
6766	102
6767	97
6768	106
6769	94
6770	83
6771	81
6772	64
6773	74
6774	73
6775	109
6776	116
6777	109
6778	96
6779	70
6780	76
6781	119
6782	97
6783	63
6784	61
6785	87
6786	68
6787	86
6788	82
6789	105
6790	70
6791	64
6792	106
6793	90
6794	88
6795	115
6796	97
6797	73
6798	97
6799	67
6800	80
6801	95
6802	87
6803	88
6804	91
6805	93
6806	67
6807	88
6808	85
6809	61
6810	96
6811	89
6812	74
6813	93
6814	93
6815	76
6816	78
6817	65
6818	30
6819	68
6820	92
6821	75
6822	88
6823	103
6824	77
6825	102
6826	102
6827	88
6828	83
6829	88
6830	79
6831	100
6832	66
6833	77
6834	85
6835	90
6836	89
6837	54
6838	81
6839	88
6840	73
6841	74
6842	76
6843	75
6844	77
6845	77
6846	84
6847	82
6848	108
6849	98
6850	104
6851	94
6852	78
6853	62
6854	74
6855	82
6856	98
6857	70
6858	72
6859	87
6860	64
6861	68
6862	93
6863	60
6864	92
6865	85
6866	63
6867	88
6868	87
6869	67
6870	74
6871	60
6872	72
6873	59
6874	57
6875	54
6876	52
6877	67
6878	98
6879	103
6880	82
6881	76
6882	81
6883	63
6884	87
6885	82
6886	81
6887	96
6888	120
6889	91
6890	104
6891	101
6892	88
6893	87
6894	76
6895	86
6896	76
6897	76
6898	110
6899	90
6900	82
6901	65
6902	86
6903	94
6904	74
6905	69
6906	64
6907	45
6908	60
6909	66
6910	80
6911	86
6912	84
6913	85
6914	68
6915	68
6916	86
6917	84
6918	116
6919	100
6920	87
6921	128
6922	81
6923	95
6924	117
6925	113
6926	70
6927	66
6928	103
6929	85
6930	116
6931	86
6932	89
6933	75
6934	73
6935	72
6936	83
6937	97
6938	92
6939	80
6940	75
6941	81
6942	77
6943	114
6944	106
6945	72
6946	94
6947	121
6948	111
6949	87
6950	99
6951	110
6952	98
6953	79
6954	74
6955	70
6956	97
6957	58
6958	71
6959	86
6960	78
6961	88
6962	101
6963	95
6964	73
6965	75
6966	98
6967	92
6968	77
6969	93
6970	107
6971	88
6972	86
6973	89
6974	71
6975	86
6976	96
6977	94
6978	96
6979	87
6980	119
6981	115
6982	92
6983	93
6984	114
6985	79
6986	96
6987	85
6988	73
6989	68
6990	57
6991	65
6992	61
6993	100
6994	88
6995	91
6996	78
6997	111
6998	91
6999	72
7000	99
7001	129
7002	98
7003	95
7004	83
7005	93
7006	89
7007	100
7008	56
7009	47
7010	55
7011	43
7012	81
7013	63
7014	90
7015	69
7016	74
7017	51
7018	107
7019	85
7020	92
7021	101
7022	102
7023	107
7024	93
7025	73
7026	87
7027	76
7028	71
7029	56
7030	89
7031	70
7032	70
7033	61
7034	85
7035	79
7036	99
7037	78
7038	76
7039	87
7040	71
7041	68
7042	66
7043	75
7044	71
7045	57
7046	98
7047	101
7048	73
7049	41
7050	88
7051	70
7052	81
7053	81
7054	84
7055	106
7056	72
7057	65
7058	101
7059	102
7060	80
7061	94
7062	97
7063	91
7064	87
7065	84
7066	70
7067	67
7068	90
7069	89
7070	97
7071	108
7072	75
7073	88
7074	104
7075	81
7076	94
7077	83
7078	88
7079	74
7080	76
7081	85
7082	70
7083	81
7084	65
7085	80
7086	108
7087	78
7088	69
7089	72
7090	72
7091	90
7092	103
7093	94
7094	86
7095	104
7096	88
7097	79
7098	92
7099	82
7100	119
7101	110
7102	76
7103	95
7104	73
7105	62
7106	59
7107	98
7108	50
7109	95
7110	67
7111	91
7112	72
7113	59
7114	69
7115	66
7116	72
7117	73
7118	75
7119	80
7120	84
7121	94
7122	70
7123	91
7124	88
7125	98
7126	86
7127	92
7128	71
7129	66
7130	64
7131	66
7132	71
7133	91
7134	99
7135	78
7136	90
7137	103
7138	83
7139	71
7140	75
7141	60
7142	40
7143	65
7144	78
7145	102
7146	80
7147	78
7148	76
7149	38
7150	56
7151	86
7152	76
7153	61
7154	75
7155	76
7156	67
7157	83
7158	94
7159	82
7160	103
7161	87
7162	97
7163	84
7164	105
7165	71
7166	70
7167	96
7168	99
7169	92
7170	113
7171	73
7172	77
7173	85
7174	65
7175	75
7176	68
7177	72
7178	72
7179	63
7180	67
7181	75
7182	67
7183	79
7184	68
7185	75
7186	59
7187	72
7188	76
7189	82
7190	86
7191	80
7192	85
7193	78
7194	91
7195	78
7196	108
7197	90
7198	78
7199	81
7200	84
7201	86
7202	100
7203	108
7204	121
7205	86
7206	78
7207	65
7208	60
7209	79
7210	93
7211	54
7212	58
7213	71
7214	57
7215	83
7216	88
7217	79
7218	68
7219	93
7220	110
7221	92
7222	100
7223	91
7224	78
7225	92
7226	70
7227	95
7228	107
7229	84
7230	85
7231	95
7232	95
7233	89
7234	94
7235	139
7236	93
7237	67
7238	84
7239	91
7240	85
7241	74
7242	66
7243	74
7244	89
7245	100
7246	117
7247	75
7248	71
7249	69
7250	64
7251	89
7252	64
7253	56
7254	63
7255	69
7256	80
7257	66
7258	60
7259	86
7260	69
7261	67
7262	100
7263	84
7264	99
7265	74
7266	95
7267	74
7268	81
7269	65
7270	77
7271	86
7272	95
7273	113
7274	87
7275	76
7276	90
7277	74
7278	93
7279	80
7280	77
7281	71
7282	84
7283	82
7284	82
7285	66
7286	70
7287	46
7288	73
7289	85
7290	85
7291	75
7292	89
7293	91
7294	78
7295	94
7296	58
7297	60
7298	48
7299	43
7300	60
7301	90
7302	95
7303	62
7304	78
7305	98
7306	104
7307	91
7308	85
7309	106
7310	89
7311	84
7312	92
7313	89
7314	90
7315	55
7316	77
7317	98
7318	114
7319	118
7320	123
7321	82
7322	102
7323	92
7324	105
7325	83
7326	62
7327	87
7328	89
7329	91
7330	57
7331	50
7332	95
7333	66
7334	80
7335	83
7336	96
7337	116
7338	101
7339	79
7340	100
7341	108
7342	64
7343	62
7344	77
7345	69
7346	82
7347	89
7348	81
7349	60
7350	76
7351	50
7352	51
7353	66
7354	65
7355	78
7356	43
7357	88
7358	56
7359	52
7360	66
7361	61
7362	50
7363	67
7364	92
7365	61
7366	66
7367	54
7368	47
7369	68
7370	61
7371	69
7372	56
7373	74
7374	57
7375	42
7376	58
7377	64
7378	74
7379	61
7380	82
7381	28
7382	68
7383	51
7384	55
7385	60
7386	56
7387	70
7388	76
7389	101
7390	52
7391	81
7392	64
7393	55
7394	60
7395	38
7396	31
7397	53
7398	58
7399	58
7400	59
7401	73
7402	80
7403	73
7404	52
7405	84
7406	61
7407	73
7408	106
7409	63
7410	78
7411	69
7412	67
7413	63
7414	50
7415	31
7416	55
7417	44
7418	51
7419	40
7420	56
7421	69
7422	80
7423	76
7424	80
7425	99
7426	56
7427	64
7428	65
7429	82
7430	86
7431	65
7432	58
7433	67
7434	80
7435	82
7436	101
7437	96
7438	123
7439	109
7440	66
7441	39
7442	72
7443	81
7444	61
7445	64
7446	59
7447	61
7448	54
7449	66
7450	84
7451	47
7452	47
7453	57
7454	54
7455	69
7456	46
7457	51
7458	78
7459	85
7460	78
7461	64
7462	51
7463	72
7464	65
7465	94
7466	70
7467	65
7468	51
7469	75
7470	99
7471	73
7472	101
7473	84
7474	100
7475	64
7476	63
7477	61
7478	55
7479	58
7480	49
7481	75
7482	63
7483	56
7484	59
7485	67
7486	56
7487	38
7488	79
7489	63
7490	81
7491	103
7492	63
7493	77
7494	68
7495	69
7496	78
7497	57
7498	76
7499	44
7500	63
7501	67
7502	71
7503	78
7504	56
7505	54
7506	58
7507	75
7508	63
7509	86
7510	84
7511	99
7512	62
7513	92
7514	94
7515	91
7516	50
7517	88
7518	55
7519	49
7520	57
7521	75
7522	61
7523	40
7524	67
7525	52
7526	61
7527	76
7528	57
7529	75
7530	83
7531	98
7532	87
7533	65
7534	63
7535	35
7536	71
7537	56
7538	48
7539	64
7540	79
7541	62
7542	54
7543	71
7544	58
7545	73
7546	72
7547	84
7548	56
7549	49
7550	56
7551	95
7552	78
7553	62
7554	64
7555	77
7556	82
7557	98
7558	73
7559	72
7560	79
7561	78
7562	79
7563	66
7564	71
7565	72
7566	77
7567	53
7568	87
7569	69
7570	70
7571	67
7572	40
7573	52
7574	75
7575	54
7576	59
7577	63
7578	52
7579	42
7580	74
7581	56
7582	34
7583	77
7584	72
7585	71
7586	74
7587	64
7588	76
7589	84
7590	63
7591	77
7592	99
7593	96
7594	88
7595	86
7596	85
7597	77
7598	71
7599	52
7600	52
7601	31
7602	68
7603	87
7604	71
7605	44
7606	45
7607	61
7608	56
7609	62
7610	60
7611	71
7612	47
7613	45
7614	67
7615	62
7616	59
7617	86
7618	69
7619	74
7620	70
7621	96
7622	75
7623	91
7624	69
7625	80
7626	41
7627	47
7628	47
7629	57
7630	49
7631	67
7632	67
7633	58
7634	74
7635	42
7636	83
7637	57
7638	48
7639	58
7640	74
7641	81
7642	77
7643	52
7644	71
7645	67
7646	67
7647	58
7648	68
7649	56
7650	56
7651	47
7652	37
7653	46
7654	77
7655	54
7656	56
7657	45
7658	53
7659	41
7660	53
7661	89
7662	52
7663	68
7664	36
7665	50
7666	61
7667	52
7668	37
7669	81
7670	56
7671	42
7672	77
7673	44
7674	37
7675	31
7676	43
7677	62
7678	64
7679	63
7680	59
7681	54
7682	81
7683	79
7684	55
7685	29
7686	37
7687	47
7688	68
7689	77
7690	81
7691	63
7692	56
7693	67
7694	62
7695	35
7696	65
7697	58
7698	60
7699	75
7700	51
7701	56
7702	55
7703	56
7704	60
7705	71
7706	58
7707	39
7708	89
7709	63
7710	92
7711	66
7712	69
7713	86
7714	62
7715	54
7716	68
7717	56
7718	53
7719	59
7720	43
7721	34
7722	60
7723	66
7724	82
7725	101
7726	53
7727	45
7728	70
7729	40
7730	66
7731	76
7732	81
7733	49
7734	60
7735	49
7736	33
7737	37
7738	43
7739	50
7740	49
7741	47
7742	39
7743	62
7744	60
7745	68
7746	71
7747	92
7748	99
7749	69
7750	68
7751	43
7752	63
7753	66
7754	56
7755	60
7756	43
7757	50
7758	50
7759	49
7760	60
7761	68
7762	46
7763	45
7764	40
7765	41
7766	59
7767	59
7768	49
7769	83
7770	70
7771	48
7772	50
7773	61
7774	54
7775	53
7776	30
7777	36
7778	50
7779	74
7780	73
7781	54
7782	47
7783	35
7784	34
7785	41
7786	42
7787	51
7788	54
7789	45
7790	45
7791	54
7792	56
7793	62
7794	71
7795	67
7796	59
7797	80
7798	70
7799	86
7800	67
7801	77
7802	75
7803	94
7804	80
7805	68
7806	63
7807	72
7808	71
7809	76
7810	73
7811	66
7812	64
7813	78
7814	59
7815	94
7816	84
7817	76
7818	63
7819	43
7820	69
7821	81
7822	40
7823	56
7824	36
7825	54
7826	58
7827	59
7828	46
7829	59
7830	51
7831	56
7832	52
7833	45
7834	62
7835	66
7836	36
7837	24
7838	40
7839	55
7840	55
7841	46
7842	57
7843	68
7844	62
7845	62
7846	77
7847	57
7848	62
7849	80
7850	73
7851	62
7852	59
7853	43
7854	48
7855	56
7856	63
7857	60
7858	54
7859	75
7860	72
7861	81
7862	75
7863	92
7864	64
7865	65
7866	85
7867	87
7868	53
7869	70
7870	82
7871	60
7872	55
7873	70
7874	53
7875	49
7876	55
7877	58
7878	55
7879	59
7880	84
7881	68
7882	90
7883	101
7884	99
7885	97
7886	74
7887	92
7888	84
7889	97
7890	95
7891	112
7892	63
7893	90
7894	128
7895	90
7896	105
7897	128
7898	96
7899	90
7900	90
7901	64
7902	103
7903	97
7904	84
7905	110
7906	111
7907	123
7908	103
7909	113
7910	92
7911	94
7912	75
7913	66
7914	86
7915	59
7916	57
7917	61
7918	81
7919	82
7920	60
7921	81
7922	74
7923	78
7924	81
7925	86
7926	38
7927	36
7928	47
7929	46
7930	59
7931	82
7932	61
7933	67
7934	85
7935	78
7936	77
7937	64
7938	69
7939	76
7940	85
7941	75
7942	72
7943	63
7944	77
7945	66
7946	66
7947	69
7948	73
7949	79
7950	71
7951	93
7952	67
7953	67
7954	74
7955	88
7956	61
7957	58
7958	59
7959	41
7960	78
7961	51
7962	104
7963	98
7964	115
7965	89
7966	126
7967	121
7968	110
7969	76
7970	72
7971	95
7972	77
7973	71
7974	59
7975	51
7976	68
7977	74
7978	73
7979	94
7980	38
7981	54
7982	49
7983	47
7984	33
7985	48
7986	73
7987	44
7988	93
7989	105
7990	80
7991	60
7992	72
7993	57
7994	43
7995	79
7996	72
7997	82
7998	95
7999	74
8000	599822
