17	1
18	3
20	3
21	1
22	2
23	1
24	1
26	2
27	2
28	6
29	2
30	4
31	6
32	5
33	9
34	8
35	6
36	5
37	5
38	8
39	7
40	8
41	13
42	21
43	11
44	10
45	27
46	22
47	22
48	23
49	28
50	41
51	36
52	26
53	40
54	35
55	23
56	29
57	32
58	36
59	36
60	35
61	36
62	27
63	39
64	52
65	52
66	53
67	50
68	62
69	64
70	38
71	62
72	72
73	60
74	70
75	78
76	63
77	72
78	105
79	85
80	80
81	85
82	83
83	99
84	106
85	94
86	108
87	117
88	159
89	127
90	179
91	170
92	180
93	182
94	171
95	210
96	199
97	240
98	237
99	207
100	212
101	237
102	271
103	261
104	270
105	290
106	328
107	346
108	322
109	343
110	364
111	407
112	428
113	488
114	474
115	493
116	452
117	493
118	484
119	540
120	528
121	563
122	526
123	565
124	625
125	670
126	676
127	627
128	724
129	682
130	734
131	694
132	747
133	824
134	852
135	852
136	818
137	916
138	919
139	964
140	1112
141	1183
142	1265
143	1503
144	2108
145	2811
146	3826
147	9050
148	9036
149	15512
150	14766
