17	1
18	3
20	3
21	1
22	2
23	1
24	1
26	2
27	2
28	6
29	2
30	4
31	6
32	5
33	9
34	8
35	6
36	5
37	5
38	8
39	8
40	9
41	13
42	21
43	12
44	10
45	27
46	24
47	23
48	26
49	34
50	54
51	56
52	33
53	47
54	37
55	26
56	30
57	37
58	48
59	46
60	40
61	37
62	28
63	43
64	54
65	57
66	59
67	53
68	71
69	69
70	40
71	71
72	78
73	76
74	86
75	93
76	73
77	79
78	117
79	95
80	91
81	99
82	100
83	105
84	120
85	117
86	127
87	137
88	185
89	158
90	205
91	203
92	219
93	209
94	211
95	252
96	241
97	278
98	299
99	249
100	271
101	304
102	347
103	330
104	349
105	376
106	429
107	491
108	446
109	487
110	514
111	551
112	586
113	673
114	641
115	664
116	633
117	714
118	708
119	731
120	730
121	783
122	756
123	801
124	862
125	938
126	1007
127	917
128	1014
129	1000
130	996
131	1011
132	1172
133	1211
134	1329
135	1248
136	1219
137	1375
138	1446
139	1483
140	1726
141	1897
142	2117
143	2643
144	4134
145	5560
146	8889
147	22132
148	23871
149	65186
150	62507
