0	0
1	0
2	0
3	0
4	0
5	0
6	0
7	0
8	0
9	0
10	0
11	0
12	1
13	0
14	0
15	1
16	1
17	4
18	2
19	1
20	0
21	0
22	2
23	3
24	2
25	1
26	2
27	2
28	0
29	1
30	5
31	6
32	7
33	5
34	10
35	3
36	8
37	9
38	7
39	7
40	6
41	7
42	5
43	6
44	6
45	4
46	8
47	17
48	5
49	4
50	9
51	8
52	4
53	7
54	7
55	6
56	7
57	8
58	9
59	5
60	14
61	4
62	7
63	8
64	7
65	11
66	6
67	9
68	4
69	7
70	9
71	8
72	12
73	10
74	15
75	15
76	8
77	13
78	12
79	14
80	7
81	12
82	13
83	29
84	16
85	23
86	18
87	25
88	19
89	20
90	23
91	22
92	40
93	21
94	23
95	31
96	30
97	33
98	37
99	34
100	36
101	39
102	34
103	41
104	47
105	34
106	39
107	37
108	39
109	52
110	49
111	42
112	50
113	41
114	43
115	54
116	53
117	67
118	72
119	59
120	54
121	61
122	73
123	71
124	74
125	77
126	90
127	84
128	83
129	62
130	93
131	85
132	66
133	103
134	82
135	82
136	112
137	130
138	112
139	103
140	109
141	81
142	90
143	125
144	108
145	86
146	72
147	99
148	72
149	87
150	80
151	81
152	89
153	95
154	89
155	91
156	78
157	82
158	100
159	87
160	104
161	85
162	105
163	112
164	98
165	81
166	113
167	108
168	82
169	119
170	109
171	107
172	112
173	123
174	138
175	113
176	91
177	126
178	123
179	142
180	164
181	130
182	110
183	114
184	111
185	130
186	141
187	100
188	115
189	168
190	123
191	106
192	96
193	118
194	139
195	131
196	124
197	147
198	140
199	122
200	135
201	120
202	139
203	127
204	120
205	106
206	102
207	105
208	145
209	130
210	148
211	103
212	123
213	142
214	117
215	129
216	123
217	145
218	108
219	118
220	154
221	121
222	115
223	123
224	128
225	114
226	143
227	137
228	152
229	121
230	121
231	141
232	108
233	142
234	140
235	141
236	129
237	122
238	96
239	120
240	128
241	129
242	146
243	120
244	119
245	126
246	112
247	110
248	165
249	127
250	160
251	159
252	132
253	167
254	132
255	124
256	143
257	133
258	115
259	142
260	108
261	137
262	114
263	130
264	120
265	156
266	124
267	141
268	128
269	123
270	134
271	152
272	126
273	152
274	136
275	130
276	122
277	136
278	120
279	117
280	127
281	110
282	164
283	121
284	134
285	119
286	145
287	145
288	161
289	143
290	137
291	110
292	102
293	141
294	164
295	132
296	116
297	113
298	121
299	142
300	132
301	187
302	138
303	142
304	112
305	127
306	149
307	126
308	128
309	149
310	133
311	111
312	131
313	111
314	109
315	85
316	106
317	130
318	138
319	138
320	119
321	113
322	130
323	112
324	131
325	116
326	95
327	138
328	90
329	125
330	124
331	90
332	147
333	101
334	120
335	121
336	125
337	119
338	106
339	139
340	125
341	117
342	113
343	109
344	116
345	115
346	73
347	82
348	103
349	104
350	100
351	100
352	105
353	117
354	103
355	103
356	90
357	111
358	137
359	108
360	107
361	93
362	95
363	116
364	119
365	122
366	120
367	121
368	103
369	84
370	112
371	113
372	85
373	83
374	101
375	89
376	107
377	100
378	108
379	116
380	79
381	129
382	105
383	104
384	113
385	125
386	117
387	84
388	97
389	102
390	96
391	101
392	85
393	92
394	96
395	103
396	87
397	118
398	79
399	108
400	100
401	113
402	107
403	113
404	85
405	106
406	88
407	82
408	88
409	88
410	101
411	89
412	102
413	91
414	127
415	89
416	84
417	87
418	76
419	84
420	77
421	86
422	74
423	89
424	68
425	78
426	100
427	76
428	74
429	73
430	79
431	78
432	68
433	72
434	77
435	71
436	56
437	81
438	70
439	65
440	75
441	76
442	69
443	64
444	51
445	66
446	75
447	80
448	82
449	57
450	72
451	61
452	67
453	57
454	86
455	57
456	48
457	48
458	67
459	31
460	53
461	44
462	56
463	63
464	42
465	45
466	74
467	57
468	47
469	38
470	47
471	50
472	46
473	46
474	60
475	57
476	37
477	36
478	27
479	53
480	41
481	50
482	34
483	40
484	42
485	29
486	42
487	41
488	48
489	53
490	35
491	30
492	38
493	36
494	36
495	28
496	24
497	51
498	27
499	37
500	30
501	27
502	30
503	18
504	44
505	24
506	22
507	42
508	52
509	37
510	26
511	18
512	24
513	19
514	24
515	27
516	35
517	27
518	40
519	29
520	26
521	38
522	27
523	33
524	29
525	35
526	29
527	14
528	33
529	27
530	27
531	16
532	15
533	19
534	38
535	26
536	18
537	28
538	16
539	34
540	32
541	14
542	15
543	9
544	25
545	16
546	9
547	9
548	25
549	14
550	27
551	13
552	13
553	10
554	11
555	16
556	12
557	13
558	13
559	20
560	20
561	18
562	26
563	20
564	18
565	14
566	15
567	30
568	27
