0	0
1	0
2	0
3	0
4	0
5	0
6	0
7	0
8	0
9	0
10	0
11	0
12	1
13	0
14	0
15	1
16	1
17	4
18	2
19	1
20	0
21	0
22	2
23	3
24	2
25	1
26	2
27	2
28	0
29	1
30	5
31	6
32	7
33	5
34	11
35	3
36	8
37	10
38	7
39	9
40	6
41	7
42	8
43	7
44	14
45	4
46	10
47	160
48	6
49	5
50	13
51	8
52	6
53	8
54	7
55	6
56	7
57	9
58	10
59	5
60	15
61	4
62	7
63	9
64	8
65	11
66	6
67	9
68	4
69	7
70	12
71	12
72	13
73	14
74	18
75	15
76	8
77	17
78	12
79	14
80	8
81	17
82	16
83	33
84	16
85	26
86	20
87	34
88	26
89	22
90	25
91	23
92	51
93	21
94	26
95	35
96	34
97	37
98	50
99	43
100	47
101	44
102	42
103	48
104	54
105	52
106	49
107	49
108	49
109	73
110	74
111	58
112	83
113	61
114	53
115	80
116	75
117	100
118	95
119	73
120	84
121	96
122	111
123	90
124	138
125	102
126	136
127	124
128	136
129	84
130	119
131	130
132	100
133	155
134	142
135	178
136	214
137	211
138	204
139	203
140	194
141	130
142	154
143	234
144	189
145	166
146	189
147	183
148	153
149	196
150	167
151	183
152	210
153	171
154	194
155	272
156	152
157	236
158	233
159	188
160	241
161	199
162	243
163	285
164	230
165	141
166	289
167	286
168	235
169	385
170	254
171	264
172	312
173	317
174	371
175	334
176	242
177	351
178	351
179	366
180	481
181	287
182	289
183	296
184	319
185	416
186	430
187	260
188	352
189	491
190	381
191	315
192	285
193	341
194	424
195	460
196	347
197	353
198	351
199	331
200	368
201	343
202	431
203	473
204	366
205	334
206	298
207	296
208	595
209	413
210	513
211	338
212	437
213	445
214	399
215	451
216	457
217	555
218	359
219	439
220	447
221	446
222	343
223	481
224	461
225	445
226	498
227	485
228	441
229	393
230	371
231	465
232	322
233	498
234	555
235	462
236	454
237	415
238	320
239	457
240	476
241	456
242	562
243	383
244	379
245	445
246	447
247	357
248	587
249	396
250	550
251	628
252	490
253	623
254	426
255	376
256	486
257	449
258	410
259	459
260	306
261	596
262	387
263	441
264	337
265	652
266	467
267	442
268	512
269	421
270	421
271	468
272	463
273	525
274	337
275	363
276	430
277	402
278	420
279	393
280	341
281	306
282	509
283	388
284	403
285	432
286	477
287	519
288	588
289	509
290	535
291	348
292	330
293	378
294	564
295	384
296	329
297	414
298	386
299	456
300	384
301	654
302	439
303	491
304	347
305	405
306	466
307	443
308	322
309	454
310	454
311	427
312	434
313	365
314	405
315	235
316	266
317	360
318	501
319	420
320	343
321	337
322	355
323	282
324	443
325	376
326	256
327	470
328	250
329	429
330	408
331	194
332	495
333	275
334	374
335	436
336	341
337	315
338	420
339	500
340	474
341	356
342	383
343	297
344	269
345	410
346	182
347	208
348	289
349	300
350	280
351	289
352	234
353	378
354	315
355	264
356	293
357	344
358	386
359	334
360	331
361	238
362	282
363	305
364	328
365	397
366	280
367	330
368	294
369	241
370	267
371	310
372	178
373	242
374	254
375	231
376	282
377	293
378	250
379	310
380	208
381	283
382	249
383	245
384	294
385	385
386	318
387	197
388	182
389	304
390	252
391	288
392	256
393	243
394	252
395	268
396	183
397	268
398	196
399	259
400	231
401	298
402	356
403	259
404	210
405	338
406	228
407	184
408	202
409	203
410	288
411	221
412	267
413	183
414	327
415	258
416	225
417	227
418	184
419	206
420	145
421	187
422	178
423	210
424	161
425	142
426	251
427	206
428	177
429	235
430	209
431	190
432	180
433	150
434	195
435	203
436	140
437	198
438	157
439	154
440	158
441	159
442	153
443	110
444	122
445	119
446	165
447	171
448	163
449	133
450	205
451	142
452	127
453	101
454	159
455	115
456	114
457	98
458	175
459	56
460	106
461	112
462	157
463	119
464	73
465	100
466	159
467	114
468	97
469	82
470	98
471	90
472	73
473	114
474	153
475	134
476	78
477	86
478	37
479	113
480	70
481	112
482	92
483	90
484	89
485	44
486	65
487	63
488	101
489	101
490	78
491	64
492	78
493	76
494	61
495	45
496	31
497	123
498	59
499	127
500	57
501	51
502	53
503	32
504	93
505	34
506	57
507	62
508	90
509	85
510	44
511	32
512	33
513	33
514	37
515	32
516	63
517	50
518	94
519	71
520	53
521	73
522	40
523	59
524	63
525	52
526	52
527	18
528	68
529	89
530	46
531	32
532	16
533	32
534	87
535	65
536	31
537	59
538	38
539	47
540	62
541	15
542	25
543	13
544	49
545	31
546	14
547	17
548	36
549	16
550	47
551	19
552	23
553	12
554	20
555	24
556	16
557	17
558	18
559	35
560	28
561	20
562	40
