16	31
17	36
18	33
19	25
20	18
21	13
22	18
23	19
24	23
25	28
26	26
27	32
28	41
29	52
30	78
31	84
32	92
33	95
34	90
35	78
36	88
37	108
38	140
39	154
40	133
41	145
42	222
43	204
44	216
45	210
46	259
47	275
48	278
49	277
50	387
51	654
52	306
53	252
54	211
55	231
56	269
57	270
58	319
59	300
60	284
61	285
62	254
63	306
64	286
65	293
66	335
67	338
68	351
69	363
70	361
71	331
72	388
73	434
74	411
75	420
76	473
77	455
78	485
79	467
80	481
81	496
82	514
83	556
84	584
85	540
86	588
87	626
88	704
89	617
90	750
91	761
92	766
93	760
94	795
95	821
96	804
97	798
98	876
99	907
100	911
101	946
102	975
103	997
104	980
105	1088
106	1074
107	986
108	1087
109	1149
110	1127
111	1217
112	1182
113	1202
114	1275
115	1243
116	1342
117	1295
118	1331
119	1304
120	1283
121	1335
122	1320
123	1332
124	1375
125	1480
126	1429
127	1517
128	1529
129	1546
130	1519
131	1572
132	1547
133	1630
134	1659
135	1678
136	1721
137	1928
138	2145
139	2487
140	2963
141	2171
142	2095
143	2179
144	2749
145	3194
146	4277
147	8781
148	13309
149	19793
150	38155
