16	31
17	34
18	33
19	25
20	18
21	13
22	18
23	19
24	23
25	28
26	26
27	32
28	41
29	51
30	78
31	82
32	90
33	94
34	90
35	76
36	88
37	104
38	133
39	150
40	130
41	137
42	196
43	187
44	200
45	184
46	227
47	228
48	217
49	195
50	200
51	236
52	226
53	235
54	200
55	226
56	247
57	218
58	254
59	258
60	272
61	281
62	251
63	302
64	282
65	289
66	325
67	330
68	340
69	355
70	354
71	327
72	377
73	423
74	397
75	401
76	453
77	442
78	466
79	442
80	461
81	473
82	487
83	527
84	554
85	506
86	561
87	580
88	660
89	571
90	697
91	731
92	707
93	718
94	750
95	768
96	750
97	752
98	830
99	856
100	842
101	875
102	894
103	903
104	888
105	998
106	972
107	887
108	974
109	999
110	1001
111	1028
112	1048
113	1099
114	1156
115	1120
116	1171
117	1163
118	1243
119	1215
120	1178
121	1237
122	1212
123	1201
124	1251
125	1326
126	1309
127	1357
128	1375
129	1395
130	1376
131	1418
132	1385
133	1470
134	1499
135	1494
136	1509
137	1558
138	1531
139	1544
140	1637
141	1673
142	1864
143	1900
144	2410
145	2794
146	3684
147	7738
148	11358
149	15966
150	29573
