16	13
17	12
18	9
19	14
20	10
21	11
22	10
23	17
24	16
25	22
26	28
27	32
28	41
29	43
30	57
31	51
32	62
33	77
34	75
35	61
36	66
37	59
38	92
39	76
40	100
41	101
42	102
43	91
44	123
45	130
46	151
47	141
48	142
49	136
50	141
51	124
52	134
53	176
54	155
55	140
56	159
57	134
58	140
59	131
60	138
61	150
62	125
63	157
64	146
65	162
66	182
67	162
68	177
69	176
70	186
71	212
72	220
73	227
74	206
75	227
76	229
77	237
78	223
79	249
80	282
81	277
82	294
83	304
84	306
85	346
86	333
87	355
88	361
89	394
90	341
91	370
92	433
93	450
94	446
95	453
96	512
97	524
98	579
99	550
100	592
101	591
102	628
103	656
104	658
105	656
106	748
107	734
108	712
109	750
110	832
111	821
112	845
113	832
114	935
115	944
116	923
117	943
118	972
119	981
120	969
121	1034
122	1051
123	1118
124	1120
125	1118
126	1147
127	1232
128	1220
129	1249
130	1287
131	1302
132	1261
133	1378
134	1420
135	1431
136	1462
137	1490
138	1461
139	1588
140	1581
141	1682
142	1866
143	2106
144	2416
145	2641
146	3973
147	7215
148	6886
149	14744
150	31191
