16	13
17	12
18	9
19	14
20	10
21	11
22	10
23	17
24	16
25	24
26	33
27	35
28	56
29	44
30	70
31	57
32	75
33	90
34	94
35	74
36	78
37	63
38	94
39	80
40	113
41	104
42	106
43	99
44	134
45	142
46	172
47	196
48	164
49	163
50	228
51	487
52	202
53	199
54	167
55	150
56	174
57	142
58	162
59	149
60	150
61	156
62	132
63	165
64	147
65	173
66	188
67	175
68	188
69	183
70	202
71	219
72	226
73	232
74	213
75	230
76	237
77	237
78	227
79	267
80	292
81	290
82	298
83	309
84	312
85	352
86	344
87	364
88	369
89	403
90	360
91	386
92	456
93	476
94	470
95	464
96	533
97	543
98	599
99	585
100	620
101	612
102	652
103	694
104	680
105	684
106	784
107	763
108	748
109	814
110	883
111	875
112	888
113	885
114	1001
115	1020
116	1037
117	1095
118	1055
119	1052
120	1036
121	1103
122	1128
123	1189
124	1193
125	1222
126	1251
127	1338
128	1344
129	1363
130	1412
131	1408
132	1385
133	1496
134	1527
135	1560
136	1600
137	1649
138	1639
139	1902
140	1921
141	1945
142	2088
143	2373
144	2730
145	3039
146	4507
147	8251
148	7962
149	18017
150	43660
