16	28
17	51
18	56
19	65
20	70
21	72
22	85
23	108
24	113
25	154
26	175
27	190
28	248
29	272
30	348
31	464
32	614
33	751
34	829
35	1079
36	1352
37	1400
38	1592
39	1746
40	1949
41	2054
42	2413
43	2600
44	2914
45	3220
46	3563
47	4016
48	4211
49	4183
50	4782
51	5133
52	5816
53	5957
54	6046
55	6376
56	6522
57	6751
58	7059
59	7242
60	7492
61	7247
62	7445
63	7623
64	7685
65	8059
66	8089
67	8276
68	8586
69	8642
70	9002
71	9336
72	9632
73	9780
74	10219
75	10484
76	10690
77	11149
78	11392
79	11740
80	12252
81	12606
82	12779
83	13595
84	14084
85	14722
86	15042
87	15064
88	16106
89	16399
90	16696
91	17207
92	17909
93	18492
94	19282
95	20237
96	20805
97	21762
98	22272
99	22971
100	23796
101	24557
102	25453
103	26746
104	27675
105	28495
106	29730
107	30616
108	31436
109	32898
110	34057
111	34944
112	35616
113	36885
114	37584
115	38323
116	40405
117	40689
118	42431
119	43074
120	44161
121	45256
122	46927
123	47130
124	48635
125	50532
126	51271
127	52777
128	54117
129	55350
130	57364
131	59302
132	60036
133	61670
134	64845
135	66489
136	70886
137	75240
138	79558
139	85899
140	94734
141	107964
142	126697
143	169522
144	217688
145	297074
146	533517
147	1135564
148	1180221
149	2512508
150	5141203
