16	7
17	12
18	8
19	6
20	5
21	4
22	7
23	9
24	11
25	12
26	4
27	14
28	12
29	21
30	20
31	30
32	29
33	41
34	42
35	35
36	60
37	44
38	45
39	52
40	40
41	61
42	71
43	51
44	69
45	62
46	81
47	119
48	120
49	98
50	131
51	396
52	106
53	109
54	105
55	94
56	100
57	128
58	133
59	144
60	141
61	127
62	151
63	145
64	158
65	162
66	154
67	212
68	218
69	196
70	229
71	227
72	243
73	282
74	283
75	278
76	330
77	325
78	366
79	354
80	385
81	377
82	399
83	428
84	491
85	454
86	512
87	573
88	535
89	597
90	597
91	650
92	642
93	698
94	713
95	757
96	748
97	796
98	795
99	849
100	804
101	824
102	901
103	876
104	1034
105	1008
106	1012
107	984
108	1083
109	1091
110	1092
111	1170
112	1145
113	1193
114	1172
115	1219
116	1425
117	1367
118	1291
119	1308
120	1293
121	1445
122	1386
123	1424
124	1578
125	1620
126	1513
127	1675
128	1562
129	1561
130	1641
131	1705
132	1744
133	1762
134	1742
135	1828
136	1845
137	1897
138	2048
139	2039
140	2118
141	2264
142	2346
143	2713
144	3205
145	4190
146	6076
147	10106
148	11014
149	26635
150	79478
