16	7
17	12
18	8
19	6
20	4
21	4
22	7
23	7
24	9
25	12
26	4
27	14
28	12
29	21
30	20
31	30
32	29
33	41
34	41
35	33
36	49
37	42
38	44
39	45
40	38
41	60
42	59
43	48
44	62
45	60
46	73
47	88
48	93
49	78
50	88
51	90
52	82
53	95
54	95
55	91
56	94
57	123
58	127
59	141
60	130
61	122
62	150
63	141
64	155
65	158
66	147
67	202
68	212
69	188
70	213
71	218
72	238
73	271
74	265
75	267
76	301
77	293
78	322
79	320
80	364
81	353
82	368
83	399
84	433
85	422
86	467
87	509
88	490
89	550
90	538
91	589
92	579
93	620
94	659
95	694
96	687
97	709
98	715
99	740
100	726
101	738
102	783
103	743
104	876
105	853
106	889
107	862
108	938
109	911
110	919
111	993
112	976
113	1015
114	970
115	1025
116	1119
117	1094
118	1068
119	1096
120	1101
121	1181
122	1152
123	1190
124	1243
125	1256
126	1194
127	1287
128	1212
129	1243
130	1251
131	1341
132	1338
133	1355
134	1350
135	1401
136	1420
137	1436
138	1474
139	1499
140	1542
141	1708
142	1756
143	1980
144	2281
145	2930
146	4244
147	6841
148	7992
149	17965
150	37702
