16	54
17	69
18	80
19	78
20	93
21	92
22	121
23	150
24	142
25	175
26	182
27	203
28	266
29	254
30	374
31	447
32	552
33	678
34	853
35	983
36	1237
37	1328
38	1505
39	1677
40	1914
41	2254
42	2496
43	2888
44	3207
45	3655
46	4119
47	4465
48	4959
49	5402
50	5927
51	6328
52	6900
53	7360
54	7782
55	8204
56	8547
57	9025
58	9370
59	10036
60	10471
61	10360
62	10851
63	11045
64	11406
65	11875
66	12005
67	12524
68	13246
69	13556
70	13903
71	14605
72	14983
73	15543
74	16467
75	16807
76	17221
77	17947
78	18396
79	19093
80	19919
81	20327
82	20736
83	21840
84	22156
85	22813
86	23338
87	24385
88	25066
89	25669
90	26375
91	27035
92	27946
93	28311
94	29264
95	29899
96	30334
97	31303
98	32551
99	32974
100	33647
101	34428
102	35664
103	36692
104	37576
105	38220
106	38280
107	39815
108	40049
109	41685
110	41705
111	42757
112	43230
113	44139
114	44548
115	45777
116	46646
117	47306
118	47361
119	48436
120	48671
121	49349
122	50599
123	50705
124	51467
125	51920
126	52016
127	53437
128	53762
129	54007
130	54091
131	55686
132	56547
133	56786
134	58147
135	58980
136	60972
137	63221
138	65002
139	68830
140	74407
141	81130
142	91871
143	111423
144	141047
145	194687
146	299131
147	557720
148	687127
149	1494844
150	3061614
