0	0
1	0
2	0
3	0
4	0
5	0
6	0
7	0
8	0
9	0
10	0
11	0
12	0
13	2
14	1
15	4
16	3
17	10
18	2
19	1
20	4
21	3
22	4
23	7
24	9
25	8
26	11
27	12
28	11
29	11
30	6
31	9
32	15
33	14
34	9
35	18
36	14
37	15
38	15
39	15
40	24
41	35
42	26
43	26
44	28
45	13
46	28
47	47
48	23
49	27
50	26
51	37
52	41
53	34
54	25
55	37
56	49
57	51
58	32
59	57
60	47
61	65
62	74
63	56
64	44
65	64
66	51
67	57
68	68
69	70
70	76
71	78
72	87
73	89
74	108
75	83
76	108
77	110
78	97
79	111
80	120
81	142
82	98
83	159
84	173
85	195
86	199
87	170
88	207
89	217
90	301
91	209
92	218
93	227
94	262
95	278
96	233
97	264
98	366
99	274
100	368
101	342
102	258
103	263
104	315
105	392
106	356
107	316
108	443
109	492
110	463
111	590
112	436
113	396
114	403
115	476
116	404
117	387
118	530
119	375
120	403
121	441
122	368
123	443
124	382
125	390
126	439
127	425
128	605
129	481
130	414
131	447
132	582
133	500
134	457
135	649
136	595
137	518
138	581
139	549
140	535
141	674
142	536
143	530
144	444
145	445
146	474
147	376
148	477
149	376
150	413
151	460
152	539
153	486
154	508
155	444
156	470
157	472
158	628
159	400
160	558
161	476
162	530
163	340
164	364
165	473
166	450
167	479
168	365
169	429
170	405
171	453
172	692
173	388
174	414
175	660
176	456
177	586
178	664
179	431
180	560
181	448
182	562
183	417
184	426
185	486
186	438
187	377
188	486
189	361
190	442
191	476
192	502
193	508
194	411
195	536
196	572
197	576
198	668
199	334
200	519
201	460
202	439
203	533
204	414
205	315
206	541
207	405
208	373
209	387
210	458
211	387
212	327
213	314
214	430
215	404
216	432
217	438
218	420
219	374
220	298
221	450
222	433
223	566
224	411
225	433
226	386
227	416
228	330
229	288
230	357
231	397
232	391
233	325
234	309
235	458
236	392
237	266
238	354
239	453
240	593
241	470
242	458
243	246
244	508
245	404
246	419
247	438
248	290
249	361
250	460
251	527
252	473
253	349
254	389
255	461
256	544
257	444
258	505
259	625
260	488
261	467
262	435
263	526
264	370
265	455
266	495
267	408
268	513
269	444
270	470
271	439
272	505
273	511
274	480
275	361
276	383
277	420
278	549
279	542
280	574
281	446
282	409
283	389
284	561
285	351
286	388
287	434
288	373
289	609
290	414
291	417
292	427
293	508
294	535
295	484
296	494
297	434
298	417
299	401
300	326
301	326
302	332
303	552
304	402
305	493
306	453
307	289
308	349
309	420
310	337
311	616
312	408
313	504
314	372
315	625
316	544
317	546
318	446
319	292
320	358
321	502
322	375
323	449
324	301
325	377
326	459
327	377
328	313
329	424
330	498
331	431
332	318
333	287
334	398
335	388
336	260
337	301
338	291
339	384
340	425
341	481
342	381
343	336
344	382
345	405
346	388
347	446
348	304
349	441
350	326
351	341
352	486
353	345
354	371
355	303
356	348
357	337
358	339
359	437
360	459
361	353
362	450
363	323
364	360
365	428
366	326
367	379
368	344
369	409
370	453
371	365
372	284
373	421
374	380
375	330
376	353
377	282
378	391
379	347
380	316
381	324
382	346
383	306
384	429
385	374
386	356
387	392
388	374
389	308
390	316
391	265
392	358
393	390
394	362
395	433
396	478
397	347
398	350
399	295
400	406
401	369
402	498
403	309
404	477
405	293
406	370
407	341
408	433
409	332
410	431
411	471
412	309
413	342
414	395
415	314
416	303
417	334
418	400
419	373
420	353
421	393
422	332
423	350
424	401
425	317
426	402
427	361
428	374
429	345
430	375
431	250
432	293
433	269
434	344
435	318
436	324
437	321
438	317
439	322
440	401
441	297
442	337
443	368
444	337
445	336
446	385
447	334
448	245
449	315
450	221
451	232
452	243
453	267
454	326
455	269
456	271
457	215
458	252
459	273
460	190
461	205
462	132
463	239
464	259
465	233
466	244
467	231
468	186
469	229
470	237
471	142
472	182
473	216
474	177
475	169
476	185
477	260
478	189
479	145
480	192
481	231
482	165
483	156
484	173
485	141
486	143
487	148
488	237
489	134
490	216
491	170
492	173
493	189
494	124
495	201
496	153
497	177
498	172
499	155
500	135
501	150
502	177
503	167
504	144
505	153
506	112
507	227
508	197
509	195
510	99
511	150
512	150
513	132
514	137
515	155
516	130
517	124
518	163
519	140
520	193
521	198
522	153
523	124
524	122
525	164
526	118
527	111
528	134
529	103
530	106
531	118
532	124
533	129
534	91
535	114
536	87
537	100
538	79
539	126
540	92
541	122
542	107
543	94
544	94
545	137
546	125
547	127
548	97
549	103
550	80
551	95
552	137
553	124
554	121
555	92
556	100
557	53
558	104
559	53
560	70
561	95
562	103
563	111
564	86
565	69
566	74
567	110
568	122
569	49
570	44
571	45
572	51
573	62
574	73
575	110
