0	0
1	0
2	0
3	0
4	0
5	0
6	0
7	0
8	0
9	0
10	0
11	0
12	0
13	2
14	1
15	4
16	3
17	9
18	2
19	1
20	4
21	3
22	4
23	7
24	9
25	7
26	10
27	11
28	11
29	11
30	6
31	9
32	15
33	14
34	9
35	15
36	11
37	15
38	15
39	14
40	24
41	32
42	23
43	20
44	23
45	12
46	27
47	31
48	21
49	25
50	23
51	30
52	30
53	30
54	24
55	32
56	46
57	43
58	28
59	54
60	45
61	60
62	71
63	49
64	42
65	58
66	47
67	53
68	66
69	60
70	64
71	60
72	81
73	82
74	86
75	73
76	91
77	96
78	86
79	101
80	111
81	120
82	89
83	130
84	154
85	154
86	161
87	149
88	167
89	186
90	233
91	184
92	183
93	189
94	212
95	224
96	181
97	215
98	255
99	231
100	303
101	260
102	210
103	202
104	231
105	280
106	282
107	220
108	309
109	294
110	310
111	356
112	301
113	279
114	290
115	310
116	280
117	275
118	351
119	232
120	283
121	302
122	240
123	290
124	251
125	245
126	271
127	274
128	345
129	303
130	265
131	279
132	323
133	275
134	271
135	362
136	344
137	294
138	288
139	285
140	267
141	318
142	269
143	286
144	228
145	231
146	233
147	185
148	226
149	183
150	206
151	222
152	220
153	211
154	199
155	177
156	168
157	188
158	234
159	177
160	199
161	148
162	200
163	150
164	163
165	189
166	182
167	185
168	175
169	200
170	180
171	192
172	226
173	174
174	169
175	203
176	191
177	229
178	208
179	177
180	202
181	208
182	188
183	138
184	159
185	163
186	171
187	172
188	165
189	135
190	163
191	177
192	151
193	163
194	168
195	184
196	201
197	209
198	198
199	137
200	199
201	180
202	184
203	175
204	169
205	132
206	176
207	159
208	143
209	159
210	152
211	150
212	140
213	145
214	158
215	165
216	165
217	158
218	186
219	171
220	137
221	175
222	161
223	170
224	163
225	189
226	178
227	167
228	144
229	129
230	153
231	152
232	146
233	148
234	172
235	190
236	146
237	138
238	135
239	161
240	205
241	187
242	175
243	160
244	206
245	172
246	169
247	159
248	141
249	162
250	188
251	189
252	197
253	150
254	178
255	190
256	222
257	180
258	204
259	209
260	206
261	165
262	214
263	210
264	181
265	202
266	189
267	192
268	231
269	192
270	216
271	199
272	214
273	201
274	206
275	199
276	191
277	210
278	236
279	235
280	207
281	213
282	207
283	200
284	235
285	159
286	183
287	189
288	188
289	239
290	194
291	215
292	210
293	251
294	257
295	238
296	222
297	215
298	200
299	196
300	176
301	174
302	206
303	270
304	210
305	241
306	213
307	188
308	191
309	208
310	204
311	252
312	238
313	239
314	236
315	287
316	271
317	235
318	241
319	174
320	210
321	248
322	245
323	233
324	207
325	206
326	229
327	214
328	194
329	207
330	235
331	222
332	186
333	185
334	215
335	198
336	164
337	181
338	192
339	215
340	250
341	232
342	200
343	195
344	196
345	226
346	209
347	243
348	194
349	240
350	199
351	165
352	227
353	192
354	185
355	203
356	197
357	198
358	205
359	212
360	255
361	224
362	220
363	205
364	210
365	248
366	214
367	237
368	224
369	192
370	244
371	203
372	193
373	231
374	216
375	192
376	229
377	194
378	231
379	237
380	217
381	214
382	228
383	235
384	237
385	216
386	223
387	223
388	221
389	211
390	215
391	185
392	241
393	246
394	244
395	264
396	262
397	225
398	212
399	206
400	238
401	220
402	260
403	220
404	243
405	221
406	232
407	225
408	259
409	217
410	264
411	242
412	209
413	209
414	224
415	217
416	223
417	211
418	239
419	226
420	222
421	224
422	202
423	223
424	258
425	205
426	238
427	218
428	221
429	208
430	229
431	184
432	212
433	203
434	206
435	178
436	223
437	232
438	215
439	196
440	246
441	221
442	215
443	213
444	215
445	234
446	219
447	197
448	184
449	210
450	164
451	173
452	169
453	179
454	215
455	176
456	179
457	156
458	169
459	175
460	149
461	145
462	114
463	164
464	181
465	156
466	152
467	147
468	124
469	152
470	160
471	116
472	145
473	146
474	134
475	126
476	134
477	168
478	132
479	108
480	133
481	163
482	129
483	114
484	126
485	112
486	110
487	106
488	136
489	108
490	149
491	119
492	109
493	134
494	99
495	147
496	123
497	131
498	126
499	117
500	112
501	112
502	131
503	121
504	120
505	105
506	93
507	155
508	135
509	124
510	83
511	99
512	105
513	93
514	101
515	105
516	94
517	86
518	107
519	118
520	131
521	127
522	96
523	82
524	98
525	115
526	91
527	87
528	85
529	78
530	86
531	82
532	94
533	97
534	72
535	89
536	64
537	77
538	68
539	89
540	65
541	87
542	96
543	80
544	74
545	79
546	84
547	97
548	80
549	75
550	65
551	80
552	95
553	86
554	77
555	70
556	75
557	39
558	69
559	47
560	48
561	72
562	60
563	65
564	61
565	58
566	55
567	66
568	60
569	43
570	42
571	38
572	45
573	49
574	52
575	63
576	52
577	42
578	52
579	37
580	54
581	44
582	38
