0	0
1	0
2	0
3	0
4	0
5	0
6	0
7	0
8	0
9	0
10	0
11	0
12	0
13	11
14	29
15	52
16	60
17	39
18	36
19	27
20	55
21	63
22	45
23	35
24	54
25	60
26	66
27	72
28	62
29	70
30	91
31	129
32	158
33	183
34	185
35	243
36	287
37	313
38	334
39	418
40	470
41	529
42	596
43	682
44	782
45	863
46	863
47	990
48	1077
49	1163
50	1202
51	1351
52	1422
53	1520
54	1524
55	1771
56	1855
57	1842
58	1889
59	1964
60	2068
61	2128
62	2258
63	2233
64	2339
65	2478
66	2596
67	2757
68	2810
69	2832
70	3263
71	3225
72	3178
73	3463
74	3638
75	3632
76	3907
77	4077
78	4113
79	4328
80	4554
81	4510
82	4715
83	5585
84	5002
85	5694
86	5319
87	5335
88	5726
89	6320
90	8215
91	6701
92	6504
93	6553
94	6883
95	6728
96	6696
97	6993
98	7124
99	7218
100	7626
101	7927
102	7917
103	7972
104	8333
105	8356
106	8653
107	8700
108	8660
109	8912
110	8915
111	9130
112	9112
113	9238
114	9364
115	9368
116	9860
117	9598
118	9718
119	10022
120	9793
121	10070
122	10014
123	10029
124	10290
125	10075
126	10079
127	10204
128	10291
129	10281
130	10140
131	10366
132	10310
133	10130
134	10285
135	10230
136	10223
137	10252
138	10358
139	10271
140	10446
141	10379
142	10325
143	10663
144	10702
145	9447
146	10065
147	11853
148	12200
149	12427
150	12297
151	12450
152	12243
153	12370
154	12342
155	12488
156	12320
157	12464
158	12392
159	12411
160	11957
161	12087
162	11929
163	11748
164	11630
165	11582
166	11697
167	11963
168	11573
169	11456
170	11317
171	11267
172	11328
173	10821
174	11085
175	10847
176	11113
177	11062
178	11012
179	10755
180	10677
181	10676
182	10563
183	10367
184	10009
185	10361
186	9922
187	10349
188	9810
189	10122
190	9955
191	9994
192	9860
193	9661
194	9456
195	9425
196	9581
197	9332
198	9184
199	9280
200	9079
201	8817
202	9016
203	9346
204	8824
205	9284
206	9013
207	8903
208	8767
209	8727
210	8583
211	8405
212	8253
213	8376
214	8169
215	8064
216	8202
217	8114
218	8051
219	7744
220	7568
221	7999
222	7520
223	7678
224	7482
225	7790
226	7710
227	7519
228	7301
229	7520
230	7365
231	6978
232	7258
233	7125
234	6957
235	7322
236	7007
237	7068
238	6952
239	6972
240	7235
241	6859
242	6766
243	6846
244	6580
245	6579
246	6431
247	6252
248	6572
249	6288
250	6479
251	6391
252	6429
253	6571
254	6461
255	6250
256	6131
257	5996
258	6215
259	6259
260	6129
261	5969
262	5918
263	5993
264	5853
265	5706
266	5871
267	5859
268	5869
269	5617
270	5576
271	5448
272	5549
273	5721
274	5343
275	5341
276	5176
277	5394
278	5320
279	5385
280	5398
281	5444
282	5243
283	5324
284	5004
285	5058
286	5050
287	5301
288	4700
289	4874
290	4829
291	4755
292	4892
293	4918
294	4674
295	4901
296	4701
297	4648
298	4769
299	4839
300	4621
301	4469
302	4391
303	4459
304	4375
305	4576
306	4299
307	4324
308	4213
309	4151
310	4152
311	4218
312	4179
313	4338
314	4226
315	4135
316	4179
317	4040
318	3950
319	3884
320	3822
321	3799
322	3847
323	3834
324	3743
325	3749
326	3824
327	3833
328	3986
329	3938
330	3762
331	3848
332	3946
333	3751
334	3792
335	3789
336	3848
337	3841
338	3898
339	3767
340	3463
341	3522
342	3549
343	3742
344	3588
345	3454
346	3440
347	3335
348	3562
349	3033
350	3236
351	3091
352	3300
353	3227
354	3275
355	3259
356	3171
357	3033
358	3013
359	3212
360	3127
361	3120
362	3177
363	3133
364	3109
365	3022
366	2911
367	3065
368	2877
369	2924
370	3051
371	2837
372	2845
373	2824
374	2826
375	2973
376	2977
377	2848
378	2871
379	2685
380	2776
381	2817
382	2802
383	2666
384	2566
385	2704
386	2715
387	2551
388	2693
389	2408
390	2554
391	2612
392	2597
393	2431
394	2484
395	2333
396	2341
397	2377
398	2276
399	2343
400	2347
401	2206
402	2475
403	2399
404	2470
405	2356
406	2251
407	2314
408	2423
409	2299
410	2206
411	2298
412	2227
413	2190
414	2196
415	2239
416	2175
417	2250
418	2111
419	2266
420	2128
421	2158
422	2262
423	2105
424	2040
425	2101
426	2216
427	2059
428	2111
429	1958
430	2018
431	1975
432	2024
433	1871
434	1849
435	1983
436	1891
437	1844
438	1839
439	1820
440	1776
441	1840
442	1892
443	1763
444	1807
445	1739
446	1826
447	1803
448	1866
449	1853
450	1838
451	1804
452	1741
453	1706
454	1791
455	1811
456	1769
457	1783
458	1682
459	1752
460	1655
461	1687
462	1755
463	1685
464	1662
465	1571
466	1700
467	1708
468	1705
469	1654
470	1659
471	1501
472	1574
473	1646
474	1633
475	1653
476	1491
477	1530
478	1516
479	1517
480	1450
481	1503
482	1565
483	1589
484	1479
485	1440
486	1355
487	1396
488	1374
489	1483
490	1550
491	1430
492	1587
493	1524
494	1454
495	1494
496	1593
497	1417
498	1405
499	1453
500	1400
501	1444
502	1555
503	1545
504	1508
505	1556
506	1603
507	1497
508	1565
509	1498
510	1459
511	1400
512	1450
513	1478
514	1490
515	1402
516	1274
517	1281
518	1328
519	1443
520	1364
521	1400
522	1469
523	1499
524	1492
525	1409
526	1426
527	1462
528	1420
529	1405
530	1385
531	1364
532	1359
533	1364
534	1309
535	1382
536	1449
537	1354
538	1262
539	1292
540	1413
541	1349
542	1373
543	1269
544	1260
545	1239
546	1310
547	1302
548	1278
549	1261
550	1345
551	1223
552	1298
553	1343
554	1223
555	1264
556	1224
557	1387
558	1297
559	1229
560	1238
561	1235
562	1183
563	1242
564	1169
565	1303
566	1271
567	1264
568	1368
569	1254
570	1260
571	1209
572	1224
573	1207
574	1219
575	1054
576	1199
577	1245
578	1260
579	1257
580	1188
581	1154
582	1211
583	1220
584	1166
585	1285
586	1244
587	1242
588	1229
589	1164
590	1166
591	1061
592	1256
593	1207
594	1146
595	1218
596	1241
597	1181
598	1218
599	1211
600	1166
601	1179
602	1009
603	1066
604	1092
605	1112
606	1124
607	1037
608	1133
609	1085
610	1049
611	1121
612	1112
613	1032
614	1110
615	1023
616	1062
617	1062
618	1061
619	1040
620	1060
621	1071
622	1067
623	1134
624	1073
625	1055
626	1088
627	1122
628	1124
629	1051
630	1050
631	1056
632	1179
633	1104
634	1050
635	1038
636	1042
637	999
638	974
639	1006
640	1097
641	1109
642	1187
643	1154
644	1052
645	986
646	990
647	1041
648	999
649	1009
650	996
651	1069
652	992
653	1005
654	1048
655	1015
656	987
657	995
658	1032
659	1019
660	949
661	1070
662	1081
663	1058
664	1061
665	1054
666	1050
667	1099
668	1014
669	1057
670	1076
671	934
672	1087
673	928
674	967
675	954
676	1004
677	954
678	931
679	982
680	914
681	963
682	1037
683	1021
684	1021
685	1011
686	978
687	959
688	950
689	890
690	944
691	1012
692	1001
693	1023
694	981
695	920
696	869
697	974
698	999
699	930
700	985
701	889
702	1070
703	957
704	978
705	892
706	1006
707	940
708	885
709	1055
710	927
711	908
712	1074
713	967
714	1005
715	916
716	892
717	942
718	996
719	913
720	911
721	944
722	899
723	928
724	906
725	866
726	926
727	953
728	938
729	1022
730	964
731	858
732	947
733	910
734	981
735	984
736	992
737	925
738	901
739	900
740	893
741	933
742	902
743	873
744	886
745	857
746	881
747	828
748	921
749	822
750	912
751	844
752	866
753	931
754	774
755	818
756	805
757	766
758	825
759	766
760	709
761	877
762	749
763	800
764	684
765	905
766	733
767	755
768	805
769	760
770	795
771	797
772	767
773	818
774	781
775	822
776	829
777	848
778	740
779	791
780	825
781	837
782	847
783	792
784	895
785	807
786	912
787	739
788	840
789	772
790	782
791	752
792	817
793	797
794	773
795	782
796	753
797	738
798	850
799	809
800	816
801	893
802	770
803	858
804	762
805	785
806	820
807	799
808	691
809	755
810	751
811	733
812	778
813	745
814	853
815	675
816	739
817	814
818	761
819	813
820	760
821	674
822	783
823	699
824	721
825	745
826	780
827	785
828	745
829	675
830	792
831	830
832	787
833	747
834	702
835	825
836	685
837	754
838	827
839	816
840	791
841	755
842	745
843	767
844	723
845	772
846	753
847	718
848	864
849	714
850	745
851	781
852	730
853	706
854	740
855	697
856	786
857	689
858	799
859	771
860	764
861	812
862	722
863	791
864	761
865	695
866	782
867	738
868	739
869	725
870	761
871	717
872	723
873	731
874	835
875	806
876	805
877	846
878	756
879	758
880	846
881	846
882	803
883	824
884	740
885	870
886	720
887	745
888	665
889	814
890	742
891	806
892	760
893	825
894	717
895	747
896	819
897	896
898	855
899	772
900	715
901	758
902	773
903	686
904	678
905	709
906	735
907	707
908	722
909	652
910	657
911	646
912	721
913	713
914	750
915	712
916	684
917	726
918	720
919	690
920	691
921	668
922	681
923	675
924	757
925	679
926	641
927	698
928	713
929	741
930	758
931	602
932	663
933	726
934	695
935	672
936	701
937	734
938	707
939	769
940	782
941	719
942	735
943	731
944	773
945	775
946	767
947	648
948	701
949	693
950	806
951	791
952	750
953	723
954	775
955	734
956	765
957	708
958	742
959	775
960	772
961	863
962	821
963	838
964	798
965	790
966	789
967	784
968	708
969	770
970	787
971	706
972	751
973	789
974	722
975	750
976	730
977	698
978	725
979	732
980	765
981	779
982	712
983	837
984	705
985	658
986	679
987	734
988	652
989	713
990	635
991	675
992	692
993	758
994	801
995	748
996	763
997	749
998	803
999	797
1000	830
1001	825
1002	758
1003	807
1004	774
1005	822
1006	742
1007	735
1008	707
1009	742
1010	725
1011	785
1012	718
1013	747
1014	769
1015	689
1016	628
1017	721
1018	702
1019	721
1020	720
1021	602
1022	718
1023	708
1024	681
1025	685
1026	658
1027	664
1028	667
1029	612
1030	632
1031	654
1032	769
1033	775
1034	784
1035	668
1036	682
1037	705
1038	647
1039	633
1040	658
1041	647
1042	627
1043	664
1044	671
1045	651
1046	627
1047	607
1048	614
1049	663
1050	660
1051	657
1052	698
1053	650
1054	637
1055	698
1056	708
1057	659
1058	706
1059	550
1060	692
1061	684
1062	686
1063	631
1064	658
1065	666
1066	679
1067	647
1068	611
1069	678
1070	698
1071	604
1072	637
1073	568
1074	619
1075	618
1076	636
1077	623
1078	672
1079	634
1080	628
1081	567
1082	597
1083	628
1084	690
1085	708
1086	728
1087	621
1088	640
1089	684
1090	694
1091	702
1092	649
1093	748
1094	704
1095	753
1096	678
1097	631
1098	658
1099	670
1100	688
1101	668
1102	749
1103	649
1104	693
1105	737
1106	643
1107	684
1108	700
1109	661
1110	710
1111	711
1112	558
1113	624
1114	652
1115	651
1116	643
1117	658
1118	738
1119	654
1120	668
1121	569
1122	643
1123	701
1124	607
1125	723
1126	675
1127	659
1128	615
1129	620
1130	563
1131	586
1132	604
1133	674
1134	655
1135	635
1136	640
1137	599
1138	705
1139	573
1140	690
1141	690
1142	654
1143	653
1144	731
1145	723
1146	722
1147	692
1148	675
1149	695
1150	770
1151	762
1152	664
1153	653
1154	592
1155	593
1156	675
1157	643
1158	731
1159	720
1160	683
1161	628
1162	608
1163	634
1164	689
1165	640
1166	629
1167	656
1168	606
1169	591
1170	607
1171	593
1172	614
1173	637
1174	632
1175	608
1176	726
1177	561
1178	633
1179	628
1180	726
1181	631
1182	587
1183	670
1184	655
1185	604
1186	662
1187	625
1188	635
1189	701
1190	662
1191	695
1192	596
1193	637
1194	598
1195	631
1196	557
1197	616
1198	588
1199	550
1200	629
1201	681
1202	610
1203	595
1204	648
1205	602
1206	624
1207	617
1208	643
1209	661
1210	614
1211	598
1212	648
1213	651
1214	607
1215	622
1216	554
1217	636
1218	658
1219	610
1220	596
1221	595
1222	541
1223	596
1224	538
1225	584
1226	520
1227	639
1228	584
1229	546
1230	595
1231	599
1232	651
1233	635
1234	601
1235	554
1236	580
1237	551
1238	661
1239	536
1240	681
1241	636
1242	596
1243	585
1244	556
1245	561
1246	643
1247	594
1248	567
1249	584
1250	586
1251	512
1252	525
1253	601
1254	626
1255	633
1256	670
1257	571
1258	565
1259	572
1260	582
1261	672
1262	685
1263	550
1264	606
1265	658
1266	540
1267	558
1268	637
1269	589
1270	636
1271	596
1272	693
1273	560
1274	607
1275	536
1276	640
1277	626
1278	616
1279	607
1280	654
1281	590
1282	702
1283	542
1284	666
1285	587
1286	534
1287	529
1288	567
1289	593
1290	603
1291	585
1292	607
1293	610
1294	559
1295	597
1296	583
1297	588
1298	598
1299	662
1300	622
1301	625
1302	531
1303	565
1304	562
1305	516
1306	593
1307	623
1308	628
1309	587
1310	515
1311	542
1312	554
1313	515
1314	531
1315	550
1316	534
1317	605
1318	531
1319	560
1320	582
1321	545
1322	532
1323	555
1324	608
1325	557
1326	540
1327	544
1328	602
1329	619
1330	609
1331	605
1332	640
1333	558
1334	479
1335	511
1336	482
1337	556
1338	598
1339	498
1340	546
1341	566
1342	510
1343	521
1344	533
1345	547
1346	512
1347	603
1348	535
1349	566
1350	605
1351	527
1352	561
1353	481
1354	467
1355	485
1356	477
1357	499
1358	545
1359	559
1360	548
1361	533
1362	528
1363	556
1364	541
1365	639
1366	590
1367	536
1368	482
1369	498
1370	546
1371	537
1372	550
1373	454
1374	501
1375	489
1376	510
1377	487
1378	496
1379	509
1380	483
1381	508
1382	531
1383	539
1384	581
1385	550
1386	545
1387	560
1388	571
1389	537
1390	485
1391	485
1392	604
1393	594
1394	641
1395	586
1396	609
1397	518
1398	477
1399	521
1400	520
1401	582
1402	597
1403	572
1404	564
1405	562
1406	481
1407	525
1408	487
1409	522
1410	451
1411	494
1412	588
1413	485
1414	537
1415	496
1416	535
1417	490
1418	613
1419	636
1420	549
1421	515
1422	572
1423	539
1424	493
1425	463
1426	455
1427	504
1428	480
1429	561
1430	474
1431	442
1432	465
1433	477
1434	525
1435	532
1436	488
1437	479
1438	495
1439	590
1440	517
1441	533
1442	537
1443	521
1444	498
1445	487
1446	550
1447	527
1448	494
1449	518
1450	494
1451	541
1452	494
1453	529
1454	482
1455	543
1456	444
1457	529
1458	590
1459	574
1460	569
1461	508
1462	563
1463	564
1464	532
1465	555
1466	559
1467	489
1468	438
1469	448
1470	592
1471	533
1472	516
1473	529
1474	496
1475	529
1476	540
1477	536
1478	528
1479	513
1480	564
1481	475
1482	517
1483	517
1484	530
1485	486
1486	548
1487	560
1488	554
1489	594
1490	567
1491	536
1492	489
1493	513
1494	559
1495	558
1496	503
1497	562
1498	522
1499	562
1500	509
1501	575
1502	517
1503	536
1504	593
1505	514
1506	607
1507	557
1508	588
1509	569
1510	540
1511	553
1512	522
1513	562
1514	559
1515	555
1516	484
1517	575
1518	571
1519	524
1520	510
1521	515
1522	531
1523	540
1524	536
1525	511
1526	461
1527	491
1528	618
1529	520
1530	538
1531	515
1532	516
1533	590
1534	556
1535	596
1536	552
1537	569
1538	541
1539	522
1540	550
1541	524
1542	462
1543	444
1544	562
1545	484
1546	482
1547	557
1548	501
1549	556
1550	525
1551	536
1552	578
1553	545
1554	514
1555	484
1556	458
1557	484
1558	527
1559	483
1560	497
1561	536
1562	496
1563	554
1564	546
1565	525
1566	545
1567	551
1568	569
1569	571
1570	590
1571	529
1572	546
1573	596
1574	514
1575	504
1576	521
1577	476
1578	574
1579	584
1580	518
1581	527
1582	498
1583	563
1584	529
1585	551
1586	488
1587	542
1588	531
1589	588
1590	578
1591	542
1592	571
1593	584
1594	615
1595	585
1596	621
1597	562
1598	552
1599	540
1600	534
1601	595
1602	468
1603	574
1604	494
1605	432
1606	489
1607	493
1608	505
1609	534
1610	504
1611	431
1612	558
1613	515
1614	515
1615	494
1616	476
1617	473
1618	495
1619	521
1620	477
1621	506
1622	505
1623	422
1624	458
1625	410
1626	477
1627	476
1628	503
1629	556
1630	549
1631	561
1632	531
1633	527
1634	511
1635	492
1636	494
1637	524
1638	542
1639	511
1640	518
1641	456
1642	436
1643	492
1644	473
1645	445
1646	455
1647	472
1648	484
1649	503
1650	447
1651	416
1652	434
1653	534
1654	431
1655	467
1656	474
1657	483
1658	523
1659	510
1660	526
1661	489
1662	483
1663	423
1664	455
1665	480
1666	545
1667	458
1668	481
1669	495
1670	471
1671	494
1672	403
1673	431
1674	451
1675	491
1676	467
1677	492
1678	488
1679	483
1680	473
1681	459
1682	528
1683	481
1684	468
1685	543
1686	497
1687	538
1688	441
1689	505
1690	526
1691	514
1692	492
1693	457
1694	483
1695	533
1696	558
1697	504
1698	489
1699	594
1700	539
1701	460
1702	473
1703	481
1704	491
1705	521
1706	451
1707	438
1708	422
1709	421
1710	407
1711	468
1712	469
1713	474
1714	512
1715	556
1716	456
1717	458
1718	440
1719	525
1720	472
1721	459
1722	402
1723	408
1724	435
1725	448
1726	511
1727	513
1728	506
1729	577
1730	574
1731	542
1732	440
1733	521
1734	498
1735	481
1736	500
1737	500
1738	544
1739	450
1740	479
1741	521
1742	506
1743	561
1744	487
1745	453
1746	421
1747	489
1748	529
1749	458
1750	489
1751	486
1752	527
1753	494
1754	453
1755	439
1756	476
1757	403
1758	471
1759	407
1760	458
1761	439
1762	374
1763	465
1764	452
1765	409
1766	389
1767	400
1768	377
1769	420
1770	417
1771	451
1772	415
1773	471
1774	489
1775	349
1776	390
1777	398
1778	423
1779	403
1780	394
1781	368
1782	460
1783	388
1784	386
1785	392
1786	507
1787	431
1788	418
1789	387
1790	445
1791	444
1792	413
1793	462
1794	527
1795	449
1796	470
1797	419
1798	385
1799	389
1800	374
1801	441
1802	392
1803	387
1804	423
1805	393
1806	431
1807	420
1808	443
1809	380
1810	445
1811	393
1812	471
1813	398
1814	387
1815	325
1816	311
1817	358
1818	359
1819	423
1820	389
1821	430
1822	398
1823	445
1824	482
1825	375
1826	449
1827	377
1828	444
1829	370
1830	434
1831	377
1832	422
1833	399
1834	373
1835	403
1836	435
1837	381
1838	391
1839	381
1840	373
1841	349
1842	392
1843	353
1844	385
1845	431
1846	427
1847	449
1848	413
1849	404
1850	418
1851	438
1852	440
1853	387
1854	386
1855	356
1856	421
1857	443
1858	398
1859	312
1860	345
1861	416
1862	395
1863	419
1864	388
1865	372
1866	388
1867	427
1868	401
1869	375
1870	404
1871	349
1872	417
1873	369
1874	363
1875	399
1876	343
1877	343
1878	363
1879	401
1880	445
1881	418
1882	418
1883	364
1884	354
1885	386
1886	409
1887	353
1888	378
1889	377
1890	394
1891	393
1892	388
1893	470
1894	392
1895	421
1896	388
1897	371
1898	411
1899	403
1900	388
1901	368
1902	424
1903	424
1904	336
1905	341
1906	346
1907	404
1908	393
1909	419
1910	397
1911	397
1912	395
1913	379
1914	322
1915	392
1916	317
1917	347
1918	426
1919	375
1920	354
1921	376
1922	336
1923	404
1924	399
1925	382
1926	367
1927	422
1928	415
1929	414
1930	374
1931	397
1932	309
1933	325
1934	367
1935	422
1936	423
1937	452
1938	409
1939	468
1940	421
1941	421
1942	374
1943	313
1944	336
1945	371
1946	393
1947	305
1948	318
1949	306
1950	367
1951	382
1952	380
1953	423
1954	366
1955	437
1956	426
1957	334
1958	428
1959	385
1960	418
1961	418
1962	385
1963	412
1964	400
1965	371
1966	368
1967	378
1968	356
1969	443
1970	439
1971	438
1972	425
1973	409
1974	430
1975	412
1976	373
1977	395
1978	391
1979	427
1980	367
1981	354
1982	338
1983	363
1984	396
1985	424
1986	444
1987	376
1988	394
1989	355
1990	454
1991	372
1992	453
1993	381
1994	428
1995	416
1996	410
1997	382
1998	399
1999	380
2000	451
2001	342
2002	387
2003	395
2004	454
2005	436
2006	413
2007	429
2008	390
2009	398
2010	419
2011	432
2012	455
2013	453
2014	465
2015	443
2016	456
2017	392
2018	328
2019	321
2020	419
2021	464
2022	448
2023	469
2024	444
2025	370
2026	412
2027	458
2028	401
2029	457
2030	458
2031	384
2032	336
2033	436
2034	406
2035	399
2036	470
2037	373
2038	377
2039	383
2040	461
2041	392
2042	383
2043	454
2044	390
2045	383
2046	373
2047	368
2048	426
2049	408
2050	330
2051	421
2052	420
2053	430
2054	429
2055	428
2056	401
2057	494
2058	469
2059	388
2060	422
2061	457
2062	418
2063	393
2064	375
2065	355
2066	433
2067	376
2068	428
2069	392
2070	382
2071	332
2072	376
2073	464
2074	392
2075	420
2076	359
2077	342
2078	370
2079	406
2080	357
2081	308
2082	385
2083	382
2084	475
2085	416
2086	401
2087	374
2088	370
2089	374
2090	384
2091	370
2092	401
2093	379
2094	399
2095	345
2096	360
2097	440
2098	359
2099	427
2100	436
2101	398
2102	375
2103	352
2104	412
2105	418
2106	327
2107	362
2108	388
2109	386
2110	337
2111	321
2112	318
2113	315
2114	370
2115	359
2116	363
2117	405
2118	379
2119	470
2120	440
2121	485
2122	406
2123	378
2124	380
2125	325
2126	378
2127	386
2128	337
2129	416
2130	314
2131	427
2132	334
2133	343
2134	328
2135	337
2136	278
2137	319
2138	348
2139	353
2140	334
2141	302
2142	362
2143	384
2144	336
2145	346
2146	346
2147	353
2148	396
2149	329
2150	385
2151	404
2152	430
2153	385
2154	379
2155	354
2156	358
2157	395
2158	355
2159	304
2160	397
2161	345
2162	346
2163	351
2164	324
2165	333
2166	324
2167	374
2168	328
2169	347
2170	328
2171	387
2172	326
2173	361
2174	362
2175	337
2176	351
2177	323
2178	321
2179	384
2180	385
2181	326
2182	393
2183	325
2184	325
2185	389
2186	405
2187	376
2188	377
2189	311
2190	350
2191	369
2192	323
2193	363
2194	432
2195	404
2196	414
2197	392
2198	373
2199	400
2200	410
2201	391
2202	347
2203	351
2204	383
2205	376
2206	426
2207	364
2208	369
2209	352
2210	370
2211	360
2212	327
2213	397
2214	389
2215	389
2216	399
2217	424
2218	379
2219	389
2220	455
2221	422
2222	391
2223	343
2224	435
2225	400
2226	394
2227	381
2228	424
2229	422
2230	407
2231	413
2232	413
2233	438
2234	425
2235	435
2236	444
2237	492
2238	457
2239	414
2240	419
2241	401
2242	323
2243	397
2244	361
2245	430
2246	423
2247	396
2248	367
2249	378
2250	372
2251	388
2252	375
2253	335
2254	365
2255	355
2256	322
2257	373
2258	395
2259	397
2260	429
2261	421
2262	455
2263	450
2264	458
2265	412
2266	408
2267	429
2268	394
2269	393
2270	369
2271	421
2272	354
2273	410
2274	412
2275	355
2276	451
2277	395
2278	411
2279	427
2280	365
2281	408
2282	424
2283	390
2284	435
2285	406
2286	416
2287	411
2288	423
2289	419
2290	394
2291	312
2292	396
2293	345
2294	372
2295	429
2296	448
2297	404
2298	440
2299	374
2300	405
2301	362
2302	380
2303	369
2304	395
2305	405
2306	422
2307	356
2308	445
2309	408
2310	475
2311	392
2312	399
2313	379
2314	368
2315	379
2316	371
2317	322
2318	345
2319	400
2320	387
2321	390
2322	357
2323	417
2324	332
2325	402
2326	394
2327	353
2328	364
2329	419
2330	378
2331	351
2332	435
2333	417
2334	372
2335	423
2336	322
2337	327
2338	351
2339	308
2340	310
2341	330
2342	319
2343	297
2344	351
2345	369
2346	375
2347	354
2348	370
2349	371
2350	341
2351	394
2352	352
2353	319
2354	355
2355	334
2356	324
2357	330
2358	309
2359	347
2360	357
2361	403
2362	363
2363	362
2364	426
2365	374
2366	296
2367	308
2368	365
2369	391
2370	353
2371	380
2372	353
2373	322
2374	348
2375	368
2376	333
2377	307
2378	325
2379	365
2380	359
2381	367
2382	428
2383	356
2384	347
2385	356
2386	348
2387	374
2388	365
2389	417
2390	418
2391	347
2392	374
2393	326
2394	333
2395	318
2396	364
2397	363
2398	342
2399	345
2400	317
2401	370
2402	296
2403	358
2404	356
2405	348
2406	346
2407	344
2408	361
2409	359
2410	383
2411	361
2412	306
2413	350
2414	366
2415	350
2416	334
2417	348
2418	299
2419	374
2420	276
2421	394
2422	336
2423	315
2424	373
2425	391
2426	346
2427	327
2428	347
2429	371
2430	413
2431	373
2432	394
2433	373
2434	386
2435	357
2436	337
2437	348
2438	337
2439	329
2440	339
2441	382
2442	320
2443	306
2444	325
2445	316
2446	367
2447	336
2448	358
2449	408
2450	334
2451	404
2452	420
2453	381
2454	317
2455	344
2456	403
2457	396
2458	401
2459	399
2460	367
2461	416
2462	410
2463	365
2464	414
2465	452
2466	394
2467	347
2468	394
2469	396
2470	316
2471	371
2472	369
2473	362
2474	387
2475	366
2476	409
2477	297
2478	357
2479	405
2480	304
2481	323
2482	342
2483	425
2484	332
2485	346
2486	344
2487	352
2488	375
2489	367
2490	372
2491	362
2492	347
2493	299
2494	312
2495	297
2496	343
2497	371
2498	362
2499	349
2500	325
2501	292
2502	380
2503	442
2504	388
2505	352
2506	379
2507	335
2508	373
2509	337
2510	363
2511	338
2512	305
2513	332
2514	318
2515	337
2516	320
2517	324
2518	314
2519	331
2520	306
2521	294
2522	365
2523	294
2524	351
2525	328
2526	364
2527	340
2528	363
2529	336
2530	273
2531	322
2532	325
2533	317
2534	360
2535	289
2536	323
2537	304
2538	321
2539	288
2540	281
2541	289
2542	323
2543	298
2544	312
2545	285
2546	325
2547	282
2548	250
2549	293
2550	293
2551	379
2552	345
2553	316
2554	286
2555	315
2556	291
2557	283
2558	273
2559	281
2560	307
2561	278
2562	308
2563	280
2564	278
2565	331
2566	320
2567	229
2568	248
2569	321
2570	352
2571	283
2572	299
2573	290
2574	262
2575	324
2576	282
2577	337
2578	348
2579	343
2580	288
2581	356
2582	293
2583	312
2584	322
2585	355
2586	344
2587	290
2588	292
2589	238
2590	219
2591	279
2592	229
2593	289
2594	295
2595	339
2596	328
2597	298
2598	320
2599	321
2600	299
2601	318
2602	301
2603	315
2604	301
2605	297
2606	256
2607	261
2608	287
2609	326
2610	315
2611	295
2612	294
2613	326
2614	324
2615	290
2616	287
2617	262
2618	285
2619	290
2620	205
2621	330
2622	280
2623	310
2624	293
2625	340
2626	289
2627	284
2628	269
2629	285
2630	250
2631	237
2632	252
2633	255
2634	258
2635	258
2636	247
2637	222
2638	282
2639	287
2640	294
2641	324
2642	334
2643	323
2644	313
2645	294
2646	280
2647	312
2648	317
2649	356
2650	400
2651	337
2652	285
2653	238
2654	281
2655	285
2656	284
2657	254
2658	304
2659	280
2660	335
2661	290
2662	302
2663	353
2664	287
2665	287
2666	254
2667	276
2668	277
2669	264
2670	251
2671	321
2672	325
2673	287
2674	295
2675	281
2676	319
2677	309
2678	313
2679	309
2680	277
2681	344
2682	307
2683	330
2684	267
2685	292
2686	318
2687	286
2688	246
2689	238
2690	321
2691	309
2692	315
2693	296
2694	299
2695	297
2696	336
2697	309
2698	355
2699	322
2700	241
2701	273
2702	281
2703	286
2704	306
2705	300
2706	274
2707	277
2708	299
2709	266
2710	278
2711	282
2712	294
2713	266
2714	310
2715	241
2716	297
2717	312
2718	287
2719	315
2720	216
2721	326
2722	333
2723	299
2724	282
2725	288
2726	236
2727	286
2728	309
2729	237
2730	291
2731	281
2732	273
2733	309
2734	365
2735	297
2736	260
2737	318
2738	290
2739	359
2740	335
2741	320
2742	335
2743	317
2744	298
2745	331
2746	360
2747	370
2748	257
2749	340
2750	338
2751	332
2752	284
2753	348
2754	281
2755	307
2756	273
2757	307
2758	297
2759	312
2760	331
2761	269
2762	326
2763	278
2764	255
2765	307
2766	325
2767	365
2768	354
2769	289
2770	346
2771	288
2772	344
2773	332
2774	315
2775	351
2776	317
2777	285
2778	270
2779	212
2780	247
2781	245
2782	253
2783	246
2784	275
2785	309
2786	279
2787	300
2788	297
2789	317
2790	273
2791	287
2792	298
2793	283
2794	325
2795	259
2796	303
2797	319
2798	285
2799	343
2800	304
2801	263
2802	288
2803	283
2804	351
2805	297
2806	281
2807	244
2808	300
2809	267
2810	248
2811	227
2812	265
2813	226
2814	269
2815	257
2816	232
2817	257
2818	235
2819	223
2820	256
2821	300
2822	283
2823	266
2824	251
2825	221
2826	241
2827	236
2828	202
2829	252
2830	290
2831	250
2832	280
2833	263
2834	255
2835	286
2836	299
2837	257
2838	243
2839	263
2840	270
2841	251
2842	223
2843	257
2844	243
2845	312
2846	318
2847	265
2848	291
2849	258
2850	259
2851	243
2852	210
2853	314
2854	298
2855	327
2856	246
2857	280
2858	314
2859	297
2860	255
2861	244
2862	255
2863	241
2864	228
2865	238
2866	249
2867	307
2868	265
2869	279
2870	293
2871	269
2872	242
2873	289
2874	299
2875	234
2876	274
2877	290
2878	309
2879	322
2880	268
2881	214
2882	199
2883	283
2884	225
2885	252
2886	217
2887	189
2888	217
2889	182
2890	244
2891	227
2892	225
2893	247
2894	209
2895	226
2896	222
2897	243
2898	249
2899	322
2900	284
2901	322
2902	274
2903	243
2904	252
2905	307
2906	279
2907	247
2908	268
2909	301
2910	245
2911	250
2912	263
2913	249
2914	251
2915	236
2916	245
2917	221
2918	239
2919	229
2920	205
2921	280
2922	269
2923	230
2924	189
2925	206
2926	229
2927	271
2928	204
2929	242
2930	202
2931	151
2932	223
2933	212
2934	230
2935	164
2936	254
2937	218
2938	220
2939	228
2940	279
2941	259
2942	243
2943	293
2944	262
2945	233
2946	297
2947	227
2948	215
2949	243
2950	194
2951	200
2952	262
2953	201
2954	236
2955	222
2956	252
2957	252
2958	214
2959	277
2960	179
2961	177
2962	214
2963	239
2964	193
2965	250
2966	233
2967	214
2968	241
2969	213
2970	242
2971	250
2972	199
2973	250
2974	248
2975	255
2976	245
2977	245
2978	269
2979	241
2980	239
2981	230
2982	264
2983	241
2984	235
2985	257
2986	265
2987	211
2988	202
2989	229
2990	219
2991	232
2992	215
2993	271
2994	304
2995	273
2996	285
2997	295
2998	248
2999	254
3000	239
3001	242
3002	242
3003	261
3004	213
3005	259
3006	222
3007	227
3008	252
3009	271
3010	271
3011	234
3012	279
3013	334
3014	296
3015	245
3016	245
3017	246
3018	241
3019	275
3020	197
3021	255
3022	249
3023	235
3024	256
3025	276
3026	246
3027	262
3028	206
3029	250
3030	222
3031	205
3032	250
3033	237
3034	216
3035	218
3036	252
3037	229
3038	277
3039	264
3040	255
3041	226
3042	223
3043	229
3044	250
3045	250
3046	267
3047	281
3048	270
3049	250
3050	266
3051	275
3052	262
3053	272
3054	288
3055	248
3056	252
3057	309
3058	273
3059	248
3060	243
3061	237
3062	217
3063	238
3064	275
3065	277
3066	274
3067	307
3068	263
3069	281
3070	240
3071	243
3072	301
3073	300
3074	300
3075	229
3076	225
3077	216
3078	237
3079	219
3080	248
3081	279
3082	227
3083	245
3084	249
3085	236
3086	241
3087	242
3088	252
3089	251
3090	281
3091	231
3092	175
3093	184
3094	260
3095	293
3096	285
3097	247
3098	258
3099	265
3100	237
3101	225
3102	208
3103	272
3104	249
3105	290
3106	236
3107	242
3108	259
3109	235
3110	203
3111	267
3112	237
3113	254
3114	232
3115	246
3116	206
3117	219
3118	246
3119	284
3120	286
3121	243
3122	229
3123	256
3124	198
3125	262
3126	234
3127	243
3128	308
3129	226
3130	213
3131	250
3132	268
3133	233
3134	204
3135	216
3136	207
3137	251
3138	224
3139	247
3140	262
3141	315
3142	241
3143	270
3144	257
3145	263
3146	256
3147	244
3148	240
3149	285
3150	255
3151	239
3152	263
3153	243
3154	263
3155	244
3156	275
3157	256
3158	246
3159	218
3160	241
3161	244
3162	226
3163	269
3164	246
3165	236
3166	271
3167	248
3168	202
3169	202
3170	249
3171	250
3172	239
3173	216
3174	289
3175	235
3176	245
3177	284
3178	224
3179	285
3180	234
3181	266
3182	250
3183	282
3184	264
3185	219
3186	257
3187	301
3188	206
3189	243
3190	247
3191	184
3192	274
3193	216
3194	231
3195	262
3196	250
3197	257
3198	269
3199	210
3200	206
3201	220
3202	248
3203	269
3204	279
3205	238
3206	261
3207	229
3208	243
3209	243
3210	212
3211	261
3212	242
3213	282
3214	259
3215	255
3216	271
3217	257
3218	262
3219	256
3220	232
3221	252
3222	294
3223	247
3224	240
3225	228
3226	294
3227	256
3228	250
3229	253
3230	236
3231	266
3232	241
3233	224
3234	242
3235	319
3236	238
3237	249
3238	251
3239	253
3240	253
3241	273
3242	247
3243	252
3244	250
3245	252
3246	254
3247	202
3248	295
3249	256
3250	280
3251	230
3252	216
3253	267
3254	272
3255	255
3256	278
3257	280
3258	247
3259	258
3260	253
3261	232
3262	271
3263	288
3264	311
3265	247
3266	232
3267	301
3268	300
3269	242
3270	260
3271	287
3272	276
3273	242
3274	305
3275	269
3276	258
3277	320
3278	338
3279	294
3280	318
3281	314
3282	284
3283	262
3284	277
3285	316
3286	377
3287	290
3288	317
3289	307
3290	290
3291	292
3292	277
3293	247
3294	269
3295	266
3296	266
3297	246
3298	274
3299	327
3300	311
3301	333
3302	285
3303	290
3304	291
3305	269
3306	328
3307	370
3308	236
3309	276
3310	256
3311	309
3312	281
3313	287
3314	215
3315	269
3316	290
3317	283
3318	305
3319	302
3320	297
3321	250
3322	305
3323	232
3324	251
3325	261
3326	243
3327	263
3328	245
3329	252
3330	257
3331	253
3332	255
3333	307
3334	327
3335	278
3336	303
3337	323
3338	287
3339	314
3340	326
3341	338
3342	301
3343	294
3344	300
3345	252
3346	298
3347	272
3348	260
3349	238
3350	263
3351	271
3352	246
3353	289
3354	280
3355	300
3356	255
3357	244
3358	170
3359	203
3360	248
3361	243
3362	287
3363	252
3364	244
3365	221
3366	262
3367	224
3368	253
3369	266
3370	244
3371	227
3372	284
3373	235
3374	249
3375	274
3376	237
3377	236
3378	223
3379	228
3380	191
3381	194
3382	190
3383	214
3384	207
3385	225
3386	207
3387	232
3388	244
3389	210
3390	230
3391	275
3392	244
3393	222
3394	201
3395	246
3396	203
3397	157
3398	211
3399	239
3400	249
3401	225
3402	211
3403	239
3404	245
3405	228
3406	212
3407	200
3408	185
3409	178
3410	177
3411	197
3412	244
3413	234
3414	222
3415	249
3416	233
3417	235
3418	204
3419	184
3420	154
3421	192
3422	190
3423	189
3424	202
3425	214
3426	207
3427	173
3428	206
3429	153
3430	203
3431	183
3432	238
3433	242
3434	229
3435	223
3436	213
3437	203
3438	214
3439	202
3440	228
3441	243
3442	238
3443	227
3444	215
3445	183
3446	233
3447	227
3448	228
3449	216
3450	233
3451	229
3452	229
3453	206
3454	211
3455	215
3456	224
3457	261
3458	275
3459	207
3460	213
3461	244
3462	266
3463	252
3464	266
3465	300
3466	246
3467	248
3468	246
3469	272
3470	250
3471	237
3472	252
3473	197
3474	202
3475	250
3476	205
3477	204
3478	185
3479	226
3480	210
3481	214
3482	199
3483	161
3484	186
3485	158
3486	176
3487	220
3488	230
3489	197
3490	170
3491	217
3492	164
3493	231
3494	243
3495	217
3496	265
3497	207
3498	238
3499	249
3500	236
3501	217
3502	165
3503	192
3504	231
3505	202
3506	220
3507	197
3508	228
3509	243
3510	205
3511	248
3512	202
3513	195
3514	224
3515	227
3516	203
3517	178
3518	178
3519	208
3520	240
3521	193
3522	169
3523	250
3524	249
3525	193
3526	192
3527	167
3528	207
3529	209
3530	191
3531	223
3532	226
3533	240
3534	197
3535	182
3536	164
3537	189
3538	204
3539	203
3540	249
3541	239
3542	222
3543	183
3544	206
3545	165
3546	188
3547	207
3548	256
3549	237
3550	257
3551	189
3552	203
3553	195
3554	173
3555	152
3556	198
3557	172
3558	203
3559	207
3560	200
3561	239
3562	201
3563	187
3564	226
3565	241
3566	240
3567	186
3568	208
3569	257
3570	221
3571	195
3572	149
3573	179
3574	181
3575	171
3576	198
3577	198
3578	236
3579	236
3580	201
3581	148
3582	189
3583	211
3584	172
3585	182
3586	170
3587	212
3588	218
3589	246
3590	240
3591	180
3592	197
3593	182
3594	213
3595	195
3596	210
3597	168
3598	188
3599	171
3600	186
3601	213
3602	196
3603	203
3604	226
3605	206
3606	240
3607	221
3608	238
3609	208
3610	231
3611	226
3612	255
3613	267
3614	176
3615	196
3616	189
3617	186
3618	250
3619	210
3620	256
3621	267
3622	201
3623	189
3624	157
3625	216
3626	156
3627	152
3628	164
3629	151
3630	166
3631	166
3632	194
3633	183
3634	134
3635	170
3636	240
3637	229
3638	223
3639	209
3640	207
3641	204
3642	157
3643	174
3644	246
3645	242
3646	224
3647	245
3648	198
3649	234
3650	186
3651	223
3652	188
3653	188
3654	174
3655	193
3656	188
3657	191
3658	215
3659	215
3660	188
3661	162
3662	208
3663	194
3664	211
3665	232
3666	187
3667	205
3668	180
3669	199
3670	188
3671	163
3672	230
3673	233
3674	225
3675	200
3676	176
3677	190
3678	164
3679	212
3680	213
3681	182
3682	188
3683	201
3684	239
3685	209
3686	240
3687	235
3688	248
3689	199
3690	239
3691	194
3692	185
3693	204
3694	244
3695	213
3696	196
3697	185
3698	234
3699	224
3700	212
3701	170
3702	194
3703	175
3704	200
3705	180
3706	194
3707	184
3708	242
3709	261
3710	254
3711	220
3712	218
3713	173
3714	180
3715	191
3716	196
3717	161
3718	166
3719	203
3720	168
3721	184
3722	168
3723	204
3724	236
3725	165
3726	161
3727	184
3728	165
3729	142
3730	187
3731	217
3732	231
3733	145
3734	206
3735	176
3736	189
3737	199
3738	180
3739	172
3740	166
3741	176
3742	210
3743	245
3744	176
3745	204
3746	228
3747	196
3748	208
3749	157
3750	175
3751	165
3752	211
3753	184
3754	181
3755	218
3756	229
3757	222
3758	188
3759	203
3760	210
3761	222
3762	226
3763	207
3764	194
3765	213
3766	215
3767	231
3768	186
3769	214
3770	206
3771	203
3772	205
3773	218
3774	183
3775	185
3776	169
3777	181
3778	172
3779	169
3780	175
3781	202
3782	195
3783	153
3784	212
3785	177
3786	147
3787	168
3788	207
3789	211
3790	220
3791	187
3792	180
3793	165
3794	191
3795	204
3796	190
3797	188
3798	184
3799	185
3800	199
3801	223
3802	215
3803	185
3804	216
3805	206
3806	185
3807	160
3808	201
3809	231
3810	177
3811	177
3812	195
3813	169
3814	198
3815	177
3816	198
3817	189
3818	218
3819	230
3820	235
3821	242
3822	204
3823	223
3824	235
3825	166
3826	173
3827	182
3828	156
3829	196
3830	190
3831	225
3832	225
3833	178
3834	195
3835	152
3836	185
3837	234
3838	183
3839	182
3840	215
3841	222
3842	171
3843	185
3844	178
3845	180
3846	159
3847	249
3848	201
3849	199
3850	190
3851	197
3852	197
3853	179
3854	177
3855	136
3856	154
3857	177
3858	181
3859	201
3860	180
3861	174
3862	185
3863	208
3864	185
3865	233
3866	198
3867	183
3868	172
3869	212
3870	182
3871	276
3872	206
3873	198
3874	216
3875	219
3876	175
3877	224
3878	225
3879	190
3880	267
3881	242
3882	238
3883	250
3884	194
3885	224
3886	221
3887	168
3888	228
3889	241
3890	204
3891	245
3892	197
3893	240
3894	241
3895	235
3896	230
3897	197
3898	279
3899	228
3900	272
3901	259
3902	221
3903	218
3904	230
3905	243
3906	288
3907	184
3908	232
3909	241
3910	237
3911	262
3912	237
3913	265
3914	292
3915	259
3916	230
3917	301
3918	239
3919	273
3920	255
3921	227
3922	246
3923	228
3924	245
3925	252
3926	256
3927	217
3928	276
3929	222
3930	259
3931	233
3932	254
3933	281
3934	245
3935	237
3936	268
3937	258
3938	294
3939	315
3940	274
3941	297
3942	299
3943	292
3944	242
3945	238
3946	220
3947	231
3948	193
3949	214
3950	276
3951	259
3952	222
3953	224
3954	220
3955	226
3956	236
3957	199
3958	242
3959	198
3960	211
3961	206
3962	178
3963	178
3964	185
3965	168
3966	153
3967	139
3968	182
3969	163
3970	171
3971	170
3972	205
3973	227
3974	247
3975	213
3976	159
3977	205
3978	207
3979	160
3980	180
3981	200
3982	199
3983	189
3984	170
3985	199
3986	225
3987	186
3988	219
3989	176
3990	166
3991	179
3992	199
3993	148
3994	201
3995	182
3996	170
3997	197
3998	187
3999	156
4000	196
4001	230
4002	194
4003	220
4004	191
4005	215
4006	193
4007	220
4008	194
4009	246
4010	212
4011	181
4012	237
4013	208
4014	168
4015	199
4016	195
4017	273
4018	246
4019	219
4020	209
4021	231
4022	209
4023	187
4024	207
4025	196
4026	207
4027	209
4028	196
4029	182
4030	212
4031	243
4032	210
4033	195
4034	251
4035	226
4036	201
4037	210
4038	231
4039	292
4040	258
4041	244
4042	267
4043	207
4044	254
4045	210
4046	217
4047	269
4048	229
4049	235
4050	250
4051	285
4052	232
4053	226
4054	273
4055	266
4056	273
4057	250
4058	260
4059	273
4060	318
4061	255
4062	220
4063	213
4064	293
4065	282
4066	312
4067	253
4068	278
4069	241
4070	214
4071	269
4072	220
4073	270
4074	189
4075	215
4076	234
4077	230
4078	238
4079	208
4080	219
4081	225
4082	248
4083	200
4084	210
4085	208
4086	254
4087	228
4088	191
4089	222
4090	212
4091	255
4092	240
4093	195
4094	241
4095	259
4096	241
4097	265
4098	310
4099	305
4100	178
4101	217
4102	212
4103	227
4104	192
4105	194
4106	203
4107	211
4108	168
4109	190
4110	158
4111	176
4112	199
4113	166
4114	214
4115	180
4116	165
4117	203
4118	211
4119	143
4120	180
4121	178
4122	158
4123	140
4124	160
4125	167
4126	176
4127	172
4128	174
4129	202
4130	204
4131	163
4132	210
4133	182
4134	205
4135	194
4136	207
4137	204
4138	165
4139	207
4140	222
4141	195
4142	197
4143	213
4144	225
4145	158
4146	169
4147	165
4148	187
4149	131
4150	156
4151	176
4152	159
4153	172
4154	223
4155	201
4156	260
4157	157
4158	210
4159	150
4160	182
4161	196
4162	166
4163	175
4164	145
4165	146
4166	172
4167	181
4168	185
4169	176
4170	154
4171	195
4172	221
4173	169
4174	184
4175	174
4176	147
4177	154
4178	160
4179	149
4180	188
4181	167
4182	181
4183	171
4184	160
4185	155
4186	184
4187	162
4188	198
4189	158
4190	176
4191	207
4192	216
4193	141
4194	193
4195	144
4196	156
4197	168
4198	125
4199	157
4200	171
4201	185
4202	187
4203	155
4204	151
4205	202
4206	185
4207	162
4208	153
4209	180
4210	169
4211	158
4212	199
4213	188
4214	124
4215	170
4216	160
4217	172
4218	187
4219	141
4220	138
4221	195
4222	160
4223	159
4224	131
4225	135
4226	173
4227	152
4228	184
4229	175
4230	130
4231	177
4232	152
4233	155
4234	164
4235	170
4236	143
4237	146
4238	160
4239	148
4240	160
4241	151
4242	173
4243	152
4244	140
4245	139
4246	142
4247	113
4248	154
4249	143
4250	166
4251	197
4252	163
4253	182
4254	172
4255	148
4256	223
4257	163
4258	135
4259	177
4260	156
4261	163
4262	152
4263	165
4264	158
4265	152
4266	164
4267	168
4268	163
4269	180
4270	161
4271	199
4272	183
4273	158
4274	174
4275	164
4276	175
4277	156
4278	120
4279	166
4280	199
4281	200
4282	158
4283	190
4284	194
4285	156
4286	177
4287	152
4288	153
4289	159
4290	158
4291	199
4292	191
4293	155
4294	152
4295	166
4296	154
4297	172
4298	161
4299	153
4300	162
4301	136
4302	155
4303	178
4304	103
4305	118
4306	123
4307	168
4308	178
4309	176
4310	152
4311	194
4312	196
4313	173
4314	132
4315	177
4316	163
4317	166
4318	164
4319	139
4320	175
4321	148
4322	130
4323	150
4324	170
4325	156
4326	140
4327	150
4328	150
4329	180
4330	179
4331	176
4332	149
4333	100
4334	104
4335	147
4336	160
4337	166
4338	161
4339	137
4340	172
4341	139
4342	158
4343	139
4344	127
4345	147
4346	140
4347	123
4348	121
4349	159
4350	147
4351	161
4352	136
4353	129
4354	158
4355	178
4356	130
4357	140
4358	144
4359	159
4360	123
4361	162
4362	153
4363	133
4364	113
4365	127
4366	123
4367	126
4368	146
4369	107
4370	205
4371	165
4372	184
4373	189
4374	170
4375	127
4376	135
4377	136
4378	87
4379	112
4380	149
4381	135
4382	144
4383	154
4384	140
4385	138
4386	158
4387	140
4388	182
4389	149
4390	163
4391	104
4392	138
4393	114
4394	113
4395	121
4396	126
4397	162
4398	157
4399	218
4400	170
4401	195
4402	182
4403	185
4404	153
4405	162
4406	170
4407	204
4408	146
4409	132
4410	173
4411	146
4412	135
4413	155
4414	179
4415	168
4416	165
4417	144
4418	141
4419	124
4420	131
4421	148
4422	162
4423	130
4424	119
4425	146
4426	160
4427	113
4428	156
4429	153
4430	147
4431	156
4432	116
4433	169
4434	157
4435	101
4436	134
4437	146
4438	152
4439	103
4440	139
4441	123
4442	153
4443	136
4444	119
4445	95
4446	135
4447	128
4448	129
4449	120
4450	167
4451	162
4452	113
4453	133
4454	143
4455	120
4456	182
4457	142
4458	125
4459	126
4460	163
4461	129
4462	161
4463	165
4464	143
4465	160
4466	129
4467	155
4468	148
4469	141
4470	186
4471	144
4472	146
4473	163
4474	126
4475	190
4476	119
4477	142
4478	145
4479	135
4480	139
4481	122
4482	152
4483	199
4484	159
4485	155
4486	158
4487	129
4488	147
4489	134
4490	150
4491	137
4492	146
4493	185
4494	102
4495	157
4496	122
4497	148
4498	132
4499	145
4500	168
4501	143
4502	145
4503	184
4504	162
4505	176
4506	173
4507	158
4508	140
4509	165
4510	140
4511	150
4512	217
4513	200
4514	175
4515	176
4516	173
4517	135
4518	160
4519	169
4520	177
4521	166
4522	175
4523	164
4524	97
4525	116
4526	138
4527	133
4528	127
4529	178
4530	202
4531	163
4532	157
4533	121
4534	161
4535	141
4536	157
4537	142
4538	154
4539	123
4540	151
4541	165
4542	133
4543	158
4544	119
4545	162
4546	130
4547	148
4548	184
4549	146
4550	191
4551	186
4552	201
4553	223
4554	203
4555	191
4556	174
4557	193
4558	185
4559	200
4560	124
4561	170
4562	146
4563	118
4564	158
4565	202
4566	132
4567	142
4568	170
4569	133
4570	160
4571	143
4572	134
4573	143
4574	130
4575	158
4576	154
4577	163
4578	154
4579	166
4580	182
4581	155
4582	173
4583	160
4584	187
4585	193
4586	190
4587	170
4588	149
4589	152
4590	193
4591	197
4592	159
4593	171
4594	154
4595	157
4596	169
4597	159
4598	184
4599	179
4600	177
4601	173
4602	163
4603	157
4604	164
4605	155
4606	176
4607	131
4608	180
4609	200
4610	131
4611	155
4612	164
4613	134
4614	136
4615	164
4616	169
4617	180
4618	163
4619	153
4620	179
4621	142
4622	149
4623	155
4624	137
4625	116
4626	113
4627	142
4628	128
4629	127
4630	158
4631	200
4632	202
4633	150
4634	158
4635	161
4636	162
4637	162
4638	122
4639	186
4640	142
4641	158
4642	137
4643	152
4644	119
4645	136
4646	158
4647	149
4648	141
4649	132
4650	133
4651	117
4652	159
4653	160
4654	147
4655	136
4656	168
4657	188
4658	197
4659	163
4660	148
4661	119
4662	134
4663	164
4664	164
4665	186
4666	144
4667	104
4668	147
4669	173
4670	124
4671	155
4672	131
4673	130
4674	121
4675	127
4676	159
4677	167
4678	124
4679	121
4680	206
4681	147
4682	192
4683	155
4684	161
4685	147
4686	175
4687	177
4688	104
4689	102
4690	166
4691	146
4692	158
4693	184
4694	139
4695	128
4696	172
4697	144
4698	122
4699	121
4700	136
4701	121
4702	155
4703	132
4704	130
4705	122
4706	118
4707	114
4708	119
4709	112
4710	113
4711	145
4712	122
4713	151
4714	143
4715	144
4716	154
4717	131
4718	157
4719	114
4720	135
4721	128
4722	138
4723	167
4724	128
4725	112
4726	138
4727	135
4728	167
4729	146
4730	175
4731	146
4732	127
4733	145
4734	152
4735	129
4736	137
4737	132
4738	133
4739	98
4740	156
4741	131
4742	163
4743	161
4744	154
4745	179
4746	151
4747	157
4748	155
4749	122
4750	134
4751	148
4752	104
4753	141
4754	148
4755	157
4756	134
4757	127
4758	146
4759	150
4760	166
4761	117
4762	125
4763	185
4764	147
4765	136
4766	142
4767	100
4768	153
4769	176
4770	169
4771	168
4772	136
4773	154
4774	156
4775	153
4776	129
4777	148
4778	140
4779	125
4780	131
4781	143
4782	112
4783	114
4784	175
4785	175
4786	150
4787	148
4788	144
4789	134
4790	120
4791	130
4792	136
4793	164
4794	147
4795	166
4796	154
4797	149
4798	163
4799	134
4800	164
4801	106
4802	141
4803	118
4804	126
4805	140
4806	155
4807	165
4808	133
4809	139
4810	163
4811	131
4812	140
4813	129
4814	172
4815	151
4816	146
4817	140
4818	147
4819	149
4820	137
4821	141
4822	146
4823	113
4824	109
4825	117
4826	122
4827	154
4828	147
4829	121
4830	125
4831	151
4832	111
4833	85
4834	110
4835	121
4836	83
4837	129
4838	138
4839	121
4840	149
4841	130
4842	153
4843	175
4844	158
4845	138
4846	120
4847	100
4848	133
4849	141
4850	119
4851	126
4852	145
4853	95
4854	110
4855	141
4856	105
4857	130
4858	142
4859	125
4860	137
4861	114
4862	150
4863	147
4864	125
4865	131
4866	107
4867	152
4868	122
4869	121
4870	116
4871	116
4872	110
4873	130
4874	118
4875	113
4876	95
4877	105
4878	124
4879	134
4880	107
4881	89
4882	89
4883	111
4884	151
4885	139
4886	140
4887	127
4888	143
4889	124
4890	199
4891	84
4892	142
4893	149
4894	120
4895	136
4896	119
4897	121
4898	149
4899	127
4900	129
4901	148
4902	129
4903	170
4904	137
4905	148
4906	169
4907	137
4908	150
4909	164
4910	138
4911	129
4912	143
4913	135
4914	173
4915	153
4916	148
4917	110
4918	189
4919	145
4920	142
4921	138
4922	148
4923	141
4924	124
4925	111
4926	109
4927	113
4928	135
4929	156
4930	143
4931	98
4932	138
4933	145
4934	142
4935	175
4936	153
4937	135
4938	156
4939	120
4940	112
4941	131
4942	101
4943	86
4944	88
4945	81
4946	141
4947	146
4948	136
4949	176
4950	153
4951	104
4952	119
4953	143
4954	148
4955	117
4956	122
4957	129
4958	150
4959	156
4960	135
4961	129
4962	132
4963	126
4964	175
4965	138
4966	129
4967	159
4968	123
4969	117
4970	99
4971	130
4972	104
4973	104
4974	141
4975	152
4976	130
4977	141
4978	125
4979	155
4980	195
4981	146
4982	113
4983	113
4984	100
4985	116
4986	110
4987	92
4988	104
4989	147
4990	117
4991	89
4992	150
4993	143
4994	120
4995	148
4996	157
4997	119
4998	138
4999	111
5000	119
5001	140
5002	121
5003	168
5004	131
5005	146
5006	156
5007	159
5008	140
5009	148
5010	101
5011	123
5012	151
5013	170
5014	157
5015	126
5016	128
5017	163
5018	162
5019	176
5020	153
5021	202
5022	171
5023	124
5024	137
5025	130
5026	138
5027	153
5028	177
5029	112
5030	134
5031	161
5032	171
5033	122
5034	168
5035	172
5036	119
5037	131
5038	125
5039	145
5040	117
5041	160
5042	158
5043	172
5044	161
5045	157
5046	161
5047	113
5048	117
5049	124
5050	141
5051	155
5052	148
5053	112
5054	121
5055	155
5056	221
5057	160
5058	137
5059	151
5060	135
5061	134
5062	156
5063	145
5064	144
5065	144
5066	148
5067	131
5068	136
5069	186
5070	146
5071	194
5072	176
5073	143
5074	181
5075	148
5076	141
5077	184
5078	166
5079	158
5080	119
5081	115
5082	120
5083	105
5084	162
5085	116
5086	142
5087	156
5088	169
5089	145
5090	123
5091	108
5092	147
5093	145
5094	178
5095	196
5096	153
5097	189
5098	127
5099	150
5100	141
5101	164
5102	143
5103	143
5104	183
5105	157
5106	154
5107	146
5108	142
5109	106
5110	158
5111	121
5112	126
5113	138
5114	121
5115	131
5116	179
5117	161
5118	120
5119	129
5120	136
5121	165
5122	156
5123	159
5124	123
5125	114
5126	116
5127	123
5128	181
5129	105
5130	117
5131	110
5132	123
5133	137
5134	185
5135	127
5136	163
5137	135
5138	122
5139	125
5140	160
5141	179
5142	144
5143	152
5144	132
5145	92
5146	158
5147	125
5148	159
5149	165
5150	131
5151	135
5152	127
5153	164
5154	138
5155	185
5156	172
5157	180
5158	125
5159	128
5160	135
5161	172
5162	141
5163	155
5164	171
5165	106
5166	133
5167	120
5168	134
5169	116
5170	119
5171	108
5172	101
5173	119
5174	101
5175	141
5176	113
5177	154
5178	138
5179	116
5180	130
5181	105
5182	130
5183	135
5184	117
5185	116
5186	101
5187	126
5188	108
5189	122
5190	110
5191	129
5192	107
5193	118
5194	144
5195	148
5196	92
5197	137
5198	114
5199	119
5200	138
5201	99
5202	76
5203	99
5204	124
5205	80
5206	79
5207	104
5208	113
5209	151
5210	119
5211	91
5212	145
5213	101
5214	108
5215	109
5216	81
5217	94
5218	83
5219	105
5220	108
5221	80
5222	69
5223	91
5224	85
5225	93
5226	77
5227	128
5228	102
5229	126
5230	111
5231	124
5232	100
5233	109
5234	104
5235	103
5236	140
5237	150
5238	120
5239	139
5240	118
5241	127
5242	117
5243	131
5244	110
5245	140
5246	113
5247	107
5248	141
5249	159
5250	120
5251	130
5252	125
5253	108
5254	121
5255	78
5256	136
5257	164
5258	147
5259	113
5260	109
5261	120
5262	117
5263	99
5264	136
5265	111
5266	127
5267	152
5268	142
5269	119
5270	129
5271	119
5272	146
5273	123
5274	97
5275	145
5276	104
5277	89
5278	136
5279	114
5280	136
5281	138
5282	134
5283	128
5284	126
5285	130
5286	169
5287	127
5288	143
5289	104
5290	125
5291	148
5292	133
5293	121
5294	154
5295	113
5296	118
5297	108
5298	130
5299	127
5300	148
5301	130
5302	137
5303	113
5304	126
5305	106
5306	120
5307	91
5308	106
5309	98
5310	119
5311	113
5312	97
5313	94
5314	129
5315	116
5316	121
5317	114
5318	132
5319	109
5320	105
5321	122
5322	118
5323	126
5324	123
5325	95
5326	97
5327	71
5328	103
5329	98
5330	105
5331	89
5332	137
5333	115
5334	84
5335	103
5336	105
5337	96
5338	75
5339	107
5340	129
5341	131
5342	100
5343	82
5344	81
5345	113
5346	123
5347	118
5348	110
5349	119
5350	124
5351	131
5352	116
5353	108
5354	92
5355	108
5356	122
5357	96
5358	127
5359	148
5360	110
5361	103
5362	121
5363	137
5364	118
5365	107
5366	118
5367	101
5368	131
5369	109
5370	76
5371	106
5372	102
5373	142
5374	94
5375	106
5376	101
5377	111
5378	110
5379	115
5380	61
5381	110
5382	114
5383	85
5384	77
5385	81
5386	101
5387	108
5388	91
5389	127
5390	97
5391	104
5392	102
5393	125
5394	113
5395	97
5396	120
5397	96
5398	127
5399	134
5400	121
5401	128
5402	127
5403	126
5404	116
5405	133
5406	93
5407	151
5408	110
5409	120
5410	138
5411	85
5412	105
5413	123
5414	132
5415	105
5416	123
5417	110
5418	123
5419	148
5420	125
5421	110
5422	110
5423	138
5424	117
5425	157
5426	105
5427	114
5428	134
5429	87
5430	130
5431	159
5432	118
5433	125
5434	115
5435	104
5436	94
5437	119
5438	106
5439	119
5440	122
5441	116
5442	122
5443	125
5444	124
5445	108
5446	142
5447	142
5448	121
5449	136
5450	95
5451	81
5452	92
5453	91
5454	102
5455	126
5456	99
5457	123
5458	105
5459	140
5460	140
5461	81
5462	92
5463	125
5464	141
5465	150
5466	118
5467	91
5468	91
5469	107
5470	133
5471	128
5472	142
5473	138
5474	119
5475	132
5476	137
5477	119
5478	110
5479	130
5480	80
5481	114
5482	101
5483	121
5484	107
5485	132
5486	129
5487	119
5488	102
5489	135
5490	104
5491	144
5492	117
5493	110
5494	96
5495	91
5496	118
5497	101
5498	142
5499	115
5500	127
5501	119
5502	80
5503	128
5504	90
5505	116
5506	140
5507	169
5508	134
5509	130
5510	120
5511	125
5512	131
5513	150
5514	115
5515	138
5516	99
5517	143
5518	106
5519	139
5520	109
5521	107
5522	149
5523	155
5524	138
5525	96
5526	107
5527	116
5528	134
5529	102
5530	126
5531	160
5532	135
5533	137
5534	136
5535	146
5536	127
5537	171
5538	172
5539	178
5540	143
5541	157
5542	158
5543	134
5544	156
5545	148
5546	142
5547	149
5548	110
5549	129
5550	106
5551	121
5552	122
5553	81
5554	114
5555	105
5556	150
5557	102
5558	144
5559	125
5560	116
5561	91
5562	131
5563	111
5564	129
5565	133
5566	117
5567	134
5568	126
5569	125
5570	127
5571	116
5572	117
5573	127
5574	112
5575	135
5576	135
5577	114
5578	120
5579	118
5580	119
5581	144
5582	111
5583	118
5584	119
5585	100
5586	140
5587	168
5588	98
5589	106
5590	94
5591	129
5592	117
5593	101
5594	139
5595	128
5596	144
5597	150
5598	110
5599	111
5600	115
5601	109
5602	101
5603	109
5604	102
5605	114
5606	127
5607	110
5608	112
5609	97
5610	88
5611	114
5612	83
5613	96
5614	126
5615	91
5616	103
5617	117
5618	120
5619	92
5620	86
5621	118
5622	91
5623	167
5624	110
5625	99
5626	111
5627	102
5628	129
5629	122
5630	158
5631	107
5632	130
5633	126
5634	146
5635	139
5636	133
5637	152
5638	130
5639	132
5640	94
5641	136
5642	104
5643	126
5644	118
5645	118
5646	86
5647	131
5648	106
5649	105
5650	109
5651	145
5652	131
5653	110
5654	115
5655	135
5656	150
5657	138
5658	122
5659	119
5660	98
5661	121
5662	100
5663	100
5664	120
5665	121
5666	122
5667	101
5668	118
5669	138
5670	109
5671	115
5672	143
5673	99
5674	115
5675	154
5676	139
5677	112
5678	137
5679	123
5680	144
5681	140
5682	111
5683	80
5684	132
5685	79
5686	141
5687	111
5688	120
5689	156
5690	141
5691	123
5692	125
5693	121
5694	128
5695	123
5696	122
5697	93
5698	89
5699	125
5700	102
5701	108
5702	96
5703	96
5704	108
5705	92
5706	96
5707	84
5708	88
5709	116
5710	114
5711	116
5712	140
5713	90
5714	113
5715	104
5716	141
5717	140
5718	113
5719	111
5720	133
5721	98
5722	91
5723	134
5724	85
5725	80
5726	90
5727	106
5728	128
5729	85
5730	79
5731	41
5732	67
5733	111
5734	74
5735	97
5736	99
5737	91
5738	90
5739	102
5740	96
5741	100
5742	123
5743	117
5744	116
5745	100
5746	98
5747	100
5748	113
5749	127
5750	103
5751	101
5752	104
5753	139
5754	101
5755	114
5756	75
5757	114
5758	135
5759	102
5760	92
5761	104
5762	71
5763	95
5764	78
5765	102
5766	113
5767	107
5768	103
5769	98
5770	64
5771	94
5772	73
5773	87
5774	92
5775	93
5776	104
5777	114
5778	98
5779	97
5780	87
5781	82
5782	125
5783	117
5784	145
5785	130
5786	100
5787	111
5788	85
5789	127
5790	104
5791	109
5792	125
5793	78
5794	134
5795	112
5796	81
5797	59
5798	88
5799	100
5800	110
5801	117
5802	102
5803	109
5804	125
5805	108
5806	77
5807	102
5808	126
5809	119
5810	107
5811	130
5812	110
5813	121
5814	106
5815	117
5816	128
5817	90
5818	115
5819	115
5820	94
5821	100
5822	120
5823	102
5824	91
5825	96
5826	98
5827	94
5828	112
5829	118
5830	103
5831	127
5832	128
5833	132
5834	116
5835	85
5836	95
5837	86
5838	109
5839	130
5840	130
5841	135
5842	115
5843	111
5844	121
5845	135
5846	112
5847	92
5848	110
5849	94
5850	140
5851	116
5852	111
5853	86
5854	89
5855	117
5856	141
5857	116
5858	100
5859	136
5860	106
5861	96
5862	115
5863	68
5864	100
5865	83
5866	104
5867	104
5868	87
5869	103
5870	104
5871	105
5872	114
5873	123
5874	87
5875	106
5876	108
5877	108
5878	95
5879	87
5880	91
5881	113
5882	119
5883	118
5884	86
5885	102
5886	67
5887	77
5888	90
5889	108
5890	90
5891	123
5892	96
5893	110
5894	126
5895	119
5896	147
5897	105
5898	96
5899	117
5900	103
5901	96
5902	113
5903	131
5904	131
5905	86
5906	132
5907	135
5908	113
5909	126
5910	145
5911	120
5912	107
5913	107
5914	112
5915	145
5916	92
5917	92
5918	106
5919	117
5920	148
5921	158
5922	143
5923	119
5924	135
5925	140
5926	135
5927	127
5928	148
5929	115
5930	108
5931	98
5932	106
5933	111
5934	109
5935	128
5936	139
5937	146
5938	163
5939	105
5940	83
5941	108
5942	97
5943	92
5944	108
5945	137
5946	119
5947	121
5948	76
5949	100
5950	105
5951	146
5952	109
5953	114
5954	131
5955	135
5956	151
5957	109
5958	140
5959	113
5960	152
5961	145
5962	146
5963	162
5964	129
5965	147
5966	123
5967	116
5968	126
5969	123
5970	130
5971	141
5972	142
5973	120
5974	137
5975	74
5976	110
5977	86
5978	101
5979	112
5980	91
5981	103
5982	106
5983	113
5984	148
5985	124
5986	137
5987	96
5988	97
5989	116
5990	144
5991	118
5992	95
5993	109
5994	134
5995	106
5996	80
5997	113
5998	92
5999	126
6000	99
6001	91
6002	106
6003	95
6004	138
6005	121
6006	136
6007	153
6008	138
6009	127
6010	123
6011	93
6012	101
6013	114
6014	101
6015	100
6016	80
6017	111
6018	104
6019	99
6020	94
6021	100
6022	96
6023	80
6024	89
6025	116
6026	103
6027	96
6028	101
6029	98
6030	155
6031	130
6032	102
6033	124
6034	204
6035	126
6036	124
6037	109
6038	109
6039	125
6040	133
6041	132
6042	91
6043	103
6044	78
6045	68
6046	83
6047	98
6048	113
6049	126
6050	98
6051	90
6052	135
6053	91
6054	97
6055	105
6056	133
6057	77
6058	84
6059	81
6060	90
6061	130
6062	101
6063	81
6064	124
6065	105
6066	116
6067	90
6068	103
6069	90
6070	86
6071	61
6072	88
6073	82
6074	75
6075	66
6076	66
6077	90
6078	82
6079	92
6080	115
6081	111
6082	87
6083	126
6084	103
6085	91
6086	56
6087	81
6088	105
6089	121
6090	105
6091	106
6092	118
6093	78
6094	110
6095	100
6096	103
6097	94
6098	118
6099	106
6100	75
6101	109
6102	85
6103	113
6104	110
6105	115
6106	104
6107	90
6108	81
6109	99
6110	97
6111	102
6112	115
6113	82
6114	86
6115	98
6116	81
6117	116
6118	139
6119	109
6120	109
6121	120
6122	123
6123	109
6124	97
6125	100
6126	104
6127	96
6128	59
6129	96
6130	85
6131	96
6132	103
6133	118
6134	89
6135	88
6136	84
6137	91
6138	84
6139	144
6140	159
6141	108
6142	104
6143	79
6144	137
6145	88
6146	84
6147	108
6148	105
6149	92
6150	89
6151	129
6152	154
6153	120
6154	143
6155	129
6156	140
6157	98
6158	109
6159	74
6160	95
6161	121
6162	116
6163	109
6164	150
6165	122
6166	117
6167	95
6168	105
6169	93
6170	84
6171	73
6172	100
6173	93
6174	91
6175	90
6176	94
6177	89
6178	105
6179	85
6180	61
6181	84
6182	124
6183	84
6184	78
6185	90
6186	93
6187	98
6188	103
6189	122
6190	120
6191	98
6192	113
6193	84
6194	70
6195	86
6196	89
6197	80
6198	92
6199	69
6200	49
6201	88
6202	63
6203	87
6204	60
6205	93
6206	77
6207	101
6208	92
6209	79
6210	76
6211	105
6212	94
6213	125
6214	89
6215	93
6216	117
6217	99
6218	88
6219	86
6220	87
6221	88
6222	118
6223	96
6224	127
6225	121
6226	113
6227	130
6228	92
6229	85
6230	79
6231	99
6232	83
6233	111
6234	113
6235	117
6236	132
6237	115
6238	101
6239	96
6240	84
6241	119
6242	101
6243	104
6244	84
6245	85
6246	63
6247	79
6248	75
6249	82
6250	85
6251	65
6252	84
6253	103
6254	110
6255	134
6256	127
6257	132
6258	96
6259	100
6260	113
6261	118
6262	118
6263	91
6264	143
6265	114
6266	90
6267	131
6268	113
6269	116
6270	124
6271	119
6272	147
6273	127
6274	106
6275	107
6276	88
6277	85
6278	142
6279	103
6280	90
6281	108
6282	110
6283	97
6284	92
6285	120
6286	117
6287	109
6288	107
6289	116
6290	118
6291	113
6292	82
6293	104
6294	100
6295	120
6296	123
6297	106
6298	101
6299	92
6300	104
6301	103
6302	102
6303	101
6304	127
6305	112
6306	93
6307	85
6308	107
6309	99
6310	122
6311	96
6312	117
6313	114
6314	119
6315	127
6316	97
6317	102
6318	138
6319	126
6320	136
6321	113
6322	95
6323	84
6324	87
6325	79
6326	84
6327	69
6328	83
6329	98
6330	50
6331	83
6332	71
6333	84
6334	128
6335	129
6336	132
6337	99
6338	112
6339	129
6340	137
6341	127
6342	126
6343	100
6344	109
6345	91
6346	75
6347	83
6348	95
6349	100
6350	92
6351	116
6352	77
6353	85
6354	120
6355	90
6356	87
6357	89
6358	104
6359	103
6360	97
6361	101
6362	106
6363	151
6364	120
6365	100
6366	93
6367	67
6368	75
6369	75
6370	121
6371	77
6372	118
6373	97
6374	112
6375	77
6376	117
6377	86
6378	83
6379	99
6380	106
6381	103
6382	95
6383	67
6384	105
6385	67
6386	79
6387	72
6388	86
6389	83
6390	110
6391	93
6392	118
6393	67
6394	66
6395	66
6396	75
6397	91
6398	58
6399	94
6400	96
6401	66
6402	94
6403	95
6404	65
6405	89
6406	79
6407	105
6408	78
6409	76
6410	77
6411	83
6412	60
6413	105
6414	86
6415	89
6416	120
6417	70
6418	77
6419	94
6420	87
6421	79
6422	95
6423	85
6424	106
6425	93
6426	62
6427	94
6428	80
6429	86
6430	101
6431	108
6432	97
6433	91
6434	73
6435	98
6436	76
6437	90
6438	95
6439	93
6440	74
6441	117
6442	138
6443	120
6444	121
6445	108
6446	105
6447	97
6448	126
6449	86
6450	101
6451	85
6452	136
6453	128
6454	87
6455	101
6456	89
6457	102
6458	88
6459	74
6460	92
6461	95
6462	65
6463	68
6464	75
6465	105
6466	73
6467	101
6468	103
6469	79
6470	97
6471	97
6472	106
6473	118
6474	88
6475	82
6476	106
6477	56
6478	77
6479	68
6480	106
6481	127
6482	97
6483	86
6484	100
6485	111
6486	119
6487	104
6488	134
6489	95
6490	134
6491	132
6492	97
6493	134
6494	129
6495	114
6496	76
6497	118
6498	120
6499	92
6500	90
6501	69
6502	81
6503	131
6504	114
6505	140
6506	131
6507	121
6508	132
6509	124
6510	82
6511	87
6512	78
6513	68
6514	60
6515	79
6516	88
6517	101
6518	82
6519	102
6520	104
6521	90
6522	81
6523	84
6524	106
6525	105
6526	112
6527	110
6528	84
6529	78
6530	75
6531	84
6532	97
6533	91
6534	64
6535	73
6536	107
6537	104
6538	125
6539	73
6540	92
6541	87
6542	109
6543	132
6544	95
6545	80
6546	87
6547	80
6548	73
6549	106
6550	73
6551	110
6552	99
6553	124
6554	94
6555	118
6556	105
6557	100
6558	82
6559	88
6560	105
6561	118
6562	118
6563	144
6564	97
6565	106
6566	104
6567	69
6568	42
6569	50
6570	58
6571	61
6572	78
6573	79
6574	65
6575	93
6576	84
6577	84
6578	107
6579	78
6580	62
6581	66
6582	82
6583	59
6584	64
6585	97
6586	82
6587	86
6588	98
6589	103
6590	100
6591	97
6592	88
6593	76
6594	60
6595	43
6596	88
6597	105
6598	84
6599	91
6600	70
6601	97
6602	85
6603	79
6604	119
6605	79
6606	55
6607	67
6608	75
6609	99
6610	89
6611	77
6612	76
6613	76
6614	95
6615	58
6616	85
6617	71
6618	56
6619	69
6620	69
6621	95
6622	61
6623	61
6624	60
6625	79
6626	65
6627	40
6628	61
6629	46
6630	59
6631	82
6632	61
6633	67
6634	81
6635	71
6636	84
6637	83
6638	72
6639	81
6640	85
6641	98
6642	78
6643	67
6644	69
6645	59
6646	85
6647	69
6648	48
6649	48
6650	57
6651	86
6652	70
6653	57
6654	78
6655	66
6656	82
6657	79
6658	92
6659	67
6660	99
6661	62
6662	91
6663	84
6664	72
6665	80
6666	60
6667	61
6668	46
6669	36
6670	54
6671	70
6672	61
6673	58
6674	86
6675	96
6676	76
6677	60
6678	79
6679	81
6680	101
6681	82
6682	86
6683	77
6684	84
6685	78
6686	75
6687	67
6688	66
6689	70
6690	80
6691	54
6692	55
6693	64
6694	88
6695	90
6696	103
6697	79
6698	78
6699	104
6700	101
6701	82
6702	71
6703	77
6704	72
6705	53
6706	71
6707	86
6708	80
6709	56
6710	69
6711	100
6712	100
6713	71
6714	99
6715	110
6716	104
6717	94
6718	103
6719	64
6720	90
6721	91
6722	64
6723	85
6724	100
6725	80
6726	82
6727	88
6728	60
6729	91
6730	85
6731	101
6732	80
6733	75
6734	132
6735	96
6736	72
6737	125
6738	115
6739	121
6740	129
6741	73
6742	61
6743	77
6744	60
6745	103
6746	114
6747	107
6748	118
6749	91
6750	120
6751	115
6752	110
6753	103
6754	98
6755	109
6756	126
6757	118
6758	67
6759	74
6760	70
6761	80
6762	84
6763	110
6764	68
6765	72
6766	75
6767	70
6768	79
6769	77
6770	101
6771	109
6772	108
6773	109
6774	104
6775	110
6776	102
6777	96
6778	113
6779	102
6780	89
6781	81
6782	114
6783	94
6784	67
6785	92
6786	76
6787	93
6788	73
6789	98
6790	98
6791	96
6792	97
6793	85
6794	101
6795	129
6796	124
6797	118
6798	102
6799	68
6800	84
6801	70
6802	86
6803	65
6804	79
6805	64
6806	88
6807	97
6808	102
6809	114
6810	85
6811	97
6812	91
6813	103
6814	98
6815	118
6816	97
6817	100
6818	95
6819	85
6820	104
6821	97
6822	99
6823	91
6824	93
6825	121
6826	111
6827	86
6828	86
6829	98
6830	73
6831	96
6832	55
6833	81
6834	88
6835	76
6836	103
6837	94
6838	87
6839	87
6840	113
6841	79
6842	79
6843	70
6844	81
6845	77
6846	69
6847	54
6848	71
6849	67
6850	81
6851	54
6852	64
6853	74
6854	95
6855	71
6856	98
6857	85
6858	98
6859	89
6860	124
6861	71
6862	92
6863	66
6864	62
6865	76
6866	60
6867	63
6868	73
6869	101
6870	88
6871	98
6872	79
6873	84
6874	84
6875	117
6876	84
6877	139
6878	70
6879	107
6880	90
6881	73
6882	62
6883	89
6884	112
6885	110
6886	84
6887	71
6888	84
6889	105
6890	123
6891	122
6892	108
6893	116
6894	67
6895	124
6896	113
6897	84
6898	103
6899	117
6900	108
6901	124
6902	125
6903	130
6904	111
6905	99
6906	80
6907	74
6908	74
6909	97
6910	78
6911	75
6912	83
6913	51
6914	87
6915	97
6916	89
6917	69
6918	111
6919	87
6920	108
6921	117
6922	83
6923	100
6924	79
6925	98
6926	119
6927	74
6928	84
6929	66
6930	81
6931	74
6932	88
6933	90
6934	83
6935	112
6936	93
6937	90
6938	80
6939	75
6940	101
6941	119
6942	87
6943	99
6944	96
6945	84
6946	110
6947	84
6948	115
6949	73
6950	77
6951	71
6952	59
6953	56
6954	61
6955	110
6956	97
6957	89
6958	107
6959	98
6960	107
6961	122
6962	68
6963	105
6964	95
6965	95
6966	86
6967	66
6968	111
6969	141
6970	111
6971	103
6972	114
6973	105
6974	103
6975	82
6976	143
6977	97
6978	107
6979	89
6980	134
6981	113
6982	108
6983	82
6984	102
6985	83
6986	113
6987	113
6988	86
6989	53
6990	102
6991	70
6992	97
6993	95
6994	76
6995	89
6996	98
6997	121
6998	107
6999	119
7000	85
7001	97
7002	70
7003	70
7004	87
7005	70
7006	76
7007	79
7008	72
7009	86
7010	77
7011	87
7012	96
7013	83
7014	72
7015	104
7016	113
7017	90
7018	97
7019	83
7020	69
7021	84
7022	79
7023	74
7024	59
7025	84
7026	91
7027	84
7028	119
7029	112
7030	102
7031	116
7032	106
7033	80
7034	91
7035	91
7036	64
7037	85
7038	84
7039	91
7040	89
7041	69
7042	77
7043	110
7044	105
7045	86
7046	94
7047	102
7048	67
7049	65
7050	90
7051	83
7052	120
7053	77
7054	59
7055	90
7056	103
7057	66
7058	79
7059	101
7060	76
7061	90
7062	87
7063	115
7064	110
7065	132
7066	108
7067	79
7068	88
7069	78
7070	124
7071	84
7072	88
7073	80
7074	75
7075	90
7076	82
7077	85
7078	117
7079	87
7080	72
7081	110
7082	76
7083	68
7084	67
7085	49
7086	85
7087	78
7088	74
7089	75
7090	94
7091	52
7092	62
7093	77
7094	71
7095	105
7096	66
7097	79
7098	75
7099	95
7100	88
7101	116
7102	103
7103	87
7104	77
7105	105
7106	110
7107	79
7108	72
7109	104
7110	89
7111	77
7112	74
7113	86
7114	67
7115	92
7116	52
7117	68
7118	63
7119	90
7120	73
7121	115
7122	80
7123	74
7124	113
7125	58
7126	115
7127	102
7128	99
7129	71
7130	70
7131	58
7132	80
7133	74
7134	60
7135	81
7136	113
7137	92
7138	111
7139	107
7140	121
7141	110
7142	96
7143	94
7144	79
7145	93
7146	79
7147	98
7148	85
7149	86
7150	78
7151	45
7152	75
7153	66
7154	69
7155	97
7156	48
7157	86
7158	66
7159	96
7160	101
7161	90
7162	88
7163	80
7164	80
7165	90
7166	91
7167	79
7168	90
7169	86
7170	68
7171	95
7172	88
7173	90
7174	62
7175	91
7176	74
7177	73
7178	96
7179	95
7180	87
7181	80
7182	69
7183	80
7184	101
7185	94
7186	74
7187	90
7188	65
7189	70
7190	74
7191	68
7192	71
7193	98
7194	90
7195	101
7196	83
7197	77
7198	102
7199	79
7200	100
7201	92
7202	63
7203	94
7204	55
7205	58
7206	80
7207	73
7208	95
7209	81
7210	81
7211	110
7212	79
7213	65
7214	89
7215	69
7216	67
7217	59
7218	72
7219	94
7220	118
7221	98
7222	112
7223	105
7224	74
7225	88
7226	85
7227	60
7228	76
7229	70
7230	85
7231	110
7232	90
7233	79
7234	127
7235	95
7236	106
7237	99
7238	77
7239	110
7240	92
7241	72
7242	80
7243	97
7244	92
7245	102
7246	123
7247	116
7248	97
7249	113
7250	109
7251	109
7252	98
7253	80
7254	94
7255	75
7256	101
7257	96
7258	84
7259	85
7260	107
7261	117
7262	63
7263	113
7264	88
7265	89
7266	95
7267	103
7268	107
7269	105
7270	129
7271	142
7272	114
7273	108
7274	112
7275	97
7276	91
7277	94
7278	89
7279	122
7280	110
7281	98
7282	105
7283	82
7284	88
7285	56
7286	83
7287	102
7288	99
7289	87
7290	94
7291	91
7292	83
7293	104
7294	90
7295	99
7296	65
7297	72
7298	101
7299	79
7300	89
7301	83
7302	78
7303	87
7304	119
7305	109
7306	102
7307	125
7308	107
7309	111
7310	150
7311	99
7312	89
7313	107
7314	88
7315	84
7316	91
7317	96
7318	97
7319	102
7320	64
7321	65
7322	70
7323	76
7324	103
7325	94
7326	120
7327	91
7328	122
7329	102
7330	114
7331	113
7332	93
7333	97
7334	85
7335	84
7336	60
7337	85
7338	107
7339	77
7340	73
7341	86
7342	68
7343	98
7344	70
7345	79
7346	81
7347	75
7348	89
7349	89
7350	133
7351	94
7352	74
7353	73
7354	115
7355	62
7356	76
7357	67
7358	94
7359	97
7360	91
7361	70
7362	54
7363	92
7364	83
7365	79
7366	71
7367	56
7368	87
7369	95
7370	94
7371	81
7372	69
7373	110
7374	95
7375	94
7376	112
7377	102
7378	80
7379	85
7380	55
7381	100
7382	99
7383	96
7384	77
7385	101
7386	67
7387	74
7388	84
7389	93
7390	98
7391	66
7392	48
7393	66
7394	61
7395	74
7396	83
7397	57
7398	77
7399	69
7400	70
7401	56
7402	65
7403	53
7404	54
7405	76
7406	60
7407	65
7408	71
7409	74
7410	65
7411	38
7412	66
7413	51
7414	63
7415	63
7416	71
7417	62
7418	80
7419	94
7420	99
7421	76
7422	82
7423	84
7424	79
7425	83
7426	67
7427	65
7428	78
7429	67
7430	83
7431	62
7432	52
7433	68
7434	121
7435	93
7436	60
7437	71
7438	69
7439	53
7440	58
7441	53
7442	70
7443	82
7444	59
7445	62
7446	58
7447	58
7448	54
7449	56
7450	94
7451	75
7452	80
7453	81
7454	70
7455	48
7456	49
7457	55
7458	65
7459	52
7460	76
7461	93
7462	92
7463	77
7464	71
7465	93
7466	58
7467	74
7468	60
7469	77
7470	70
7471	77
7472	82
7473	96
7474	103
7475	99
7476	92
7477	69
7478	118
7479	93
7480	94
7481	106
7482	87
7483	77
7484	78
7485	88
7486	73
7487	66
7488	77
7489	65
7490	47
7491	58
7492	61
7493	60
7494	62
7495	46
7496	63
7497	36
7498	49
7499	66
7500	70
7501	81
7502	59
7503	46
7504	66
7505	77
7506	83
7507	96
7508	86
7509	121
7510	93
7511	85
7512	71
7513	91
7514	89
7515	67
7516	46
7517	61
7518	64
7519	67
7520	91
7521	93
7522	82
7523	71
7524	105
7525	44
7526	85
7527	87
7528	64
7529	116
7530	88
7531	78
7532	70
7533	71
7534	94
7535	45
7536	67
7537	74
7538	78
7539	74
7540	67
7541	90
7542	90
7543	88
7544	90
7545	104
7546	73
7547	68
7548	73
7549	78
7550	82
7551	71
7552	92
7553	79
7554	64
7555	116
7556	70
7557	74
7558	52
7559	102
7560	83
7561	66
7562	64
7563	74
7564	67
7565	90
7566	78
7567	51
7568	84
7569	58
7570	79
7571	60
7572	69
7573	80
7574	74
7575	53
7576	75
7577	63
7578	68
7579	70
7580	59
7581	55
7582	48
7583	58
7584	57
7585	49
7586	54
7587	81
7588	81
7589	88
7590	67
7591	61
7592	64
7593	62
7594	86
7595	62
7596	97
7597	67
7598	63
7599	30
7600	73
7601	73
7602	82
7603	82
7604	91
7605	74
7606	50
7607	69
7608	57
7609	64
7610	113
7611	59
7612	46
7613	65
7614	69
7615	57
7616	56
7617	65
7618	42
7619	37
7620	40
7621	47
7622	69
7623	67
7624	72
7625	46
7626	72
7627	73
7628	79
7629	57
7630	78
7631	74
7632	59
7633	53
7634	56
7635	86
7636	89
7637	66
7638	63
7639	63
7640	39
7641	62
7642	43
7643	44
7644	70
7645	65
7646	72
7647	78
7648	64
7649	59
7650	73
7651	62
7652	100
7653	101
7654	91
7655	78
7656	82
7657	64
7658	73
7659	56
7660	66
7661	98
7662	61
7663	45
7664	69
7665	73
7666	68
7667	74
7668	74
7669	75
7670	70
7671	54
7672	69
7673	59
7674	87
7675	70
7676	66
7677	44
7678	61
7679	58
7680	49
7681	76
7682	56
7683	60
7684	76
7685	73
7686	64
7687	50
7688	72
7689	52
7690	53
7691	43
7692	70
7693	78
7694	57
7695	55
7696	73
7697	55
7698	56
7699	84
7700	62
7701	39
7702	44
7703	36
7704	51
7705	51
7706	49
7707	62
7708	72
7709	61
7710	50
7711	78
7712	63
7713	56
7714	50
7715	62
7716	37
7717	44
7718	61
7719	55
7720	53
7721	73
7722	79
7723	54
7724	79
7725	89
7726	73
7727	86
7728	48
7729	54
7730	41
7731	88
7732	73
7733	66
7734	78
7735	71
7736	62
7737	65
7738	68
7739	67
7740	105
7741	84
7742	60
7743	71
7744	78
7745	68
7746	98
7747	49
7748	70
7749	46
7750	64
7751	49
7752	45
7753	63
7754	75
7755	44
7756	47
7757	41
7758	44
7759	50
7760	42
7761	58
7762	68
7763	53
7764	58
7765	47
7766	59
7767	55
7768	51
7769	64
7770	52
7771	94
7772	76
7773	99
7774	48
7775	37
7776	62
7777	67
7778	56
7779	53
7780	42
7781	62
7782	49
7783	60
7784	47
7785	74
7786	48
7787	53
7788	44
7789	43
7790	63
7791	52
7792	52
7793	67
7794	74
7795	54
7796	52
7797	55
7798	84
7799	65
7800	56
7801	69
7802	87
7803	72
7804	62
7805	92
7806	76
7807	78
7808	83
7809	66
7810	85
7811	50
7812	67
7813	63
7814	67
7815	150
7816	61
7817	71
7818	63
7819	47
7820	80
7821	60
7822	68
7823	60
7824	77
7825	94
7826	64
7827	49
7828	74
7829	65
7830	66
7831	38
7832	49
7833	52
7834	56
7835	102
7836	73
7837	77
7838	95
7839	78
7840	93
7841	65
7842	104
7843	92
7844	103
7845	78
7846	84
7847	98
7848	93
7849	54
7850	47
7851	66
7852	60
7853	79
7854	74
7855	100
7856	70
7857	87
7858	79
7859	76
7860	72
7861	55
7862	85
7863	60
7864	62
7865	80
7866	86
7867	82
7868	73
7869	71
7870	72
7871	77
7872	66
7873	63
7874	89
7875	86
7876	90
7877	76
7878	70
7879	66
7880	83
7881	70
7882	77
7883	107
7884	109
7885	124
7886	86
7887	59
7888	64
7889	78
7890	85
7891	47
7892	62
7893	68
7894	76
7895	65
7896	90
7897	66
7898	44
7899	92
7900	65
7901	64
7902	85
7903	71
7904	92
7905	84
7906	105
7907	81
7908	74
7909	82
7910	63
7911	73
7912	51
7913	58
7914	89
7915	51
7916	62
7917	77
7918	64
7919	72
7920	78
7921	75
7922	83
7923	77
7924	101
7925	94
7926	84
7927	73
7928	81
7929	91
7930	49
7931	69
7932	57
7933	57
7934	69
7935	54
7936	53
7937	84
7938	44
7939	95
7940	74
7941	63
7942	94
7943	93
7944	71
7945	73
7946	88
7947	67
7948	67
7949	82
7950	70
7951	40
7952	85
7953	68
7954	60
7955	101
7956	84
7957	65
7958	66
7959	70
7960	57
7961	56
7962	59
7963	58
7964	67
7965	91
7966	55
7967	65
7968	81
7969	68
7970	75
7971	80
7972	56
7973	62
7974	72
7975	50
7976	57
7977	67
7978	55
7979	81
7980	65
7981	59
7982	67
7983	78
7984	76
7985	75
7986	82
7987	90
7988	77
7989	58
7990	49
7991	61
7992	75
7993	114
7994	85
7995	74
7996	54
7997	85
7998	70
7999	69
8000	710529
