0	0
1	0
2	0
3	0
4	0
5	0
6	0
7	0
8	0
9	0
10	0
11	0
12	0
13	1
14	4
15	3
16	6
17	8
18	4
19	0
20	1
21	3
22	6
23	6
24	5
25	6
26	15
27	12
28	9
29	10
30	9
31	22
32	15
33	26
34	22
35	21
36	18
37	26
38	25
39	24
40	30
41	15
42	23
43	26
44	20
45	13
46	21
47	34
48	25
49	25
50	25
51	22
52	26
53	27
54	21
55	29
56	47
57	32
58	37
59	37
60	27
61	52
62	38
63	39
64	40
65	41
66	47
67	65
68	58
69	48
70	56
71	45
72	63
73	71
74	66
75	62
76	61
77	92
78	68
79	80
80	76
81	101
82	99
83	142
84	112
85	110
86	99
87	105
88	123
89	119
90	135
91	152
92	113
93	135
94	123
95	145
96	153
97	140
98	155
99	135
100	184
101	141
102	178
103	156
104	164
105	150
106	178
107	178
108	165
109	208
110	174
111	156
112	166
113	172
114	164
115	181
116	192
117	171
118	151
119	172
120	151
121	187
122	169
123	196
124	211
125	206
126	192
127	207
128	182
129	197
130	157
131	182
132	167
133	187
134	206
135	201
136	147
137	174
138	163
139	206
140	210
141	181
142	181
143	178
144	168
145	171
146	148
147	177
148	165
149	162
150	157
151	165
152	176
153	183
154	165
155	126
156	199
157	191
158	157
159	189
160	194
161	193
162	189
163	182
164	166
165	183
166	183
167	190
168	209
169	194
170	207
171	221
172	192
173	198
174	166
175	202
176	178
177	160
178	159
179	195
180	166
181	198
182	205
183	174
184	152
185	147
186	141
187	184
188	177
189	172
190	179
191	162
192	200
193	196
194	209
195	140
196	152
197	153
198	180
199	165
200	144
201	136
202	171
203	150
204	124
205	137
206	150
207	115
208	163
209	158
210	159
211	173
212	145
213	190
214	206
215	174
216	152
217	161
218	144
219	157
220	143
221	148
222	128
223	152
224	136
225	139
226	148
227	141
228	149
229	116
230	137
231	154
232	125
233	132
234	110
235	141
236	120
237	142
238	146
239	188
240	126
241	142
242	174
243	161
244	159
245	147
246	156
247	163
248	150
249	129
250	123
251	170
252	168
253	204
254	139
255	137
256	182
257	175
258	166
259	187
260	199
261	192
262	182
263	184
264	190
265	200
266	212
267	198
268	191
269	237
270	195
271	195
272	183
273	225
274	196
275	160
276	172
277	173
278	209
279	185
280	192
281	183
282	194
283	177
284	173
285	197
286	210
287	212
288	198
289	209
290	220
291	199
292	201
293	182
294	180
295	171
296	205
297	202
298	194
299	175
300	200
301	177
302	170
303	180
304	152
305	199
306	218
307	201
308	202
309	202
310	227
311	208
312	169
313	184
314	206
315	192
316	205
317	228
318	204
319	215
320	190
321	198
322	153
323	182
324	174
325	201
326	174
327	205
328	179
329	143
330	155
331	184
332	174
333	195
334	194
335	180
336	155
337	156
338	189
339	194
340	194
341	184
342	175
343	204
344	179
345	190
346	173
347	146
348	161
349	157
350	185
351	177
352	170
353	188
354	191
355	203
356	162
357	199
358	183
359	197
360	187
361	171
362	168
363	218
364	165
365	206
366	194
367	204
368	182
369	198
370	175
371	212
372	192
373	182
374	198
375	203
376	198
377	197
378	210
379	236
380	191
381	194
382	178
383	171
384	192
385	197
386	201
387	218
388	221
389	196
390	207
391	192
392	198
393	170
394	164
395	187
396	209
397	205
398	192
399	187
400	177
401	186
402	191
403	196
404	193
405	164
406	194
407	206
408	184
409	176
410	231
411	188
412	234
413	164
414	215
415	177
416	201
417	164
418	204
419	184
420	187
421	184
422	186
423	181
424	213
425	181
426	163
427	166
428	195
429	175
430	189
431	166
432	197
433	164
434	202
435	204
436	193
437	184
438	167
439	175
440	163
441	162
442	168
443	157
444	179
445	152
446	164
447	153
448	198
449	158
450	146
451	150
452	134
453	144
454	157
455	125
456	133
457	158
458	143
459	117
460	132
461	133
462	111
463	147
464	127
465	116
466	125
467	117
468	142
469	108
470	142
471	109
472	108
473	110
474	109
475	120
476	110
477	89
478	101
479	133
480	116
481	112
482	114
483	126
484	88
485	104
486	127
487	126
488	117
489	115
490	115
491	115
492	104
493	108
494	99
495	112
496	124
497	116
498	101
499	124
500	123
501	121
502	104
503	129
504	141
505	107
506	122
507	146
508	116
509	109
510	88
511	123
512	106
513	106
514	77
515	87
516	98
517	83
518	88
519	130
520	123
521	114
522	92
523	97
524	120
525	102
526	70
527	64
528	89
529	94
530	98
531	107
532	103
533	90
534	73
535	95
536	75
537	71
538	84
539	74
540	94
541	98
542	105
543	84
544	88
545	67
546	76
547	70
548	83
549	58
550	65
551	81
552	54
553	51
554	56
555	53
556	67
557	63
558	58
559	80
560	55
561	73
562	66
563	79
564	46
565	54
566	54
567	56
568	42
569	49
570	48
571	39
572	46
573	42
574	52
575	44
576	45
577	34
578	29
579	47
580	33
581	33
582	44
583	24
584	42
