0	0
1	0
2	0
3	0
4	0
5	0
6	0
7	0
8	0
9	0
10	0
11	0
12	0
13	1
14	4
15	3
16	6
17	8
18	4
19	0
20	1
21	3
22	6
23	7
24	5
25	7
26	15
27	20
28	9
29	10
30	9
31	24
32	16
33	27
34	30
35	22
36	22
37	27
38	27
39	25
40	32
41	16
42	27
43	32
44	31
45	18
46	22
47	75
48	25
49	28
50	30
51	24
52	29
53	27
54	21
55	30
56	48
57	33
58	40
59	38
60	31
61	58
62	41
63	39
64	45
65	43
66	47
67	73
68	63
69	54
70	58
71	48
72	70
73	75
74	72
75	68
76	66
77	98
78	72
79	85
80	80
81	109
82	103
83	166
84	133
85	126
86	115
87	115
88	135
89	139
90	163
91	176
92	132
93	149
94	159
95	168
96	182
97	165
98	182
99	153
100	210
101	171
102	216
103	184
104	210
105	194
106	224
107	201
108	216
109	295
110	223
111	209
112	205
113	209
114	208
115	220
116	269
117	232
118	174
119	214
120	207
121	238
122	223
123	268
124	279
125	256
126	262
127	275
128	256
129	282
130	225
131	273
132	230
133	272
134	285
135	277
136	210
137	268
138	237
139	326
140	322
141	269
142	278
143	299
144	274
145	266
146	219
147	310
148	275
149	278
150	268
151	274
152	301
153	311
154	281
155	218
156	339
157	331
158	292
159	319
160	366
161	356
162	398
163	294
164	278
165	321
166	299
167	323
168	319
169	383
170	366
171	438
172	354
173	364
174	277
175	365
176	287
177	289
178	292
179	310
180	312
181	387
182	417
183	373
184	310
185	300
186	260
187	338
188	352
189	315
190	337
191	283
192	419
193	382
194	349
195	285
196	306
197	306
198	292
199	336
200	278
201	222
202	353
203	290
204	210
205	276
206	311
207	202
208	272
209	317
210	261
211	363
212	257
213	344
214	347
215	336
216	323
217	294
218	265
219	272
220	247
221	265
222	226
223	300
224	245
225	219
226	290
227	274
228	292
229	203
230	223
231	288
232	231
233	227
234	184
235	263
236	198
237	250
238	286
239	367
240	196
241	256
242	301
243	294
244	280
245	234
246	300
247	291
248	254
249	252
250	221
251	266
252	312
253	359
254	240
255	256
256	322
257	288
258	266
259	344
260	324
261	334
262	303
263	297
264	365
265	358
266	377
267	334
268	355
269	424
270	355
271	353
272	285
273	375
274	398
275	237
276	283
277	265
278	329
279	330
280	323
281	312
282	330
283	303
284	255
285	328
286	358
287	432
288	363
289	369
290	368
291	376
292	346
293	284
294	308
295	259
296	346
297	295
298	332
299	261
300	318
301	251
302	261
303	245
304	224
305	305
306	334
307	341
308	297
309	326
310	385
311	303
312	264
313	284
314	316
315	254
316	295
317	338
318	288
319	347
320	294
321	307
322	246
323	270
324	266
325	273
326	253
327	296
328	289
329	207
330	233
331	280
332	274
333	296
334	266
335	245
336	233
337	228
338	262
339	323
340	302
341	270
342	278
343	293
344	263
345	286
346	275
347	201
348	255
349	200
350	267
351	257
352	234
353	241
354	254
355	294
356	220
357	275
358	262
359	266
360	252
361	218
362	221
363	297
364	231
365	253
366	285
367	286
368	244
369	287
370	223
371	305
372	260
373	245
374	257
375	294
376	329
377	274
378	305
379	341
380	264
381	289
382	251
383	233
384	265
385	277
386	268
387	294
388	305
389	306
390	276
391	254
392	260
393	218
394	212
395	259
396	287
397	275
398	240
399	264
400	250
401	269
402	280
403	261
404	248
405	226
406	252
407	272
408	241
409	250
410	341
411	253
412	324
413	223
414	306
415	242
416	265
417	216
418	302
419	262
420	284
421	318
422	307
423	236
424	300
425	224
426	202
427	200
428	251
429	229
430	238
431	228
432	256
433	203
434	255
435	280
436	257
437	231
438	209
439	210
440	219
441	199
442	195
443	232
444	222
445	199
446	195
447	186
448	243
449	192
450	184
451	191
452	181
453	175
454	214
455	164
456	170
457	200
458	178
459	137
460	164
461	169
462	140
463	207
464	154
465	135
466	155
467	138
468	188
469	146
470	171
471	131
472	138
473	147
474	126
475	166
476	147
477	129
478	132
479	167
480	150
481	138
482	143
483	156
484	114
485	138
486	165
487	169
488	162
489	161
490	144
491	149
492	126
493	143
494	121
495	136
496	155
497	141
498	133
499	155
500	163
501	184
502	131
503	173
504	193
505	130
506	157
507	200
508	150
509	130
510	106
511	157
512	131
513	145
514	92
515	116
516	125
517	97
518	109
519	161
520	167
521	175
522	126
523	125
524	156
525	135
526	96
527	85
528	110
529	123
530	145
531	141
532	140
533	126
534	98
535	127
536	101
537	95
538	99
539	111
540	129
541	141
542	161
543	141
544	168
545	193
546	90
547	93
548	98
549	65
550	89
551	94
552	65
553	60
554	67
555	58
556	88
557	83
558	87
559	94
560	71
561	107
562	100
563	106
564	54
565	70
566	77
567	69
568	57
569	63
570	56
571	47
572	55
573	52
574	59
575	53
576	51
577	39
578	36
579	63
580	49
581	39
