16	1
17	1
21	1
22	3
23	2
24	2
25	4
27	1
28	1
29	6
30	4
31	3
32	4
33	6
34	5
35	5
36	4
37	2
38	2
39	8
40	7
41	8
42	13
43	14
44	25
45	11
46	16
47	16
48	14
49	19
50	16
51	14
52	9
53	14
54	18
55	22
56	19
57	29
58	23
59	27
60	33
61	28
62	21
63	33
64	23
65	31
66	21
67	27
68	21
69	35
70	40
71	42
72	43
73	41
74	58
75	44
76	63
77	61
78	69
79	70
80	86
81	62
82	81
83	77
84	76
85	93
86	102
87	104
88	85
89	99
90	115
91	123
92	138
93	170
94	142
95	157
96	198
97	210
98	176
99	171
100	192
101	172
102	224
103	281
104	283
105	300
106	293
107	345
108	292
109	361
110	387
111	400
112	416
113	401
114	454
115	435
116	498
117	495
118	506
119	499
120	511
121	538
122	543
123	577
124	603
125	589
126	554
127	678
128	647
129	656
130	734
131	726
132	755
133	843
134	822
135	897
136	765
137	882
138	939
139	1044
140	1131
141	1483
142	1434
143	1886
144	2353
145	4019
146	5045
147	8764
148	30835
149	22820
150	62451
