16	1
17	1
21	1
22	3
23	2
24	2
25	4
27	1
28	1
29	6
30	4
31	3
32	4
33	6
34	5
35	5
36	4
37	2
38	2
39	8
40	7
41	8
42	13
43	14
44	23
45	10
46	13
47	16
48	14
49	17
50	15
51	14
52	9
53	12
54	16
55	19
56	17
57	21
58	14
59	23
60	25
61	27
62	17
63	32
64	20
65	28
66	21
67	20
68	21
69	31
70	35
71	38
72	39
73	35
74	51
75	40
76	57
77	51
78	54
79	62
80	64
81	57
82	70
83	68
84	60
85	77
86	86
87	83
88	71
89	80
90	100
91	96
92	106
93	128
94	109
95	118
96	159
97	153
98	144
99	127
100	135
101	134
102	173
103	214
104	202
105	212
106	216
107	236
108	206
109	234
110	278
111	286
112	286
113	294
114	323
115	280
116	329
117	319
118	322
119	327
120	338
121	348
122	355
123	377
124	358
125	378
126	344
127	430
128	418
129	410
130	454
131	463
132	458
133	516
134	497
135	487
136	452
137	508
138	550
139	626
140	639
141	787
142	771
143	967
144	1147
145	1667
146	2318
147	3687
148	8910
149	7702
150	15372
