16	3
17	6
18	10
19	14
20	13
21	25
22	17
23	23
24	27
25	20
26	24
27	19
28	23
29	46
30	39
31	55
32	94
33	107
34	160
35	231
36	256
37	350
38	357
39	431
40	507
41	597
42	699
43	842
44	972
45	1039
46	1211
47	1318
48	1451
49	1514
50	1604
51	1714
52	1805
53	1891
54	2059
55	2142
56	2284
57	2455
58	2605
59	2544
60	2736
61	2698
62	2840
63	2785
64	2949
65	2989
66	3214
67	3237
68	3366
69	3492
70	3580
71	3749
72	3958
73	4112
74	4325
75	4451
76	4566
77	4721
78	4784
79	5094
80	5327
81	5428
82	6000
83	6027
84	6213
85	6424
86	6786
87	7208
88	7600
89	7787
90	8192
91	8501
92	9042
93	9444
94	9786
95	10211
96	10884
97	11082
98	11647
99	12196
100	12576
101	13363
102	13598
103	14474
104	14809
105	15285
106	16182
107	16868
108	17458
109	18086
110	19022
111	19454
112	20413
113	20802
114	20893
115	21668
116	22653
117	22625
118	23281
119	24278
120	24251
121	25277
122	25469
123	25713
124	26328
125	26728
126	26466
127	27263
128	28182
129	28227
130	28767
131	29388
132	29637
133	30507
134	31832
135	32839
136	34485
137	35815
138	38448
139	41040
140	46163
141	53382
142	64836
143	85221
144	120022
145	186954
146	294654
147	490653
148	1200506
149	1042792
150	2009939
