16	2
17	3
18	1
21	1
25	1
26	1
27	1
28	1
29	4
30	6
31	7
32	4
33	7
34	7
35	5
36	4
37	6
38	10
39	6
40	12
41	14
42	13
43	18
44	14
45	14
46	16
47	19
48	20
49	19
50	28
51	22
52	28
53	29
54	23
55	24
56	37
57	46
58	50
59	40
60	45
61	47
62	47
63	56
64	45
65	55
66	45
67	50
68	44
69	38
70	75
71	71
72	74
73	81
74	114
75	119
76	120
77	120
78	119
79	125
80	117
81	134
82	137
83	149
84	161
85	160
86	175
87	206
88	204
89	213
90	241
91	250
92	262
93	280
94	316
95	327
96	312
97	340
98	358
99	432
100	458
101	512
102	499
103	525
104	536
105	562
106	602
107	710
108	670
109	712
110	739
111	709
112	813
113	911
114	940
115	940
116	942
117	964
118	1054
119	1083
120	1156
121	1102
122	1324
123	1169
124	1282
125	1267
126	1219
127	1284
128	1288
129	1360
130	1359
131	1427
132	1281
133	1502
134	1619
135	1750
136	1770
137	1835
138	1773
139	1959
140	2362
141	2569
142	2965
143	3420
144	4695
145	7342
146	12260
147	15940
148	26181
149	110610
150	113279
