16	2
17	3
18	1
21	1
25	1
26	1
27	1
28	1
29	4
30	6
31	7
32	4
33	7
34	7
35	5
36	4
37	5
38	9
39	6
40	12
41	13
42	12
43	17
44	13
45	14
46	16
47	19
48	19
49	18
50	26
51	19
52	26
53	26
54	22
55	22
56	29
57	37
58	39
59	29
60	36
61	42
62	41
63	49
64	40
65	46
66	35
67	41
68	40
69	35
70	55
71	62
72	68
73	73
74	93
75	90
76	94
77	93
78	93
79	91
80	95
81	108
82	101
83	114
84	128
85	122
86	137
87	159
88	173
89	169
90	191
91	190
92	183
93	211
94	230
95	240
96	230
97	249
98	257
99	290
100	298
101	320
102	310
103	329
104	339
105	366
106	368
107	422
108	373
109	400
110	423
111	393
112	478
113	514
114	515
115	521
116	523
117	508
118	539
119	576
120	565
121	570
122	664
123	595
124	674
125	625
126	624
127	663
128	643
129	684
130	699
131	698
132	678
133	736
134	833
135	879
136	869
137	904
138	824
139	885
140	1046
141	1133
142	1279
143	1458
144	1884
145	2640
146	3889
147	5622
148	9285
149	20461
150	21523
