16	3
17	5
18	11
19	13
20	14
21	20
22	22
23	17
24	17
25	25
26	22
27	24
28	36
29	35
30	62
31	63
32	106
33	141
34	171
35	216
36	327
37	378
38	442
39	498
40	628
41	707
42	813
43	940
44	1150
45	1254
46	1416
47	1536
48	1552
49	1662
50	1865
51	2075
52	2127
53	2174
54	2364
55	2481
56	2555
57	2702
58	2923
59	3048
60	2958
61	3017
62	3202
63	3209
64	3239
65	3438
66	3581
67	3713
68	3921
69	4048
70	4274
71	4415
72	4450
73	4512
74	4847
75	5135
76	5095
77	5512
78	5535
79	5833
80	5992
81	6320
82	6668
83	6877
84	7232
85	7603
86	7848
87	8044
88	8276
89	8569
90	9166
91	9577
92	9946
93	10334
94	11226
95	12072
96	11992
97	12472
98	12970
99	13607
100	14310
101	15151
102	15683
103	16513
104	17234
105	17600
106	18160
107	19097
108	20038
109	20890
110	21841
111	22362
112	23077
113	23722
114	24017
115	24568
116	25262
117	25488
118	26145
119	26895
120	26876
121	27237
122	28037
123	28522
124	29212
125	29764
126	29110
127	29980
128	30166
129	30425
130	30474
131	31242
132	31938
133	32800
134	34386
135	35556
136	37144
137	39369
138	41785
139	45763
140	50976
141	59390
142	72120
143	93574
144	131061
145	195425
146	312721
147	510989
148	888568
149	1986005
150	2114501
