0	0
1	0
2	0
3	0
4	0
5	0
6	0
7	0
8	0
9	0
10	0
11	0
12	1
13	1
14	1
15	2
16	2
17	5
18	3
19	3
20	0
21	1
22	3
23	3
24	6
25	3
26	6
27	7
28	9
29	7
30	5
31	12
32	10
33	6
34	6
35	9
36	8
37	11
38	15
39	15
40	12
41	13
42	11
43	17
44	11
45	10
46	20
47	19
48	21
49	18
50	26
51	38
52	26
53	36
54	20
55	25
56	33
57	39
58	35
59	36
60	35
61	43
62	45
63	45
64	47
65	52
66	48
67	73
68	60
69	60
70	61
71	55
72	70
73	67
74	68
75	76
76	75
77	91
78	109
79	93
80	106
81	119
82	134
83	114
84	117
85	121
86	145
87	120
88	154
89	118
90	146
91	172
92	144
93	170
94	157
95	174
96	154
97	164
98	162
99	151
100	203
101	166
102	179
103	166
104	186
105	198
106	177
107	180
108	189
109	203
110	189
111	183
112	181
113	226
114	189
115	208
116	191
117	200
118	173
119	184
120	173
121	178
122	211
123	172
124	207
125	170
126	189
127	211
128	215
129	211
130	233
131	178
132	202
133	221
134	240
135	198
136	196
137	197
138	215
139	214
140	187
141	225
142	220
143	178
144	171
145	162
146	178
147	155
148	132
149	156
150	156
151	151
152	168
153	147
154	158
155	137
156	167
157	178
158	143
159	172
160	156
161	153
162	165
163	140
164	156
165	153
166	161
167	152
168	136
169	139
170	152
171	177
172	160
173	187
174	148
175	178
176	169
177	135
178	151
179	178
180	152
181	154
182	131
183	132
184	120
185	153
186	138
187	108
188	148
189	180
190	153
191	161
192	164
193	172
194	180
195	158
196	132
197	134
198	137
199	135
200	176
201	147
202	142
203	133
204	154
205	162
206	145
207	161
208	131
209	184
210	184
211	151
212	140
213	139
214	151
215	142
216	129
217	147
218	168
219	132
220	136
221	187
222	145
223	177
224	154
225	136
226	160
227	167
228	150
229	153
230	148
231	106
232	123
233	147
234	161
235	129
236	138
237	153
238	135
239	154
240	152
241	180
242	136
243	133
244	161
245	123
246	145
247	119
248	106
249	146
250	169
251	165
252	156
253	141
254	141
255	169
256	175
257	180
258	187
259	176
260	171
261	156
262	177
263	190
264	166
265	211
266	172
267	196
268	218
269	155
270	177
271	199
272	165
273	198
274	165
275	139
276	193
277	205
278	233
279	205
280	160
281	194
282	183
283	181
284	195
285	161
286	179
287	212
288	194
289	170
290	183
291	177
292	187
293	175
294	190
295	193
296	171
297	200
298	176
299	207
300	214
301	190
302	175
303	213
304	210
305	204
306	205
307	204
308	216
309	207
310	204
311	224
312	248
313	210
314	203
315	219
316	180
317	166
318	206
319	199
320	211
321	183
322	203
323	213
324	177
325	195
326	225
327	214
328	199
329	207
330	199
331	172
332	164
333	206
334	201
335	163
336	225
337	197
338	156
339	202
340	218
341	201
342	168
343	183
344	194
345	192
346	191
347	210
348	192
349	170
350	177
351	159
352	219
353	162
354	174
355	236
356	219
357	226
358	209
359	215
360	215
361	223
362	214
363	185
364	192
365	186
366	194
367	208
368	208
369	203
370	182
371	192
372	225
373	195
374	197
375	218
376	252
377	219
378	219
379	216
380	227
381	199
382	199
383	209
384	213
385	206
386	225
387	217
388	232
389	213
390	205
391	198
392	199
393	189
394	253
395	206
396	205
397	177
398	227
399	227
400	202
401	202
402	210
403	218
404	214
405	213
406	225
407	186
408	205
409	199
410	201
411	211
412	215
413	208
414	206
415	185
416	184
417	202
418	212
419	223
420	177
421	173
422	186
423	197
424	195
425	168
426	204
427	177
428	182
429	171
430	181
431	215
432	184
433	214
434	211
435	195
436	178
437	189
438	217
439	182
440	171
441	165
442	189
443	209
444	185
445	180
446	183
447	185
448	193
449	153
450	148
451	149
452	175
453	196
454	179
455	143
456	186
457	175
458	182
459	163
460	141
461	126
462	152
463	145
464	127
465	172
466	121
467	140
468	147
469	142
470	126
471	138
472	136
473	124
474	101
475	106
476	135
477	149
478	129
479	125
480	97
481	149
482	103
483	120
484	129
485	150
486	112
487	114
488	144
489	131
490	140
491	121
492	118
493	109
494	124
495	113
496	108
497	141
498	128
499	123
500	119
501	118
502	94
503	121
504	129
505	103
506	140
507	148
508	138
509	121
510	105
511	103
512	91
513	116
514	122
515	110
516	107
517	94
518	110
519	103
520	139
521	137
522	114
523	82
524	118
525	114
526	102
527	83
528	100
529	83
530	107
531	108
532	96
533	91
534	96
535	94
536	83
537	78
538	94
539	61
540	89
541	97
542	99
543	73
544	103
545	96
546	70
547	79
548	89
549	66
550	74
551	69
552	73
553	71
554	88
555	61
556	50
557	54
558	71
559	60
560	53
561	60
562	76
563	52
564	53
565	48
566	61
567	74
568	47
569	48
570	46
571	43
572	51
573	37
574	61
575	55
576	61
577	48
578	43
579	40
580	41
581	38
582	42
583	40
584	43
