0	0
1	0
2	0
3	0
4	0
5	0
6	0
7	0
8	0
9	0
10	0
11	0
12	1
13	1
14	1
15	2
16	2
17	5
18	3
19	3
20	0
21	1
22	3
23	3
24	6
25	3
26	6
27	7
28	9
29	7
30	5
31	12
32	11
33	7
34	7
35	10
36	9
37	11
38	15
39	15
40	13
41	14
42	12
43	18
44	16
45	10
46	21
47	41
48	22
49	22
50	35
51	44
52	27
53	38
54	20
55	26
56	34
57	41
58	39
59	39
60	42
61	47
62	50
63	51
64	49
65	54
66	49
67	80
68	65
69	70
70	65
71	55
72	73
73	69
74	70
75	80
76	82
77	100
78	119
79	103
80	120
81	129
82	150
83	136
84	129
85	139
86	176
87	142
88	178
89	137
90	171
91	203
92	169
93	196
94	197
95	197
96	175
97	195
98	203
99	180
100	238
101	203
102	204
103	216
104	244
105	231
106	253
107	228
108	247
109	267
110	250
111	256
112	248
113	278
114	239
115	257
116	252
117	251
118	225
119	252
120	218
121	249
122	263
123	235
124	287
125	250
126	312
127	321
128	632
129	356
130	300
131	284
132	298
133	322
134	352
135	322
136	293
137	293
138	326
139	323
140	289
141	362
142	331
143	292
144	259
145	263
146	304
147	245
148	219
149	228
150	250
151	248
152	294
153	266
154	293
155	249
156	309
157	328
158	240
159	269
160	273
161	283
162	282
163	216
164	296
165	270
166	276
167	267
168	253
169	244
170	251
171	285
172	276
173	368
174	270
175	345
176	292
177	231
178	285
179	284
180	262
181	270
182	232
183	233
184	244
185	268
186	224
187	169
188	254
189	337
190	261
191	308
192	316
193	422
194	367
195	287
196	228
197	238
198	264
199	236
200	299
201	232
202	255
203	230
204	304
205	297
206	254
207	280
208	241
209	335
210	361
211	275
212	281
213	258
214	269
215	267
216	212
217	268
218	278
219	211
220	235
221	322
222	276
223	359
224	253
225	255
226	294
227	308
228	281
229	269
230	280
231	162
232	191
233	244
234	305
235	192
236	249
237	259
238	232
239	274
240	236
241	359
242	236
243	229
244	292
245	182
246	245
247	177
248	178
249	249
250	287
251	285
252	303
253	250
254	231
255	276
256	275
257	307
258	304
259	294
260	271
261	242
262	269
263	307
264	273
265	349
266	311
267	301
268	369
269	255
270	299
271	307
272	285
273	347
274	278
275	214
276	371
277	327
278	414
279	366
280	244
281	332
282	296
283	253
284	311
285	236
286	283
287	336
288	325
289	296
290	341
291	302
292	313
293	286
294	297
295	295
296	245
297	314
298	286
299	324
300	311
301	285
302	276
303	313
304	325
305	335
306	315
307	305
308	324
309	296
310	278
311	358
312	372
313	372
314	318
315	347
316	245
317	236
318	313
319	284
320	332
321	251
322	292
323	319
324	252
325	313
326	359
327	320
328	281
329	302
330	295
331	257
332	237
333	281
334	259
335	243
336	323
337	281
338	216
339	316
340	326
341	263
342	237
343	261
344	287
345	281
346	275
347	287
348	287
349	263
350	275
351	216
352	304
353	247
354	240
355	316
356	308
357	334
358	311
359	288
360	305
361	353
362	302
363	269
364	250
365	244
366	256
367	263
368	281
369	281
370	237
371	254
372	297
373	247
374	269
375	329
376	367
377	281
378	313
379	288
380	301
381	260
382	279
383	282
384	283
385	296
386	302
387	300
388	311
389	280
390	296
391	245
392	251
393	262
394	334
395	277
396	282
397	230
398	310
399	319
400	292
401	264
402	270
403	280
404	289
405	283
406	320
407	264
408	279
409	265
410	296
411	275
412	282
413	279
414	282
415	237
416	239
417	278
418	283
419	315
420	251
421	285
422	280
423	275
424	270
425	216
426	258
427	238
428	239
429	229
430	235
431	266
432	225
433	293
434	283
435	280
436	239
437	230
438	290
439	238
440	234
441	212
442	236
443	280
444	251
445	237
446	237
447	243
448	271
449	208
450	187
451	179
452	219
453	252
454	255
455	182
456	248
457	226
458	247
459	212
460	172
461	164
462	202
463	200
464	159
465	218
466	154
467	182
468	175
469	176
470	172
471	178
472	175
473	166
474	125
475	123
476	177
477	198
478	160
479	156
480	121
481	178
482	129
483	149
484	161
485	200
486	142
487	142
488	211
489	194
490	173
491	140
492	143
493	130
494	152
495	144
496	124
497	171
498	158
499	140
500	148
501	143
502	128
503	173
504	149
505	122
506	192
507	227
508	205
509	167
510	138
511	139
512	132
513	161
514	163
515	173
516	137
517	128
518	143
519	138
520	198
521	205
522	164
523	128
524	167
525	149
526	139
527	108
528	124
529	95
530	129
531	132
532	135
533	127
534	141
535	138
536	102
537	101
538	128
539	81
540	124
541	133
542	142
543	97
544	157
545	151
546	92
547	100
548	120
549	89
550	91
551	83
552	96
553	87
554	121
555	84
556	70
557	74
558	92
559	70
560	66
561	81
562	119
563	69
564	66
565	60
566	86
567	106
568	58
569	62
570	61
571	58
572	60
573	46
574	90
575	68
576	85
577	53
578	51
579	51
580	57
581	45
582	65
