0	0
1	0
2	0
3	0
4	0
5	0
6	0
7	0
8	0
9	0
10	0
11	0
12	0
13	0
14	0
15	0
16	0
17	0
18	1
19	0
20	0
21	1
22	0
23	0
24	2
25	4
26	2
27	2
28	2
29	1
30	1
31	2
32	4
33	3
34	3
35	5
36	4
37	4
38	9
39	0
40	9
41	3
42	10
43	10
44	11
45	6
46	4
47	10
48	13
49	6
50	8
51	10
52	16
53	14
54	15
55	12
56	13
57	9
58	19
59	21
60	23
61	16
62	15
63	15
64	10
65	13
66	27
67	26
68	29
69	28
70	39
71	38
72	29
73	20
74	38
75	58
76	32
77	38
78	37
79	34
80	49
81	49
82	58
83	67
84	66
85	74
86	82
87	66
88	79
89	83
90	69
91	88
92	86
93	78
94	89
95	102
96	99
97	118
98	144
99	127
100	120
101	121
102	134
103	143
104	122
105	122
106	141
107	147
108	164
109	159
110	160
111	179
112	146
113	174
114	150
115	193
116	171
117	158
118	182
119	209
120	182
121	157
122	214
123	206
124	199
125	205
126	227
127	220
128	225
129	244
130	222
131	211
132	234
133	282
134	233
135	236
136	216
137	244
138	238
139	256
140	254
141	291
142	315
143	298
144	258
145	215
146	195
147	186
148	191
149	181
150	205
151	180
152	162
153	176
154	236
155	179
156	174
157	192
158	198
159	199
160	197
161	196
162	200
163	212
164	221
165	216
166	226
167	218
168	195
169	208
170	224
171	210
172	192
173	264
174	191
175	218
176	161
177	201
178	193
179	179
180	182
181	206
182	229
183	232
184	218
185	223
186	218
187	217
188	217
189	213
190	245
191	241
192	215
193	187
194	234
195	213
196	225
197	168
198	200
199	194
200	173
201	200
202	194
203	178
204	184
205	171
206	191
207	188
208	184
209	200
210	189
211	181
212	218
213	172
214	199
215	207
216	182
217	182
218	204
219	190
220	180
221	158
222	184
223	180
224	135
225	154
226	146
227	171
228	143
229	193
230	192
231	191
232	147
233	162
234	176
235	143
236	119
237	147
238	177
239	145
240	128
241	145
242	142
243	131
244	149
245	147
246	151
247	162
248	158
249	140
250	151
251	203
252	171
253	180
254	156
255	187
256	139
257	166
258	154
259	166
260	170
261	164
262	166
263	157
264	162
265	156
266	160
267	162
268	151
269	144
270	151
271	143
272	162
273	202
274	169
275	180
276	211
277	176
278	199
279	174
280	154
281	125
282	143
283	133
284	125
285	147
286	143
287	162
288	138
289	162
290	169
291	159
292	167
293	150
294	191
295	141
296	179
297	206
298	149
299	158
300	144
301	147
302	141
303	151
304	177
305	148
306	150
307	161
308	148
309	153
310	175
311	171
312	182
313	162
314	138
315	178
316	140
317	140
318	138
319	151
320	171
321	157
322	133
323	148
324	146
325	136
326	136
327	140
328	146
329	149
330	142
331	155
332	140
333	126
334	146
335	163
336	139
337	129
338	140
339	179
340	156
341	148
342	146
343	123
344	113
345	156
346	149
347	141
348	124
349	110
350	123
351	159
352	116
353	122
354	122
355	157
356	138
357	147
358	122
359	164
360	149
361	121
362	124
363	123
364	133
365	108
366	129
367	128
368	149
369	132
370	139
371	126
372	136
373	153
374	115
375	132
376	140
377	121
378	105
379	108
380	136
381	139
382	106
383	131
384	120
385	121
386	128
387	121
388	135
389	142
390	129
391	119
392	126
393	131
394	129
395	114
396	133
397	137
398	117
399	127
400	124
401	122
402	110
403	128
404	133
405	111
406	119
407	107
408	124
409	134
410	130
411	147
412	134
413	107
414	102
415	130
416	138
417	136
418	133
419	138
420	133
421	126
422	123
423	134
424	104
425	135
426	140
427	92
428	102
429	93
430	109
431	114
432	95
433	105
434	112
435	98
436	107
437	110
438	120
439	109
440	108
441	123
442	123
443	113
444	118
445	138
446	134
447	100
448	111
449	97
450	96
451	124
452	92
453	110
454	97
455	116
456	108
457	88
458	116
459	93
460	95
461	97
462	82
463	97
464	96
465	82
466	105
467	63
468	75
469	86
470	78
471	66
472	79
473	71
474	89
475	85
476	81
477	82
478	73
479	80
480	84
481	65
482	78
483	89
484	56
485	70
486	71
487	76
488	83
489	81
490	52
491	51
492	71
493	80
494	78
495	83
496	68
497	75
498	74
499	81
500	73
501	71
502	78
503	68
504	81
505	74
506	92
507	85
508	106
509	69
510	89
511	68
512	78
513	88
514	74
515	76
516	66
517	75
518	70
519	64
520	75
521	55
522	73
523	63
524	83
525	63
526	61
527	58
528	60
529	58
530	72
531	51
532	45
533	50
534	62
535	62
536	65
537	58
538	50
539	47
540	47
541	58
542	44
543	38
544	59
545	56
546	46
547	59
548	60
549	72
550	48
551	39
552	45
553	43
554	46
555	40
556	44
557	33
558	45
559	57
560	42
561	41
562	31
563	51
564	33
565	34
566	33
567	34
568	36
569	39
570	23
571	40
572	25
573	37
574	39
575	45
576	40
577	29
578	36
