0	0
1	0
2	0
3	0
4	0
5	0
6	0
7	0
8	0
9	0
10	0
11	0
12	0
13	0
14	0
15	0
16	0
17	0
18	1
19	0
20	0
21	1
22	0
23	0
24	2
25	4
26	2
27	2
28	2
29	1
30	1
31	2
32	4
33	3
34	4
35	5
36	4
37	5
38	9
39	0
40	9
41	3
42	11
43	11
44	11
45	6
46	4
47	19
48	13
49	6
50	11
51	10
52	21
53	14
54	16
55	15
56	13
57	10
58	20
59	21
60	24
61	18
62	15
63	17
64	10
65	13
66	28
67	27
68	30
69	32
70	46
71	40
72	30
73	24
74	43
75	64
76	35
77	40
78	38
79	35
80	55
81	51
82	64
83	72
84	73
85	81
86	94
87	78
88	88
89	86
90	85
91	105
92	95
93	91
94	93
95	119
96	117
97	133
98	167
99	140
100	134
101	142
102	159
103	163
104	141
105	148
106	168
107	187
108	193
109	194
110	200
111	232
112	188
113	201
114	194
115	228
116	247
117	188
118	234
119	299
120	230
121	235
122	272
123	274
124	250
125	274
126	293
127	301
128	318
129	341
130	306
131	312
132	342
133	399
134	342
135	373
136	293
137	389
138	372
139	439
140	417
141	453
142	517
143	491
144	422
145	362
146	351
147	297
148	371
149	316
150	386
151	421
152	311
153	424
154	442
155	357
156	328
157	372
158	367
159	410
160	395
161	408
162	398
163	482
164	462
165	454
166	503
167	471
168	462
169	434
170	507
171	457
172	441
173	634
174	454
175	574
176	296
177	507
178	503
179	401
180	439
181	443
182	521
183	596
184	541
185	581
186	494
187	498
188	562
189	448
190	513
191	712
192	536
193	493
194	639
195	575
196	553
197	448
198	483
199	499
200	431
201	472
202	524
203	553
204	466
205	430
206	439
207	480
208	459
209	560
210	424
211	484
212	597
213	451
214	485
215	631
216	494
217	469
218	585
219	450
220	433
221	410
222	467
223	445
224	331
225	370
226	316
227	375
228	271
229	612
230	428
231	559
232	361
233	397
234	434
235	331
236	282
237	284
238	512
239	333
240	306
241	434
242	341
243	274
244	342
245	285
246	299
247	377
248	308
249	281
250	353
251	448
252	412
253	502
254	354
255	437
256	288
257	390
258	367
259	318
260	389
261	392
262	359
263	288
264	354
265	316
266	406
267	322
268	346
269	265
270	297
271	267
272	331
273	425
274	353
275	398
276	537
277	411
278	398
279	354
280	337
281	273
282	298
283	242
284	202
285	254
286	292
287	371
288	274
289	419
290	328
291	284
292	325
293	259
294	385
295	281
296	359
297	484
298	335
299	280
300	312
301	270
302	235
303	267
304	340
305	261
306	308
307	306
308	257
309	280
310	360
311	312
312	316
313	302
314	272
315	385
316	305
317	249
318	272
319	248
320	322
321	304
322	285
323	251
324	227
325	240
326	207
327	251
328	249
329	244
330	248
331	259
332	234
333	185
334	235
335	293
336	255
337	207
338	262
339	301
340	251
341	232
342	247
343	225
344	197
345	270
346	288
347	238
348	227
349	184
350	158
351	257
352	175
353	215
354	192
355	264
356	223
357	244
358	185
359	318
360	238
361	178
362	201
363	193
364	232
365	126
366	186
367	194
368	222
369	239
370	213
371	185
372	250
373	230
374	196
375	195
376	259
377	216
378	150
379	135
380	227
381	225
382	190
383	254
384	206
385	191
386	199
387	172
388	198
389	234
390	216
391	199
392	170
393	164
394	166
395	170
396	199
397	201
398	193
399	212
400	163
401	181
402	152
403	175
404	209
405	156
406	169
407	150
408	195
409	193
410	194
411	206
412	209
413	139
414	178
415	170
416	164
417	209
418	195
419	202
420	194
421	194
422	186
423	192
424	143
425	228
426	216
427	149
428	137
429	110
430	138
431	159
432	127
433	141
434	168
435	119
436	141
437	135
438	187
439	151
440	149
441	142
442	137
443	161
444	145
445	185
446	199
447	137
448	138
449	118
450	112
451	184
452	113
453	144
454	143
455	151
456	141
457	107
458	166
459	113
460	127
461	135
462	109
463	130
464	119
465	96
466	125
467	81
468	97
469	115
470	107
471	93
472	95
473	94
474	114
475	93
476	111
477	104
478	96
479	93
480	117
481	91
482	124
483	130
484	77
485	97
486	90
487	87
488	128
489	109
490	67
491	56
492	79
493	98
494	112
495	100
496	85
497	93
498	92
499	99
500	93
501	91
502	100
503	88
504	105
505	86
506	117
507	111
508	150
509	87
510	128
511	100
512	98
513	137
514	90
515	109
516	81
517	94
518	96
519	77
520	86
521	73
522	86
523	83
524	106
525	82
526	75
527	71
528	67
529	85
530	129
531	68
532	64
533	67
534	77
535	108
536	88
537	78
538	57
539	55
540	57
541	79
542	50
543	44
544	89
545	82
546	51
547	81
548	69
549	100
550	53
551	47
552	50
553	48
554	53
555	49
556	48
557	41
558	49
559	75
560	58
561	47
562	39
563	77
564	37
565	43
566	46
567	45
568	69
569	45
570	38
571	45
