0	0
1	0
2	0
3	0
4	0
5	0
6	0
7	0
8	0
9	0
10	0
11	0
12	1
13	2
14	0
15	1
16	1
17	0
18	1
19	0
20	0
21	1
22	0
23	1
24	0
25	3
26	3
27	6
28	5
29	1
30	3
31	3
32	7
33	9
34	11
35	12
36	15
37	10
38	10
39	14
40	20
41	20
42	18
43	35
44	36
45	15
46	17
47	18
48	21
49	27
50	27
51	25
52	38
53	29
54	13
55	28
56	31
57	30
58	38
59	35
60	38
61	36
62	46
63	38
64	33
65	41
66	31
67	70
68	41
69	46
70	47
71	50
72	53
73	61
74	73
75	72
76	72
77	81
78	81
79	73
80	92
81	81
82	90
83	102
84	111
85	97
86	106
87	81
88	113
89	141
90	140
91	120
92	106
93	139
94	160
95	169
96	163
97	181
98	140
99	149
100	167
101	163
102	187
103	169
104	189
105	215
106	185
107	211
108	242
109	235
110	228
111	198
112	240
113	227
114	231
115	269
116	247
117	252
118	231
119	258
120	267
121	290
122	235
123	243
124	266
125	235
126	252
127	288
128	295
129	253
130	285
131	294
132	282
133	268
134	252
135	286
136	289
137	310
138	309
139	334
140	294
141	309
142	297
143	321
144	298
145	305
146	300
147	309
148	294
149	319
150	331
151	312
152	354
153	354
154	327
155	294
156	326
157	383
158	410
159	368
160	357
161	358
162	347
163	277
164	340
165	358
166	361
167	407
168	343
169	427
170	403
171	392
172	432
173	412
174	401
175	392
176	399
177	592
178	504
179	436
180	419
181	464
182	477
183	411
184	364
185	485
186	484
187	482
188	482
189	433
190	423
191	434
192	524
193	431
194	381
195	499
196	353
197	416
198	425
199	412
200	473
201	492
202	472
203	392
204	494
205	370
206	468
207	544
208	420
209	362
210	497
211	491
212	393
213	516
214	430
215	431
216	399
217	433
218	418
219	356
220	438
221	471
222	406
223	391
224	369
225	395
226	379
227	513
228	464
229	423
230	493
231	347
232	354
233	349
234	404
235	406
236	408
237	461
238	486
239	431
240	396
241	381
242	378
243	369
244	383
245	389
246	449
247	457
248	443
249	408
250	432
251	541
252	533
253	491
254	500
255	380
256	405
257	505
258	435
259	369
260	398
261	523
262	478
263	478
264	424
265	463
266	423
267	478
268	467
269	417
270	437
271	472
272	379
273	419
274	432
275	509
276	449
277	395
278	388
279	556
280	472
281	469
282	337
283	359
284	402
285	390
286	509
287	443
288	454
289	456
290	378
291	427
292	392
293	494
294	406
295	422
296	367
297	378
298	409
299	472
300	353
301	445
302	340
303	400
304	327
305	352
306	407
307	384
308	377
309	389
310	418
311	449
312	343
313	378
314	341
315	360
316	468
317	390
318	450
319	383
320	389
321	339
322	306
323	349
324	337
325	326
326	328
327	334
328	338
329	385
330	329
331	315
332	368
333	331
334	399
335	322
336	359
337	371
338	273
339	284
340	397
341	338
342	356
343	342
344	355
345	267
346	350
347	300
348	348
349	284
350	260
351	236
352	238
353	255
354	251
355	252
356	336
357	306
358	319
359	273
360	268
361	216
362	258
363	314
364	325
365	269
366	292
367	316
368	288
369	287
370	311
371	273
372	344
373	314
374	323
375	294
376	278
377	249
378	287
379	276
380	296
381	274
382	245
383	280
384	303
385	312
386	241
387	239
388	282
389	264
390	265
391	287
392	193
393	292
394	302
395	269
396	295
397	280
398	295
399	319
400	262
401	264
402	315
403	293
404	281
405	290
406	259
407	286
408	248
409	250
410	266
411	240
412	257
413	208
414	281
415	242
416	276
417	215
418	258
419	253
420	308
421	317
422	287
423	279
424	273
425	201
426	280
427	270
428	229
429	207
430	193
431	198
432	218
433	218
434	214
435	207
436	216
437	178
438	224
439	257
440	220
441	225
442	205
443	256
444	214
445	238
446	209
447	216
448	233
449	221
450	229
451	233
452	198
453	189
454	186
455	134
456	209
457	185
458	159
459	165
460	202
461	152
462	159
463	187
464	143
465	156
466	190
467	185
468	193
469	172
470	208
471	129
472	200
473	158
474	156
475	119
476	155
477	172
478	176
479	124
480	117
481	174
482	173
483	169
484	121
485	136
486	153
487	132
488	186
489	134
490	114
491	152
492	169
493	121
494	128
495	130
496	146
497	136
498	131
499	143
500	137
501	122
502	149
503	148
504	151
505	157
506	165
507	219
508	192
509	130
510	115
511	110
512	123
513	120
514	130
515	139
516	121
517	140
518	118
519	94
520	140
521	132
522	147
523	123
524	126
525	115
526	82
527	84
528	96
529	120
530	123
531	101
532	118
533	95
534	105
535	102
536	124
537	92
538	109
539	89
540	108
541	86
542	88
543	73
544	124
545	75
546	97
547	75
548	95
549	94
550	88
551	66
552	80
553	64
554	71
555	71
556	88
557	60
558	66
559	84
560	89
561	92
562	128
563	76
564	62
565	61
566	70
567	85
568	54
569	59
570	77
571	58
572	37
573	41
574	66
575	58
576	63
577	66
