0	0
1	0
2	0
3	0
4	0
5	0
6	0
7	0
8	0
9	0
10	0
11	0
12	1
13	2
14	0
15	1
16	1
17	0
18	1
19	0
20	0
21	1
22	0
23	1
24	0
25	3
26	3
27	6
28	5
29	1
30	3
31	3
32	7
33	9
34	10
35	12
36	13
37	10
38	10
39	14
40	20
41	19
42	17
43	20
44	24
45	14
46	16
47	18
48	20
49	22
50	26
51	21
52	35
53	29
54	13
55	25
56	30
57	27
58	38
59	34
60	36
61	36
62	46
63	37
64	28
65	37
66	30
67	61
68	39
69	45
70	46
71	48
72	51
73	58
74	68
75	68
76	68
77	73
78	75
79	71
80	83
81	77
82	89
83	93
84	104
85	85
86	92
87	79
88	106
89	129
90	128
91	109
92	92
93	127
94	140
95	147
96	148
97	148
98	133
99	131
100	151
101	151
102	162
103	148
104	165
105	182
106	159
107	182
108	217
109	201
110	200
111	171
112	214
113	193
114	201
115	213
116	201
117	212
118	193
119	220
120	216
121	254
122	202
123	198
124	211
125	186
126	206
127	212
128	245
129	215
130	235
131	231
132	236
133	209
134	202
135	204
136	233
137	239
138	239
139	253
140	214
141	235
142	230
143	243
144	221
145	218
146	206
147	225
148	188
149	196
150	214
151	224
152	224
153	245
154	229
155	194
156	231
157	259
158	254
159	237
160	233
161	242
162	234
163	178
164	222
165	234
166	238
167	245
168	226
169	272
170	252
171	265
172	265
173	250
174	242
175	239
176	256
177	319
178	283
179	266
180	237
181	281
182	276
183	254
184	225
185	262
186	279
187	253
188	267
189	243
190	246
191	257
192	316
193	248
194	220
195	277
196	212
197	236
198	217
199	214
200	277
201	262
202	271
203	237
204	259
205	228
206	268
207	306
208	238
209	215
210	278
211	256
212	234
213	267
214	237
215	240
216	215
217	220
218	234
219	203
220	269
221	245
222	226
223	230
224	216
225	222
226	231
227	276
228	256
229	221
230	264
231	209
232	194
233	214
234	250
235	224
236	227
237	260
238	249
239	246
240	226
241	215
242	233
243	214
244	217
245	239
246	250
247	241
248	269
249	251
250	244
251	295
252	281
253	279
254	261
255	243
256	228
257	266
258	244
259	211
260	242
261	285
262	288
263	265
264	261
265	267
266	277
267	302
268	279
269	251
270	261
271	273
272	230
273	276
274	257
275	263
276	250
277	242
278	257
279	292
280	278
281	252
282	234
283	236
284	247
285	216
286	294
287	262
288	261
289	246
290	249
291	282
292	255
293	283
294	266
295	263
296	228
297	234
298	247
299	289
300	224
301	263
302	213
303	263
304	224
305	228
306	243
307	258
308	240
309	251
310	265
311	286
312	229
313	257
314	217
315	239
316	269
317	251
318	279
319	249
320	247
321	221
322	225
323	239
324	238
325	230
326	219
327	205
328	243
329	260
330	245
331	214
332	245
333	241
334	252
335	224
336	251
337	239
338	195
339	201
340	241
341	235
342	220
343	230
344	228
345	184
346	224
347	215
348	244
349	201
350	184
351	167
352	189
353	194
354	195
355	195
356	231
357	217
358	230
359	202
360	194
361	166
362	194
363	228
364	217
365	219
366	212
367	233
368	206
369	206
370	236
371	199
372	246
373	220
374	235
375	224
376	217
377	186
378	215
379	212
380	227
381	216
382	201
383	222
384	207
385	235
386	187
387	186
388	227
389	197
390	208
391	215
392	164
393	217
394	231
395	218
396	232
397	215
398	236
399	244
400	214
401	188
402	238
403	234
404	208
405	231
406	212
407	224
408	211
409	202
410	209
411	190
412	207
413	169
414	193
415	195
416	211
417	183
418	201
419	197
420	212
421	223
422	211
423	208
424	222
425	158
426	215
427	202
428	191
429	168
430	151
431	162
432	174
433	181
434	176
435	173
436	173
437	150
438	179
439	201
440	184
441	191
442	160
443	195
444	162
445	199
446	181
447	188
448	195
449	179
450	186
451	180
452	164
453	151
454	153
455	122
456	170
457	147
458	140
459	130
460	167
461	120
462	138
463	149
464	123
465	134
466	164
467	147
468	168
469	144
470	156
471	106
472	164
473	125
474	130
475	109
476	126
477	133
478	126
479	109
480	96
481	138
482	141
483	135
484	106
485	108
486	124
487	106
488	129
489	108
490	95
491	114
492	136
493	97
494	110
495	110
496	116
497	111
498	109
499	126
500	105
501	104
502	103
503	116
504	130
505	132
506	127
507	145
508	137
509	106
510	97
511	88
512	106
513	99
514	110
515	113
516	98
517	120
518	94
519	89
520	116
521	104
522	125
523	99
524	96
525	96
526	69
527	76
528	84
529	89
530	106
531	79
532	99
533	84
534	92
535	89
536	107
537	75
538	91
539	78
540	81
541	74
542	79
543	66
544	99
545	64
546	78
547	65
548	80
549	79
550	69
551	56
552	73
553	60
554	64
555	65
556	68
557	52
558	60
559	69
560	69
561	69
562	80
563	59
564	46
565	52
566	58
567	66
568	44
569	45
570	46
571	49
572	35
573	36
574	52
575	52
576	45
577	49
578	38
579	29
580	47
581	29
