0	0
1	0
2	0
3	0
4	0
5	0
6	0
7	0
8	0
9	0
10	0
11	0
12	0
13	0
14	9
15	8
16	17
17	15
18	7
19	5
20	11
21	12
22	20
23	10
24	19
25	22
26	27
27	24
28	50
29	64
30	85
31	92
32	115
33	180
34	233
35	296
36	331
37	422
38	543
39	589
40	629
41	728
42	881
43	868
44	966
45	1078
46	1155
47	1244
48	1388
49	1458
50	1497
51	1645
52	1680
53	1803
54	1866
55	1821
56	1993
57	2076
58	1969
59	2090
60	2076
61	2258
62	2074
63	2282
64	2205
65	2168
66	2402
67	2419
68	2625
69	2790
70	2822
71	2812
72	2880
73	3011
74	3030
75	3076
76	3161
77	3256
78	3394
79	3461
80	3399
81	3644
82	3634
83	4211
84	4173
85	4365
86	4185
87	4280
88	4349
89	4759
90	6561
91	5437
92	5047
93	5108
94	5241
95	5327
96	5380
97	5642
98	5464
99	5983
100	5969
101	6098
102	6310
103	6624
104	6855
105	6836
106	7267
107	7441
108	7301
109	7594
110	7835
111	7830
112	8052
113	8190
114	8338
115	8582
116	9052
117	8937
118	9187
119	9671
120	9371
121	9781
122	9930
123	9969
124	10254
125	10273
126	10392
127	10577
128	10745
129	10777
130	11239
131	11435
132	11497
133	11704
134	11751
135	11794
136	11964
137	12242
138	12129
139	12101
140	12565
141	12561
142	12707
143	12715
144	13094
145	11989
146	12362
147	15358
148	16428
149	17069
150	17208
151	17633
152	17878
153	17697
154	17902
155	17885
156	17658
157	17907
158	18362
159	18401
160	18326
161	18599
162	18169
163	18340
164	18723
165	18611
166	18499
167	18692
168	18787
169	18580
170	18766
171	18876
172	18943
173	19028
174	18658
175	18770
176	18644
177	18650
178	18590
179	19072
180	18345
181	18443
182	18773
183	18861
184	18491
185	18174
186	18608
187	18425
188	18564
189	18155
190	18477
191	18723
192	18317
193	18208
194	18290
195	18507
196	18075
197	17850
198	17979
199	17872
200	17595
201	17791
202	17529
203	17467
204	17225
205	17432
206	17246
207	17072
208	17125
209	16929
210	16541
211	16688
212	16620
213	16536
214	16434
215	16227
216	16568
217	16549
218	15646
219	16121
220	16109
221	15880
222	15490
223	15289
224	15157
225	15094
226	15321
227	15150
228	14980
229	14973
230	14770
231	14556
232	14029
233	14362
234	14500
235	14069
236	14097
237	14243
238	14128
239	13881
240	14208
241	13634
242	13534
243	13364
244	13243
245	13414
246	13111
247	12883
248	13036
249	12948
250	12733
251	12945
252	12644
253	12647
254	12650
255	12467
256	12071
257	11927
258	12213
259	12015
260	11994
261	11874
262	11373
263	11204
264	11417
265	11285
266	11253
267	10812
268	10866
269	10991
270	10918
271	10640
272	10837
273	10601
274	10397
275	10396
276	10279
277	10216
278	10312
279	10107
280	9843
281	9915
282	9724
283	9415
284	9769
285	9633
286	9535
287	9425
288	9132
289	8873
290	9123
291	9140
292	8833
293	8772
294	8783
295	8614
296	8448
297	8402
298	8171
299	8407
300	8282
301	8181
302	8023
303	8014
304	7867
305	7714
306	7830
307	7588
308	7541
309	7460
310	7326
311	7570
312	7280
313	7055
314	7308
315	7074
316	6882
317	6749
318	6790
319	6664
320	6609
321	6660
322	6649
323	6587
324	6455
325	6338
326	6213
327	6261
328	6357
329	6301
330	6028
331	5965
332	5970
333	5820
334	5695
335	5759
336	5756
337	5676
338	5827
339	5703
340	5650
341	5602
342	5628
343	5462
344	5288
345	5349
346	5165
347	5226
348	5333
349	5059
350	5162
351	5069
352	5040
353	5094
354	5004
355	4852
356	4934
357	4646
358	4725
359	4567
360	4569
361	4406
362	4428
363	4504
364	4556
365	4374
366	4472
367	4266
368	4411
369	4412
370	4484
371	4219
372	4342
373	4170
374	3949
375	4097
376	4126
377	3989
378	4165
379	3979
380	4007
381	3996
382	3920
383	3716
384	3775
385	3717
386	3641
387	3675
388	3772
389	3567
390	3501
391	3520
392	3514
393	3509
394	3397
395	3338
396	3273
397	3325
398	3332
399	3329
400	3382
401	3212
402	3191
403	3114
404	3012
405	3056
406	3164
407	3099
408	3074
409	3047
410	3034
411	2851
412	2976
413	2964
414	2846
415	2819
416	2826
417	2837
418	2850
419	2819
420	2873
421	2824
422	2623
423	2741
424	2725
425	2674
426	2723
427	2561
428	2480
429	2634
430	2563
431	2592
432	2511
433	2631
434	2456
435	2547
436	2417
437	2435
438	2432
439	2365
440	2374
441	2318
442	2373
443	2365
444	2368
445	2365
446	2364
447	2267
448	2389
449	2370
450	2210
451	2194
452	2348
453	2257
454	2254
455	2208
456	2143
457	2081
458	2113
459	2296
460	2231
461	2175
462	2151
463	2134
464	2089
465	2026
466	2073
467	2037
468	2118
469	2074
470	2090
471	2160
472	2088
473	1968
474	1987
475	2009
476	2036
477	2031
478	2003
479	1971
480	2020
481	2071
482	1884
483	1905
484	1813
485	1805
486	1848
487	1831
488	1868
489	1954
490	1915
491	1862
492	1858
493	1867
494	1842
495	1788
496	1885
497	1852
498	1797
499	1781
500	1868
501	1815
502	1768
503	1796
504	1835
505	1774
506	1860
507	1846
508	1805
509	1712
510	1765
511	1761
512	1725
513	1704
514	1769
515	1711
516	1764
517	1720
518	1796
519	1773
520	1726
521	1749
522	1777
523	1704
524	1787
525	1743
526	1752
527	1755
528	1772
529	1640
530	1801
531	1710
532	1769
533	1811
534	1791
535	1694
536	1731
537	1735
538	1848
539	1752
540	1760
541	1842
542	1739
543	1711
544	1685
545	1663
546	1757
547	1796
548	1732
549	1647
550	1673
551	1663
552	1668
553	1616
554	1782
555	1704
556	1578
557	1535
558	1708
559	1627
560	1570
561	1630
562	1580
563	1635
564	1638
565	1666
566	1560
567	1596
568	1614
569	1610
570	1593
571	1534
572	1635
573	1626
574	1629
575	1591
576	1635
577	1685
578	1644
579	1630
580	1526
581	1571
582	1588
583	1478
584	1537
585	1491
586	1580
587	1605
588	1554
589	1582
590	1530
591	1588
592	1522
593	1522
594	1554
595	1480
596	1522
597	1545
598	1574
599	1573
600	1478
601	1463
602	1513
603	1537
604	1449
605	1419
606	1472
607	1493
608	1462
609	1497
610	1461
611	1524
612	1365
613	1355
614	1468
615	1496
616	1426
617	1414
618	1450
619	1398
620	1367
621	1440
622	1372
623	1409
624	1543
625	1475
626	1421
627	1448
628	1462
629	1500
630	1519
631	1441
632	1513
633	1498
634	1405
635	1381
636	1417
637	1502
638	1507
639	1422
640	1434
641	1377
642	1451
643	1341
644	1380
645	1367
646	1381
647	1348
648	1459
649	1361
650	1401
651	1366
652	1379
653	1309
654	1480
655	1324
656	1404
657	1255
658	1324
659	1340
660	1361
661	1306
662	1359
663	1308
664	1374
665	1375
666	1315
667	1344
668	1264
669	1360
670	1401
671	1344
672	1403
673	1432
674	1453
675	1437
676	1408
677	1329
678	1433
679	1422
680	1357
681	1376
682	1382
683	1316
684	1453
685	1407
686	1346
687	1339
688	1277
689	1305
690	1306
691	1329
692	1238
693	1348
694	1278
695	1474
696	1322
697	1388
698	1324
699	1257
700	1362
701	1317
702	1330
703	1375
704	1312
705	1423
706	1327
707	1295
708	1414
709	1367
710	1370
711	1305
712	1337
713	1389
714	1263
715	1306
716	1295
717	1317
718	1326
719	1277
720	1299
721	1316
722	1298
723	1355
724	1325
725	1191
726	1287
727	1358
728	1233
729	1204
730	1214
731	1246
732	1377
733	1362
734	1269
735	1430
736	1339
737	1282
738	1296
739	1334
740	1318
741	1275
742	1267
743	1190
744	1361
745	1253
746	1210
747	1310
748	1189
749	1222
750	1223
751	1246
752	1185
753	1172
754	1175
755	1144
756	1158
757	1110
758	1158
759	1201
760	1102
761	1123
762	1195
763	1171
764	1211
765	1195
766	1193
767	1113
768	1069
769	1143
770	1097
771	1118
772	1194
773	1169
774	1077
775	1040
776	1127
777	1207
778	1045
779	1122
780	1115
781	1110
782	1189
783	1249
784	1213
785	1153
786	1074
787	1131
788	1115
789	1073
790	1236
791	1121
792	1205
793	1150
794	1117
795	1154
796	1158
797	1057
798	1095
799	1133
800	1133
801	1166
802	1090
803	1112
804	1135
805	1129
806	1127
807	1198
808	1175
809	1177
810	1177
811	1119
812	1083
813	1098
814	1086
815	1114
816	1156
817	1096
818	1135
819	1057
820	1154
821	1120
822	1077
823	1168
824	1125
825	1104
826	1136
827	1105
828	1067
829	1070
830	1088
831	1096
832	1073
833	1078
834	1140
835	1101
836	1068
837	1114
838	1047
839	1057
840	1086
841	1018
842	1067
843	1110
844	1046
845	1061
846	1078
847	1116
848	1041
849	1059
850	1098
851	1065
852	1087
853	1133
854	1003
855	1135
856	1204
857	1063
858	1064
859	1119
860	1072
861	1084
862	1091
863	1075
864	1193
865	1138
866	1060
867	1203
868	1166
869	1141
870	1124
871	1130
872	1111
873	1162
874	1094
875	1078
876	1115
877	1054
878	1126
879	1180
880	1057
881	1066
882	1082
883	1157
884	1081
885	1109
886	1124
887	988
888	1102
889	1098
890	1089
891	1060
892	1107
893	1029
894	1070
895	1024
896	1034
897	1081
898	1112
899	1087
900	1053
901	1080
902	1015
903	1024
904	938
905	990
906	1015
907	1076
908	950
909	980
910	989
911	1025
912	959
913	1038
914	984
915	1057
916	977
917	982
918	948
919	970
920	893
921	897
922	1037
923	1011
924	1025
925	896
926	933
927	924
928	934
929	944
930	975
931	1031
932	994
933	1064
934	1010
935	1096
936	1019
937	1003
938	1041
939	972
940	992
941	1076
942	987
943	1098
944	987
945	1073
946	1059
947	988
948	949
949	993
950	965
951	1056
952	978
953	1047
954	1031
955	1028
956	1056
957	987
958	976
959	1064
960	1006
961	973
962	972
963	1023
964	1016
965	1010
966	1093
967	1102
968	1091
969	1073
970	1059
971	996
972	997
973	997
974	1024
975	986
976	922
977	977
978	1095
979	1035
980	1040
981	985
982	935
983	938
984	952
985	937
986	877
987	926
988	962
989	1071
990	1036
991	982
992	1013
993	994
994	952
995	986
996	931
997	974
998	1032
999	975
1000	966
1001	1008
1002	1011
1003	1026
1004	1000
1005	984
1006	911
1007	958
1008	931
1009	976
1010	949
1011	920
1012	913
1013	912
1014	921
1015	932
1016	962
1017	926
1018	962
1019	908
1020	887
1021	925
1022	899
1023	840
1024	884
1025	934
1026	853
1027	922
1028	931
1029	929
1030	963
1031	866
1032	956
1033	1000
1034	934
1035	889
1036	914
1037	843
1038	852
1039	881
1040	887
1041	949
1042	870
1043	881
1044	905
1045	918
1046	895
1047	862
1048	875
1049	864
1050	795
1051	851
1052	837
1053	882
1054	911
1055	846
1056	854
1057	905
1058	895
1059	899
1060	848
1061	776
1062	929
1063	955
1064	932
1065	1000
1066	895
1067	877
1068	874
1069	870
1070	843
1071	845
1072	855
1073	946
1074	935
1075	901
1076	870
1077	933
1078	901
1079	930
1080	799
1081	877
1082	776
1083	802
1084	811
1085	821
1086	832
1087	792
1088	808
1089	835
1090	888
1091	939
1092	880
1093	850
1094	889
1095	890
1096	849
1097	892
1098	934
1099	924
1100	924
1101	877
1102	900
1103	868
1104	836
1105	861
1106	900
1107	874
1108	898
1109	888
1110	882
1111	897
1112	905
1113	842
1114	883
1115	841
1116	879
1117	882
1118	913
1119	896
1120	775
1121	839
1122	828
1123	864
1124	824
1125	870
1126	832
1127	847
1128	853
1129	849
1130	801
1131	918
1132	860
1133	848
1134	857
1135	824
1136	869
1137	840
1138	791
1139	894
1140	898
1141	880
1142	836
1143	909
1144	855
1145	856
1146	845
1147	893
1148	916
1149	872
1150	887
1151	886
1152	867
1153	862
1154	863
1155	798
1156	858
1157	826
1158	883
1159	819
1160	867
1161	944
1162	871
1163	842
1164	789
1165	862
1166	855
1167	913
1168	850
1169	841
1170	830
1171	826
1172	787
1173	804
1174	776
1175	889
1176	867
1177	867
1178	831
1179	887
1180	835
1181	749
1182	799
1183	815
1184	820
1185	829
1186	819
1187	828
1188	913
1189	897
1190	897
1191	837
1192	772
1193	804
1194	829
1195	916
1196	806
1197	891
1198	848
1199	882
1200	896
1201	833
1202	853
1203	836
1204	823
1205	876
1206	800
1207	801
1208	860
1209	834
1210	809
1211	864
1212	852
1213	830
1214	834
1215	865
1216	800
1217	824
1218	850
1219	770
1220	856
1221	842
1222	802
1223	777
1224	812
1225	794
1226	817
1227	777
1228	851
1229	795
1230	800
1231	803
1232	910
1233	754
1234	836
1235	795
1236	815
1237	839
1238	872
1239	850
1240	822
1241	833
1242	830
1243	813
1244	786
1245	762
1246	785
1247	808
1248	836
1249	795
1250	829
1251	821
1252	780
1253	808
1254	789
1255	899
1256	855
1257	826
1258	817
1259	817
1260	794
1261	903
1262	798
1263	872
1264	834
1265	757
1266	806
1267	831
1268	826
1269	788
1270	878
1271	872
1272	800
1273	876
1274	949
1275	940
1276	792
1277	854
1278	782
1279	821
1280	946
1281	836
1282	873
1283	865
1284	798
1285	813
1286	799
1287	844
1288	839
1289	857
1290	812
1291	811
1292	819
1293	850
1294	843
1295	828
1296	851
1297	865
1298	838
1299	859
1300	826
1301	825
1302	786
1303	810
1304	850
1305	830
1306	859
1307	801
1308	810
1309	823
1310	821
1311	813
1312	795
1313	853
1314	865
1315	833
1316	820
1317	794
1318	883
1319	859
1320	838
1321	832
1322	871
1323	781
1324	810
1325	766
1326	822
1327	851
1328	789
1329	742
1330	789
1331	823
1332	856
1333	856
1334	843
1335	791
1336	790
1337	804
1338	835
1339	744
1340	759
1341	715
1342	786
1343	718
1344	751
1345	741
1346	702
1347	810
1348	768
1349	829
1350	739
1351	772
1352	694
1353	744
1354	754
1355	782
1356	756
1357	790
1358	649
1359	724
1360	704
1361	750
1362	736
1363	761
1364	720
1365	761
1366	812
1367	733
1368	710
1369	772
1370	763
1371	690
1372	783
1373	734
1374	769
1375	676
1376	716
1377	804
1378	799
1379	775
1380	733
1381	781
1382	730
1383	725
1384	779
1385	777
1386	723
1387	766
1388	804
1389	809
1390	701
1391	748
1392	735
1393	769
1394	842
1395	810
1396	830
1397	746
1398	753
1399	688
1400	732
1401	722
1402	803
1403	742
1404	821
1405	728
1406	758
1407	817
1408	763
1409	705
1410	789
1411	822
1412	773
1413	738
1414	763
1415	757
1416	783
1417	788
1418	731
1419	828
1420	801
1421	757
1422	810
1423	721
1424	753
1425	739
1426	731
1427	795
1428	688
1429	835
1430	707
1431	729
1432	744
1433	736
1434	741
1435	840
1436	778
1437	753
1438	718
1439	694
1440	702
1441	702
1442	703
1443	702
1444	691
1445	741
1446	745
1447	758
1448	722
1449	726
1450	645
1451	748
1452	712
1453	693
1454	729
1455	725
1456	792
1457	775
1458	727
1459	719
1460	730
1461	697
1462	719
1463	670
1464	684
1465	652
1466	692
1467	701
1468	724
1469	783
1470	680
1471	681
1472	756
1473	711
1474	727
1475	737
1476	776
1477	681
1478	706
1479	739
1480	797
1481	656
1482	692
1483	751
1484	695
1485	782
1486	714
1487	720
1488	719
1489	704
1490	784
1491	805
1492	750
1493	784
1494	731
1495	773
1496	742
1497	741
1498	787
1499	673
1500	666
1501	671
1502	737
1503	770
1504	750
1505	778
1506	778
1507	758
1508	791
1509	774
1510	744
1511	791
1512	809
1513	767
1514	807
1515	761
1516	807
1517	774
1518	786
1519	735
1520	794
1521	756
1522	772
1523	794
1524	819
1525	687
1526	736
1527	793
1528	765
1529	850
1530	800
1531	753
1532	734
1533	782
1534	823
1535	717
1536	769
1537	743
1538	729
1539	751
1540	712
1541	756
1542	737
1543	775
1544	730
1545	751
1546	743
1547	770
1548	738
1549	781
1550	741
1551	791
1552	720
1553	687
1554	822
1555	749
1556	704
1557	780
1558	750
1559	766
1560	768
1561	854
1562	777
1563	774
1564	788
1565	836
1566	792
1567	792
1568	788
1569	739
1570	786
1571	770
1572	709
1573	789
1574	791
1575	749
1576	787
1577	729
1578	863
1579	749
1580	750
1581	822
1582	760
1583	751
1584	791
1585	743
1586	762
1587	754
1588	747
1589	786
1590	826
1591	834
1592	779
1593	841
1594	736
1595	801
1596	724
1597	808
1598	777
1599	742
1600	737
1601	712
1602	730
1603	758
1604	658
1605	767
1606	727
1607	690
1608	731
1609	752
1610	674
1611	673
1612	663
1613	706
1614	676
1615	673
1616	708
1617	648
1618	684
1619	697
1620	666
1621	709
1622	729
1623	670
1624	700
1625	698
1626	691
1627	686
1628	750
1629	766
1630	709
1631	769
1632	743
1633	699
1634	759
1635	776
1636	759
1637	793
1638	745
1639	743
1640	776
1641	665
1642	758
1643	763
1644	731
1645	708
1646	736
1647	780
1648	726
1649	660
1650	738
1651	725
1652	691
1653	742
1654	639
1655	644
1656	713
1657	722
1658	613
1659	663
1660	733
1661	754
1662	738
1663	692
1664	716
1665	699
1666	767
1667	655
1668	711
1669	707
1670	701
1671	642
1672	657
1673	643
1674	676
1675	643
1676	611
1677	652
1678	707
1679	687
1680	634
1681	676
1682	651
1683	644
1684	709
1685	644
1686	679
1687	724
1688	676
1689	710
1690	671
1691	729
1692	718
1693	625
1694	663
1695	705
1696	695
1697	706
1698	752
1699	724
1700	737
1701	755
1702	720
1703	705
1704	722
1705	681
1706	677
1707	693
1708	794
1709	762
1710	690
1711	671
1712	689
1713	681
1714	657
1715	721
1716	677
1717	737
1718	716
1719	770
1720	713
1721	685
1722	717
1723	729
1724	723
1725	649
1726	711
1727	619
1728	739
1729	723
1730	733
1731	652
1732	718
1733	802
1734	736
1735	632
1736	739
1737	734
1738	722
1739	739
1740	725
1741	661
1742	755
1743	675
1744	609
1745	666
1746	656
1747	655
1748	635
1749	639
1750	639
1751	681
1752	660
1753	667
1754	617
1755	700
1756	677
1757	639
1758	650
1759	622
1760	673
1761	635
1762	691
1763	691
1764	598
1765	631
1766	637
1767	681
1768	598
1769	597
1770	636
1771	655
1772	637
1773	626
1774	616
1775	650
1776	688
1777	730
1778	622
1779	676
1780	548
1781	612
1782	677
1783	592
1784	586
1785	622
1786	622
1787	591
1788	627
1789	659
1790	684
1791	635
1792	676
1793	649
1794	663
1795	610
1796	590
1797	601
1798	643
1799	598
1800	624
1801	600
1802	593
1803	580
1804	567
1805	613
1806	574
1807	546
1808	639
1809	637
1810	605
1811	576
1812	606
1813	538
1814	581
1815	636
1816	631
1817	618
1818	563
1819	607
1820	604
1821	597
1822	579
1823	548
1824	538
1825	588
1826	535
1827	563
1828	535
1829	590
1830	564
1831	565
1832	547
1833	603
1834	582
1835	577
1836	553
1837	649
1838	553
1839	544
1840	609
1841	568
1842	541
1843	595
1844	635
1845	669
1846	587
1847	558
1848	603
1849	584
1850	593
1851	607
1852	563
1853	580
1854	543
1855	524
1856	549
1857	589
1858	506
1859	535
1860	602
1861	594
1862	585
1863	607
1864	579
1865	500
1866	580
1867	538
1868	520
1869	533
1870	514
1871	555
1872	591
1873	589
1874	520
1875	545
1876	544
1877	551
1878	508
1879	531
1880	526
1881	574
1882	568
1883	590
1884	557
1885	561
1886	641
1887	577
1888	577
1889	536
1890	537
1891	564
1892	610
1893	575
1894	641
1895	584
1896	544
1897	577
1898	567
1899	599
1900	628
1901	560
1902	568
1903	585
1904	501
1905	576
1906	552
1907	554
1908	545
1909	533
1910	540
1911	561
1912	545
1913	529
1914	592
1915	548
1916	493
1917	546
1918	587
1919	536
1920	571
1921	584
1922	591
1923	680
1924	623
1925	600
1926	636
1927	595
1928	530
1929	597
1930	556
1931	549
1932	545
1933	493
1934	545
1935	558
1936	501
1937	566
1938	579
1939	592
1940	559
1941	514
1942	461
1943	557
1944	525
1945	560
1946	565
1947	586
1948	556
1949	519
1950	529
1951	569
1952	535
1953	555
1954	572
1955	539
1956	583
1957	506
1958	524
1959	534
1960	537
1961	538
1962	593
1963	565
1964	588
1965	558
1966	613
1967	546
1968	604
1969	694
1970	613
1971	570
1972	595
1973	595
1974	599
1975	550
1976	528
1977	571
1978	568
1979	669
1980	508
1981	557
1982	544
1983	543
1984	643
1985	554
1986	570
1987	543
1988	580
1989	580
1990	585
1991	604
1992	611
1993	616
1994	603
1995	611
1996	513
1997	545
1998	564
1999	554
2000	586
2001	581
2002	551
2003	563
2004	596
2005	589
2006	632
2007	550
2008	611
2009	573
2010	554
2011	555
2012	553
2013	622
2014	556
2015	557
2016	585
2017	557
2018	572
2019	544
2020	526
2021	590
2022	585
2023	601
2024	558
2025	624
2026	630
2027	589
2028	624
2029	646
2030	588
2031	559
2032	609
2033	641
2034	573
2035	584
2036	582
2037	594
2038	562
2039	586
2040	596
2041	556
2042	578
2043	621
2044	578
2045	652
2046	632
2047	610
2048	746
2049	630
2050	617
2051	661
2052	681
2053	625
2054	621
2055	679
2056	626
2057	646
2058	595
2059	569
2060	581
2061	537
2062	594
2063	604
2064	612
2065	642
2066	632
2067	633
2068	636
2069	600
2070	593
2071	606
2072	673
2073	592
2074	580
2075	669
2076	573
2077	560
2078	584
2079	644
2080	586
2081	535
2082	587
2083	564
2084	601
2085	612
2086	640
2087	595
2088	590
2089	575
2090	635
2091	613
2092	565
2093	607
2094	544
2095	565
2096	578
2097	597
2098	603
2099	600
2100	594
2101	633
2102	643
2103	601
2104	626
2105	601
2106	650
2107	592
2108	578
2109	562
2110	576
2111	512
2112	527
2113	534
2114	556
2115	612
2116	564
2117	570
2118	627
2119	536
2120	559
2121	551
2122	545
2123	620
2124	574
2125	568
2126	559
2127	583
2128	576
2129	507
2130	571
2131	522
2132	562
2133	509
2134	539
2135	505
2136	514
2137	546
2138	506
2139	512
2140	560
2141	531
2142	553
2143	544
2144	540
2145	553
2146	548
2147	532
2148	577
2149	523
2150	509
2151	604
2152	525
2153	570
2154	577
2155	564
2156	618
2157	523
2158	495
2159	528
2160	562
2161	486
2162	535
2163	525
2164	536
2165	494
2166	534
2167	521
2168	544
2169	523
2170	547
2171	530
2172	540
2173	545
2174	509
2175	527
2176	487
2177	552
2178	538
2179	484
2180	464
2181	503
2182	480
2183	536
2184	470
2185	442
2186	504
2187	493
2188	494
2189	474
2190	488
2191	513
2192	521
2193	524
2194	547
2195	482
2196	545
2197	475
2198	569
2199	560
2200	535
2201	505
2202	545
2203	551
2204	554
2205	489
2206	502
2207	565
2208	514
2209	492
2210	518
2211	536
2212	541
2213	517
2214	497
2215	507
2216	517
2217	462
2218	557
2219	577
2220	549
2221	580
2222	608
2223	529
2224	566
2225	563
2226	556
2227	540
2228	506
2229	577
2230	536
2231	516
2232	572
2233	549
2234	609
2235	498
2236	574
2237	477
2238	594
2239	573
2240	505
2241	533
2242	589
2243	562
2244	492
2245	571
2246	532
2247	540
2248	500
2249	556
2250	531
2251	551
2252	547
2253	590
2254	568
2255	554
2256	558
2257	569
2258	548
2259	613
2260	554
2261	530
2262	620
2263	581
2264	608
2265	602
2266	565
2267	586
2268	587
2269	628
2270	570
2271	574
2272	615
2273	560
2274	593
2275	617
2276	584
2277	643
2278	517
2279	520
2280	574
2281	537
2282	525
2283	525
2284	540
2285	531
2286	567
2287	500
2288	528
2289	518
2290	514
2291	583
2292	570
2293	542
2294	570
2295	514
2296	552
2297	522
2298	546
2299	568
2300	546
2301	543
2302	537
2303	465
2304	520
2305	499
2306	536
2307	504
2308	502
2309	544
2310	507
2311	489
2312	535
2313	541
2314	523
2315	561
2316	533
2317	555
2318	575
2319	508
2320	542
2321	533
2322	473
2323	540
2324	503
2325	567
2326	558
2327	551
2328	526
2329	536
2330	483
2331	576
2332	543
2333	544
2334	450
2335	473
2336	495
2337	532
2338	448
2339	480
2340	510
2341	496
2342	532
2343	515
2344	481
2345	530
2346	509
2347	494
2348	497
2349	529
2350	543
2351	436
2352	500
2353	491
2354	483
2355	488
2356	434
2357	504
2358	468
2359	492
2360	528
2361	597
2362	512
2363	527
2364	483
2365	531
2366	501
2367	505
2368	552
2369	520
2370	511
2371	458
2372	520
2373	498
2374	504
2375	511
2376	440
2377	507
2378	497
2379	496
2380	600
2381	540
2382	524
2383	491
2384	519
2385	489
2386	472
2387	532
2388	494
2389	461
2390	486
2391	514
2392	495
2393	478
2394	503
2395	480
2396	531
2397	531
2398	487
2399	463
2400	480
2401	457
2402	483
2403	557
2404	536
2405	572
2406	486
2407	515
2408	524
2409	499
2410	483
2411	464
2412	453
2413	464
2414	480
2415	469
2416	496
2417	510
2418	461
2419	505
2420	521
2421	527
2422	496
2423	594
2424	557
2425	477
2426	497
2427	527
2428	540
2429	541
2430	514
2431	514
2432	502
2433	537
2434	484
2435	489
2436	491
2437	554
2438	546
2439	502
2440	480
2441	521
2442	529
2443	552
2444	539
2445	541
2446	507
2447	523
2448	543
2449	537
2450	530
2451	528
2452	484
2453	508
2454	533
2455	521
2456	531
2457	500
2458	551
2459	491
2460	569
2461	533
2462	530
2463	459
2464	484
2465	522
2466	476
2467	489
2468	481
2469	515
2470	483
2471	452
2472	495
2473	560
2474	525
2475	453
2476	487
2477	497
2478	474
2479	518
2480	474
2481	508
2482	438
2483	486
2484	489
2485	501
2486	523
2487	486
2488	527
2489	497
2490	432
2491	457
2492	494
2493	483
2494	501
2495	472
2496	554
2497	488
2498	505
2499	514
2500	500
2501	544
2502	535
2503	537
2504	539
2505	475
2506	476
2507	480
2508	473
2509	482
2510	501
2511	468
2512	453
2513	457
2514	514
2515	451
2516	472
2517	466
2518	472
2519	517
2520	494
2521	474
2522	487
2523	462
2524	488
2525	530
2526	582
2527	454
2528	443
2529	441
2530	462
2531	511
2532	493
2533	418
2534	468
2535	440
2536	545
2537	452
2538	445
2539	409
2540	477
2541	479
2542	465
2543	484
2544	414
2545	449
2546	397
2547	454
2548	434
2549	430
2550	436
2551	433
2552	430
2553	403
2554	412
2555	433
2556	448
2557	458
2558	426
2559	455
2560	417
2561	439
2562	484
2563	434
2564	388
2565	416
2566	439
2567	449
2568	424
2569	455
2570	416
2571	393
2572	383
2573	441
2574	433
2575	436
2576	406
2577	422
2578	413
2579	426
2580	459
2581	471
2582	444
2583	436
2584	437
2585	429
2586	353
2587	442
2588	408
2589	436
2590	424
2591	434
2592	444
2593	404
2594	426
2595	428
2596	460
2597	415
2598	388
2599	418
2600	476
2601	395
2602	372
2603	457
2604	453
2605	411
2606	424
2607	445
2608	461
2609	406
2610	385
2611	425
2612	434
2613	390
2614	448
2615	441
2616	388
2617	429
2618	438
2619	388
2620	453
2621	409
2622	422
2623	420
2624	466
2625	379
2626	425
2627	403
2628	403
2629	403
2630	437
2631	427
2632	452
2633	442
2634	402
2635	398
2636	377
2637	465
2638	430
2639	417
2640	431
2641	461
2642	431
2643	437
2644	381
2645	398
2646	413
2647	501
2648	484
2649	427
2650	435
2651	412
2652	448
2653	478
2654	401
2655	412
2656	460
2657	424
2658	445
2659	496
2660	445
2661	447
2662	456
2663	422
2664	434
2665	424
2666	411
2667	433
2668	406
2669	418
2670	455
2671	436
2672	425
2673	486
2674	398
2675	475
2676	403
2677	412
2678	402
2679	439
2680	428
2681	392
2682	427
2683	414
2684	444
2685	419
2686	402
2687	420
2688	414
2689	386
2690	383
2691	417
2692	448
2693	411
2694	405
2695	464
2696	448
2697	388
2698	430
2699	453
2700	398
2701	499
2702	413
2703	467
2704	424
2705	498
2706	395
2707	459
2708	420
2709	398
2710	417
2711	463
2712	381
2713	434
2714	428
2715	424
2716	424
2717	422
2718	476
2719	481
2720	488
2721	424
2722	454
2723	452
2724	416
2725	414
2726	358
2727	428
2728	377
2729	408
2730	467
2731	389
2732	451
2733	435
2734	395
2735	419
2736	421
2737	406
2738	409
2739	464
2740	446
2741	434
2742	445
2743	419
2744	439
2745	470
2746	444
2747	433
2748	445
2749	475
2750	434
2751	405
2752	425
2753	372
2754	472
2755	442
2756	449
2757	409
2758	385
2759	442
2760	508
2761	417
2762	434
2763	377
2764	395
2765	426
2766	480
2767	419
2768	466
2769	377
2770	488
2771	514
2772	414
2773	419
2774	400
2775	410
2776	446
2777	396
2778	423
2779	374
2780	405
2781	393
2782	371
2783	386
2784	421
2785	422
2786	398
2787	420
2788	421
2789	390
2790	390
2791	430
2792	388
2793	397
2794	383
2795	372
2796	375
2797	414
2798	435
2799	448
2800	416
2801	407
2802	434
2803	404
2804	434
2805	400
2806	388
2807	404
2808	344
2809	346
2810	352
2811	353
2812	416
2813	382
2814	388
2815	425
2816	406
2817	377
2818	396
2819	376
2820	415
2821	427
2822	408
2823	410
2824	342
2825	401
2826	383
2827	361
2828	389
2829	387
2830	377
2831	359
2832	407
2833	413
2834	386
2835	390
2836	443
2837	375
2838	401
2839	395
2840	338
2841	367
2842	424
2843	322
2844	373
2845	376
2846	407
2847	393
2848	370
2849	403
2850	425
2851	371
2852	410
2853	372
2854	332
2855	362
2856	361
2857	381
2858	388
2859	437
2860	380
2861	383
2862	405
2863	356
2864	407
2865	419
2866	326
2867	355
2868	397
2869	378
2870	395
2871	326
2872	353
2873	350
2874	350
2875	382
2876	359
2877	339
2878	406
2879	423
2880	344
2881	347
2882	320
2883	400
2884	378
2885	370
2886	375
2887	333
2888	328
2889	342
2890	342
2891	351
2892	356
2893	336
2894	361
2895	331
2896	378
2897	399
2898	318
2899	341
2900	303
2901	345
2902	342
2903	346
2904	345
2905	364
2906	368
2907	400
2908	330
2909	359
2910	335
2911	350
2912	326
2913	339
2914	360
2915	331
2916	359
2917	343
2918	358
2919	332
2920	312
2921	364
2922	350
2923	353
2924	331
2925	346
2926	361
2927	309
2928	293
2929	299
2930	293
2931	339
2932	300
2933	376
2934	295
2935	320
2936	331
2937	289
2938	322
2939	379
2940	343
2941	336
2942	337
2943	332
2944	309
2945	295
2946	339
2947	263
2948	323
2949	336
2950	319
2951	330
2952	331
2953	337
2954	305
2955	288
2956	310
2957	278
2958	328
2959	301
2960	313
2961	310
2962	337
2963	327
2964	332
2965	381
2966	316
2967	302
2968	354
2969	282
2970	336
2971	321
2972	333
2973	327
2974	329
2975	317
2976	354
2977	332
2978	318
2979	316
2980	316
2981	355
2982	332
2983	310
2984	329
2985	310
2986	327
2987	358
2988	285
2989	305
2990	370
2991	326
2992	340
2993	384
2994	308
2995	311
2996	330
2997	311
2998	334
2999	316
3000	361
3001	373
3002	343
3003	375
3004	369
3005	332
3006	321
3007	352
3008	346
3009	351
3010	382
3011	377
3012	407
3013	374
3014	393
3015	372
3016	316
3017	322
3018	380
3019	367
3020	376
3021	386
3022	404
3023	365
3024	369
3025	391
3026	361
3027	354
3028	340
3029	375
3030	361
3031	342
3032	330
3033	357
3034	351
3035	352
3036	327
3037	367
3038	362
3039	367
3040	321
3041	361
3042	402
3043	373
3044	374
3045	340
3046	351
3047	376
3048	335
3049	401
3050	373
3051	415
3052	399
3053	374
3054	383
3055	371
3056	395
3057	401
3058	390
3059	427
3060	352
3061	408
3062	400
3063	380
3064	435
3065	376
3066	413
3067	386
3068	405
3069	408
3070	401
3071	353
3072	399
3073	436
3074	407
3075	418
3076	413
3077	316
3078	391
3079	363
3080	406
3081	328
3082	355
3083	360
3084	360
3085	359
3086	366
3087	409
3088	428
3089	395
3090	398
3091	428
3092	429
3093	386
3094	387
3095	370
3096	349
3097	396
3098	364
3099	350
3100	409
3101	318
3102	345
3103	356
3104	371
3105	394
3106	372
3107	392
3108	365
3109	345
3110	387
3111	389
3112	364
3113	326
3114	312
3115	400
3116	349
3117	370
3118	341
3119	364
3120	321
3121	324
3122	292
3123	276
3124	295
3125	351
3126	297
3127	317
3128	349
3129	357
3130	287
3131	357
3132	276
3133	332
3134	330
3135	375
3136	363
3137	354
3138	372
3139	313
3140	343
3141	320
3142	333
3143	354
3144	361
3145	333
3146	327
3147	320
3148	364
3149	329
3150	318
3151	353
3152	361
3153	317
3154	316
3155	307
3156	305
3157	368
3158	323
3159	331
3160	328
3161	315
3162	361
3163	381
3164	311
3165	368
3166	342
3167	356
3168	349
3169	368
3170	342
3171	299
3172	400
3173	350
3174	339
3175	337
3176	341
3177	337
3178	298
3179	320
3180	394
3181	352
3182	330
3183	368
3184	337
3185	345
3186	319
3187	343
3188	368
3189	364
3190	326
3191	354
3192	404
3193	359
3194	346
3195	346
3196	354
3197	364
3198	360
3199	354
3200	331
3201	339
3202	334
3203	327
3204	399
3205	409
3206	435
3207	417
3208	333
3209	343
3210	365
3211	347
3212	372
3213	392
3214	316
3215	356
3216	382
3217	394
3218	383
3219	329
3220	388
3221	361
3222	369
3223	327
3224	382
3225	353
3226	409
3227	385
3228	374
3229	377
3230	378
3231	350
3232	391
3233	369
3234	373
3235	434
3236	408
3237	392
3238	398
3239	411
3240	391
3241	362
3242	423
3243	385
3244	440
3245	384
3246	404
3247	435
3248	413
3249	386
3250	354
3251	387
3252	382
3253	405
3254	348
3255	350
3256	388
3257	374
3258	365
3259	379
3260	367
3261	353
3262	397
3263	382
3264	335
3265	352
3266	341
3267	394
3268	384
3269	414
3270	379
3271	364
3272	366
3273	389
3274	361
3275	382
3276	386
3277	395
3278	419
3279	402
3280	383
3281	447
3282	398
3283	394
3284	393
3285	397
3286	405
3287	362
3288	450
3289	416
3290	448
3291	457
3292	364
3293	369
3294	455
3295	382
3296	425
3297	386
3298	441
3299	398
3300	423
3301	445
3302	422
3303	414
3304	426
3305	368
3306	402
3307	411
3308	380
3309	387
3310	399
3311	445
3312	396
3313	349
3314	387
3315	391
3316	371
3317	391
3318	411
3319	457
3320	436
3321	357
3322	401
3323	378
3324	416
3325	412
3326	443
3327	391
3328	373
3329	390
3330	422
3331	392
3332	402
3333	445
3334	416
3335	430
3336	402
3337	384
3338	370
3339	405
3340	380
3341	404
3342	367
3343	431
3344	385
3345	366
3346	387
3347	413
3348	387
3349	381
3350	388
3351	412
3352	369
3353	395
3354	409
3355	396
3356	333
3357	393
3358	365
3359	381
3360	333
3361	368
3362	379
3363	367
3364	445
3365	382
3366	409
3367	367
3368	337
3369	320
3370	346
3371	312
3372	369
3373	330
3374	344
3375	331
3376	374
3377	403
3378	389
3379	327
3380	327
3381	333
3382	327
3383	310
3384	350
3385	342
3386	329
3387	314
3388	339
3389	353
3390	301
3391	360
3392	371
3393	350
3394	290
3395	317
3396	301
3397	313
3398	315
3399	357
3400	322
3401	291
3402	307
3403	295
3404	319
3405	305
3406	324
3407	309
3408	316
3409	334
3410	338
3411	335
3412	284
3413	289
3414	304
3415	309
3416	334
3417	299
3418	316
3419	317
3420	317
3421	294
3422	281
3423	315
3424	336
3425	334
3426	357
3427	356
3428	340
3429	350
3430	348
3431	327
3432	334
3433	388
3434	330
3435	358
3436	333
3437	323
3438	342
3439	367
3440	322
3441	352
3442	346
3443	360
3444	290
3445	346
3446	328
3447	295
3448	322
3449	327
3450	333
3451	361
3452	317
3453	333
3454	363
3455	347
3456	375
3457	330
3458	354
3459	344
3460	324
3461	334
3462	320
3463	271
3464	335
3465	383
3466	343
3467	345
3468	336
3469	333
3470	341
3471	381
3472	316
3473	253
3474	306
3475	301
3476	287
3477	300
3478	300
3479	391
3480	310
3481	329
3482	306
3483	332
3484	351
3485	324
3486	336
3487	315
3488	318
3489	307
3490	329
3491	341
3492	345
3493	312
3494	314
3495	338
3496	327
3497	339
3498	306
3499	298
3500	319
3501	301
3502	306
3503	315
3504	330
3505	314
3506	310
3507	308
3508	299
3509	330
3510	321
3511	252
3512	243
3513	297
3514	275
3515	255
3516	318
3517	247
3518	264
3519	280
3520	289
3521	280
3522	324
3523	278
3524	320
3525	259
3526	276
3527	376
3528	309
3529	332
3530	291
3531	309
3532	282
3533	328
3534	287
3535	332
3536	277
3537	267
3538	279
3539	321
3540	317
3541	287
3542	320
3543	277
3544	268
3545	287
3546	347
3547	287
3548	275
3549	280
3550	269
3551	306
3552	342
3553	336
3554	323
3555	312
3556	264
3557	278
3558	329
3559	316
3560	296
3561	332
3562	317
3563	333
3564	315
3565	316
3566	263
3567	286
3568	297
3569	291
3570	336
3571	319
3572	356
3573	298
3574	260
3575	280
3576	281
3577	294
3578	297
3579	295
3580	261
3581	260
3582	283
3583	292
3584	307
3585	272
3586	291
3587	248
3588	276
3589	298
3590	308
3591	287
3592	272
3593	279
3594	290
3595	308
3596	301
3597	341
3598	281
3599	307
3600	307
3601	328
3602	335
3603	294
3604	287
3605	294
3606	319
3607	282
3608	293
3609	264
3610	300
3611	291
3612	309
3613	302
3614	332
3615	327
3616	306
3617	305
3618	279
3619	319
3620	319
3621	288
3622	277
3623	330
3624	312
3625	333
3626	362
3627	316
3628	325
3629	302
3630	316
3631	312
3632	277
3633	307
3634	309
3635	297
3636	307
3637	238
3638	277
3639	301
3640	281
3641	272
3642	308
3643	323
3644	333
3645	292
3646	315
3647	301
3648	283
3649	244
3650	305
3651	312
3652	310
3653	276
3654	326
3655	271
3656	315
3657	276
3658	308
3659	338
3660	333
3661	306
3662	257
3663	287
3664	312
3665	332
3666	304
3667	329
3668	338
3669	282
3670	311
3671	253
3672	273
3673	237
3674	262
3675	314
3676	308
3677	288
3678	368
3679	328
3680	331
3681	262
3682	306
3683	254
3684	270
3685	255
3686	276
3687	298
3688	289
3689	310
3690	357
3691	315
3692	309
3693	250
3694	329
3695	286
3696	310
3697	320
3698	291
3699	289
3700	289
3701	329
3702	300
3703	316
3704	314
3705	355
3706	294
3707	279
3708	339
3709	306
3710	305
3711	308
3712	299
3713	309
3714	332
3715	306
3716	306
3717	298
3718	286
3719	324
3720	303
3721	303
3722	279
3723	226
3724	289
3725	308
3726	304
3727	308
3728	256
3729	278
3730	298
3731	327
3732	329
3733	302
3734	371
3735	292
3736	265
3737	276
3738	265
3739	283
3740	295
3741	296
3742	284
3743	258
3744	273
3745	298
3746	311
3747	300
3748	287
3749	314
3750	274
3751	279
3752	292
3753	281
3754	276
3755	286
3756	277
3757	276
3758	299
3759	291
3760	284
3761	295
3762	248
3763	246
3764	277
3765	230
3766	282
3767	319
3768	273
3769	291
3770	271
3771	269
3772	286
3773	319
3774	295
3775	283
3776	272
3777	226
3778	287
3779	262
3780	304
3781	254
3782	275
3783	256
3784	264
3785	240
3786	257
3787	281
3788	295
3789	243
3790	270
3791	297
3792	293
3793	263
3794	242
3795	239
3796	279
3797	316
3798	319
3799	273
3800	291
3801	242
3802	253
3803	256
3804	248
3805	272
3806	233
3807	280
3808	292
3809	267
3810	299
3811	312
3812	281
3813	317
3814	333
3815	324
3816	296
3817	340
3818	320
3819	285
3820	325
3821	294
3822	322
3823	279
3824	277
3825	282
3826	267
3827	281
3828	303
3829	226
3830	353
3831	314
3832	280
3833	287
3834	285
3835	310
3836	284
3837	291
3838	284
3839	268
3840	272
3841	257
3842	266
3843	293
3844	282
3845	292
3846	316
3847	312
3848	289
3849	284
3850	329
3851	265
3852	291
3853	272
3854	334
3855	251
3856	262
3857	300
3858	257
3859	240
3860	261
3861	277
3862	278
3863	239
3864	250
3865	278
3866	233
3867	282
3868	259
3869	239
3870	256
3871	268
3872	244
3873	287
3874	287
3875	282
3876	273
3877	310
3878	293
3879	313
3880	266
3881	306
3882	311
3883	326
3884	336
3885	295
3886	317
3887	300
3888	304
3889	322
3890	298
3891	275
3892	313
3893	312
3894	294
3895	312
3896	326
3897	316
3898	294
3899	287
3900	306
3901	298
3902	303
3903	296
3904	312
3905	346
3906	326
3907	272
3908	302
3909	307
3910	347
3911	335
3912	344
3913	291
3914	338
3915	287
3916	346
3917	322
3918	290
3919	302
3920	346
3921	283
3922	247
3923	336
3924	327
3925	296
3926	342
3927	320
3928	293
3929	312
3930	303
3931	351
3932	308
3933	316
3934	307
3935	322
3936	359
3937	342
3938	328
3939	317
3940	324
3941	280
3942	312
3943	330
3944	283
3945	278
3946	355
3947	300
3948	290
3949	315
3950	344
3951	300
3952	296
3953	313
3954	315
3955	298
3956	295
3957	280
3958	274
3959	265
3960	272
3961	284
3962	310
3963	318
3964	266
3965	298
3966	253
3967	305
3968	258
3969	304
3970	293
3971	313
3972	312
3973	323
3974	316
3975	318
3976	301
3977	309
3978	312
3979	308
3980	289
3981	302
3982	319
3983	292
3984	323
3985	332
3986	297
3987	336
3988	313
3989	336
3990	327
3991	301
3992	294
3993	314
3994	284
3995	291
3996	280
3997	281
3998	261
3999	246
4000	256
4001	288
4002	310
4003	244
4004	300
4005	259
4006	299
4007	309
4008	266
4009	322
4010	249
4011	292
4012	283
4013	294
4014	290
4015	274
4016	335
4017	250
4018	327
4019	295
4020	286
4021	271
4022	283
4023	310
4024	339
4025	317
4026	265
4027	312
4028	305
4029	316
4030	297
4031	316
4032	281
4033	318
4034	325
4035	324
4036	323
4037	313
4038	366
4039	365
4040	355
4041	353
4042	296
4043	297
4044	333
4045	320
4046	391
4047	305
4048	301
4049	305
4050	329
4051	285
4052	357
4053	330
4054	366
4055	361
4056	326
4057	361
4058	326
4059	322
4060	322
4061	326
4062	331
4063	348
4064	299
4065	290
4066	314
4067	319
4068	305
4069	340
4070	307
4071	328
4072	336
4073	303
4074	288
4075	345
4076	323
4077	326
4078	326
4079	357
4080	323
4081	316
4082	338
4083	305
4084	302
4085	369
4086	316
4087	301
4088	321
4089	324
4090	313
4091	362
4092	334
4093	341
4094	367
4095	320
4096	325
4097	343
4098	376
4099	362
4100	337
4101	316
4102	351
4103	305
4104	338
4105	343
4106	335
4107	333
4108	279
4109	334
4110	286
4111	292
4112	368
4113	290
4114	301
4115	255
4116	250
4117	352
4118	323
4119	269
4120	289
4121	321
4122	260
4123	253
4124	348
4125	303
4126	292
4127	277
4128	235
4129	279
4130	263
4131	317
4132	296
4133	285
4134	293
4135	287
4136	245
4137	280
4138	255
4139	260
4140	244
4141	263
4142	282
4143	302
4144	265
4145	259
4146	275
4147	285
4148	298
4149	280
4150	297
4151	264
4152	270
4153	260
4154	241
4155	268
4156	266
4157	260
4158	241
4159	253
4160	227
4161	264
4162	286
4163	254
4164	268
4165	273
4166	245
4167	237
4168	266
4169	246
4170	207
4171	233
4172	238
4173	232
4174	226
4175	252
4176	265
4177	246
4178	280
4179	253
4180	237
4181	270
4182	293
4183	266
4184	294
4185	245
4186	210
4187	254
4188	230
4189	258
4190	243
4191	212
4192	274
4193	253
4194	259
4195	248
4196	254
4197	238
4198	244
4199	216
4200	211
4201	211
4202	218
4203	239
4204	267
4205	241
4206	250
4207	217
4208	250
4209	216
4210	219
4211	239
4212	239
4213	264
4214	220
4215	263
4216	244
4217	250
4218	249
4219	257
4220	227
4221	229
4222	232
4223	218
4224	221
4225	241
4226	244
4227	238
4228	260
4229	262
4230	274
4231	254
4232	250
4233	226
4234	267
4235	225
4236	238
4237	203
4238	204
4239	241
4240	238
4241	215
4242	238
4243	217
4244	202
4245	218
4246	227
4247	214
4248	200
4249	239
4250	217
4251	189
4252	236
4253	214
4254	211
4255	226
4256	239
4257	275
4258	216
4259	225
4260	253
4261	210
4262	235
4263	242
4264	229
4265	218
4266	227
4267	226
4268	264
4269	224
4270	225
4271	219
4272	232
4273	214
4274	214
4275	249
4276	237
4277	275
4278	265
4279	231
4280	237
4281	226
4282	208
4283	224
4284	243
4285	229
4286	276
4287	273
4288	241
4289	250
4290	285
4291	307
4292	278
4293	220
4294	238
4295	222
4296	263
4297	260
4298	255
4299	272
4300	269
4301	243
4302	253
4303	272
4304	270
4305	266
4306	252
4307	248
4308	218
4309	240
4310	242
4311	252
4312	233
4313	258
4314	216
4315	237
4316	271
4317	230
4318	232
4319	232
4320	238
4321	251
4322	258
4323	229
4324	239
4325	188
4326	215
4327	221
4328	237
4329	249
4330	225
4331	214
4332	244
4333	252
4334	219
4335	226
4336	197
4337	201
4338	194
4339	198
4340	223
4341	253
4342	233
4343	192
4344	202
4345	201
4346	232
4347	211
4348	191
4349	233
4350	233
4351	236
4352	244
4353	214
4354	197
4355	202
4356	206
4357	180
4358	219
4359	207
4360	241
4361	211
4362	237
4363	242
4364	225
4365	250
4366	215
4367	165
4368	170
4369	189
4370	186
4371	173
4372	172
4373	298
4374	225
4375	238
4376	230
4377	192
4378	224
4379	192
4380	194
4381	246
4382	214
4383	245
4384	210
4385	212
4386	180
4387	190
4388	209
4389	186
4390	196
4391	159
4392	182
4393	215
4394	198
4395	184
4396	183
4397	217
4398	219
4399	201
4400	223
4401	205
4402	202
4403	216
4404	189
4405	182
4406	214
4407	230
4408	262
4409	230
4410	189
4411	234
4412	194
4413	217
4414	223
4415	211
4416	223
4417	255
4418	223
4419	206
4420	227
4421	219
4422	233
4423	205
4424	235
4425	192
4426	190
4427	210
4428	234
4429	240
4430	227
4431	220
4432	223
4433	226
4434	233
4435	188
4436	248
4437	210
4438	223
4439	160
4440	183
4441	191
4442	225
4443	215
4444	242
4445	205
4446	192
4447	181
4448	232
4449	209
4450	213
4451	202
4452	173
4453	189
4454	232
4455	205
4456	198
4457	180
4458	192
4459	232
4460	212
4461	199
4462	206
4463	206
4464	187
4465	171
4466	170
4467	173
4468	223
4469	179
4470	233
4471	173
4472	206
4473	205
4474	244
4475	176
4476	224
4477	172
4478	190
4479	174
4480	191
4481	203
4482	245
4483	213
4484	220
4485	195
4486	241
4487	246
4488	223
4489	222
4490	256
4491	225
4492	204
4493	224
4494	207
4495	193
4496	191
4497	204
4498	222
4499	228
4500	221
4501	232
4502	201
4503	244
4504	245
4505	250
4506	233
4507	245
4508	194
4509	245
4510	223
4511	207
4512	227
4513	169
4514	193
4515	241
4516	241
4517	224
4518	212
4519	203
4520	240
4521	225
4522	234
4523	258
4524	191
4525	255
4526	240
4527	202
4528	229
4529	206
4530	208
4531	192
4532	208
4533	248
4534	224
4535	224
4536	224
4537	230
4538	216
4539	237
4540	240
4541	252
4542	254
4543	243
4544	255
4545	229
4546	246
4547	235
4548	229
4549	238
4550	218
4551	267
4552	257
4553	256
4554	250
4555	246
4556	240
4557	244
4558	277
4559	274
4560	271
4561	250
4562	235
4563	233
4564	224
4565	228
4566	275
4567	306
4568	237
4569	283
4570	268
4571	231
4572	191
4573	236
4574	258
4575	241
4576	254
4577	271
4578	248
4579	275
4580	266
4581	252
4582	287
4583	229
4584	284
4585	279
4586	287
4587	231
4588	242
4589	261
4590	247
4591	242
4592	238
4593	272
4594	220
4595	225
4596	259
4597	237
4598	228
4599	231
4600	200
4601	231
4602	200
4603	249
4604	255
4605	250
4606	232
4607	259
4608	272
4609	243
4610	236
4611	214
4612	198
4613	237
4614	260
4615	222
4616	236
4617	208
4618	233
4619	194
4620	203
4621	233
4622	242
4623	191
4624	218
4625	218
4626	236
4627	227
4628	203
4629	228
4630	227
4631	239
4632	248
4633	200
4634	226
4635	230
4636	203
4637	169
4638	174
4639	211
4640	206
4641	214
4642	171
4643	192
4644	238
4645	211
4646	249
4647	222
4648	201
4649	220
4650	181
4651	253
4652	232
4653	191
4654	225
4655	251
4656	212
4657	232
4658	205
4659	178
4660	236
4661	211
4662	198
4663	207
4664	211
4665	226
4666	234
4667	218
4668	200
4669	205
4670	220
4671	235
4672	221
4673	173
4674	193
4675	181
4676	211
4677	222
4678	247
4679	203
4680	220
4681	194
4682	207
4683	194
4684	219
4685	216
4686	248
4687	239
4688	212
4689	202
4690	212
4691	234
4692	189
4693	221
4694	208
4695	237
4696	244
4697	197
4698	212
4699	191
4700	199
4701	193
4702	170
4703	201
4704	246
4705	179
4706	186
4707	189
4708	232
4709	177
4710	237
4711	229
4712	205
4713	262
4714	248
4715	195
4716	222
4717	240
4718	200
4719	191
4720	200
4721	165
4722	203
4723	218
4724	216
4725	210
4726	192
4727	189
4728	182
4729	207
4730	216
4731	180
4732	193
4733	197
4734	210
4735	180
4736	197
4737	213
4738	199
4739	223
4740	181
4741	206
4742	173
4743	158
4744	166
4745	209
4746	200
4747	218
4748	215
4749	264
4750	221
4751	190
4752	237
4753	171
4754	216
4755	224
4756	204
4757	211
4758	235
4759	160
4760	199
4761	218
4762	213
4763	226
4764	216
4765	207
4766	261
4767	201
4768	169
4769	200
4770	203
4771	202
4772	224
4773	195
4774	221
4775	231
4776	237
4777	210
4778	182
4779	210
4780	227
4781	204
4782	235
4783	184
4784	202
4785	213
4786	221
4787	209
4788	174
4789	215
4790	202
4791	223
4792	219
4793	231
4794	214
4795	181
4796	218
4797	237
4798	207
4799	196
4800	196
4801	233
4802	222
4803	222
4804	194
4805	196
4806	203
4807	181
4808	208
4809	220
4810	192
4811	233
4812	248
4813	191
4814	218
4815	216
4816	198
4817	197
4818	222
4819	192
4820	194
4821	221
4822	197
4823	209
4824	219
4825	214
4826	175
4827	191
4828	175
4829	187
4830	200
4831	173
4832	148
4833	179
4834	192
4835	221
4836	174
4837	175
4838	190
4839	204
4840	197
4841	200
4842	200
4843	206
4844	189
4845	208
4846	193
4847	182
4848	157
4849	176
4850	190
4851	196
4852	169
4853	171
4854	159
4855	154
4856	149
4857	168
4858	173
4859	172
4860	170
4861	192
4862	165
4863	168
4864	174
4865	171
4866	157
4867	183
4868	190
4869	194
4870	155
4871	165
4872	222
4873	236
4874	195
4875	239
4876	198
4877	206
4878	176
4879	186
4880	203
4881	189
4882	185
4883	208
4884	188
4885	188
4886	217
4887	184
4888	233
4889	187
4890	185
4891	197
4892	136
4893	186
4894	197
4895	224
4896	171
4897	160
4898	179
4899	189
4900	188
4901	157
4902	189
4903	168
4904	202
4905	172
4906	179
4907	189
4908	170
4909	169
4910	197
4911	204
4912	182
4913	191
4914	199
4915	178
4916	177
4917	201
4918	192
4919	202
4920	186
4921	215
4922	192
4923	209
4924	197
4925	194
4926	184
4927	201
4928	202
4929	164
4930	193
4931	190
4932	204
4933	158
4934	152
4935	195
4936	222
4937	217
4938	216
4939	197
4940	203
4941	181
4942	184
4943	200
4944	202
4945	188
4946	192
4947	181
4948	172
4949	180
4950	185
4951	204
4952	239
4953	207
4954	228
4955	216
4956	195
4957	221
4958	179
4959	234
4960	198
4961	178
4962	189
4963	218
4964	193
4965	217
4966	226
4967	224
4968	226
4969	212
4970	176
4971	197
4972	226
4973	178
4974	165
4975	187
4976	190
4977	168
4978	178
4979	206
4980	193
4981	173
4982	175
4983	191
4984	181
4985	200
4986	202
4987	197
4988	154
4989	169
4990	190
4991	195
4992	178
4993	195
4994	185
4995	182
4996	167
4997	164
4998	165
4999	172
5000	196
5001	163
5002	151
5003	194
5004	188
5005	196
5006	214
5007	190
5008	190
5009	187
5010	181
5011	215
5012	219
5013	169
5014	195
5015	232
5016	224
5017	216
5018	197
5019	216
5020	216
5021	191
5022	200
5023	224
5024	236
5025	173
5026	201
5027	210
5028	229
5029	174
5030	185
5031	204
5032	202
5033	198
5034	185
5035	202
5036	210
5037	216
5038	199
5039	177
5040	200
5041	194
5042	210
5043	233
5044	216
5045	223
5046	190
5047	225
5048	198
5049	184
5050	164
5051	197
5052	150
5053	144
5054	182
5055	198
5056	175
5057	166
5058	175
5059	199
5060	197
5061	167
5062	210
5063	193
5064	179
5065	194
5066	172
5067	204
5068	204
5069	213
5070	220
5071	232
5072	257
5073	217
5074	195
5075	202
5076	228
5077	252
5078	217
5079	196
5080	219
5081	216
5082	213
5083	210
5084	197
5085	226
5086	228
5087	209
5088	208
5089	222
5090	211
5091	239
5092	193
5093	192
5094	187
5095	227
5096	214
5097	208
5098	201
5099	165
5100	162
5101	172
5102	186
5103	180
5104	214
5105	217
5106	210
5107	219
5108	154
5109	222
5110	213
5111	202
5112	216
5113	173
5114	212
5115	174
5116	191
5117	212
5118	191
5119	160
5120	167
5121	184
5122	190
5123	204
5124	182
5125	216
5126	141
5127	190
5128	156
5129	183
5130	177
5131	181
5132	181
5133	190
5134	225
5135	195
5136	220
5137	201
5138	173
5139	196
5140	174
5141	193
5142	151
5143	170
5144	211
5145	200
5146	163
5147	173
5148	161
5149	143
5150	178
5151	212
5152	186
5153	164
5154	188
5155	196
5156	185
5157	200
5158	193
5159	176
5160	206
5161	161
5162	194
5163	182
5164	173
5165	183
5166	217
5167	187
5168	169
5169	187
5170	158
5171	194
5172	170
5173	180
5174	195
5175	209
5176	165
5177	206
5178	196
5179	240
5180	202
5181	172
5182	195
5183	171
5184	182
5185	175
5186	177
5187	140
5188	172
5189	163
5190	181
5191	168
5192	159
5193	167
5194	182
5195	156
5196	157
5197	180
5198	195
5199	215
5200	220
5201	165
5202	174
5203	176
5204	184
5205	171
5206	151
5207	159
5208	144
5209	143
5210	139
5211	171
5212	171
5213	151
5214	149
5215	186
5216	156
5217	133
5218	192
5219	188
5220	166
5221	165
5222	184
5223	172
5224	180
5225	182
5226	154
5227	191
5228	181
5229	166
5230	163
5231	153
5232	188
5233	133
5234	167
5235	149
5236	159
5237	146
5238	132
5239	146
5240	153
5241	150
5242	205
5243	166
5244	159
5245	172
5246	176
5247	165
5248	174
5249	185
5250	162
5251	150
5252	169
5253	170
5254	196
5255	165
5256	153
5257	127
5258	167
5259	162
5260	130
5261	140
5262	157
5263	141
5264	136
5265	169
5266	147
5267	154
5268	135
5269	190
5270	157
5271	142
5272	173
5273	153
5274	155
5275	162
5276	177
5277	195
5278	185
5279	174
5280	160
5281	166
5282	185
5283	136
5284	148
5285	185
5286	212
5287	153
5288	145
5289	138
5290	167
5291	168
5292	161
5293	168
5294	151
5295	161
5296	160
5297	139
5298	142
5299	186
5300	173
5301	174
5302	201
5303	153
5304	168
5305	199
5306	156
5307	159
5308	147
5309	143
5310	150
5311	160
5312	169
5313	136
5314	153
5315	162
5316	191
5317	168
5318	171
5319	144
5320	176
5321	157
5322	174
5323	159
5324	154
5325	171
5326	178
5327	172
5328	184
5329	147
5330	151
5331	151
5332	148
5333	151
5334	166
5335	141
5336	139
5337	158
5338	164
5339	195
5340	180
5341	153
5342	161
5343	170
5344	138
5345	169
5346	154
5347	134
5348	166
5349	153
5350	188
5351	152
5352	156
5353	154
5354	167
5355	164
5356	181
5357	143
5358	169
5359	177
5360	163
5361	162
5362	160
5363	160
5364	172
5365	177
5366	162
5367	161
5368	194
5369	146
5370	170
5371	166
5372	161
5373	176
5374	171
5375	165
5376	156
5377	128
5378	160
5379	203
5380	180
5381	148
5382	171
5383	166
5384	170
5385	206
5386	195
5387	179
5388	169
5389	152
5390	157
5391	181
5392	157
5393	185
5394	175
5395	169
5396	192
5397	141
5398	141
5399	140
5400	178
5401	135
5402	184
5403	149
5404	160
5405	161
5406	196
5407	180
5408	155
5409	149
5410	141
5411	176
5412	185
5413	178
5414	155
5415	130
5416	160
5417	146
5418	146
5419	172
5420	180
5421	173
5422	175
5423	146
5424	140
5425	152
5426	160
5427	146
5428	160
5429	139
5430	190
5431	177
5432	177
5433	153
5434	155
5435	164
5436	167
5437	156
5438	150
5439	169
5440	175
5441	167
5442	187
5443	151
5444	169
5445	121
5446	134
5447	133
5448	194
5449	187
5450	153
5451	160
5452	118
5453	168
5454	152
5455	164
5456	199
5457	190
5458	185
5459	198
5460	143
5461	142
5462	161
5463	147
5464	142
5465	130
5466	151
5467	147
5468	145
5469	140
5470	165
5471	139
5472	148
5473	144
5474	156
5475	167
5476	149
5477	190
5478	170
5479	202
5480	129
5481	179
5482	175
5483	189
5484	199
5485	191
5486	179
5487	167
5488	152
5489	163
5490	186
5491	161
5492	168
5493	187
5494	183
5495	192
5496	163
5497	172
5498	165
5499	188
5500	211
5501	204
5502	178
5503	195
5504	210
5505	176
5506	190
5507	192
5508	175
5509	204
5510	213
5511	167
5512	194
5513	168
5514	182
5515	181
5516	212
5517	219
5518	176
5519	181
5520	174
5521	156
5522	195
5523	227
5524	171
5525	200
5526	198
5527	201
5528	194
5529	189
5530	187
5531	176
5532	213
5533	197
5534	212
5535	197
5536	177
5537	203
5538	197
5539	202
5540	192
5541	195
5542	231
5543	182
5544	212
5545	185
5546	224
5547	196
5548	209
5549	184
5550	193
5551	191
5552	194
5553	229
5554	191
5555	179
5556	200
5557	212
5558	216
5559	223
5560	209
5561	183
5562	195
5563	228
5564	178
5565	192
5566	159
5567	186
5568	131
5569	174
5570	217
5571	171
5572	200
5573	197
5574	205
5575	220
5576	214
5577	160
5578	182
5579	142
5580	182
5581	147
5582	149
5583	147
5584	189
5585	175
5586	174
5587	169
5588	170
5589	184
5590	187
5591	156
5592	213
5593	194
5594	164
5595	174
5596	186
5597	162
5598	168
5599	185
5600	195
5601	177
5602	168
5603	181
5604	164
5605	148
5606	167
5607	151
5608	175
5609	181
5610	172
5611	160
5612	154
5613	172
5614	179
5615	207
5616	173
5617	169
5618	169
5619	160
5620	174
5621	167
5622	149
5623	179
5624	166
5625	187
5626	201
5627	205
5628	194
5629	181
5630	179
5631	191
5632	198
5633	211
5634	217
5635	167
5636	199
5637	198
5638	176
5639	176
5640	171
5641	153
5642	157
5643	174
5644	184
5645	165
5646	218
5647	171
5648	192
5649	170
5650	178
5651	210
5652	177
5653	150
5654	198
5655	178
5656	177
5657	152
5658	181
5659	181
5660	186
5661	194
5662	204
5663	173
5664	192
5665	164
5666	215
5667	215
5668	171
5669	176
5670	163
5671	185
5672	187
5673	174
5674	199
5675	200
5676	195
5677	214
5678	194
5679	190
5680	161
5681	169
5682	174
5683	202
5684	186
5685	186
5686	185
5687	198
5688	155
5689	150
5690	175
5691	155
5692	127
5693	165
5694	192
5695	182
5696	178
5697	163
5698	182
5699	198
5700	193
5701	199
5702	195
5703	192
5704	168
5705	161
5706	202
5707	137
5708	198
5709	171
5710	173
5711	184
5712	177
5713	166
5714	172
5715	165
5716	180
5717	194
5718	192
5719	162
5720	179
5721	169
5722	187
5723	172
5724	141
5725	169
5726	189
5727	168
5728	147
5729	176
5730	165
5731	199
5732	173
5733	161
5734	159
5735	173
5736	147
5737	176
5738	177
5739	155
5740	140
5741	132
5742	156
5743	178
5744	179
5745	153
5746	153
5747	160
5748	180
5749	170
5750	193
5751	173
5752	180
5753	155
5754	145
5755	149
5756	161
5757	173
5758	181
5759	149
5760	121
5761	147
5762	169
5763	148
5764	153
5765	155
5766	161
5767	123
5768	142
5769	147
5770	142
5771	168
5772	145
5773	174
5774	156
5775	167
5776	165
5777	170
5778	162
5779	167
5780	180
5781	182
5782	167
5783	145
5784	131
5785	145
5786	143
5787	125
5788	174
5789	161
5790	157
5791	161
5792	144
5793	154
5794	159
5795	144
5796	149
5797	134
5798	118
5799	127
5800	158
5801	132
5802	152
5803	139
5804	116
5805	155
5806	160
5807	139
5808	117
5809	116
5810	137
5811	122
5812	115
5813	161
5814	149
5815	170
5816	163
5817	158
5818	148
5819	134
5820	130
5821	128
5822	155
5823	166
5824	148
5825	152
5826	150
5827	145
5828	159
5829	160
5830	164
5831	190
5832	148
5833	163
5834	169
5835	166
5836	162
5837	210
5838	207
5839	194
5840	160
5841	154
5842	130
5843	146
5844	170
5845	161
5846	165
5847	192
5848	168
5849	177
5850	157
5851	157
5852	190
5853	155
5854	173
5855	178
5856	154
5857	197
5858	179
5859	145
5860	196
5861	123
5862	185
5863	162
5864	153
5865	140
5866	138
5867	156
5868	165
5869	155
5870	140
5871	177
5872	169
5873	155
5874	143
5875	133
5876	141
5877	152
5878	163
5879	170
5880	134
5881	164
5882	138
5883	135
5884	165
5885	132
5886	173
5887	153
5888	137
5889	145
5890	178
5891	186
5892	186
5893	152
5894	159
5895	145
5896	148
5897	209
5898	180
5899	185
5900	155
5901	157
5902	179
5903	175
5904	153
5905	139
5906	148
5907	163
5908	153
5909	195
5910	140
5911	152
5912	168
5913	173
5914	196
5915	167
5916	165
5917	167
5918	163
5919	157
5920	168
5921	174
5922	158
5923	136
5924	166
5925	180
5926	179
5927	175
5928	148
5929	180
5930	203
5931	190
5932	183
5933	153
5934	179
5935	181
5936	171
5937	193
5938	169
5939	186
5940	149
5941	142
5942	167
5943	169
5944	193
5945	161
5946	179
5947	152
5948	157
5949	134
5950	157
5951	218
5952	186
5953	180
5954	179
5955	170
5956	157
5957	182
5958	165
5959	160
5960	148
5961	172
5962	148
5963	153
5964	179
5965	169
5966	145
5967	176
5968	157
5969	166
5970	148
5971	186
5972	188
5973	182
5974	183
5975	163
5976	214
5977	207
5978	175
5979	167
5980	167
5981	160
5982	186
5983	187
5984	183
5985	196
5986	164
5987	186
5988	183
5989	183
5990	172
5991	137
5992	151
5993	181
5994	144
5995	159
5996	150
5997	163
5998	208
5999	188
6000	183
6001	177
6002	153
6003	145
6004	157
6005	155
6006	171
6007	162
6008	178
6009	188
6010	188
6011	153
6012	157
6013	122
6014	162
6015	130
6016	146
6017	143
6018	143
6019	190
6020	181
6021	169
6022	141
6023	146
6024	171
6025	149
6026	156
6027	159
6028	140
6029	154
6030	133
6031	161
6032	129
6033	145
6034	146
6035	138
6036	141
6037	144
6038	172
6039	138
6040	202
6041	149
6042	168
6043	138
6044	137
6045	156
6046	140
6047	159
6048	158
6049	151
6050	140
6051	142
6052	141
6053	150
6054	172
6055	170
6056	156
6057	136
6058	137
6059	144
6060	143
6061	115
6062	125
6063	145
6064	109
6065	109
6066	121
6067	152
6068	141
6069	155
6070	108
6071	151
6072	131
6073	138
6074	120
6075	129
6076	128
6077	132
6078	148
6079	133
6080	125
6081	154
6082	113
6083	156
6084	144
6085	143
6086	149
6087	133
6088	145
6089	155
6090	164
6091	152
6092	151
6093	162
6094	173
6095	140
6096	171
6097	120
6098	150
6099	151
6100	147
6101	158
6102	155
6103	142
6104	121
6105	126
6106	146
6107	147
6108	136
6109	150
6110	156
6111	153
6112	160
6113	138
6114	163
6115	167
6116	176
6117	181
6118	161
6119	129
6120	166
6121	145
6122	137
6123	139
6124	136
6125	154
6126	116
6127	125
6128	134
6129	132
6130	143
6131	160
6132	155
6133	188
6134	161
6135	161
6136	157
6137	151
6138	175
6139	149
6140	154
6141	148
6142	133
6143	140
6144	130
6145	121
6146	153
6147	143
6148	140
6149	118
6150	147
6151	147
6152	162
6153	143
6154	133
6155	152
6156	130
6157	113
6158	129
6159	157
6160	142
6161	155
6162	180
6163	143
6164	139
6165	138
6166	154
6167	136
6168	142
6169	108
6170	137
6171	121
6172	147
6173	132
6174	157
6175	165
6176	121
6177	119
6178	118
6179	129
6180	143
6181	114
6182	137
6183	159
6184	124
6185	133
6186	143
6187	136
6188	134
6189	141
6190	168
6191	154
6192	148
6193	143
6194	110
6195	135
6196	142
6197	124
6198	155
6199	105
6200	116
6201	144
6202	103
6203	136
6204	107
6205	136
6206	125
6207	117
6208	141
6209	122
6210	138
6211	142
6212	166
6213	134
6214	139
6215	144
6216	126
6217	132
6218	141
6219	147
6220	158
6221	127
6222	130
6223	133
6224	110
6225	133
6226	150
6227	132
6228	152
6229	147
6230	161
6231	123
6232	140
6233	149
6234	150
6235	140
6236	134
6237	140
6238	130
6239	153
6240	154
6241	130
6242	129
6243	125
6244	141
6245	156
6246	141
6247	145
6248	164
6249	151
6250	150
6251	149
6252	129
6253	161
6254	161
6255	154
6256	173
6257	178
6258	158
6259	170
6260	158
6261	181
6262	145
6263	206
6264	163
6265	170
6266	184
6267	139
6268	152
6269	160
6270	144
6271	173
6272	166
6273	170
6274	173
6275	139
6276	142
6277	133
6278	134
6279	128
6280	129
6281	139
6282	156
6283	135
6284	186
6285	159
6286	155
6287	156
6288	145
6289	166
6290	162
6291	172
6292	142
6293	147
6294	155
6295	163
6296	170
6297	184
6298	156
6299	160
6300	130
6301	129
6302	161
6303	146
6304	145
6305	119
6306	142
6307	129
6308	142
6309	147
6310	139
6311	123
6312	122
6313	146
6314	151
6315	153
6316	176
6317	128
6318	141
6319	146
6320	141
6321	159
6322	148
6323	118
6324	121
6325	145
6326	141
6327	158
6328	139
6329	129
6330	136
6331	130
6332	143
6333	132
6334	147
6335	136
6336	151
6337	154
6338	163
6339	144
6340	142
6341	146
6342	145
6343	135
6344	136
6345	145
6346	132
6347	145
6348	159
6349	123
6350	157
6351	173
6352	165
6353	133
6354	146
6355	170
6356	118
6357	164
6358	145
6359	111
6360	169
6361	136
6362	158
6363	170
6364	188
6365	154
6366	143
6367	152
6368	137
6369	128
6370	151
6371	142
6372	171
6373	111
6374	126
6375	132
6376	121
6377	147
6378	133
6379	148
6380	117
6381	125
6382	117
6383	136
6384	168
6385	136
6386	140
6387	134
6388	122
6389	148
6390	104
6391	161
6392	144
6393	127
6394	106
6395	117
6396	97
6397	105
6398	109
6399	105
6400	62
6401	80
6402	99
6403	104
6404	101
6405	118
6406	116
6407	140
6408	139
6409	148
6410	122
6411	131
6412	101
6413	148
6414	127
6415	117
6416	123
6417	148
6418	126
6419	112
6420	127
6421	124
6422	137
6423	130
6424	134
6425	129
6426	134
6427	99
6428	127
6429	118
6430	106
6431	104
6432	117
6433	125
6434	119
6435	152
6436	128
6437	116
6438	106
6439	115
6440	141
6441	146
6442	119
6443	105
6444	132
6445	112
6446	104
6447	96
6448	77
6449	128
6450	131
6451	144
6452	130
6453	153
6454	115
6455	134
6456	136
6457	121
6458	119
6459	125
6460	140
6461	139
6462	138
6463	130
6464	104
6465	149
6466	117
6467	116
6468	115
6469	137
6470	135
6471	143
6472	156
6473	122
6474	140
6475	149
6476	163
6477	108
6478	138
6479	108
6480	119
6481	127
6482	106
6483	128
6484	106
6485	166
6486	122
6487	148
6488	122
6489	169
6490	129
6491	99
6492	148
6493	145
6494	146
6495	156
6496	109
6497	176
6498	121
6499	126
6500	108
6501	140
6502	113
6503	152
6504	119
6505	132
6506	145
6507	119
6508	168
6509	161
6510	161
6511	146
6512	165
6513	167
6514	126
6515	159
6516	122
6517	135
6518	139
6519	147
6520	142
6521	140
6522	155
6523	168
6524	148
6525	162
6526	168
6527	163
6528	125
6529	154
6530	126
6531	156
6532	158
6533	159
6534	119
6535	148
6536	123
6537	128
6538	131
6539	122
6540	137
6541	139
6542	153
6543	130
6544	148
6545	121
6546	135
6547	119
6548	141
6549	101
6550	128
6551	112
6552	125
6553	134
6554	127
6555	155
6556	146
6557	141
6558	150
6559	128
6560	138
6561	121
6562	163
6563	144
6564	116
6565	157
6566	134
6567	158
6568	166
6569	130
6570	107
6571	116
6572	118
6573	117
6574	132
6575	141
6576	149
6577	120
6578	144
6579	124
6580	142
6581	120
6582	130
6583	125
6584	121
6585	121
6586	124
6587	97
6588	141
6589	133
6590	102
6591	95
6592	126
6593	129
6594	92
6595	105
6596	117
6597	126
6598	103
6599	119
6600	146
6601	99
6602	102
6603	119
6604	100
6605	122
6606	135
6607	102
6608	116
6609	104
6610	138
6611	138
6612	125
6613	151
6614	105
6615	138
6616	142
6617	104
6618	157
6619	132
6620	118
6621	106
6622	93
6623	103
6624	133
6625	144
6626	107
6627	161
6628	123
6629	103
6630	128
6631	114
6632	115
6633	125
6634	105
6635	87
6636	134
6637	133
6638	109
6639	97
6640	118
6641	121
6642	138
6643	96
6644	125
6645	117
6646	90
6647	97
6648	129
6649	106
6650	103
6651	121
6652	118
6653	99
6654	89
6655	115
6656	129
6657	113
6658	126
6659	116
6660	80
6661	111
6662	103
6663	108
6664	96
6665	118
6666	116
6667	102
6668	92
6669	131
6670	103
6671	100
6672	109
6673	98
6674	98
6675	124
6676	116
6677	107
6678	108
6679	110
6680	114
6681	137
6682	129
6683	103
6684	96
6685	102
6686	120
6687	100
6688	99
6689	118
6690	104
6691	103
6692	110
6693	105
6694	105
6695	96
6696	136
6697	125
6698	121
6699	119
6700	118
6701	106
6702	125
6703	106
6704	113
6705	93
6706	114
6707	119
6708	140
6709	128
6710	131
6711	132
6712	144
6713	131
6714	128
6715	142
6716	134
6717	120
6718	108
6719	134
6720	95
6721	100
6722	138
6723	134
6724	111
6725	125
6726	120
6727	122
6728	159
6729	125
6730	116
6731	128
6732	151
6733	110
6734	110
6735	91
6736	107
6737	130
6738	114
6739	136
6740	124
6741	122
6742	114
6743	123
6744	107
6745	148
6746	110
6747	122
6748	129
6749	116
6750	117
6751	128
6752	104
6753	126
6754	103
6755	108
6756	78
6757	100
6758	141
6759	129
6760	136
6761	104
6762	110
6763	151
6764	136
6765	107
6766	116
6767	133
6768	125
6769	116
6770	134
6771	154
6772	143
6773	101
6774	141
6775	157
6776	145
6777	126
6778	138
6779	156
6780	157
6781	166
6782	153
6783	129
6784	131
6785	93
6786	120
6787	137
6788	105
6789	100
6790	131
6791	142
6792	135
6793	146
6794	139
6795	121
6796	117
6797	117
6798	122
6799	106
6800	133
6801	112
6802	135
6803	141
6804	130
6805	121
6806	139
6807	120
6808	98
6809	102
6810	125
6811	111
6812	86
6813	146
6814	104
6815	117
6816	127
6817	115
6818	138
6819	114
6820	130
6821	124
6822	134
6823	119
6824	125
6825	142
6826	142
6827	136
6828	123
6829	147
6830	102
6831	123
6832	122
6833	101
6834	127
6835	113
6836	132
6837	112
6838	120
6839	141
6840	143
6841	100
6842	127
6843	121
6844	100
6845	102
6846	116
6847	130
6848	111
6849	129
6850	126
6851	124
6852	124
6853	160
6854	141
6855	130
6856	96
6857	107
6858	99
6859	110
6860	126
6861	124
6862	109
6863	117
6864	114
6865	90
6866	110
6867	100
6868	100
6869	126
6870	132
6871	107
6872	112
6873	114
6874	149
6875	149
6876	105
6877	137
6878	110
6879	131
6880	117
6881	108
6882	116
6883	107
6884	127
6885	161
6886	126
6887	132
6888	120
6889	141
6890	158
6891	164
6892	112
6893	119
6894	150
6895	169
6896	154
6897	122
6898	139
6899	133
6900	153
6901	109
6902	143
6903	139
6904	121
6905	173
6906	135
6907	107
6908	143
6909	156
6910	122
6911	125
6912	132
6913	128
6914	129
6915	139
6916	134
6917	146
6918	143
6919	143
6920	139
6921	121
6922	140
6923	126
6924	153
6925	140
6926	130
6927	138
6928	150
6929	153
6930	120
6931	107
6932	132
6933	123
6934	146
6935	136
6936	134
6937	103
6938	124
6939	129
6940	126
6941	150
6942	131
6943	107
6944	145
6945	125
6946	153
6947	132
6948	133
6949	137
6950	137
6951	149
6952	162
6953	147
6954	151
6955	116
6956	134
6957	154
6958	185
6959	201
6960	161
6961	179
6962	155
6963	141
6964	144
6965	137
6966	157
6967	167
6968	139
6969	123
6970	135
6971	115
6972	140
6973	153
6974	161
6975	128
6976	142
6977	141
6978	146
6979	120
6980	170
6981	125
6982	154
6983	122
6984	112
6985	136
6986	122
6987	129
6988	164
6989	148
6990	156
6991	126
6992	141
6993	135
6994	124
6995	141
6996	110
6997	151
6998	154
6999	166
7000	127
7001	144
7002	131
7003	157
7004	139
7005	126
7006	109
7007	125
7008	131
7009	126
7010	100
7011	120
7012	157
7013	152
7014	138
7015	149
7016	142
7017	126
7018	124
7019	126
7020	123
7021	112
7022	112
7023	127
7024	100
7025	125
7026	89
7027	110
7028	95
7029	131
7030	127
7031	113
7032	115
7033	99
7034	85
7035	124
7036	123
7037	99
7038	164
7039	146
7040	130
7041	138
7042	125
7043	120
7044	108
7045	127
7046	120
7047	121
7048	134
7049	112
7050	105
7051	143
7052	145
7053	143
7054	138
7055	150
7056	144
7057	125
7058	139
7059	142
7060	135
7061	142
7062	115
7063	119
7064	126
7065	92
7066	95
7067	138
7068	124
7069	143
7070	135
7071	131
7072	124
7073	143
7074	122
7075	131
7076	125
7077	146
7078	116
7079	134
7080	125
7081	120
7082	126
7083	106
7084	130
7085	123
7086	131
7087	119
7088	108
7089	142
7090	117
7091	161
7092	136
7093	119
7094	108
7095	124
7096	128
7097	156
7098	104
7099	133
7100	122
7101	131
7102	135
7103	158
7104	139
7105	167
7106	122
7107	134
7108	134
7109	107
7110	113
7111	112
7112	95
7113	105
7114	142
7115	116
7116	108
7117	115
7118	120
7119	122
7120	120
7121	162
7122	125
7123	147
7124	117
7125	128
7126	127
7127	102
7128	121
7129	99
7130	128
7131	120
7132	126
7133	124
7134	126
7135	130
7136	110
7137	121
7138	114
7139	101
7140	114
7141	118
7142	121
7143	144
7144	116
7145	135
7146	91
7147	116
7148	106
7149	114
7150	123
7151	117
7152	146
7153	114
7154	141
7155	120
7156	86
7157	102
7158	117
7159	114
7160	114
7161	123
7162	148
7163	108
7164	129
7165	107
7166	118
7167	115
7168	101
7169	91
7170	92
7171	93
7172	113
7173	136
7174	122
7175	114
7176	100
7177	139
7178	121
7179	139
7180	141
7181	117
7182	167
7183	116
7184	143
7185	107
7186	118
7187	133
7188	129
7189	132
7190	147
7191	127
7192	138
7193	135
7194	118
7195	128
7196	137
7197	143
7198	162
7199	119
7200	116
7201	115
7202	107
7203	128
7204	136
7205	116
7206	108
7207	143
7208	129
7209	132
7210	94
7211	114
7212	134
7213	122
7214	128
7215	136
7216	125
7217	147
7218	132
7219	119
7220	140
7221	172
7222	124
7223	140
7224	147
7225	135
7226	108
7227	120
7228	147
7229	137
7230	126
7231	99
7232	131
7233	128
7234	126
7235	136
7236	140
7237	129
7238	146
7239	143
7240	153
7241	118
7242	150
7243	131
7244	149
7245	158
7246	164
7247	147
7248	137
7249	134
7250	139
7251	144
7252	148
7253	141
7254	130
7255	143
7256	130
7257	139
7258	152
7259	171
7260	135
7261	157
7262	162
7263	119
7264	152
7265	157
7266	171
7267	130
7268	179
7269	135
7270	128
7271	169
7272	151
7273	111
7274	137
7275	121
7276	145
7277	149
7278	140
7279	128
7280	143
7281	145
7282	151
7283	105
7284	117
7285	112
7286	87
7287	121
7288	111
7289	135
7290	112
7291	130
7292	130
7293	157
7294	122
7295	122
7296	129
7297	140
7298	123
7299	129
7300	133
7301	123
7302	114
7303	129
7304	142
7305	138
7306	108
7307	113
7308	119
7309	102
7310	152
7311	137
7312	141
7313	127
7314	132
7315	156
7316	159
7317	157
7318	127
7319	118
7320	103
7321	135
7322	136
7323	129
7324	122
7325	133
7326	119
7327	125
7328	124
7329	116
7330	109
7331	129
7332	114
7333	113
7334	144
7335	123
7336	112
7337	118
7338	121
7339	153
7340	139
7341	153
7342	154
7343	119
7344	146
7345	121
7346	105
7347	123
7348	115
7349	112
7350	141
7351	109
7352	146
7353	112
7354	89
7355	128
7356	81
7357	90
7358	109
7359	125
7360	118
7361	126
7362	105
7363	99
7364	120
7365	128
7366	126
7367	99
7368	79
7369	115
7370	98
7371	98
7372	105
7373	119
7374	112
7375	105
7376	104
7377	93
7378	111
7379	84
7380	98
7381	64
7382	102
7383	101
7384	78
7385	100
7386	78
7387	99
7388	149
7389	125
7390	108
7391	125
7392	140
7393	134
7394	130
7395	107
7396	105
7397	113
7398	94
7399	125
7400	126
7401	85
7402	89
7403	83
7404	90
7405	91
7406	96
7407	89
7408	118
7409	119
7410	117
7411	100
7412	102
7413	100
7414	80
7415	77
7416	97
7417	84
7418	75
7419	82
7420	94
7421	85
7422	98
7423	101
7424	106
7425	93
7426	117
7427	92
7428	97
7429	76
7430	96
7431	90
7432	82
7433	108
7434	117
7435	129
7436	132
7437	120
7438	114
7439	121
7440	123
7441	105
7442	108
7443	100
7444	98
7445	95
7446	106
7447	94
7448	92
7449	82
7450	99
7451	85
7452	85
7453	68
7454	75
7455	69
7456	99
7457	85
7458	104
7459	115
7460	107
7461	94
7462	110
7463	92
7464	86
7465	108
7466	99
7467	80
7468	88
7469	79
7470	106
7471	109
7472	98
7473	90
7474	87
7475	81
7476	70
7477	75
7478	84
7479	105
7480	90
7481	102
7482	101
7483	101
7484	73
7485	89
7486	98
7487	117
7488	94
7489	89
7490	79
7491	95
7492	80
7493	94
7494	80
7495	85
7496	85
7497	91
7498	71
7499	93
7500	91
7501	83
7502	89
7503	132
7504	115
7505	83
7506	72
7507	87
7508	85
7509	90
7510	83
7511	112
7512	97
7513	117
7514	111
7515	101
7516	98
7517	95
7518	104
7519	106
7520	121
7521	118
7522	95
7523	94
7524	81
7525	86
7526	101
7527	90
7528	80
7529	68
7530	77
7531	80
7532	87
7533	116
7534	72
7535	107
7536	124
7537	107
7538	90
7539	83
7540	116
7541	106
7542	108
7543	86
7544	120
7545	113
7546	79
7547	107
7548	105
7549	85
7550	108
7551	127
7552	81
7553	123
7554	113
7555	99
7556	99
7557	97
7558	96
7559	130
7560	126
7561	90
7562	110
7563	85
7564	88
7565	100
7566	105
7567	92
7568	108
7569	87
7570	99
7571	81
7572	68
7573	95
7574	115
7575	129
7576	143
7577	128
7578	113
7579	112
7580	86
7581	98
7582	110
7583	115
7584	95
7585	109
7586	104
7587	109
7588	122
7589	107
7590	117
7591	119
7592	99
7593	98
7594	100
7595	81
7596	110
7597	137
7598	111
7599	91
7600	84
7601	101
7602	108
7603	101
7604	90
7605	89
7606	65
7607	86
7608	98
7609	107
7610	98
7611	84
7612	97
7613	98
7614	77
7615	89
7616	100
7617	149
7618	82
7619	74
7620	89
7621	92
7622	134
7623	87
7624	102
7625	96
7626	101
7627	101
7628	122
7629	80
7630	81
7631	83
7632	73
7633	75
7634	115
7635	67
7636	69
7637	69
7638	98
7639	77
7640	86
7641	84
7642	105
7643	121
7644	84
7645	91
7646	91
7647	104
7648	135
7649	132
7650	109
7651	98
7652	115
7653	111
7654	92
7655	97
7656	101
7657	111
7658	94
7659	96
7660	120
7661	112
7662	92
7663	97
7664	113
7665	105
7666	102
7667	92
7668	105
7669	91
7670	84
7671	96
7672	88
7673	94
7674	88
7675	86
7676	89
7677	71
7678	105
7679	86
7680	107
7681	88
7682	88
7683	96
7684	92
7685	104
7686	99
7687	109
7688	81
7689	99
7690	88
7691	83
7692	107
7693	97
7694	95
7695	92
7696	114
7697	92
7698	98
7699	104
7700	85
7701	93
7702	65
7703	81
7704	90
7705	98
7706	87
7707	68
7708	90
7709	81
7710	94
7711	97
7712	98
7713	77
7714	92
7715	74
7716	80
7717	59
7718	84
7719	75
7720	73
7721	64
7722	54
7723	86
7724	68
7725	69
7726	81
7727	83
7728	114
7729	110
7730	114
7731	95
7732	99
7733	102
7734	104
7735	85
7736	84
7737	55
7738	93
7739	76
7740	81
7741	90
7742	109
7743	99
7744	76
7745	94
7746	97
7747	63
7748	80
7749	94
7750	86
7751	102
7752	95
7753	78
7754	104
7755	96
7756	112
7757	104
7758	80
7759	95
7760	90
7761	111
7762	81
7763	89
7764	84
7765	88
7766	103
7767	107
7768	100
7769	109
7770	79
7771	85
7772	69
7773	92
7774	106
7775	90
7776	106
7777	100
7778	98
7779	86
7780	93
7781	87
7782	93
7783	111
7784	114
7785	103
7786	113
7787	97
7788	110
7789	77
7790	111
7791	97
7792	88
7793	100
7794	97
7795	130
7796	123
7797	92
7798	86
7799	112
7800	92
7801	110
7802	100
7803	114
7804	107
7805	105
7806	102
7807	135
7808	125
7809	124
7810	80
7811	104
7812	106
7813	86
7814	94
7815	103
7816	107
7817	110
7818	98
7819	93
7820	86
7821	76
7822	81
7823	125
7824	93
7825	95
7826	103
7827	106
7828	101
7829	107
7830	91
7831	95
7832	114
7833	95
7834	104
7835	97
7836	124
7837	79
7838	80
7839	78
7840	118
7841	108
7842	116
7843	93
7844	77
7845	107
7846	79
7847	121
7848	114
7849	105
7850	108
7851	133
7852	97
7853	97
7854	83
7855	92
7856	83
7857	129
7858	110
7859	123
7860	101
7861	88
7862	110
7863	130
7864	120
7865	139
7866	122
7867	119
7868	113
7869	137
7870	134
7871	114
7872	100
7873	87
7874	110
7875	98
7876	82
7877	110
7878	120
7879	89
7880	105
7881	136
7882	150
7883	150
7884	205
7885	172
7886	166
7887	118
7888	140
7889	147
7890	112
7891	142
7892	111
7893	107
7894	116
7895	103
7896	106
7897	102
7898	119
7899	139
7900	135
7901	127
7902	162
7903	101
7904	131
7905	127
7906	136
7907	154
7908	154
7909	133
7910	168
7911	142
7912	140
7913	168
7914	107
7915	120
7916	123
7917	108
7918	144
7919	115
7920	123
7921	144
7922	125
7923	110
7924	109
7925	110
7926	114
7927	122
7928	135
7929	116
7930	154
7931	145
7932	135
7933	135
7934	139
7935	127
7936	124
7937	129
7938	170
7939	121
7940	120
7941	95
7942	89
7943	96
7944	128
7945	136
7946	178
7947	149
7948	133
7949	156
7950	116
7951	136
7952	118
7953	163
7954	97
7955	95
7956	117
7957	131
7958	126
7959	148
7960	127
7961	151
7962	109
7963	116
7964	143
7965	131
7966	102
7967	119
7968	129
7969	138
7970	157
7971	133
7972	108
7973	103
7974	93
7975	114
7976	132
7977	132
7978	120
7979	110
7980	113
7981	101
7982	109
7983	128
7984	118
7985	130
7986	116
7987	103
7988	104
7989	126
7990	128
7991	137
7992	123
7993	138
7994	109
7995	103
7996	98
7997	96
7998	126
7999	132
8000	980885
