0	0
1	0
2	0
3	0
4	0
5	0
6	0
7	0
8	0
9	0
10	0
11	0
12	0
13	0
14	0
15	0
16	2
17	1
18	0
19	0
20	0
21	0
22	0
23	1
24	3
25	6
26	0
27	0
28	4
29	2
30	6
31	7
32	4
33	3
34	4
35	13
36	8
37	8
38	1
39	4
40	7
41	5
42	10
43	9
44	9
45	9
46	8
47	42
48	6
49	14
50	11
51	16
52	13
53	13
54	15
55	17
56	13
57	14
58	14
59	10
60	15
61	19
62	15
63	19
64	21
65	25
66	29
67	23
68	21
69	17
70	20
71	41
72	31
73	38
74	34
75	30
76	40
77	41
78	38
79	37
80	56
81	60
82	48
83	64
84	49
85	74
86	64
87	66
88	73
89	70
90	88
91	68
92	67
93	85
94	88
95	86
96	98
97	94
98	86
99	110
100	95
101	93
102	103
103	88
104	91
105	83
106	111
107	88
108	162
109	167
110	108
111	149
112	136
113	113
114	124
115	186
116	170
117	133
118	154
119	105
120	160
121	195
122	167
123	167
124	143
125	167
126	164
127	147
128	169
129	178
130	194
131	175
132	162
133	182
134	161
135	217
136	201
137	204
138	166
139	220
140	203
141	239
142	186
143	271
144	162
145	175
146	237
147	189
148	207
149	288
150	211
151	148
152	171
153	220
154	211
155	215
156	188
157	160
158	187
159	173
160	198
161	214
162	211
163	246
164	288
165	287
166	293
167	223
168	198
169	255
170	229
171	214
172	219
173	309
174	203
175	211
176	201
177	267
178	208
179	191
180	196
181	253
182	241
183	191
184	197
185	168
186	207
187	241
188	241
189	231
190	202
191	208
192	243
193	277
194	348
195	231
196	274
197	175
198	226
199	224
200	259
201	169
202	235
203	193
204	170
205	147
206	135
207	184
208	259
209	149
210	202
211	198
212	185
213	224
214	230
215	219
216	201
217	211
218	273
219	192
220	262
221	183
222	190
223	166
224	181
225	159
226	230
227	215
228	141
229	132
230	184
231	180
232	194
233	156
234	185
235	142
236	149
237	147
238	141
239	191
240	172
241	220
242	211
243	141
244	208
245	154
246	181
247	217
248	187
249	171
250	199
251	145
252	168
253	214
254	184
255	190
256	161
257	201
258	131
259	181
260	162
261	207
262	218
263	165
264	208
265	224
266	204
267	193
268	258
269	236
270	160
271	236
272	231
273	177
274	159
275	195
276	202
277	234
278	270
279	179
280	187
281	184
282	225
283	195
284	194
285	179
286	115
287	191
288	240
289	185
290	218
291	190
292	261
293	213
294	243
295	192
296	218
297	164
298	193
299	181
300	186
301	270
302	264
303	242
304	172
305	173
306	182
307	206
308	214
309	154
310	193
311	286
312	182
313	183
314	204
315	133
316	268
317	222
318	166
319	209
320	186
321	160
322	226
323	193
324	198
325	196
326	167
327	211
328	224
329	155
330	181
331	203
332	128
333	145
334	185
335	155
336	215
337	200
338	176
339	139
340	162
341	200
342	211
343	207
344	158
345	172
346	193
347	193
348	241
349	198
350	159
351	155
352	141
353	150
354	169
355	173
356	193
357	172
358	178
359	172
360	171
361	150
362	167
363	200
364	149
365	132
366	180
367	143
368	139
369	125
370	168
371	215
372	167
373	123
374	136
375	183
376	179
377	172
378	165
379	149
380	162
381	119
382	189
383	152
384	179
385	149
386	170
387	207
388	131
389	171
390	188
391	216
392	171
393	157
394	161
395	137
396	163
397	170
398	140
399	135
400	168
401	146
402	164
403	159
404	204
405	159
406	167
407	125
408	158
409	143
410	169
411	212
412	164
413	128
414	154
415	161
416	172
417	195
418	214
419	152
420	163
421	170
422	162
423	169
424	116
425	156
426	134
427	128
428	148
429	91
430	118
431	93
432	106
433	103
434	129
435	120
436	131
437	138
438	140
439	138
440	112
441	102
442	113
443	130
444	120
445	115
446	134
447	146
448	115
449	117
450	88
451	108
452	106
453	101
454	128
455	119
456	103
457	95
458	104
459	92
460	110
461	70
462	83
463	100
464	100
465	94
466	90
467	94
468	78
469	108
470	67
471	66
472	101
473	72
474	64
475	64
476	76
477	79
478	74
479	64
480	69
481	61
482	53
483	61
484	73
485	73
486	74
487	71
488	70
489	54
490	55
491	63
492	71
493	68
494	68
495	50
496	68
497	77
498	68
499	42
500	73
501	71
502	83
503	64
504	61
505	42
506	73
507	66
508	88
509	54
510	56
511	72
512	66
513	47
514	50
515	65
516	55
517	31
518	43
519	78
520	63
521	75
522	77
523	56
524	66
525	85
526	65
527	54
528	40
529	57
530	44
531	49
532	61
533	54
534	40
535	59
536	53
537	52
538	102
539	53
540	43
541	59
542	56
543	31
544	43
545	43
546	28
547	46
548	37
549	27
550	36
551	30
552	29
553	38
554	27
555	37
556	51
557	29
558	28
559	36
560	35
561	31
562	58
563	28
564	65
565	21
566	18
567	32
568	31
569	53
570	35
571	31
572	24
