0	0
1	0
2	0
3	0
4	0
5	0
6	0
7	0
8	0
9	0
10	0
11	0
12	0
13	0
14	0
15	0
16	2
17	1
18	0
19	0
20	0
21	0
22	0
23	1
24	3
25	6
26	0
27	0
28	4
29	2
30	6
31	7
32	4
33	3
34	3
35	12
36	8
37	6
38	0
39	2
40	7
41	5
42	10
43	8
44	8
45	9
46	8
47	13
48	6
49	13
50	9
51	14
52	12
53	12
54	13
55	17
56	12
57	13
58	14
59	10
60	13
61	19
62	14
63	17
64	18
65	24
66	28
67	22
68	18
69	17
70	20
71	41
72	28
73	35
74	32
75	28
76	38
77	39
78	35
79	36
80	50
81	54
82	46
83	56
84	47
85	68
86	58
87	61
88	67
89	62
90	79
91	63
92	61
93	79
94	75
95	72
96	88
97	73
98	74
99	98
100	78
101	85
102	85
103	73
104	79
105	72
106	90
107	72
108	140
109	123
110	89
111	122
112	95
113	90
114	111
115	139
116	127
117	97
118	123
119	88
120	128
121	139
122	116
123	113
124	112
125	119
126	116
127	93
128	114
129	111
130	140
131	110
132	114
133	114
134	120
135	130
136	117
137	138
138	109
139	137
140	118
141	138
142	118
143	158
144	104
145	103
146	129
147	112
148	111
149	123
150	107
151	85
152	98
153	124
154	123
155	116
156	121
157	88
158	104
159	104
160	96
161	118
162	114
163	122
164	137
165	152
166	140
167	126
168	107
169	129
170	130
171	110
172	113
173	155
174	96
175	111
176	117
177	126
178	107
179	97
180	117
181	123
182	130
183	101
184	98
185	89
186	108
187	115
188	119
189	116
190	107
191	103
192	116
193	107
194	161
195	108
196	121
197	87
198	114
199	111
200	107
201	96
202	115
203	97
204	86
205	95
206	86
207	99
208	125
209	83
210	103
211	89
212	102
213	93
214	129
215	110
216	105
217	108
218	131
219	104
220	129
221	83
222	96
223	95
224	98
225	97
226	121
227	107
228	69
229	70
230	112
231	106
232	96
233	80
234	107
235	87
236	81
237	85
238	79
239	102
240	114
241	117
242	106
243	82
244	101
245	86
246	95
247	108
248	106
249	100
250	115
251	100
252	102
253	109
254	106
255	103
256	90
257	114
258	83
259	105
260	92
261	107
262	121
263	95
264	109
265	128
266	102
267	133
268	143
269	135
270	100
271	124
272	123
273	109
274	115
275	109
276	114
277	124
278	145
279	117
280	111
281	111
282	120
283	111
284	110
285	98
286	88
287	118
288	139
289	113
290	120
291	103
292	136
293	121
294	124
295	105
296	121
297	106
298	121
299	105
300	117
301	139
302	140
303	138
304	118
305	107
306	119
307	122
308	124
309	109
310	123
311	153
312	122
313	114
314	120
315	90
316	148
317	144
318	105
319	107
320	116
321	108
322	141
323	122
324	127
325	126
326	95
327	144
328	136
329	105
330	130
331	128
332	92
333	101
334	115
335	101
336	138
337	132
338	124
339	96
340	111
341	129
342	114
343	139
344	104
345	114
346	120
347	119
348	155
349	121
350	111
351	106
352	105
353	99
354	115
355	118
356	116
357	108
358	128
359	115
360	107
361	105
362	108
363	121
364	102
365	97
366	116
367	100
368	98
369	102
370	134
371	119
372	114
373	91
374	96
375	127
376	122
377	129
378	122
379	107
380	118
381	85
382	130
383	109
384	121
385	109
386	116
387	144
388	108
389	120
390	118
391	140
392	117
393	116
394	117
395	96
396	103
397	114
398	115
399	96
400	123
401	117
402	123
403	118
404	122
405	122
406	110
407	101
408	102
409	99
410	113
411	145
412	118
413	100
414	99
415	117
416	129
417	139
418	138
419	118
420	118
421	101
422	107
423	113
424	92
425	119
426	101
427	97
428	106
429	77
430	96
431	68
432	82
433	79
434	94
435	95
436	96
437	107
438	105
439	100
440	93
441	84
442	76
443	94
444	92
445	85
446	102
447	105
448	94
449	89
450	76
451	89
452	84
453	81
454	96
455	86
456	78
457	82
458	92
459	70
460	82
461	56
462	67
463	86
464	79
465	68
466	77
467	67
468	61
469	73
470	49
471	53
472	77
473	63
474	51
475	56
476	66
477	58
478	57
479	44
480	61
481	49
482	43
483	56
484	61
485	57
486	61
487	56
488	55
489	40
490	49
491	56
492	52
493	58
494	53
495	44
496	60
497	70
498	53
499	38
500	65
501	55
502	56
503	49
504	42
505	40
506	59
507	55
508	64
509	45
510	43
511	55
512	58
513	39
514	39
515	56
516	45
517	28
518	38
519	67
520	51
521	57
522	61
523	48
524	56
525	70
526	48
527	43
528	36
529	44
530	36
531	41
532	51
533	37
534	30
535	47
536	40
537	39
538	65
539	39
540	36
541	53
542	43
543	30
544	36
545	42
546	25
547	34
548	33
549	21
550	32
551	27
552	24
553	36
554	24
555	32
556	35
557	22
558	26
559	32
560	28
561	26
562	42
563	23
564	38
565	20
566	18
567	27
568	23
569	28
570	30
571	26
572	18
573	23
574	31
575	27
576	19
