16	1
17	1
20	1
27	2
28	4
29	3
30	2
31	2
32	4
33	4
34	4
35	2
36	3
37	4
38	7
39	9
40	3
41	5
42	9
43	9
44	15
45	11
46	15
47	18
48	13
49	11
50	11
51	12
52	14
53	11
54	12
55	19
56	21
57	21
58	23
59	23
60	11
61	24
62	26
63	20
64	31
65	29
66	23
67	28
68	26
69	20
70	24
71	12
72	26
73	38
74	40
75	32
76	42
77	44
78	48
79	39
80	43
81	44
82	61
83	40
84	58
85	65
86	77
87	58
88	62
89	74
90	84
91	72
92	87
93	109
94	127
95	132
96	114
97	178
98	134
99	172
100	151
101	155
102	185
103	175
104	174
105	208
106	188
107	192
108	236
109	240
110	276
111	270
112	290
113	295
114	311
115	308
116	328
117	323
118	312
119	301
120	314
121	367
122	407
123	391
124	383
125	396
126	350
127	400
128	443
129	416
130	432
131	435
132	501
133	531
134	539
135	527
136	572
137	645
138	698
139	782
140	873
141	996
142	1200
143	1407
144	1849
145	2446
146	3826
147	6835
148	7764
149	18735
150	19313
