16	1
17	1
20	1
27	2
28	4
29	3
30	2
31	2
32	4
33	4
34	4
35	2
36	3
37	4
38	7
39	9
40	3
41	5
42	11
43	9
44	15
45	11
46	15
47	21
48	13
49	11
50	13
51	22
52	17
53	13
54	13
55	19
56	24
57	25
58	27
59	24
60	14
61	26
62	29
63	22
64	34
65	31
66	23
67	30
68	29
69	22
70	27
71	14
72	30
73	45
74	53
75	40
76	53
77	57
78	60
79	48
80	51
81	52
82	71
83	50
84	68
85	80
86	101
87	79
88	82
89	94
90	106
91	106
92	123
93	153
94	160
95	178
96	174
97	232
98	194
99	241
100	227
101	216
102	265
103	272
104	272
105	338
106	303
107	317
108	347
109	372
110	462
111	459
112	469
113	509
114	516
115	563
116	627
117	574
118	670
119	579
120	563
121	654
122	729
123	706
124	666
125	696
126	626
127	725
128	774
129	806
130	744
131	805
132	891
133	1035
134	943
135	935
136	1002
137	1148
138	1219
139	1367
140	1580
141	1862
142	2266
143	2802
144	3933
145	5865
146	10276
147	16701
148	21172
149	81918
150	96736
