16	7
17	6
18	4
19	7
20	5
21	13
22	11
23	6
24	13
25	9
26	11
27	13
28	18
29	26
30	25
31	41
32	44
33	67
34	79
35	133
36	149
37	189
38	199
39	253
40	301
41	352
42	411
43	494
44	529
45	633
46	704
47	711
48	730
49	850
50	981
51	926
52	989
53	1078
54	1171
55	1213
56	1239
57	1290
58	1403
59	1392
60	1458
61	1430
62	1509
63	1529
64	1557
65	1556
66	1614
67	1670
68	1797
69	1858
70	1868
71	2005
72	1975
73	2154
74	2273
75	2436
76	2430
77	2455
78	2605
79	2692
80	2791
81	2937
82	3071
83	3320
84	3313
85	3579
86	3769
87	3918
88	4128
89	4325
90	4520
91	4783
92	5270
93	5400
94	5925
95	6277
96	6435
97	6916
98	7447
99	7805
100	8272
101	8495
102	8887
103	9491
104	9938
105	10494
106	11142
107	11725
108	12364
109	12637
110	13564
111	14115
112	14582
113	14991
114	15379
115	15680
116	16407
117	16972
118	17314
119	17879
120	18472
121	18702
122	19272
123	19184
124	19972
125	20273
126	20483
127	20747
128	21090
129	21710
130	22596
131	23853
132	25013
133	25978
134	27489
135	29304
136	32166
137	37662
138	40546
139	46735
140	50958
141	68910
142	89490
143	110171
144	156159
145	222812
146	361490
147	724944
148	880070
149	1998290
150	2187997
