16	3
17	3
18	1
19	2
20	2
21	4
22	6
23	8
24	11
25	8
26	2
27	7
28	8
29	13
30	11
31	13
32	21
33	26
34	15
35	25
36	14
37	19
38	18
39	23
40	24
41	34
42	38
43	39
44	49
45	53
46	64
47	51
48	73
49	63
50	102
51	111
52	89
53	105
54	113
55	119
56	130
57	132
58	149
59	165
60	140
61	142
62	134
63	165
64	159
65	219
66	242
67	243
68	217
69	257
70	282
71	303
72	281
73	320
74	349
75	386
76	381
77	424
78	413
79	428
80	463
81	462
82	489
83	536
84	544
85	637
86	638
87	631
88	671
89	687
90	727
91	832
92	780
93	786
94	826
95	878
96	913
97	960
98	953
99	1044
100	1023
101	1050
102	1077
103	1108
104	1098
105	1220
106	1173
107	1231
108	1191
109	1248
110	1299
111	1312
112	1313
113	1484
114	1407
115	1532
116	1602
117	1521
118	1544
119	1615
120	1657
121	1707
122	1748
123	1608
124	1829
125	1821
126	1738
127	1787
128	1802
129	1845
130	1844
131	1915
132	1784
133	1855
134	1884
135	1865
136	2006
137	1987
138	2159
139	2137
140	2337
141	2329
142	2466
143	2580
144	2948
145	3612
146	4573
147	7189
148	10036
149	15465
150	27976
