16	3
17	3
18	1
19	2
20	2
21	4
22	7
23	8
24	11
25	8
26	2
27	7
28	8
29	13
30	11
31	13
32	21
33	26
34	15
35	25
36	14
37	19
38	18
39	23
40	25
41	35
42	41
43	39
44	51
45	54
46	71
47	61
48	78
49	66
50	121
51	144
52	96
53	117
54	122
55	128
56	140
57	141
58	158
59	173
60	149
61	149
62	145
63	181
64	176
65	231
66	247
67	251
68	232
69	266
70	291
71	316
72	295
73	334
74	367
75	414
76	399
77	451
78	441
79	452
80	503
81	496
82	522
83	586
84	605
85	703
86	686
87	688
88	728
89	762
90	807
91	931
92	871
93	903
94	922
95	1011
96	1025
97	1097
98	1074
99	1173
100	1143
101	1201
102	1239
103	1282
104	1251
105	1403
106	1369
107	1482
108	1402
109	1432
110	1568
111	1616
112	1592
113	1792
114	1692
115	1858
116	1986
117	1843
118	1912
119	1995
120	2060
121	2128
122	2220
123	2068
124	2345
125	2373
126	2314
127	2375
128	2458
129	2495
130	2558
131	2950
132	2791
133	2497
134	2516
135	2499
136	2654
137	2694
138	2890
139	2980
140	3235
141	3247
142	3411
143	3586
144	4201
145	5163
146	6593
147	10504
148	15096
149	24131
150	60611
