0	0
1	0
2	0
3	0
4	0
5	0
6	0
7	0
8	0
9	0
10	0
11	0
12	0
13	0
14	1
15	0
16	1
17	0
18	2
19	0
20	0
21	1
22	0
23	0
24	2
25	1
26	2
27	0
28	1
29	1
30	2
31	1
32	4
33	2
34	2
35	5
36	2
37	2
38	8
39	7
40	6
41	3
42	6
43	6
44	9
45	5
46	4
47	7
48	6
49	7
50	2
51	12
52	8
53	9
54	6
55	5
56	8
57	10
58	9
59	5
60	10
61	5
62	13
63	9
64	7
65	6
66	5
67	12
68	14
69	17
70	11
71	12
72	6
73	11
74	19
75	19
76	12
77	24
78	18
79	14
80	18
81	22
82	25
83	34
84	32
85	25
86	39
87	41
88	33
89	36
90	33
91	50
92	40
93	41
94	35
95	40
96	51
97	57
98	60
99	61
100	46
101	69
102	44
103	57
104	64
105	54
106	52
107	83
108	65
109	82
110	58
111	88
112	73
113	91
114	91
115	93
116	97
117	97
118	87
119	96
120	97
121	104
122	83
123	97
124	111
125	112
126	76
127	121
128	114
129	145
130	110
131	128
132	128
133	126
134	147
135	109
136	136
137	122
138	149
139	129
140	122
141	125
142	119
143	135
144	143
145	142
146	130
147	125
148	95
149	126
150	142
151	145
152	106
153	123
154	126
155	141
156	108
157	100
158	127
159	142
160	165
161	114
162	113
163	133
164	133
165	158
166	129
167	140
168	154
169	137
170	152
171	170
172	151
173	171
174	170
175	166
176	155
177	159
178	192
179	156
180	152
181	161
182	139
183	179
184	171
185	181
186	133
187	163
188	156
189	173
190	141
191	153
192	171
193	166
194	131
195	138
196	183
197	128
198	154
199	132
200	194
201	157
202	170
203	173
204	164
205	167
206	193
207	135
208	179
209	188
210	191
211	141
212	152
213	120
214	139
215	129
216	140
217	166
218	116
219	140
220	160
221	148
222	186
223	137
224	143
225	147
226	142
227	112
228	142
229	146
230	158
231	134
232	136
233	146
234	160
235	165
236	164
237	153
238	129
239	120
240	155
241	170
242	157
243	138
244	187
245	129
246	134
247	136
248	112
249	179
250	145
251	126
252	119
253	152
254	130
255	190
256	172
257	137
258	140
259	130
260	118
261	140
262	161
263	169
264	151
265	167
266	169
267	122
268	117
269	160
270	117
271	142
272	135
273	147
274	129
275	130
276	164
277	158
278	181
279	134
280	182
281	172
282	156
283	141
284	144
285	177
286	140
287	151
288	151
289	147
290	127
291	150
292	112
293	140
294	131
295	160
296	157
297	154
298	125
299	145
300	147
301	150
302	135
303	146
304	151
305	140
306	137
307	119
308	148
309	144
310	147
311	143
312	131
313	134
314	144
315	170
316	126
317	146
318	155
319	146
320	139
321	153
322	147
323	184
324	101
325	135
326	159
327	114
328	149
329	153
330	147
331	162
332	106
333	139
334	156
335	128
336	109
337	124
338	108
339	112
340	121
341	106
342	124
343	106
344	109
345	111
346	107
347	118
348	101
349	140
350	111
351	126
352	118
353	119
354	105
355	118
356	87
357	123
358	108
359	96
360	113
361	119
362	94
363	143
364	142
365	139
366	102
367	110
368	127
369	119
370	125
371	120
372	109
373	108
374	65
375	103
376	89
377	107
378	124
379	110
380	115
381	128
382	121
383	112
384	136
385	110
386	102
387	96
388	137
389	129
390	107
391	104
392	75
393	83
394	116
395	117
396	102
397	121
398	117
399	97
400	88
401	87
402	107
403	82
404	96
405	101
406	100
407	121
408	125
409	145
410	113
411	148
412	103
413	98
414	100
415	111
416	89
417	83
418	107
419	93
420	108
421	95
422	94
423	102
424	86
425	64
426	85
427	87
428	71
429	79
430	86
431	79
432	79
433	63
434	58
435	91
436	92
437	76
438	83
439	100
440	83
441	80
442	78
443	79
444	66
445	104
446	90
447	88
448	72
449	69
450	70
451	78
452	61
453	99
454	69
455	89
456	85
457	58
458	75
459	73
460	70
461	68
462	52
463	66
464	74
465	50
466	54
467	63
468	60
469	77
470	60
471	61
472	52
473	43
474	55
475	58
476	49
477	60
478	61
479	65
480	50
481	80
482	69
483	58
484	68
485	53
486	35
487	58
488	69
489	50
490	37
491	51
492	48
493	43
494	41
495	63
496	41
497	39
498	33
499	37
500	43
501	30
502	34
503	46
504	55
505	33
506	46
507	65
508	61
509	37
510	52
511	26
512	23
513	40
514	39
515	28
516	24
517	36
518	29
519	30
520	26
521	32
522	28
523	32
524	34
525	48
526	49
527	32
528	44
529	56
530	53
531	43
532	33
533	39
534	35
535	22
536	24
537	29
538	41
539	23
540	29
541	33
542	20
543	18
544	25
545	26
546	44
547	22
548	21
549	20
550	23
551	9
552	18
553	11
554	35
555	28
556	20
557	13
558	17
559	29
560	22
561	28
562	23
563	32
564	25
565	28
566	12
567	31
568	21
