0	0
1	0
2	0
3	0
4	0
5	0
6	0
7	0
8	0
9	0
10	0
11	0
12	0
13	0
14	1
15	0
16	1
17	0
18	2
19	0
20	0
21	1
22	0
23	0
24	2
25	1
26	2
27	0
28	1
29	1
30	2
31	1
32	4
33	2
34	2
35	5
36	2
37	2
38	9
39	7
40	6
41	3
42	6
43	6
44	10
45	5
46	4
47	7
48	7
49	9
50	4
51	17
52	10
53	10
54	8
55	6
56	10
57	13
58	11
59	7
60	12
61	5
62	15
63	10
64	7
65	7
66	5
67	14
68	16
69	21
70	11
71	17
72	6
73	14
74	28
75	23
76	12
77	26
78	22
79	18
80	22
81	26
82	26
83	40
84	39
85	26
86	44
87	51
88	34
89	50
90	45
91	72
92	52
93	49
94	49
95	52
96	67
97	70
98	82
99	77
100	64
101	88
102	53
103	80
104	81
105	61
106	74
107	109
108	101
109	127
110	81
111	124
112	126
113	131
114	140
115	137
116	162
117	140
118	133
119	143
120	172
121	171
122	164
123	160
124	191
125	179
126	123
127	302
128	205
129	240
130	178
131	208
132	245
133	215
134	250
135	231
136	240
137	255
138	311
139	273
140	238
141	239
142	210
143	300
144	278
145	320
146	320
147	247
148	199
149	379
150	355
151	333
152	263
153	325
154	321
155	522
156	260
157	255
158	369
159	356
160	427
161	297
162	297
163	350
164	359
165	385
166	386
167	369
168	433
169	404
170	443
171	569
172	477
173	478
174	548
175	454
176	497
177	464
178	624
179	579
180	487
181	541
182	450
183	611
184	445
185	579
186	423
187	639
188	531
189	644
190	493
191	540
192	677
193	657
194	514
195	564
196	687
197	475
198	576
199	443
200	680
201	528
202	620
203	572
204	664
205	656
206	721
207	525
208	582
209	645
210	683
211	509
212	536
213	417
214	542
215	517
216	603
217	703
218	346
219	500
220	700
221	621
222	656
223	462
224	564
225	467
226	606
227	376
228	391
229	619
230	553
231	465
232	503
233	531
234	632
235	719
236	972
237	582
238	496
239	454
240	562
241	550
242	558
243	521
244	877
245	656
246	436
247	505
248	397
249	691
250	581
251	490
252	390
253	463
254	402
255	765
256	825
257	534
258	635
259	509
260	350
261	460
262	474
263	634
264	614
265	573
266	719
267	532
268	512
269	697
270	377
271	506
272	385
273	702
274	366
275	396
276	529
277	528
278	776
279	590
280	701
281	640
282	542
283	581
284	533
285	666
286	562
287	630
288	669
289	509
290	342
291	593
292	437
293	492
294	462
295	519
296	523
297	576
298	421
299	482
300	489
301	566
302	491
303	518
304	521
305	518
306	401
307	325
308	438
309	524
310	481
311	461
312	321
313	344
314	546
315	656
316	299
317	498
318	613
319	600
320	464
321	412
322	470
323	720
324	228
325	420
326	519
327	309
328	404
329	497
330	425
331	495
332	403
333	488
334	589
335	327
336	336
337	379
338	429
339	397
340	322
341	404
342	323
343	312
344	381
345	254
346	295
347	271
348	264
349	511
350	411
351	390
352	356
353	286
354	343
355	300
356	237
357	335
358	339
359	354
360	365
361	306
362	230
363	486
364	379
365	497
366	406
367	219
368	339
369	365
370	379
371	330
372	349
373	254
374	136
375	250
376	208
377	267
378	385
379	260
380	332
381	381
382	450
383	340
384	369
385	380
386	314
387	261
388	452
389	419
390	310
391	363
392	151
393	169
394	332
395	279
396	308
397	392
398	259
399	235
400	222
401	243
402	317
403	171
404	196
405	277
406	264
407	303
408	273
409	368
410	255
411	412
412	272
413	329
414	282
415	239
416	203
417	235
418	201
419	264
420	328
421	248
422	246
423	204
424	293
425	143
426	212
427	188
428	149
429	181
430	220
431	246
432	194
433	159
434	124
435	188
436	197
437	134
438	206
439	252
440	170
441	190
442	155
443	146
444	122
445	197
446	178
447	227
448	162
449	160
450	135
451	153
452	117
453	225
454	150
455	206
456	235
457	120
458	177
459	209
460	165
461	197
462	81
463	118
464	180
465	76
466	88
467	99
468	82
469	181
470	116
471	147
472	115
473	61
474	82
475	115
476	111
477	106
478	121
479	152
480	98
481	201
482	119
483	107
484	167
485	149
486	63
487	94
488	192
489	63
490	73
491	84
492	127
493	106
494	57
495	119
496	82
497	105
498	67
499	63
500	78
501	75
502	52
503	61
504	84
505	47
506	96
507	98
508	90
509	53
510	84
511	41
512	28
513	60
514	76
515	41
516	38
517	55
518	44
519	46
520	51
521	43
522	45
523	36
524	43
525	59
526	84
527	49
528	76
529	81
530	105
531	81
532	44
533	139
534	56
535	44
536	27
537	37
538	95
539	30
540	37
541	58
542	38
543	21
544	31
545	41
546	65
547	28
