16	7
17	6
18	5
19	5
21	6
22	5
23	14
24	15
25	8
26	12
27	21
28	19
29	16
30	25
31	21
32	33
33	25
34	33
35	31
36	33
37	23
38	25
39	31
40	34
41	41
42	47
43	46
44	56
45	72
46	70
47	90
48	75
49	76
50	104
51	105
52	90
53	88
54	104
55	125
56	128
57	168
58	158
59	149
60	160
61	165
62	199
63	165
64	166
65	183
66	204
67	231
68	235
69	216
70	256
71	279
72	305
73	353
74	343
75	367
76	406
77	455
78	398
79	435
80	488
81	533
82	539
83	561
84	635
85	681
86	683
87	730
88	720
89	773
90	888
91	913
92	908
93	977
94	1033
95	1054
96	1072
97	1173
98	1082
99	1255
100	1308
101	1416
102	1497
103	1435
104	1497
105	1445
106	1571
107	1776
108	1796
109	2113
110	1957
111	2180
112	2125
113	2128
114	2352
115	2379
116	2402
117	2507
118	2325
119	2411
120	2457
121	2451
122	2596
123	2713
124	2857
125	3097
126	3074
127	2975
128	2960
129	3058
130	3090
131	3100
132	3229
133	3189
134	3398
135	3433
136	3583
137	3534
138	3814
139	3936
140	4261
141	4321
142	4670
143	5465
144	6225
145	8139
146	11675
147	22854
148	37289
149	45480
150	70683
