16	7
17	6
18	5
19	5
21	6
22	5
23	13
24	14
25	8
26	10
27	20
28	19
29	15
30	24
31	21
32	33
33	24
34	32
35	31
36	31
37	23
38	25
39	29
40	34
41	41
42	46
43	44
44	48
45	64
46	64
47	80
48	68
49	72
50	92
51	82
52	82
53	85
54	100
55	119
56	115
57	143
58	145
59	133
60	154
61	156
62	190
63	157
64	159
65	180
66	191
67	213
68	226
69	206
70	245
71	267
72	289
73	330
74	325
75	344
76	386
77	428
78	373
79	406
80	452
81	487
82	481
83	506
84	559
85	611
86	612
87	662
88	668
89	694
90	792
91	808
92	812
93	862
94	908
95	938
96	949
97	1020
98	969
99	1093
100	1113
101	1184
102	1201
103	1177
104	1218
105	1186
106	1280
107	1409
108	1362
109	1505
110	1476
111	1580
112	1691
113	1662
114	1770
115	1804
116	1759
117	1843
118	1760
119	1818
120	1847
121	1854
122	1939
123	2050
124	2070
125	2197
126	2140
127	2082
128	2166
129	2148
130	2255
131	2240
132	2293
133	2254
134	2348
135	2337
136	2487
137	2418
138	2474
139	2555
140	2760
141	2810
142	2994
143	3318
144	3650
145	4614
146	6633
147	12065
148	16862
149	16727
150	20815
