0	0
1	0
2	0
3	0
4	0
5	0
6	0
7	0
8	0
9	0
10	0
11	0
12	0
13	1
14	0
15	1
16	0
17	0
18	0
19	1
20	0
21	0
22	0
23	3
24	1
25	3
26	2
27	2
28	0
29	5
30	3
31	2
32	3
33	3
34	2
35	5
36	7
37	2
38	4
39	9
40	6
41	2
42	5
43	5
44	10
45	9
46	9
47	14
48	8
49	20
50	12
51	8
52	15
53	7
54	7
55	8
56	16
57	18
58	7
59	8
60	11
61	15
62	16
63	18
64	12
65	17
66	13
67	11
68	15
69	11
70	15
71	13
72	26
73	20
74	17
75	30
76	14
77	22
78	16
79	13
80	31
81	25
82	28
83	25
84	33
85	32
86	35
87	37
88	32
89	35
90	46
91	53
92	45
93	40
94	47
95	48
96	62
97	57
98	86
99	70
100	75
101	74
102	72
103	71
104	100
105	78
106	92
107	70
108	128
109	108
110	88
111	105
112	96
113	96
114	112
115	101
116	71
117	83
118	122
119	121
120	91
121	118
122	110
123	141
124	113
125	105
126	108
127	102
128	148
129	96
130	165
131	120
132	141
133	106
134	123
135	139
136	169
137	161
138	144
139	196
140	139
141	163
142	155
143	159
144	139
145	127
146	122
147	122
148	124
149	107
150	102
151	96
152	136
153	95
154	116
155	121
156	95
157	115
158	147
159	126
160	132
161	114
162	119
163	96
164	97
165	133
166	99
167	112
168	103
169	134
170	157
171	94
172	124
173	166
174	98
175	106
176	110
177	138
178	205
179	143
180	156
181	120
182	105
183	100
184	111
185	114
186	124
187	132
188	122
189	150
190	127
191	144
192	88
193	129
194	116
195	130
196	142
197	106
198	114
199	131
200	139
201	155
202	149
203	115
204	114
205	134
206	122
207	120
208	121
209	142
210	129
211	157
212	119
213	154
214	166
215	124
216	141
217	148
218	110
219	98
220	107
221	134
222	110
223	147
224	143
225	108
226	105
227	119
228	141
229	94
230	104
231	100
232	114
233	124
234	126
235	98
236	95
237	95
238	112
239	119
240	135
241	135
242	100
243	97
244	100
245	125
246	119
247	100
248	112
249	127
250	84
251	134
252	124
253	106
254	117
255	132
256	107
257	125
258	163
259	137
260	160
261	145
262	113
263	98
264	85
265	127
266	149
267	137
268	152
269	107
270	110
271	127
272	81
273	102
274	93
275	101
276	110
277	99
278	117
279	104
280	115
281	137
282	121
283	102
284	112
285	94
286	104
287	91
288	99
289	124
290	120
291	148
292	129
293	96
294	118
295	111
296	111
297	129
298	100
299	107
300	105
301	117
302	108
303	96
304	118
305	117
306	115
307	112
308	118
309	136
310	117
311	97
312	107
313	103
314	97
315	78
316	107
317	104
318	78
319	79
320	88
321	98
322	123
323	78
324	104
325	115
326	105
327	86
328	114
329	98
330	105
331	83
332	104
333	98
334	81
335	79
336	67
337	78
338	78
339	93
340	129
341	85
342	108
343	97
344	111
345	104
346	136
347	94
348	96
349	93
350	77
351	73
352	104
353	86
354	72
355	94
356	92
357	127
358	98
359	86
360	85
361	90
362	84
363	98
364	88
365	111
366	82
367	79
368	119
369	116
370	81
371	95
372	67
373	84
374	95
375	100
376	94
377	101
378	104
379	96
380	98
381	75
382	82
383	65
384	73
385	87
386	113
387	89
388	99
389	75
390	103
391	114
392	106
393	119
394	77
395	88
396	96
397	96
398	67
399	81
400	101
401	91
402	87
403	108
404	91
405	61
406	87
407	106
408	88
409	106
410	101
411	60
412	84
413	68
414	94
415	64
416	79
417	73
418	100
419	87
420	109
421	93
422	80
423	111
424	75
425	71
426	101
427	54
428	77
429	57
430	82
431	69
432	65
433	93
434	86
435	90
436	84
437	90
438	81
439	96
440	83
441	86
442	92
443	80
444	64
445	84
446	86
447	111
448	61
449	84
450	71
451	52
452	66
453	61
454	67
455	63
456	71
457	61
458	42
459	52
460	79
461	54
462	48
463	65
464	72
465	44
466	58
467	67
468	71
469	44
470	73
471	56
472	48
473	39
474	60
475	47
476	66
477	47
478	51
479	37
480	51
481	45
482	45
483	64
484	39
485	52
486	48
487	38
488	50
489	47
490	42
491	41
492	45
493	44
494	35
495	51
496	43
497	37
498	48
499	47
500	53
501	38
502	52
503	31
504	30
505	37
506	30
507	58
508	54
509	53
510	42
511	36
512	49
513	46
514	31
515	50
516	43
517	27
518	37
519	49
520	47
521	34
522	36
523	30
524	34
525	36
526	35
527	38
528	33
529	18
530	22
531	28
532	18
533	23
534	29
535	27
536	32
537	32
538	24
539	17
540	25
541	31
542	26
543	24
544	15
545	23
546	23
547	29
548	18
549	24
550	21
551	23
552	17
553	30
554	20
555	12
556	23
557	24
558	30
559	36
560	23
561	30
562	20
563	31
564	18
565	26
566	17
567	15
568	11
569	20
570	8
571	38
572	14
573	15
574	23
575	21
576	31
