0	0
1	0
2	0
3	0
4	0
5	0
6	0
7	0
8	0
9	0
10	0
11	0
12	0
13	1
14	0
15	1
16	0
17	0
18	0
19	1
20	0
21	0
22	0
23	3
24	1
25	3
26	2
27	2
28	0
29	5
30	3
31	2
32	3
33	4
34	2
35	6
36	7
37	2
38	5
39	10
40	6
41	2
42	5
43	5
44	11
45	9
46	9
47	31
48	11
49	24
50	14
51	9
52	17
53	8
54	7
55	10
56	19
57	20
58	10
59	8
60	11
61	15
62	19
63	21
64	14
65	17
66	14
67	12
68	20
69	11
70	20
71	15
72	32
73	26
74	18
75	35
76	15
77	26
78	19
79	18
80	33
81	27
82	30
83	26
84	33
85	34
86	54
87	39
88	36
89	46
90	63
91	60
92	56
93	50
94	60
95	69
96	69
97	66
98	101
99	80
100	107
101	92
102	90
103	84
104	117
105	94
106	118
107	84
108	180
109	156
110	114
111	141
112	116
113	124
114	160
115	156
116	90
117	103
118	173
119	165
120	114
121	173
122	134
123	212
124	177
125	140
126	191
127	142
128	244
129	151
130	307
131	195
132	216
133	146
134	164
135	234
136	328
137	230
138	239
139	350
140	209
141	267
142	258
143	334
144	222
145	260
146	244
147	242
148	271
149	219
150	233
151	203
152	338
153	224
154	366
155	248
156	207
157	300
158	398
159	341
160	378
161	281
162	374
163	225
164	206
165	376
166	279
167	258
168	259
169	360
170	381
171	235
172	297
173	484
174	329
175	295
176	308
177	392
178	591
179	436
180	625
181	461
182	269
183	261
184	397
185	349
186	398
187	398
188	441
189	466
190	481
191	541
192	216
193	351
194	328
195	410
196	523
197	331
198	469
199	522
200	472
201	749
202	474
203	505
204	507
205	442
206	437
207	417
208	433
209	528
210	409
211	516
212	453
213	687
214	740
215	438
216	563
217	639
218	495
219	413
220	450
221	420
222	500
223	464
224	543
225	577
226	312
227	318
228	572
229	391
230	411
231	400
232	424
233	395
234	395
235	371
236	432
237	458
238	569
239	513
240	490
241	627
242	334
243	369
244	393
245	470
246	697
247	483
248	488
249	431
250	312
251	366
252	547
253	350
254	410
255	409
256	420
257	616
258	687
259	532
260	512
261	525
262	306
263	380
264	202
265	442
266	549
267	675
268	734
269	432
270	384
271	449
272	218
273	303
274	295
275	418
276	382
277	314
278	341
279	300
280	338
281	541
282	509
283	304
284	430
285	400
286	330
287	270
288	296
289	461
290	466
291	413
292	470
293	252
294	486
295	311
296	496
297	384
298	330
299	218
300	309
301	359
302	305
303	339
304	529
305	437
306	411
307	376
308	407
309	378
310	390
311	259
312	249
313	351
314	271
315	164
316	327
317	320
318	257
319	192
320	245
321	272
322	376
323	222
324	451
325	396
326	341
327	228
328	314
329	283
330	354
331	296
332	279
333	390
334	193
335	148
336	125
337	163
338	230
339	269
340	390
341	191
342	222
343	240
344	298
345	335
346	420
347	264
348	306
349	309
350	336
351	181
352	275
353	243
354	174
355	301
356	268
357	385
358	278
359	290
360	234
361	197
362	252
363	330
364	334
365	311
366	203
367	199
368	330
369	287
370	204
371	305
372	109
373	169
374	265
375	300
376	197
377	264
378	288
379	273
380	252
381	149
382	224
383	122
384	201
385	188
386	292
387	157
388	189
389	135
390	295
391	336
392	219
393	323
394	172
395	215
396	244
397	195
398	115
399	157
400	286
401	225
402	203
403	200
404	209
405	107
406	151
407	290
408	247
409	245
410	194
411	107
412	219
413	120
414	360
415	131
416	169
417	88
418	193
419	174
420	266
421	188
422	211
423	250
424	113
425	155
426	244
427	105
428	141
429	94
430	136
431	116
432	149
433	170
434	165
435	198
436	154
437	153
438	143
439	178
440	139
441	164
442	199
443	174
444	105
445	138
446	220
447	239
448	88
449	152
450	168
451	117
452	117
453	85
454	112
455	95
456	188
457	83
458	52
459	107
460	272
461	138
462	62
463	123
464	169
465	85
466	110
467	141
468	135
469	92
470	118
471	119
472	85
473	70
474	138
475	72
476	106
477	74
478	95
479	98
480	147
481	85
482	72
483	87
484	74
485	89
486	66
487	51
488	122
489	73
490	62
491	129
492	73
493	72
494	75
495	81
496	66
497	46
498	73
499	88
500	89
501	58
502	86
503	51
504	51
505	58
506	62
507	96
508	97
509	139
510	83
511	73
512	94
513	74
514	62
515	86
516	58
517	52
518	56
519	121
520	81
521	45
522	52
523	53
524	44
525	47
526	44
527	44
528	47
529	27
530	26
531	42
532	22
533	28
534	39
535	40
536	40
537	50
538	29
539	19
540	28
541	44
542	43
543	37
544	18
545	41
546	45
547	52
548	22
549	29
550	34
551	31
552	23
553	167
554	22
555	13
556	26
557	27
558	60
559	78
560	25
561	96
562	30
563	78
564	27
565	43
