16	13
17	15
18	13
19	11
20	5
21	6
22	11
23	10
24	9
25	10
26	6
27	3
28	4
29	2
30	10
31	9
32	12
33	7
34	15
35	13
36	13
37	11
38	13
39	18
40	13
41	12
42	21
43	26
44	36
45	26
46	33
47	24
48	34
49	38
50	25
51	26
52	35
53	36
54	27
55	41
56	45
57	38
58	50
59	55
60	55
61	47
62	49
63	45
64	56
65	58
66	66
67	74
68	86
69	90
70	78
71	81
72	80
73	87
74	116
75	110
76	136
77	128
78	132
79	124
80	125
81	121
82	127
83	133
84	161
85	178
86	161
87	185
88	193
89	212
90	218
91	235
92	242
93	261
94	247
95	274
96	294
97	341
98	296
99	311
100	372
101	383
102	387
103	436
104	389
105	413
106	417
107	420
108	420
109	471
110	508
111	533
112	508
113	529
114	561
115	595
116	626
117	619
118	642
119	655
120	704
121	708
122	740
123	791
124	778
125	778
126	860
127	854
128	927
129	889
130	997
131	974
132	921
133	968
134	1010
135	1045
136	1116
137	1116
138	1114
139	1190
140	1251
141	1334
142	1493
143	1729
144	2069
145	2539
146	3740
147	8038
148	9022
149	16138
150	42293
