16	14
17	15
18	14
19	11
20	5
21	6
22	13
23	10
24	9
25	13
26	9
27	4
28	4
29	2
30	11
31	9
32	13
33	8
34	19
35	28
36	28
37	13
38	13
39	19
40	13
41	13
42	21
43	35
44	37
45	36
46	36
47	25
48	41
49	38
50	30
51	32
52	36
53	37
54	30
55	45
56	47
57	46
58	52
59	60
60	56
61	51
62	51
63	47
64	62
65	63
66	77
67	82
68	93
69	98
70	84
71	87
72	86
73	99
74	122
75	127
76	143
77	145
78	147
79	145
80	144
81	136
82	141
83	154
84	175
85	201
86	177
87	211
88	214
89	228
90	247
91	260
92	275
93	300
94	289
95	325
96	333
97	377
98	343
99	358
100	412
101	445
102	432
103	505
104	452
105	487
106	516
107	498
108	503
109	564
110	597
111	643
112	608
113	635
114	665
115	712
116	767
117	756
118	768
119	772
120	815
121	865
122	937
123	953
124	947
125	955
126	1112
127	1075
128	1147
129	1102
130	1264
131	1251
132	1131
133	1177
134	1258
135	1312
136	1436
137	1396
138	1407
139	1523
140	1640
141	1785
142	2002
143	2383
144	2928
145	3717
146	5964
147	12824
148	13921
149	27691
150	121277
