16	26
17	38
18	31
19	58
20	57
21	73
22	74
23	71
24	76
25	99
26	91
27	78
28	100
29	107
30	110
31	125
32	165
33	171
34	233
35	251
36	324
37	361
38	485
39	574
40	632
41	755
42	990
43	1134
44	1332
45	1443
46	1586
47	1886
48	2069
49	2124
50	2275
51	2416
52	2582
53	2876
54	3046
55	3106
56	3195
57	3482
58	3677
59	3821
60	3877
61	3873
62	4041
63	4215
64	4330
65	4605
66	4838
67	4884
68	5181
69	5307
70	5427
71	5816
72	6089
73	6351
74	6340
75	6447
76	6969
77	7156
78	7357
79	7734
80	8210
81	8363
82	8988
83	9494
84	9859
85	10217
86	10793
87	11341
88	11828
89	12581
90	12589
91	13289
92	13731
93	14538
94	15282
95	15927
96	16619
97	17047
98	18041
99	18522
100	19183
101	19997
102	20707
103	21643
104	22461
105	23242
106	24117
107	25226
108	25267
109	26893
110	27829
111	28584
112	29756
113	31091
114	31698
115	32934
116	34324
117	34237
118	35267
119	36391
120	37322
121	38300
122	39244
123	40021
124	40994
125	42613
126	43317
127	44340
128	45248
129	46036
130	47992
131	49235
132	50066
133	50931
134	53130
135	54745
136	56299
137	59175
138	61872
139	65882
140	72912
141	81491
142	96849
143	127857
144	175669
145	257339
146	418885
147	1049756
148	1234042
149	2198570
150	5551067
