0	0
1	0
2	0
3	0
4	0
5	0
6	0
7	0
8	0
9	0
10	0
11	0
12	1
13	6
14	5
15	9
16	13
17	6
18	5
19	2
20	1
21	3
22	1
23	11
24	5
25	11
26	8
27	11
28	2
29	8
30	13
31	10
32	9
33	15
34	17
35	17
36	26
37	22
38	27
39	21
40	27
41	21
42	14
43	23
44	25
45	16
46	27
47	32
48	18
49	13
50	15
51	32
52	42
53	36
54	30
55	33
56	26
57	31
58	60
59	42
60	41
61	42
62	40
63	47
64	45
65	54
66	39
67	47
68	39
69	69
70	43
71	48
72	44
73	65
74	63
75	73
76	64
77	77
78	66
79	83
80	79
81	91
82	76
83	102
84	119
85	124
86	106
87	158
88	119
89	169
90	149
91	151
92	165
93	153
94	142
95	147
96	154
97	167
98	229
99	190
100	183
101	197
102	201
103	188
104	217
105	250
106	283
107	241
108	243
109	334
110	243
111	290
112	242
113	191
114	310
115	242
116	300
117	255
118	288
119	246
120	259
121	333
122	215
123	363
124	328
125	355
126	320
127	373
128	306
129	234
130	315
131	290
132	237
133	335
134	301
135	280
136	329
137	347
138	384
139	430
140	355
141	342
142	270
143	250
144	302
145	319
146	236
147	161
148	212
149	283
150	246
151	163
152	211
153	166
154	230
155	246
156	186
157	234
158	283
159	262
160	213
161	248
162	267
163	215
164	175
165	285
166	189
167	324
168	192
169	308
170	271
171	219
172	305
173	248
174	261
175	267
176	271
177	408
178	240
179	248
180	272
181	340
182	250
183	288
184	235
185	166
186	308
187	270
188	243
189	226
190	197
191	261
192	342
193	368
194	180
195	341
196	154
197	309
198	290
199	269
200	178
201	172
202	250
203	261
204	152
205	141
206	249
207	287
208	111
209	228
210	193
211	193
212	261
213	274
214	186
215	237
216	279
217	263
218	252
219	245
220	180
221	231
222	164
223	209
224	153
225	191
226	170
227	194
228	265
229	193
230	227
231	138
232	263
233	168
234	232
235	235
236	273
237	282
238	190
239	184
240	140
241	156
242	268
243	224
244	202
245	145
246	251
247	316
248	136
249	137
250	219
251	193
252	244
253	264
254	318
255	207
256	215
257	228
258	195
259	224
260	387
261	292
262	298
263	281
264	243
265	239
266	272
267	357
268	135
269	224
270	193
271	384
272	236
273	254
274	244
275	203
276	208
277	197
278	318
279	209
280	209
281	229
282	270
283	258
284	267
285	210
286	268
287	238
288	230
289	193
290	221
291	240
292	216
293	259
294	309
295	353
296	230
297	278
298	300
299	281
300	248
301	241
302	276
303	342
304	341
305	254
306	276
307	286
308	252
309	229
310	235
311	205
312	235
313	255
314	217
315	163
316	278
317	248
318	215
319	212
320	308
321	317
322	233
323	217
324	320
325	227
326	237
327	256
328	180
329	298
330	243
331	213
332	243
333	277
334	184
335	217
336	166
337	289
338	325
339	233
340	283
341	209
342	199
343	263
344	250
345	243
346	365
347	229
348	299
349	177
350	184
351	200
352	202
353	226
354	300
355	236
356	223
357	237
358	287
359	245
360	233
361	209
362	232
363	207
364	244
365	227
366	183
367	192
368	244
369	201
370	205
371	204
372	316
373	328
374	265
375	208
376	256
377	193
378	248
379	188
380	153
381	164
382	177
383	204
384	190
385	210
386	195
387	228
388	222
389	277
390	215
391	260
392	222
393	310
394	215
395	155
396	202
397	178
398	230
399	220
400	151
401	202
402	222
403	255
404	291
405	253
406	230
407	232
408	221
409	220
410	268
411	246
412	156
413	240
414	229
415	177
416	247
417	176
418	206
419	156
420	179
421	224
422	231
423	192
424	247
425	237
426	239
427	239
428	128
429	179
430	196
431	182
432	170
433	143
434	169
435	174
436	128
437	155
438	202
439	178
440	179
441	146
442	201
443	215
444	209
445	154
446	187
447	197
448	177
449	146
450	132
451	191
452	119
453	135
454	173
455	139
456	173
457	92
458	173
459	130
460	122
461	119
462	138
463	137
464	68
465	111
466	139
467	103
468	108
469	144
470	121
471	153
472	102
473	113
474	149
475	132
476	125
477	71
478	70
479	117
480	146
481	117
482	124
483	147
484	95
485	105
486	104
487	95
488	134
489	104
490	96
491	117
492	103
493	127
494	119
495	137
496	112
497	122
498	106
499	95
500	95
501	113
502	116
503	84
504	101
505	85
506	112
507	167
508	157
509	116
510	68
511	89
512	87
513	80
514	71
515	110
516	116
517	59
518	73
519	83
520	91
521	71
522	80
523	58
524	83
525	78
526	60
527	79
528	70
529	50
530	94
531	55
532	66
533	52
534	90
535	75
536	81
537	67
538	47
539	78
540	73
541	82
542	66
543	62
544	61
545	75
546	72
547	49
548	52
549	102
550	43
551	53
552	67
553	51
554	54
555	50
556	63
557	26
558	32
559	33
560	37
561	76
562	74
563	70
564	28
565	43
566	65
567	54
568	59
569	32
570	39
571	48
572	45
573	48
574	41
575	37
