0	0
1	0
2	0
3	0
4	0
5	0
6	0
7	0
8	0
9	0
10	0
11	0
12	1
13	6
14	5
15	8
16	12
17	5
18	5
19	2
20	1
21	3
22	1
23	11
24	5
25	9
26	8
27	11
28	2
29	8
30	13
31	10
32	9
33	14
34	16
35	15
36	25
37	20
38	25
39	20
40	26
41	18
42	13
43	20
44	23
45	16
46	25
47	22
48	16
49	12
50	15
51	25
52	28
53	27
54	27
55	31
56	24
57	21
58	41
59	41
60	39
61	37
62	34
63	40
64	43
65	46
66	33
67	44
68	39
69	52
70	37
71	41
72	42
73	50
74	54
75	67
76	58
77	60
78	59
79	71
80	66
81	73
82	67
83	89
84	83
85	92
86	88
87	130
88	100
89	134
90	124
91	127
92	138
93	121
94	113
95	110
96	121
97	130
98	152
99	149
100	147
101	142
102	149
103	140
104	157
105	186
106	198
107	181
108	167
109	194
110	176
111	184
112	169
113	145
114	197
115	142
116	211
117	151
118	186
119	174
120	173
121	196
122	154
123	214
124	180
125	209
126	184
127	193
128	180
129	142
130	170
131	161
132	153
133	175
134	153
135	151
136	160
137	192
138	198
139	189
140	166
141	153
142	150
143	129
144	158
145	164
146	128
147	97
148	108
149	124
150	100
151	83
152	99
153	71
154	99
155	110
156	85
157	95
158	105
159	120
160	92
161	116
162	111
163	93
164	78
165	113
166	92
167	123
168	101
169	126
170	109
171	89
172	118
173	109
174	100
175	112
176	113
177	135
178	109
179	102
180	113
181	120
182	90
183	107
184	81
185	71
186	110
187	91
188	103
189	99
190	95
191	100
192	117
193	139
194	80
195	124
196	87
197	99
198	110
199	96
200	83
201	83
202	88
203	92
204	73
205	70
206	106
207	101
208	60
209	95
210	97
211	90
212	100
213	104
214	76
215	108
216	112
217	122
218	105
219	111
220	102
221	84
222	70
223	92
224	61
225	90
226	76
227	111
228	114
229	94
230	91
231	70
232	95
233	88
234	105
235	95
236	114
237	117
238	79
239	82
240	75
241	74
242	99
243	101
244	111
245	89
246	107
247	136
248	72
249	75
250	109
251	98
252	104
253	120
254	101
255	80
256	94
257	117
258	89
259	105
260	132
261	124
262	143
263	119
264	114
265	119
266	127
267	151
268	87
269	114
270	96
271	153
272	111
273	105
274	120
275	103
276	94
277	120
278	137
279	112
280	106
281	112
282	132
283	118
284	114
285	121
286	127
287	109
288	121
289	93
290	125
291	115
292	128
293	127
294	129
295	162
296	135
297	154
298	140
299	126
300	138
301	130
302	134
303	149
304	128
305	137
306	160
307	140
308	137
309	117
310	109
311	112
312	126
313	120
314	122
315	93
316	145
317	122
318	118
319	118
320	133
321	149
322	132
323	132
324	163
325	121
326	122
327	146
328	114
329	151
330	123
331	126
332	121
333	141
334	99
335	131
336	108
337	169
338	163
339	119
340	142
341	114
342	124
343	144
344	135
345	128
346	161
347	130
348	165
349	112
350	112
351	121
352	113
353	129
354	158
355	129
356	142
357	151
358	153
359	127
360	124
361	111
362	138
363	124
364	129
365	128
366	98
367	121
368	131
369	108
370	117
371	126
372	152
373	175
374	146
375	125
376	144
377	135
378	132
379	114
380	108
381	104
382	94
383	120
384	120
385	136
386	129
387	155
388	149
389	134
390	131
391	147
392	139
393	161
394	131
395	108
396	128
397	114
398	130
399	150
400	89
401	130
402	137
403	143
404	163
405	138
406	136
407	141
408	131
409	141
410	142
411	150
412	101
413	142
414	136
415	105
416	138
417	120
418	137
419	97
420	126
421	124
422	133
423	128
424	151
425	144
426	138
427	143
428	102
429	111
430	128
431	115
432	111
433	107
434	112
435	118
436	91
437	107
438	130
439	115
440	117
441	106
442	122
443	139
444	130
445	112
446	122
447	127
448	111
449	101
450	94
451	113
452	79
453	101
454	101
455	87
456	104
457	72
458	106
459	98
460	90
461	85
462	94
463	85
464	43
465	74
466	79
467	82
468	74
469	97
470	77
471	90
472	69
473	76
474	95
475	87
476	70
477	51
478	58
479	63
480	95
481	90
482	82
483	84
484	76
485	73
486	73
487	62
488	89
489	62
490	63
491	82
492	73
493	83
494	90
495	78
496	78
497	93
498	77
499	69
500	70
501	84
502	75
503	63
504	75
505	66
506	82
507	90
508	95
509	77
510	55
511	63
512	56
513	57
514	57
515	62
516	57
517	47
518	58
519	64
520	63
521	63
522	60
523	37
524	66
525	66
526	51
527	64
528	46
529	43
530	57
531	42
532	41
533	41
534	64
535	53
536	54
537	53
538	34
539	57
540	59
541	57
542	49
543	36
544	36
545	50
546	42
547	38
548	42
549	50
550	31
551	35
552	44
553	40
554	38
555	39
556	45
557	19
558	30
559	27
560	27
561	53
562	54
563	39
564	25
565	33
566	43
567	32
568	27
569	30
570	27
571	29
572	29
573	32
574	34
575	31
576	24
577	24
578	18
579	23
580	29
581	22
