0	0
1	0
2	0
3	0
4	0
5	0
6	0
7	0
8	0
9	0
10	0
11	0
12	3
13	3
14	7
15	3
16	8
17	9
18	5
19	8
20	6
21	4
22	5
23	18
24	9
25	17
26	16
27	36
28	22
29	19
30	28
31	20
32	27
33	28
34	25
35	43
36	42
37	35
38	46
39	34
40	47
41	34
42	70
43	51
44	98
45	44
46	54
47	713
48	77
49	48
50	58
51	45
52	45
53	49
54	37
55	66
56	60
57	65
58	80
59	44
60	55
61	76
62	65
63	54
64	46
65	57
66	56
67	65
68	66
69	77
70	71
71	76
72	61
73	81
74	81
75	94
76	74
77	100
78	91
79	89
80	124
81	115
82	135
83	168
84	144
85	155
86	135
87	154
88	173
89	188
90	186
91	193
92	196
93	172
94	161
95	190
96	196
97	185
98	256
99	203
100	226
101	254
102	233
103	221
104	273
105	238
106	219
107	304
108	290
109	334
110	286
111	318
112	294
113	315
114	314
115	312
116	328
117	236
118	307
119	307
120	321
121	277
122	322
123	318
124	397
125	342
126	338
127	352
128	326
129	344
130	362
131	270
132	287
133	357
134	323
135	308
136	343
137	415
138	431
139	426
140	407
141	395
142	401
143	369
144	365
145	317
146	264
147	297
148	257
149	247
150	263
151	233
152	266
153	295
154	283
155	252
156	264
157	261
158	250
159	277
160	341
161	284
162	260
163	261
164	291
165	298
166	284
167	311
168	270
169	291
170	291
171	225
172	274
173	236
174	254
175	319
176	314
177	279
178	293
179	274
180	249
181	284
182	264
183	315
184	206
185	266
186	288
187	238
188	281
189	206
190	278
191	257
192	192
193	235
194	255
195	249
196	232
197	211
198	215
199	236
200	248
201	239
202	197
203	237
204	182
205	181
206	219
207	255
208	250
209	192
210	238
211	188
212	230
213	205
214	166
215	210
216	254
217	222
218	218
219	205
220	202
221	203
222	187
223	214
224	181
225	157
226	153
227	223
228	227
229	225
230	146
231	150
232	156
233	157
234	149
235	185
236	207
237	220
238	166
239	165
240	195
241	199
242	194
243	190
244	140
245	176
246	176
247	140
248	196
249	210
250	201
251	184
252	223
253	225
254	222
255	226
256	288
257	182
258	290
259	510
260	571
261	578
262	290
263	202
264	189
265	195
266	259
267	195
268	204
269	233
270	229
271	165
272	202
273	196
274	176
275	224
276	119
277	131
278	192
279	190
280	159
281	177
282	159
283	173
284	184
285	169
286	188
287	187
288	217
289	214
290	212
291	194
292	208
293	232
294	214
295	234
296	223
297	238
298	242
299	203
300	171
301	170
302	186
303	186
304	182
305	176
306	182
307	197
308	167
309	205
310	221
311	172
312	157
313	178
314	186
315	164
316	176
317	200
318	166
319	198
320	207
321	164
322	185
323	215
324	209
325	203
326	209
327	201
328	153
329	165
330	169
331	148
332	171
333	188
334	183
335	195
336	161
337	192
338	170
339	190
340	198
341	155
342	167
343	140
344	140
345	176
346	148
347	125
348	176
349	149
350	151
351	170
352	129
353	167
354	156
355	155
356	159
357	158
358	169
359	135
360	194
361	165
362	168
363	179
364	173
365	169
366	157
367	177
368	140
369	184
370	137
371	160
372	148
373	176
374	157
375	149
376	145
377	137
378	130
379	145
380	160
381	147
382	163
383	135
384	162
385	201
386	218
387	206
388	280
389	135
390	143
391	151
392	133
393	156
394	132
395	125
396	108
397	111
398	125
399	156
400	165
401	170
402	155
403	157
404	154
405	175
406	147
407	141
408	168
409	144
410	135
411	133
412	144
413	167
414	113
415	155
416	128
417	144
418	123
419	142
420	142
421	165
422	159
423	132
424	142
425	118
426	130
427	117
428	120
429	94
430	124
431	107
432	111
433	134
434	142
435	114
436	122
437	82
438	113
439	117
440	122
441	121
442	96
443	100
444	124
445	102
446	113
447	112
448	127
449	107
450	86
451	149
452	117
453	106
454	99
455	92
456	106
457	115
458	101
459	79
460	87
461	104
462	81
463	88
464	119
465	83
466	94
467	124
468	80
469	104
470	92
471	84
472	93
473	90
474	75
475	78
476	95
477	96
478	51
479	76
480	69
481	92
482	98
483	108
484	69
485	75
486	72
487	77
488	121
489	89
490	88
491	87
492	79
493	68
494	88
495	80
496	49
497	75
498	69
499	65
500	68
501	69
502	78
503	77
504	73
505	79
506	78
507	97
508	108
509	82
510	76
511	70
512	60
513	76
514	70
515	68
516	62
517	73
518	61
519	75
520	59
521	60
522	93
523	110
524	73
525	74
526	72
527	64
528	58
529	85
530	82
531	56
532	56
533	46
534	54
535	56
536	72
537	65
538	75
539	74
540	86
541	76
542	125
543	113
544	213
545	103
546	46
547	50
548	48
549	50
550	54
551	52
552	28
553	51
554	49
555	44
556	52
557	32
558	42
559	41
560	40
561	49
562	64
563	63
564	32
565	48
566	26
567	58
568	55
569	51
570	41
