0	0
1	0
2	0
3	0
4	0
5	0
6	0
7	0
8	0
9	0
10	0
11	0
12	3
13	3
14	7
15	3
16	8
17	9
18	5
19	8
20	5
21	4
22	5
23	18
24	9
25	15
26	14
27	32
28	21
29	19
30	28
31	20
32	27
33	26
34	24
35	41
36	39
37	34
38	41
39	32
40	42
41	34
42	46
43	43
44	48
45	35
46	41
47	59
48	50
49	37
50	50
51	40
52	33
53	46
54	36
55	63
56	52
57	53
58	64
59	37
60	53
61	73
62	60
63	50
64	43
65	56
66	53
67	62
68	64
69	70
70	67
71	63
72	57
73	80
74	75
75	92
76	68
77	90
78	87
79	83
80	110
81	104
82	120
83	153
84	122
85	140
86	121
87	130
88	154
89	164
90	161
91	173
92	164
93	144
94	147
95	170
96	168
97	170
98	207
99	175
100	194
101	219
102	203
103	191
104	235
105	203
106	196
107	261
108	236
109	220
110	240
111	256
112	239
113	261
114	248
115	241
116	275
117	203
118	248
119	254
120	257
121	233
122	258
123	275
124	316
125	282
126	268
127	281
128	259
129	272
130	296
131	222
132	220
133	258
134	242
135	218
136	271
137	306
138	284
139	315
140	300
141	290
142	300
143	260
144	264
145	241
146	187
147	211
148	175
149	174
150	163
151	167
152	172
153	207
154	178
155	147
156	159
157	179
158	160
159	169
160	210
161	179
162	178
163	179
164	183
165	190
166	191
167	192
168	173
169	182
170	183
171	154
172	168
173	150
174	166
175	203
176	179
177	174
178	174
179	167
180	155
181	183
182	172
183	180
184	129
185	178
186	174
187	151
188	179
189	140
190	184
191	166
192	114
193	135
194	154
195	143
196	145
197	124
198	133
199	150
200	156
201	142
202	129
203	150
204	120
205	130
206	135
207	160
208	155
209	124
210	150
211	124
212	135
213	139
214	120
215	136
216	151
217	142
218	134
219	128
220	129
221	127
222	129
223	145
224	116
225	119
226	111
227	145
228	138
229	143
230	100
231	120
232	119
233	114
234	112
235	125
236	140
237	139
238	115
239	116
240	128
241	134
242	118
243	135
244	103
245	115
246	122
247	103
248	123
249	140
250	129
251	124
252	146
253	141
254	130
255	114
256	126
257	119
258	116
259	159
260	132
261	128
262	143
263	152
264	128
265	141
266	152
267	128
268	134
269	175
270	177
271	118
272	152
273	139
274	130
275	155
276	94
277	110
278	142
279	141
280	125
281	132
282	109
283	137
284	145
285	134
286	133
287	129
288	158
289	144
290	153
291	145
292	150
293	166
294	168
295	162
296	147
297	165
298	169
299	155
300	136
301	130
302	146
303	139
304	137
305	151
306	128
307	147
308	137
309	162
310	161
311	143
312	130
313	147
314	142
315	126
316	142
317	145
318	134
319	152
320	151
321	129
322	141
323	162
324	160
325	151
326	151
327	149
328	119
329	130
330	113
331	123
332	138
333	148
334	147
335	150
336	129
337	150
338	137
339	144
340	153
341	118
342	128
343	118
344	121
345	142
346	122
347	106
348	129
349	118
350	118
351	139
352	98
353	138
354	129
355	123
356	137
357	131
358	139
359	111
360	145
361	134
362	140
363	148
364	133
365	134
366	131
367	139
368	120
369	142
370	108
371	129
372	119
373	143
374	132
375	122
376	121
377	123
378	115
379	115
380	128
381	117
382	127
383	106
384	117
385	134
386	140
387	137
388	128
389	113
390	121
391	126
392	116
393	128
394	112
395	108
396	98
397	104
398	109
399	121
400	149
401	144
402	132
403	127
404	131
405	148
406	126
407	118
408	139
409	127
410	104
411	119
412	118
413	136
414	96
415	130
416	104
417	120
418	104
419	117
420	115
421	138
422	109
423	110
424	120
425	104
426	106
427	103
428	104
429	81
430	109
431	98
432	95
433	112
434	127
435	85
436	107
437	74
438	102
439	108
440	104
441	108
442	86
443	88
444	108
445	91
446	98
447	95
448	104
449	91
450	74
451	111
452	106
453	92
454	88
455	84
456	90
457	90
458	90
459	72
460	80
461	86
462	69
463	77
464	93
465	74
466	79
467	101
468	72
469	86
470	83
471	74
472	75
473	76
474	70
475	66
476	79
477	78
478	48
479	57
480	64
481	75
482	85
483	84
484	60
485	56
486	62
487	68
488	82
489	75
490	74
491	79
492	68
493	60
494	74
495	73
496	46
497	69
498	64
499	62
500	61
501	61
502	55
503	70
504	60
505	65
506	62
507	78
508	81
509	71
510	72
511	60
512	53
513	67
514	60
515	47
516	53
517	61
518	50
519	59
520	55
521	50
522	59
523	78
524	64
525	50
526	60
527	49
528	53
529	66
530	61
531	43
532	47
533	40
534	46
535	47
536	59
537	50
538	52
539	51
540	58
541	54
542	62
543	46
544	46
545	57
546	43
547	46
548	40
549	44
550	42
551	45
552	27
553	46
554	43
555	41
556	48
557	30
558	40
559	37
560	38
561	42
562	49
563	41
564	29
565	35
566	25
567	42
568	35
569	43
570	37
571	25
572	18
573	35
