0	0
1	0
2	0
3	0
4	0
5	0
6	0
7	0
8	0
9	0
10	0
11	0
12	0
13	5
14	17
15	37
16	59
17	63
18	32
19	36
20	41
21	53
22	69
23	65
24	81
25	100
26	105
27	151
28	187
29	233
30	249
31	323
32	349
33	401
34	468
35	528
36	651
37	739
38	806
39	985
40	1029
41	1240
42	1293
43	1413
44	1635
45	1663
46	1797
47	2003
48	2201
49	2351
50	2351
51	2603
52	2615
53	2711
54	2798
55	2943
56	3153
57	3088
58	3146
59	3179
60	3377
61	3500
62	3400
63	3638
64	3718
65	3739
66	3923
67	4041
68	4108
69	4360
70	4450
71	4481
72	4501
73	4848
74	4950
75	5119
76	5261
77	5452
78	5582
79	5728
80	5776
81	6116
82	6145
83	6625
84	6434
85	6746
86	6546
87	6721
88	6928
89	7534
90	9186
91	7950
92	7854
93	7681
94	7797
95	8050
96	8174
97	8212
98	8621
99	8607
100	9013
101	9214
102	9366
103	9337
104	9648
105	9434
106	9863
107	10306
108	10041
109	10115
110	10456
111	10391
112	10628
113	10666
114	10881
115	11118
116	11242
117	11265
118	11591
119	11610
120	11708
121	11851
122	11991
123	11808
124	12030
125	12040
126	12256
127	12151
128	12373
129	12062
130	12672
131	12368
132	12449
133	12468
134	12297
135	12433
136	12367
137	12245
138	12437
139	12336
140	12486
141	12032
142	12446
143	12159
144	12020
145	10319
146	10622
147	12704
148	13061
149	13629
150	13658
151	13711
152	13785
153	13665
154	13683
155	13836
156	13669
157	13601
158	13557
159	13364
160	13461
161	13310
162	13244
163	13214
164	12945
165	13145
166	13226
167	13009
168	12772
169	12845
170	12673
171	12642
172	12384
173	12621
174	12095
175	12212
176	12060
177	11848
178	11824
179	11967
180	11582
181	11987
182	11730
183	11494
184	11490
185	11378
186	11203
187	11079
188	10998
189	10984
190	10963
191	11054
192	10526
193	10545
194	10600
195	10289
196	10469
197	10319
198	10098
199	10014
200	9979
201	9895
202	9953
203	9947
204	9683
205	9624
206	9625
207	9379
208	9191
209	9307
210	8925
211	8937
212	8725
213	8756
214	8708
215	8631
216	8645
217	8574
218	8450
219	8405
220	8131
221	8116
222	7989
223	8030
224	7908
225	8128
226	7735
227	7730
228	7820
229	7638
230	7432
231	7318
232	7376
233	7054
234	7317
235	7223
236	7136
237	7101
238	7039
239	7044
240	6949
241	6768
242	6757
243	6485
244	6583
245	6387
246	6587
247	6524
248	6594
249	6342
250	6361
251	6255
252	6156
253	6153
254	6070
255	6004
256	5969
257	5816
258	5861
259	5936
260	5738
261	5770
262	5718
263	5485
264	5564
265	5567
266	5534
267	5512
268	5179
269	5296
270	5088
271	4840
272	5103
273	4757
274	5137
275	4835
276	4934
277	4923
278	4904
279	4789
280	4664
281	4633
282	4704
283	4444
284	4550
285	4461
286	4323
287	4228
288	4319
289	4389
290	4307
291	4305
292	4263
293	4194
294	4225
295	4030
296	3896
297	3998
298	3800
299	3925
300	3855
301	3832
302	3716
303	3884
304	3834
305	3787
306	3533
307	3579
308	3641
309	3714
310	3605
311	3551
312	3530
313	3487
314	3443
315	3465
316	3279
317	3354
318	3339
319	3482
320	3323
321	3210
322	3196
323	3286
324	3024
325	3073
326	3216
327	2956
328	3026
329	2936
330	2958
331	2948
332	2968
333	2869
334	2843
335	2853
336	2858
337	2755
338	2830
339	2710
340	2703
341	2642
342	2629
343	2533
344	2679
345	2626
346	2628
347	2639
348	2714
349	2305
350	2519
351	2544
352	2422
353	2420
354	2414
355	2386
356	2371
357	2220
358	2286
359	2349
360	2342
361	2318
362	2190
363	2244
364	2173
365	2233
366	2143
367	2221
368	2237
369	2263
370	2212
371	2185
372	2126
373	2156
374	2091
375	1982
376	1979
377	2105
378	2165
379	2100
380	1990
381	1974
382	1852
383	1905
384	1997
385	1941
386	1967
387	1860
388	1911
389	1792
390	1734
391	1805
392	1837
393	1819
394	1766
395	1820
396	1716
397	1725
398	1699
399	1663
400	1690
401	1645
402	1567
403	1582
404	1686
405	1668
406	1623
407	1640
408	1717
409	1505
410	1540
411	1580
412	1583
413	1580
414	1573
415	1482
416	1515
417	1346
418	1393
419	1434
420	1488
421	1424
422	1391
423	1510
424	1405
425	1401
426	1392
427	1385
428	1358
429	1394
430	1391
431	1338
432	1262
433	1331
434	1257
435	1253
436	1311
437	1248
438	1291
439	1191
440	1231
441	1235
442	1290
443	1188
444	1259
445	1292
446	1247
447	1243
448	1167
449	1200
450	1178
451	1167
452	1193
453	1228
454	1139
455	1221
456	1167
457	1177
458	1173
459	1148
460	1135
461	1130
462	1157
463	1120
464	1130
465	1166
466	1062
467	1122
468	1069
469	1126
470	1027
471	1007
472	1001
473	1040
474	1084
475	1119
476	1055
477	1047
478	1025
479	1067
480	1060
481	1002
482	1015
483	918
484	998
485	1006
486	1051
487	1067
488	1042
489	982
490	929
491	973
492	922
493	1073
494	976
495	965
496	1014
497	927
498	959
499	1038
500	1042
501	1035
502	1025
503	1008
504	1058
505	1007
506	1005
507	961
508	972
509	985
510	898
511	935
512	922
513	916
514	1017
515	995
516	943
517	1013
518	943
519	1045
520	964
521	956
522	879
523	939
524	886
525	889
526	893
527	1032
528	962
529	921
530	915
531	921
532	956
533	932
534	975
535	909
536	892
537	845
538	844
539	825
540	927
541	882
542	929
543	870
544	847
545	817
546	852
547	893
548	867
549	840
550	781
551	870
552	838
553	829
554	905
555	819
556	871
557	853
558	878
559	851
560	817
561	823
562	820
563	792
564	775
565	804
566	724
567	758
568	833
569	736
570	806
571	790
572	829
573	805
574	706
575	783
576	807
577	853
578	787
579	791
580	784
581	798
582	815
583	752
584	796
585	759
586	752
587	749
588	756
589	825
590	811
591	801
592	768
593	744
594	785
595	696
596	715
597	691
598	738
599	751
600	772
601	773
602	778
603	721
604	719
605	741
606	706
607	718
608	734
609	697
610	731
611	775
612	728
613	753
614	693
615	700
616	636
617	698
618	744
619	750
620	681
621	724
622	727
623	751
624	704
625	724
626	699
627	681
628	753
629	622
630	728
631	729
632	743
633	732
634	675
635	687
636	712
637	702
638	706
639	738
640	704
641	710
642	724
643	729
644	750
645	785
646	690
647	740
648	710
649	735
650	673
651	769
652	720
653	728
654	730
655	705
656	685
657	654
658	620
659	667
660	666
661	672
662	689
663	652
664	707
665	691
666	686
667	686
668	706
669	677
670	687
671	646
672	681
673	703
674	693
675	732
676	731
677	692
678	689
679	706
680	692
681	727
682	674
683	719
684	670
685	634
686	652
687	658
688	687
689	669
690	696
691	687
692	667
693	691
694	694
695	650
696	688
697	724
698	652
699	740
700	709
701	707
702	716
703	691
704	705
705	780
706	795
707	734
708	788
709	729
710	739
711	710
712	718
713	706
714	658
715	669
716	625
717	682
718	679
719	696
720	675
721	735
722	713
723	638
724	688
725	684
726	614
727	650
728	701
729	591
730	672
731	687
732	639
733	647
734	635
735	639
736	700
737	624
738	612
739	687
740	645
741	618
742	668
743	656
744	606
745	583
746	617
747	606
748	616
749	569
750	552
751	553
752	555
753	589
754	610
755	571
756	550
757	591
758	614
759	546
760	627
761	549
762	514
763	607
764	573
765	588
766	562
767	582
768	571
769	617
770	612
771	576
772	603
773	568
774	553
775	566
776	632
777	595
778	607
779	578
780	573
781	560
782	516
783	528
784	598
785	638
786	631
787	543
788	569
789	596
790	615
791	580
792	564
793	642
794	582
795	566
796	579
797	554
798	530
799	614
800	581
801	553
802	622
803	574
804	598
805	620
806	562
807	565
808	554
809	562
810	568
811	605
812	585
813	525
814	493
815	555
816	537
817	580
818	548
819	553
820	507
821	583
822	547
823	582
824	530
825	541
826	518
827	595
828	510
829	612
830	452
831	543
832	541
833	606
834	558
835	560
836	535
837	549
838	492
839	511
840	529
841	520
842	545
843	555
844	588
845	551
846	587
847	541
848	562
849	611
850	490
851	479
852	576
853	551
854	575
855	603
856	523
857	519
858	523
859	543
860	528
861	578
862	563
863	561
864	557
865	594
866	482
867	565
868	530
869	580
870	528
871	582
872	536
873	558
874	552
875	573
876	572
877	503
878	539
879	529
880	622
881	557
882	493
883	544
884	496
885	506
886	544
887	544
888	527
889	545
890	573
891	567
892	572
893	514
894	501
895	492
896	531
897	489
898	554
899	530
900	502
901	537
902	532
903	487
904	538
905	552
906	502
907	546
908	516
909	456
910	537
911	566
912	495
913	513
914	522
915	455
916	548
917	518
918	517
919	537
920	534
921	536
922	498
923	540
924	456
925	500
926	471
927	505
928	554
929	474
930	539
931	502
932	500
933	523
934	472
935	518
936	512
937	506
938	510
939	489
940	542
941	500
942	454
943	483
944	492
945	533
946	533
947	525
948	504
949	534
950	470
951	470
952	465
953	527
954	538
955	524
956	533
957	473
958	552
959	516
960	544
961	555
962	492
963	481
964	543
965	551
966	513
967	569
968	475
969	448
970	493
971	490
972	484
973	557
974	462
975	547
976	491
977	501
978	514
979	488
980	507
981	503
982	537
983	480
984	455
985	444
986	449
987	476
988	478
989	428
990	441
991	500
992	489
993	478
994	418
995	521
996	462
997	470
998	484
999	544
1000	492
1001	471
1002	529
1003	530
1004	496
1005	451
1006	499
1007	483
1008	521
1009	493
1010	488
1011	516
1012	441
1013	488
1014	561
1015	493
1016	473
1017	506
1018	510
1019	482
1020	465
1021	465
1022	499
1023	475
1024	452
1025	467
1026	454
1027	450
1028	493
1029	468
1030	523
1031	493
1032	475
1033	482
1034	486
1035	464
1036	490
1037	480
1038	411
1039	400
1040	416
1041	482
1042	508
1043	424
1044	417
1045	448
1046	443
1047	432
1048	433
1049	449
1050	396
1051	414
1052	453
1053	456
1054	446
1055	418
1056	420
1057	434
1058	403
1059	412
1060	367
1061	461
1062	486
1063	463
1064	479
1065	462
1066	441
1067	455
1068	449
1069	472
1070	420
1071	446
1072	399
1073	409
1074	405
1075	422
1076	384
1077	410
1078	409
1079	415
1080	429
1081	454
1082	476
1083	388
1084	413
1085	403
1086	428
1087	382
1088	404
1089	427
1090	413
1091	447
1092	408
1093	411
1094	488
1095	453
1096	427
1097	472
1098	430
1099	434
1100	419
1101	503
1102	482
1103	502
1104	455
1105	458
1106	416
1107	425
1108	465
1109	430
1110	469
1111	431
1112	465
1113	435
1114	440
1115	501
1116	450
1117	483
1118	465
1119	452
1120	434
1121	416
1122	441
1123	415
1124	436
1125	468
1126	459
1127	445
1128	397
1129	397
1130	491
1131	457
1132	476
1133	445
1134	420
1135	416
1136	421
1137	424
1138	421
1139	426
1140	424
1141	391
1142	452
1143	415
1144	440
1145	437
1146	450
1147	383
1148	458
1149	490
1150	448
1151	443
1152	493
1153	450
1154	470
1155	446
1156	439
1157	442
1158	463
1159	439
1160	460
1161	450
1162	449
1163	414
1164	385
1165	379
1166	371
1167	423
1168	411
1169	483
1170	520
1171	449
1172	432
1173	494
1174	415
1175	440
1176	458
1177	425
1178	459
1179	434
1180	484
1181	478
1182	421
1183	445
1184	462
1185	424
1186	442
1187	414
1188	451
1189	429
1190	399
1191	467
1192	394
1193	398
1194	474
1195	431
1196	398
1197	335
1198	435
1199	439
1200	443
1201	472
1202	451
1203	426
1204	404
1205	442
1206	472
1207	409
1208	369
1209	447
1210	397
1211	403
1212	366
1213	431
1214	458
1215	364
1216	385
1217	424
1218	397
1219	365
1220	373
1221	380
1222	395
1223	417
1224	416
1225	462
1226	412
1227	416
1228	437
1229	410
1230	411
1231	384
1232	379
1233	398
1234	422
1235	421
1236	414
1237	423
1238	379
1239	376
1240	416
1241	405
1242	404
1243	426
1244	455
1245	421
1246	423
1247	458
1248	436
1249	479
1250	490
1251	405
1252	418
1253	418
1254	415
1255	426
1256	422
1257	437
1258	482
1259	405
1260	398
1261	449
1262	440
1263	377
1264	458
1265	419
1266	359
1267	434
1268	418
1269	447
1270	417
1271	397
1272	437
1273	417
1274	373
1275	420
1276	405
1277	432
1278	418
1279	424
1280	384
1281	444
1282	360
1283	454
1284	434
1285	380
1286	430
1287	370
1288	436
1289	443
1290	425
1291	407
1292	381
1293	369
1294	373
1295	386
1296	419
1297	376
1298	432
1299	412
1300	415
1301	384
1302	433
1303	421
1304	412
1305	395
1306	379
1307	415
1308	374
1309	374
1310	404
1311	423
1312	351
1313	333
1314	358
1315	390
1316	405
1317	355
1318	398
1319	376
1320	378
1321	381
1322	420
1323	412
1324	376
1325	395
1326	350
1327	354
1328	353
1329	352
1330	361
1331	352
1332	344
1333	399
1334	401
1335	361
1336	388
1337	414
1338	407
1339	366
1340	388
1341	382
1342	388
1343	337
1344	378
1345	319
1346	342
1347	382
1348	355
1349	337
1350	361
1351	372
1352	363
1353	352
1354	390
1355	385
1356	388
1357	388
1358	379
1359	350
1360	385
1361	372
1362	373
1363	372
1364	305
1365	320
1366	371
1367	358
1368	393
1369	377
1370	402
1371	346
1372	398
1373	380
1374	371
1375	368
1376	405
1377	324
1378	359
1379	353
1380	404
1381	370
1382	349
1383	387
1384	375
1385	339
1386	387
1387	399
1388	355
1389	364
1390	348
1391	360
1392	408
1393	428
1394	389
1395	342
1396	340
1397	380
1398	398
1399	361
1400	376
1401	373
1402	353
1403	393
1404	362
1405	418
1406	346
1407	387
1408	384
1409	400
1410	368
1411	352
1412	390
1413	374
1414	400
1415	391
1416	422
1417	373
1418	408
1419	415
1420	432
1421	322
1422	359
1423	345
1424	379
1425	376
1426	404
1427	365
1428	367
1429	384
1430	335
1431	308
1432	291
1433	356
1434	345
1435	329
1436	343
1437	410
1438	360
1439	347
1440	379
1441	382
1442	314
1443	305
1444	317
1445	311
1446	387
1447	422
1448	380
1449	327
1450	333
1451	343
1452	373
1453	359
1454	320
1455	325
1456	338
1457	311
1458	366
1459	331
1460	377
1461	350
1462	377
1463	358
1464	356
1465	394
1466	389
1467	300
1468	347
1469	371
1470	352
1471	362
1472	345
1473	403
1474	371
1475	327
1476	352
1477	352
1478	384
1479	371
1480	342
1481	340
1482	410
1483	314
1484	338
1485	337
1486	321
1487	393
1488	377
1489	371
1490	366
1491	300
1492	360
1493	332
1494	354
1495	357
1496	364
1497	379
1498	377
1499	345
1500	355
1501	363
1502	355
1503	381
1504	361
1505	429
1506	415
1507	374
1508	353
1509	400
1510	376
1511	389
1512	400
1513	375
1514	384
1515	363
1516	372
1517	358
1518	351
1519	391
1520	326
1521	380
1522	418
1523	372
1524	386
1525	357
1526	356
1527	388
1528	356
1529	382
1530	417
1531	332
1532	399
1533	436
1534	369
1535	412
1536	408
1537	354
1538	343
1539	386
1540	395
1541	389
1542	384
1543	374
1544	355
1545	375
1546	344
1547	376
1548	411
1549	384
1550	377
1551	348
1552	340
1553	340
1554	387
1555	361
1556	377
1557	399
1558	384
1559	364
1560	386
1561	363
1562	371
1563	345
1564	356
1565	354
1566	398
1567	410
1568	384
1569	404
1570	391
1571	406
1572	393
1573	348
1574	397
1575	357
1576	391
1577	362
1578	380
1579	364
1580	378
1581	382
1582	367
1583	370
1584	428
1585	389
1586	375
1587	339
1588	395
1589	355
1590	441
1591	369
1592	386
1593	339
1594	337
1595	403
1596	352
1597	401
1598	411
1599	364
1600	396
1601	385
1602	394
1603	384
1604	367
1605	368
1606	409
1607	321
1608	366
1609	390
1610	351
1611	354
1612	344
1613	377
1614	360
1615	350
1616	346
1617	352
1618	351
1619	314
1620	363
1621	380
1622	348
1623	319
1624	321
1625	332
1626	373
1627	348
1628	369
1629	326
1630	322
1631	393
1632	321
1633	347
1634	347
1635	344
1636	338
1637	351
1638	349
1639	366
1640	366
1641	354
1642	349
1643	333
1644	327
1645	372
1646	380
1647	339
1648	320
1649	340
1650	329
1651	342
1652	349
1653	326
1654	357
1655	335
1656	302
1657	343
1658	300
1659	358
1660	328
1661	337
1662	377
1663	354
1664	368
1665	337
1666	319
1667	312
1668	353
1669	343
1670	312
1671	346
1672	362
1673	365
1674	352
1675	383
1676	364
1677	338
1678	338
1679	326
1680	314
1681	322
1682	382
1683	353
1684	346
1685	390
1686	318
1687	387
1688	359
1689	373
1690	337
1691	413
1692	394
1693	359
1694	360
1695	313
1696	325
1697	339
1698	335
1699	343
1700	367
1701	290
1702	387
1703	316
1704	358
1705	334
1706	339
1707	302
1708	348
1709	354
1710	341
1711	356
1712	351
1713	349
1714	345
1715	348
1716	370
1717	321
1718	316
1719	309
1720	310
1721	344
1722	356
1723	324
1724	327
1725	308
1726	333
1727	362
1728	373
1729	381
1730	363
1731	393
1732	360
1733	375
1734	345
1735	342
1736	394
1737	359
1738	342
1739	352
1740	327
1741	364
1742	307
1743	381
1744	349
1745	325
1746	344
1747	355
1748	303
1749	330
1750	357
1751	326
1752	374
1753	296
1754	298
1755	278
1756	306
1757	286
1758	310
1759	293
1760	315
1761	265
1762	328
1763	353
1764	323
1765	330
1766	317
1767	312
1768	305
1769	286
1770	293
1771	266
1772	282
1773	304
1774	325
1775	306
1776	331
1777	305
1778	312
1779	329
1780	347
1781	296
1782	283
1783	321
1784	318
1785	307
1786	339
1787	282
1788	294
1789	292
1790	285
1791	311
1792	313
1793	305
1794	302
1795	343
1796	302
1797	262
1798	299
1799	333
1800	294
1801	268
1802	300
1803	270
1804	272
1805	287
1806	327
1807	305
1808	314
1809	293
1810	277
1811	325
1812	342
1813	291
1814	245
1815	274
1816	330
1817	273
1818	303
1819	310
1820	294
1821	243
1822	260
1823	258
1824	289
1825	322
1826	259
1827	333
1828	273
1829	269
1830	320
1831	315
1832	292
1833	291
1834	290
1835	307
1836	252
1837	296
1838	309
1839	312
1840	314
1841	281
1842	279
1843	272
1844	298
1845	332
1846	255
1847	312
1848	323
1849	272
1850	299
1851	241
1852	266
1853	289
1854	263
1855	333
1856	304
1857	286
1858	272
1859	270
1860	240
1861	285
1862	257
1863	249
1864	286
1865	279
1866	280
1867	286
1868	282
1869	303
1870	272
1871	332
1872	311
1873	222
1874	292
1875	320
1876	268
1877	263
1878	301
1879	267
1880	276
1881	250
1882	281
1883	293
1884	262
1885	264
1886	315
1887	311
1888	277
1889	315
1890	310
1891	250
1892	273
1893	292
1894	263
1895	271
1896	249
1897	274
1898	262
1899	272
1900	330
1901	253
1902	266
1903	249
1904	273
1905	294
1906	257
1907	303
1908	283
1909	266
1910	286
1911	265
1912	253
1913	282
1914	278
1915	305
1916	280
1917	314
1918	255
1919	243
1920	292
1921	288
1922	255
1923	269
1924	280
1925	266
1926	259
1927	322
1928	259
1929	291
1930	284
1931	248
1932	255
1933	282
1934	253
1935	258
1936	283
1937	286
1938	262
1939	260
1940	283
1941	245
1942	256
1943	293
1944	273
1945	266
1946	233
1947	297
1948	287
1949	249
1950	269
1951	294
1952	265
1953	296
1954	281
1955	290
1956	299
1957	297
1958	269
1959	255
1960	289
1961	269
1962	276
1963	306
1964	276
1965	249
1966	270
1967	310
1968	308
1969	303
1970	307
1971	270
1972	306
1973	290
1974	249
1975	256
1976	297
1977	274
1978	307
1979	350
1980	287
1981	252
1982	271
1983	297
1984	312
1985	311
1986	333
1987	308
1988	299
1989	286
1990	310
1991	327
1992	287
1993	293
1994	275
1995	315
1996	298
1997	282
1998	301
1999	289
2000	325
2001	291
2002	257
2003	256
2004	292
2005	333
2006	312
2007	280
2008	296
2009	313
2010	288
2011	300
2012	308
2013	346
2014	304
2015	291
2016	272
2017	273
2018	279
2019	281
2020	292
2021	284
2022	314
2023	325
2024	302
2025	248
2026	281
2027	295
2028	315
2029	275
2030	274
2031	357
2032	322
2033	293
2034	278
2035	291
2036	324
2037	284
2038	292
2039	317
2040	311
2041	317
2042	300
2043	340
2044	316
2045	258
2046	257
2047	320
2048	284
2049	305
2050	295
2051	273
2052	268
2053	291
2054	305
2055	284
2056	308
2057	305
2058	327
2059	294
2060	280
2061	296
2062	314
2063	298
2064	335
2065	298
2066	292
2067	306
2068	289
2069	247
2070	280
2071	272
2072	306
2073	289
2074	269
2075	276
2076	293
2077	265
2078	265
2079	285
2080	272
2081	262
2082	312
2083	284
2084	242
2085	261
2086	270
2087	283
2088	281
2089	261
2090	284
2091	251
2092	236
2093	266
2094	281
2095	283
2096	282
2097	277
2098	322
2099	262
2100	253
2101	304
2102	260
2103	258
2104	267
2105	243
2106	285
2107	296
2108	276
2109	269
2110	251
2111	305
2112	281
2113	257
2114	255
2115	297
2116	322
2117	324
2118	302
2119	316
2120	246
2121	269
2122	279
2123	252
2124	245
2125	259
2126	281
2127	263
2128	256
2129	238
2130	278
2131	270
2132	285
2133	243
2134	251
2135	259
2136	288
2137	272
2138	294
2139	235
2140	245
2141	242
2142	253
2143	237
2144	235
2145	271
2146	253
2147	277
2148	249
2149	256
2150	216
2151	234
2152	263
2153	249
2154	250
2155	241
2156	221
2157	257
2158	252
2159	249
2160	264
2161	236
2162	238
2163	246
2164	222
2165	213
2166	233
2167	232
2168	261
2169	270
2170	273
2171	242
2172	246
2173	230
2174	251
2175	202
2176	235
2177	225
2178	247
2179	206
2180	252
2181	205
2182	255
2183	220
2184	261
2185	237
2186	239
2187	245
2188	267
2189	239
2190	301
2191	272
2192	283
2193	284
2194	248
2195	261
2196	238
2197	218
2198	240
2199	264
2200	245
2201	231
2202	236
2203	268
2204	269
2205	277
2206	265
2207	221
2208	239
2209	267
2210	260
2211	261
2212	245
2213	268
2214	226
2215	234
2216	250
2217	262
2218	231
2219	265
2220	282
2221	295
2222	290
2223	273
2224	235
2225	310
2226	326
2227	279
2228	284
2229	278
2230	288
2231	281
2232	211
2233	265
2234	284
2235	326
2236	288
2237	298
2238	250
2239	302
2240	283
2241	284
2242	296
2243	293
2244	279
2245	285
2246	317
2247	285
2248	287
2249	296
2250	286
2251	303
2252	254
2253	242
2254	278
2255	298
2256	311
2257	283
2258	291
2259	261
2260	304
2261	284
2262	269
2263	282
2264	289
2265	311
2266	314
2267	282
2268	303
2269	342
2270	309
2271	284
2272	290
2273	299
2274	316
2275	258
2276	293
2277	317
2278	277
2279	266
2280	280
2281	286
2282	289
2283	272
2284	254
2285	265
2286	249
2287	316
2288	271
2289	257
2290	289
2291	286
2292	233
2293	273
2294	244
2295	278
2296	271
2297	262
2298	301
2299	260
2300	278
2301	265
2302	303
2303	286
2304	250
2305	291
2306	279
2307	270
2308	261
2309	278
2310	259
2311	282
2312	285
2313	249
2314	264
2315	244
2316	254
2317	268
2318	282
2319	251
2320	257
2321	292
2322	277
2323	250
2324	273
2325	285
2326	258
2327	250
2328	254
2329	272
2330	251
2331	327
2332	226
2333	259
2334	300
2335	247
2336	241
2337	276
2338	284
2339	214
2340	284
2341	269
2342	246
2343	244
2344	221
2345	226
2346	258
2347	211
2348	261
2349	264
2350	244
2351	216
2352	252
2353	274
2354	219
2355	230
2356	306
2357	295
2358	236
2359	240
2360	236
2361	229
2362	265
2363	254
2364	261
2365	277
2366	283
2367	277
2368	258
2369	253
2370	253
2371	276
2372	250
2373	258
2374	238
2375	246
2376	243
2377	187
2378	254
2379	255
2380	253
2381	234
2382	226
2383	216
2384	248
2385	240
2386	262
2387	244
2388	238
2389	228
2390	256
2391	223
2392	251
2393	263
2394	248
2395	218
2396	264
2397	251
2398	282
2399	256
2400	213
2401	249
2402	288
2403	223
2404	227
2405	233
2406	238
2407	219
2408	200
2409	254
2410	227
2411	214
2412	234
2413	264
2414	253
2415	240
2416	244
2417	241
2418	235
2419	222
2420	197
2421	199
2422	245
2423	216
2424	238
2425	213
2426	218
2427	270
2428	244
2429	256
2430	265
2431	263
2432	274
2433	241
2434	256
2435	261
2436	243
2437	247
2438	238
2439	280
2440	268
2441	234
2442	260
2443	231
2444	243
2445	257
2446	259
2447	234
2448	233
2449	215
2450	218
2451	228
2452	247
2453	256
2454	232
2455	288
2456	266
2457	247
2458	214
2459	231
2460	245
2461	246
2462	257
2463	301
2464	261
2465	221
2466	204
2467	246
2468	235
2469	236
2470	234
2471	229
2472	257
2473	254
2474	245
2475	230
2476	244
2477	187
2478	231
2479	201
2480	214
2481	233
2482	204
2483	234
2484	272
2485	210
2486	211
2487	279
2488	249
2489	240
2490	239
2491	222
2492	237
2493	251
2494	235
2495	222
2496	218
2497	240
2498	208
2499	174
2500	187
2501	234
2502	214
2503	236
2504	225
2505	233
2506	251
2507	227
2508	238
2509	233
2510	204
2511	203
2512	236
2513	222
2514	238
2515	231
2516	224
2517	196
2518	219
2519	218
2520	261
2521	220
2522	224
2523	192
2524	215
2525	200
2526	230
2527	253
2528	199
2529	205
2530	222
2531	215
2532	232
2533	222
2534	223
2535	229
2536	202
2537	215
2538	209
2539	206
2540	220
2541	206
2542	208
2543	194
2544	228
2545	216
2546	205
2547	192
2548	235
2549	204
2550	199
2551	243
2552	210
2553	217
2554	215
2555	205
2556	240
2557	222
2558	212
2559	190
2560	173
2561	178
2562	221
2563	181
2564	211
2565	205
2566	181
2567	137
2568	196
2569	178
2570	169
2571	208
2572	195
2573	195
2574	204
2575	174
2576	235
2577	200
2578	212
2579	218
2580	231
2581	249
2582	224
2583	228
2584	195
2585	203
2586	194
2587	201
2588	185
2589	208
2590	203
2591	193
2592	189
2593	185
2594	186
2595	214
2596	207
2597	186
2598	170
2599	186
2600	213
2601	189
2602	218
2603	221
2604	226
2605	198
2606	208
2607	204
2608	192
2609	182
2610	191
2611	175
2612	202
2613	221
2614	162
2615	201
2616	209
2617	220
2618	203
2619	198
2620	173
2621	232
2622	193
2623	191
2624	189
2625	175
2626	197
2627	201
2628	214
2629	236
2630	214
2631	179
2632	209
2633	222
2634	204
2635	208
2636	184
2637	221
2638	205
2639	238
2640	237
2641	228
2642	223
2643	224
2644	179
2645	191
2646	166
2647	211
2648	195
2649	223
2650	195
2651	189
2652	193
2653	201
2654	205
2655	245
2656	202
2657	206
2658	200
2659	198
2660	250
2661	206
2662	244
2663	240
2664	206
2665	193
2666	243
2667	185
2668	171
2669	168
2670	216
2671	202
2672	236
2673	224
2674	232
2675	217
2676	223
2677	190
2678	172
2679	190
2680	176
2681	228
2682	225
2683	189
2684	202
2685	197
2686	225
2687	207
2688	219
2689	231
2690	218
2691	199
2692	204
2693	239
2694	206
2695	214
2696	245
2697	206
2698	210
2699	236
2700	226
2701	207
2702	224
2703	210
2704	226
2705	214
2706	202
2707	190
2708	191
2709	190
2710	222
2711	187
2712	232
2713	250
2714	250
2715	200
2716	202
2717	195
2718	213
2719	274
2720	218
2721	177
2722	177
2723	187
2724	201
2725	236
2726	231
2727	213
2728	164
2729	230
2730	215
2731	195
2732	174
2733	203
2734	192
2735	179
2736	174
2737	189
2738	186
2739	209
2740	200
2741	212
2742	212
2743	151
2744	180
2745	224
2746	204
2747	157
2748	186
2749	231
2750	218
2751	167
2752	206
2753	232
2754	173
2755	194
2756	195
2757	170
2758	192
2759	185
2760	196
2761	215
2762	183
2763	219
2764	231
2765	214
2766	242
2767	191
2768	233
2769	199
2770	195
2771	210
2772	231
2773	230
2774	215
2775	231
2776	191
2777	230
2778	184
2779	189
2780	210
2781	207
2782	196
2783	169
2784	230
2785	199
2786	192
2787	194
2788	212
2789	223
2790	187
2791	226
2792	161
2793	204
2794	213
2795	178
2796	203
2797	218
2798	204
2799	194
2800	218
2801	230
2802	214
2803	172
2804	230
2805	233
2806	211
2807	206
2808	215
2809	205
2810	177
2811	223
2812	198
2813	184
2814	183
2815	192
2816	235
2817	191
2818	213
2819	167
2820	187
2821	228
2822	206
2823	187
2824	205
2825	191
2826	163
2827	207
2828	198
2829	187
2830	205
2831	187
2832	179
2833	174
2834	178
2835	211
2836	192
2837	215
2838	167
2839	174
2840	175
2841	155
2842	176
2843	190
2844	218
2845	194
2846	191
2847	185
2848	181
2849	154
2850	178
2851	194
2852	154
2853	203
2854	194
2855	185
2856	211
2857	185
2858	193
2859	232
2860	187
2861	201
2862	164
2863	202
2864	213
2865	170
2866	160
2867	166
2868	191
2869	196
2870	183
2871	198
2872	169
2873	188
2874	180
2875	167
2876	150
2877	163
2878	149
2879	165
2880	159
2881	158
2882	149
2883	190
2884	184
2885	153
2886	180
2887	218
2888	169
2889	212
2890	183
2891	165
2892	180
2893	185
2894	190
2895	181
2896	173
2897	145
2898	193
2899	177
2900	164
2901	154
2902	190
2903	163
2904	162
2905	172
2906	180
2907	161
2908	157
2909	190
2910	180
2911	171
2912	184
2913	179
2914	157
2915	159
2916	178
2917	160
2918	141
2919	168
2920	150
2921	155
2922	149
2923	155
2924	161
2925	162
2926	185
2927	165
2928	157
2929	144
2930	173
2931	143
2932	135
2933	162
2934	125
2935	140
2936	159
2937	185
2938	178
2939	160
2940	165
2941	152
2942	185
2943	159
2944	152
2945	191
2946	157
2947	202
2948	163
2949	142
2950	159
2951	159
2952	164
2953	174
2954	178
2955	172
2956	148
2957	166
2958	166
2959	189
2960	177
2961	181
2962	159
2963	149
2964	161
2965	151
2966	114
2967	172
2968	128
2969	168
2970	146
2971	155
2972	152
2973	160
2974	194
2975	156
2976	179
2977	151
2978	206
2979	164
2980	122
2981	173
2982	159
2983	183
2984	170
2985	140
2986	136
2987	159
2988	185
2989	155
2990	168
2991	176
2992	156
2993	166
2994	189
2995	199
2996	183
2997	184
2998	188
2999	153
3000	170
3001	140
3002	198
3003	148
3004	154
3005	161
3006	188
3007	167
3008	186
3009	189
3010	184
3011	195
3012	197
3013	166
3014	207
3015	185
3016	171
3017	213
3018	161
3019	170
3020	179
3021	174
3022	163
3023	183
3024	198
3025	172
3026	166
3027	195
3028	180
3029	156
3030	155
3031	209
3032	160
3033	181
3034	143
3035	155
3036	164
3037	206
3038	174
3039	194
3040	176
3041	164
3042	182
3043	150
3044	183
3045	205
3046	168
3047	222
3048	179
3049	200
3050	192
3051	214
3052	171
3053	191
3054	176
3055	185
3056	202
3057	159
3058	197
3059	171
3060	166
3061	164
3062	166
3063	207
3064	177
3065	183
3066	186
3067	197
3068	194
3069	180
3070	173
3071	176
3072	194
3073	193
3074	185
3075	200
3076	224
3077	195
3078	179
3079	179
3080	176
3081	169
3082	174
3083	162
3084	204
3085	180
3086	191
3087	168
3088	183
3089	176
3090	160
3091	179
3092	150
3093	171
3094	161
3095	171
3096	161
3097	168
3098	154
3099	173
3100	160
3101	158
3102	148
3103	188
3104	173
3105	200
3106	182
3107	161
3108	179
3109	181
3110	172
3111	192
3112	155
3113	205
3114	195
3115	187
3116	156
3117	140
3118	147
3119	162
3120	141
3121	150
3122	198
3123	189
3124	147
3125	159
3126	149
3127	153
3128	144
3129	151
3130	156
3131	160
3132	161
3133	164
3134	161
3135	140
3136	153
3137	116
3138	157
3139	166
3140	165
3141	182
3142	168
3143	151
3144	150
3145	154
3146	140
3147	181
3148	160
3149	186
3150	200
3151	176
3152	184
3153	195
3154	176
3155	178
3156	146
3157	199
3158	182
3159	160
3160	189
3161	143
3162	131
3163	185
3164	178
3165	174
3166	184
3167	184
3168	174
3169	188
3170	168
3171	153
3172	186
3173	155
3174	191
3175	152
3176	165
3177	183
3178	205
3179	180
3180	168
3181	167
3182	181
3183	182
3184	159
3185	179
3186	169
3187	189
3188	194
3189	186
3190	164
3191	188
3192	189
3193	206
3194	195
3195	163
3196	195
3197	167
3198	188
3199	193
3200	170
3201	204
3202	229
3203	187
3204	175
3205	168
3206	184
3207	192
3208	165
3209	200
3210	174
3211	176
3212	197
3213	183
3214	174
3215	179
3216	174
3217	197
3218	174
3219	215
3220	191
3221	194
3222	205
3223	212
3224	200
3225	161
3226	194
3227	189
3228	167
3229	149
3230	187
3231	173
3232	194
3233	225
3234	166
3235	165
3236	183
3237	172
3238	169
3239	189
3240	161
3241	166
3242	202
3243	181
3244	208
3245	182
3246	217
3247	188
3248	151
3249	156
3250	181
3251	176
3252	188
3253	177
3254	195
3255	223
3256	192
3257	191
3258	199
3259	199
3260	187
3261	197
3262	199
3263	167
3264	165
3265	214
3266	125
3267	175
3268	170
3269	199
3270	171
3271	169
3272	189
3273	195
3274	163
3275	155
3276	207
3277	214
3278	223
3279	208
3280	193
3281	186
3282	245
3283	218
3284	207
3285	216
3286	206
3287	185
3288	221
3289	210
3290	195
3291	230
3292	204
3293	173
3294	183
3295	192
3296	208
3297	189
3298	197
3299	177
3300	168
3301	183
3302	194
3303	207
3304	200
3305	163
3306	217
3307	182
3308	171
3309	156
3310	185
3311	204
3312	177
3313	166
3314	181
3315	216
3316	188
3317	168
3318	174
3319	207
3320	177
3321	168
3322	194
3323	190
3324	179
3325	168
3326	174
3327	169
3328	199
3329	196
3330	198
3331	194
3332	209
3333	181
3334	187
3335	166
3336	198
3337	199
3338	195
3339	189
3340	193
3341	215
3342	161
3343	189
3344	196
3345	177
3346	165
3347	187
3348	172
3349	209
3350	216
3351	215
3352	201
3353	196
3354	218
3355	177
3356	172
3357	175
3358	159
3359	178
3360	180
3361	189
3362	181
3363	168
3364	156
3365	197
3366	200
3367	176
3368	178
3369	149
3370	168
3371	177
3372	195
3373	158
3374	161
3375	161
3376	153
3377	186
3378	146
3379	176
3380	170
3381	153
3382	151
3383	151
3384	146
3385	144
3386	146
3387	145
3388	147
3389	162
3390	157
3391	164
3392	145
3393	154
3394	173
3395	176
3396	168
3397	182
3398	185
3399	168
3400	185
3401	135
3402	145
3403	152
3404	172
3405	140
3406	179
3407	155
3408	162
3409	181
3410	141
3411	150
3412	133
3413	147
3414	168
3415	146
3416	140
3417	176
3418	165
3419	152
3420	174
3421	184
3422	155
3423	128
3424	175
3425	141
3426	153
3427	124
3428	171
3429	152
3430	158
3431	146
3432	155
3433	148
3434	169
3435	156
3436	162
3437	148
3438	148
3439	173
3440	142
3441	190
3442	153
3443	136
3444	131
3445	137
3446	168
3447	181
3448	166
3449	152
3450	158
3451	144
3452	187
3453	180
3454	146
3455	183
3456	178
3457	161
3458	156
3459	167
3460	148
3461	137
3462	189
3463	163
3464	161
3465	189
3466	173
3467	158
3468	158
3469	138
3470	142
3471	132
3472	140
3473	143
3474	177
3475	164
3476	156
3477	170
3478	149
3479	142
3480	134
3481	161
3482	156
3483	127
3484	146
3485	186
3486	159
3487	186
3488	148
3489	132
3490	156
3491	155
3492	149
3493	173
3494	149
3495	135
3496	165
3497	184
3498	150
3499	163
3500	143
3501	163
3502	162
3503	151
3504	153
3505	169
3506	142
3507	161
3508	161
3509	148
3510	99
3511	148
3512	149
3513	163
3514	137
3515	133
3516	143
3517	141
3518	151
3519	152
3520	132
3521	113
3522	146
3523	139
3524	131
3525	126
3526	133
3527	119
3528	170
3529	134
3530	156
3531	133
3532	129
3533	114
3534	146
3535	133
3536	128
3537	101
3538	117
3539	136
3540	128
3541	142
3542	183
3543	143
3544	109
3545	146
3546	144
3547	150
3548	131
3549	127
3550	158
3551	147
3552	137
3553	151
3554	145
3555	107
3556	138
3557	128
3558	142
3559	166
3560	142
3561	148
3562	151
3563	165
3564	167
3565	161
3566	143
3567	159
3568	146
3569	162
3570	157
3571	152
3572	141
3573	161
3574	138
3575	140
3576	129
3577	152
3578	178
3579	156
3580	172
3581	147
3582	125
3583	120
3584	130
3585	147
3586	138
3587	140
3588	148
3589	128
3590	164
3591	137
3592	142
3593	137
3594	130
3595	129
3596	135
3597	148
3598	125
3599	159
3600	157
3601	129
3602	114
3603	117
3604	150
3605	179
3606	143
3607	154
3608	192
3609	159
3610	131
3611	166
3612	166
3613	179
3614	157
3615	160
3616	168
3617	179
3618	126
3619	123
3620	175
3621	135
3622	164
3623	141
3624	143
3625	167
3626	179
3627	107
3628	143
3629	150
3630	138
3631	133
3632	179
3633	145
3634	126
3635	134
3636	145
3637	159
3638	157
3639	141
3640	162
3641	150
3642	152
3643	146
3644	174
3645	141
3646	154
3647	154
3648	150
3649	169
3650	135
3651	133
3652	198
3653	149
3654	154
3655	144
3656	160
3657	144
3658	137
3659	143
3660	142
3661	142
3662	154
3663	140
3664	143
3665	159
3666	142
3667	145
3668	171
3669	149
3670	152
3671	144
3672	122
3673	143
3674	152
3675	142
3676	127
3677	158
3678	132
3679	139
3680	147
3681	132
3682	147
3683	116
3684	128
3685	137
3686	148
3687	138
3688	148
3689	155
3690	164
3691	158
3692	150
3693	133
3694	137
3695	128
3696	150
3697	169
3698	157
3699	155
3700	171
3701	120
3702	136
3703	140
3704	185
3705	153
3706	149
3707	134
3708	131
3709	122
3710	151
3711	130
3712	144
3713	147
3714	139
3715	149
3716	154
3717	161
3718	142
3719	115
3720	136
3721	99
3722	137
3723	130
3724	126
3725	158
3726	115
3727	134
3728	139
3729	135
3730	169
3731	153
3732	160
3733	115
3734	135
3735	123
3736	170
3737	185
3738	140
3739	153
3740	170
3741	142
3742	162
3743	136
3744	107
3745	156
3746	133
3747	119
3748	119
3749	152
3750	108
3751	124
3752	124
3753	117
3754	138
3755	122
3756	149
3757	185
3758	163
3759	136
3760	94
3761	118
3762	93
3763	128
3764	125
3765	111
3766	127
3767	133
3768	142
3769	135
3770	104
3771	120
3772	126
3773	102
3774	123
3775	134
3776	115
3777	155
3778	128
3779	147
3780	116
3781	107
3782	104
3783	124
3784	139
3785	131
3786	151
3787	130
3788	117
3789	134
3790	150
3791	117
3792	129
3793	127
3794	117
3795	117
3796	120
3797	117
3798	109
3799	127
3800	118
3801	128
3802	160
3803	121
3804	138
3805	139
3806	107
3807	135
3808	115
3809	122
3810	143
3811	120
3812	140
3813	142
3814	151
3815	138
3816	147
3817	126
3818	128
3819	165
3820	145
3821	158
3822	135
3823	136
3824	131
3825	119
3826	124
3827	156
3828	98
3829	124
3830	141
3831	100
3832	152
3833	155
3834	145
3835	127
3836	135
3837	127
3838	113
3839	150
3840	118
3841	126
3842	138
3843	145
3844	122
3845	130
3846	113
3847	137
3848	140
3849	142
3850	166
3851	156
3852	135
3853	139
3854	132
3855	153
3856	138
3857	142
3858	130
3859	142
3860	133
3861	162
3862	125
3863	110
3864	114
3865	96
3866	111
3867	119
3868	127
3869	120
3870	140
3871	126
3872	108
3873	117
3874	134
3875	128
3876	134
3877	138
3878	133
3879	182
3880	130
3881	122
3882	116
3883	144
3884	167
3885	131
3886	148
3887	161
3888	158
3889	165
3890	130
3891	137
3892	137
3893	158
3894	135
3895	137
3896	144
3897	146
3898	163
3899	167
3900	174
3901	147
3902	133
3903	159
3904	135
3905	166
3906	135
3907	147
3908	157
3909	154
3910	135
3911	165
3912	160
3913	134
3914	133
3915	145
3916	175
3917	199
3918	123
3919	165
3920	137
3921	171
3922	195
3923	151
3924	193
3925	137
3926	145
3927	148
3928	123
3929	148
3930	175
3931	170
3932	152
3933	161
3934	156
3935	135
3936	168
3937	146
3938	163
3939	159
3940	228
3941	171
3942	154
3943	155
3944	165
3945	163
3946	189
3947	178
3948	170
3949	162
3950	153
3951	144
3952	149
3953	136
3954	165
3955	150
3956	170
3957	166
3958	133
3959	164
3960	162
3961	136
3962	147
3963	154
3964	165
3965	131
3966	157
3967	135
3968	138
3969	139
3970	125
3971	121
3972	130
3973	147
3974	134
3975	148
3976	160
3977	159
3978	139
3979	154
3980	150
3981	141
3982	136
3983	125
3984	132
3985	159
3986	115
3987	164
3988	141
3989	120
3990	122
3991	132
3992	139
3993	155
3994	135
3995	126
3996	122
3997	139
3998	135
3999	158
4000	139
4001	172
4002	145
4003	131
4004	134
4005	124
4006	165
4007	130
4008	132
4009	141
4010	164
4011	131
4012	169
4013	140
4014	135
4015	151
4016	165
4017	152
4018	149
4019	145
4020	142
4021	148
4022	154
4023	163
4024	175
4025	185
4026	171
4027	165
4028	131
4029	140
4030	164
4031	161
4032	158
4033	175
4034	135
4035	156
4036	157
4037	145
4038	148
4039	157
4040	145
4041	162
4042	180
4043	153
4044	158
4045	154
4046	149
4047	165
4048	119
4049	182
4050	154
4051	157
4052	174
4053	179
4054	194
4055	171
4056	179
4057	151
4058	159
4059	154
4060	147
4061	143
4062	171
4063	149
4064	171
4065	150
4066	131
4067	144
4068	173
4069	157
4070	149
4071	146
4072	161
4073	141
4074	146
4075	132
4076	147
4077	142
4078	132
4079	161
4080	125
4081	164
4082	155
4083	144
4084	156
4085	151
4086	161
4087	154
4088	146
4089	148
4090	151
4091	145
4092	154
4093	138
4094	175
4095	162
4096	160
4097	179
4098	167
4099	161
4100	132
4101	187
4102	208
4103	163
4104	176
4105	142
4106	154
4107	119
4108	141
4109	136
4110	121
4111	143
4112	147
4113	159
4114	164
4115	136
4116	138
4117	125
4118	156
4119	135
4120	161
4121	129
4122	123
4123	156
4124	136
4125	104
4126	142
4127	102
4128	135
4129	130
4130	136
4131	151
4132	146
4133	101
4134	129
4135	150
4136	115
4137	125
4138	115
4139	159
4140	148
4141	116
4142	138
4143	150
4144	147
4145	147
4146	124
4147	114
4148	124
4149	117
4150	120
4151	115
4152	128
4153	151
4154	135
4155	116
4156	121
4157	119
4158	120
4159	118
4160	125
4161	146
4162	96
4163	125
4164	99
4165	117
4166	103
4167	112
4168	143
4169	128
4170	119
4171	111
4172	140
4173	130
4174	154
4175	152
4176	115
4177	124
4178	120
4179	109
4180	96
4181	118
4182	128
4183	125
4184	113
4185	143
4186	120
4187	95
4188	96
4189	141
4190	116
4191	118
4192	102
4193	105
4194	127
4195	116
4196	132
4197	90
4198	123
4199	150
4200	138
4201	114
4202	107
4203	110
4204	106
4205	104
4206	66
4207	106
4208	101
4209	115
4210	103
4211	117
4212	126
4213	99
4214	86
4215	93
4216	98
4217	101
4218	120
4219	101
4220	113
4221	98
4222	120
4223	104
4224	85
4225	96
4226	84
4227	75
4228	114
4229	128
4230	139
4231	104
4232	111
4233	106
4234	119
4235	121
4236	120
4237	117
4238	83
4239	90
4240	81
4241	122
4242	131
4243	98
4244	97
4245	100
4246	81
4247	120
4248	128
4249	111
4250	93
4251	114
4252	104
4253	102
4254	77
4255	115
4256	87
4257	93
4258	105
4259	87
4260	80
4261	109
4262	101
4263	120
4264	107
4265	112
4266	106
4267	84
4268	97
4269	82
4270	102
4271	101
4272	104
4273	98
4274	110
4275	115
4276	119
4277	136
4278	122
4279	91
4280	110
4281	103
4282	117
4283	107
4284	116
4285	95
4286	88
4287	90
4288	113
4289	106
4290	122
4291	102
4292	99
4293	127
4294	98
4295	136
4296	106
4297	131
4298	118
4299	118
4300	115
4301	134
4302	100
4303	93
4304	122
4305	96
4306	115
4307	141
4308	128
4309	104
4310	137
4311	87
4312	124
4313	109
4314	119
4315	102
4316	122
4317	104
4318	82
4319	113
4320	106
4321	103
4322	96
4323	112
4324	115
4325	113
4326	108
4327	108
4328	131
4329	169
4330	137
4331	100
4332	114
4333	121
4334	93
4335	122
4336	110
4337	93
4338	115
4339	92
4340	87
4341	84
4342	86
4343	94
4344	129
4345	111
4346	96
4347	91
4348	99
4349	108
4350	111
4351	112
4352	82
4353	98
4354	110
4355	112
4356	113
4357	96
4358	97
4359	112
4360	115
4361	103
4362	94
4363	100
4364	116
4365	109
4366	93
4367	124
4368	90
4369	80
4370	88
4371	115
4372	119
4373	121
4374	105
4375	94
4376	94
4377	90
4378	114
4379	115
4380	79
4381	123
4382	89
4383	113
4384	83
4385	102
4386	93
4387	109
4388	106
4389	68
4390	86
4391	98
4392	113
4393	123
4394	131
4395	104
4396	92
4397	90
4398	122
4399	109
4400	110
4401	110
4402	71
4403	90
4404	91
4405	95
4406	91
4407	87
4408	86
4409	118
4410	91
4411	113
4412	97
4413	102
4414	110
4415	97
4416	79
4417	95
4418	106
4419	100
4420	97
4421	83
4422	101
4423	104
4424	85
4425	103
4426	92
4427	79
4428	77
4429	103
4430	112
4431	96
4432	104
4433	88
4434	102
4435	101
4436	91
4437	95
4438	95
4439	100
4440	82
4441	105
4442	112
4443	107
4444	85
4445	100
4446	103
4447	105
4448	114
4449	108
4450	98
4451	110
4452	115
4453	108
4454	96
4455	82
4456	106
4457	110
4458	101
4459	97
4460	87
4461	91
4462	90
4463	100
4464	126
4465	97
4466	113
4467	69
4468	93
4469	102
4470	101
4471	78
4472	106
4473	97
4474	100
4475	87
4476	89
4477	104
4478	87
4479	94
4480	113
4481	101
4482	120
4483	98
4484	102
4485	78
4486	83
4487	107
4488	84
4489	96
4490	104
4491	89
4492	131
4493	114
4494	141
4495	130
4496	131
4497	90
4498	90
4499	117
4500	110
4501	95
4502	100
4503	89
4504	153
4505	97
4506	109
4507	123
4508	102
4509	107
4510	112
4511	89
4512	120
4513	103
4514	111
4515	99
4516	103
4517	114
4518	114
4519	113
4520	125
4521	103
4522	102
4523	92
4524	96
4525	117
4526	119
4527	116
4528	135
4529	111
4530	131
4531	131
4532	118
4533	118
4534	113
4535	119
4536	90
4537	122
4538	81
4539	100
4540	130
4541	109
4542	110
4543	108
4544	127
4545	86
4546	114
4547	123
4548	116
4549	117
4550	98
4551	108
4552	111
4553	125
4554	152
4555	135
4556	153
4557	117
4558	103
4559	98
4560	111
4561	137
4562	125
4563	109
4564	98
4565	140
4566	123
4567	115
4568	96
4569	108
4570	119
4571	117
4572	107
4573	85
4574	97
4575	111
4576	103
4577	102
4578	95
4579	114
4580	112
4581	122
4582	101
4583	116
4584	123
4585	128
4586	118
4587	111
4588	114
4589	126
4590	104
4591	125
4592	109
4593	93
4594	115
4595	113
4596	93
4597	104
4598	128
4599	111
4600	126
4601	123
4602	75
4603	109
4604	96
4605	116
4606	114
4607	118
4608	92
4609	130
4610	116
4611	91
4612	99
4613	97
4614	76
4615	117
4616	113
4617	111
4618	95
4619	93
4620	121
4621	107
4622	104
4623	99
4624	90
4625	83
4626	127
4627	91
4628	88
4629	85
4630	101
4631	108
4632	106
4633	98
4634	89
4635	104
4636	103
4637	102
4638	101
4639	106
4640	92
4641	109
4642	105
4643	89
4644	91
4645	88
4646	88
4647	76
4648	94
4649	91
4650	105
4651	92
4652	116
4653	93
4654	103
4655	121
4656	109
4657	104
4658	99
4659	89
4660	83
4661	107
4662	84
4663	98
4664	127
4665	125
4666	88
4667	115
4668	103
4669	109
4670	86
4671	82
4672	88
4673	86
4674	111
4675	107
4676	106
4677	102
4678	122
4679	118
4680	111
4681	100
4682	92
4683	101
4684	114
4685	118
4686	107
4687	107
4688	113
4689	114
4690	112
4691	93
4692	89
4693	87
4694	85
4695	87
4696	90
4697	81
4698	95
4699	94
4700	103
4701	79
4702	93
4703	83
4704	101
4705	71
4706	95
4707	76
4708	93
4709	71
4710	86
4711	108
4712	73
4713	73
4714	81
4715	59
4716	100
4717	85
4718	95
4719	76
4720	93
4721	124
4722	97
4723	105
4724	92
4725	80
4726	94
4727	73
4728	79
4729	81
4730	88
4731	86
4732	82
4733	101
4734	78
4735	75
4736	73
4737	114
4738	104
4739	89
4740	104
4741	72
4742	109
4743	84
4744	86
4745	75
4746	120
4747	105
4748	63
4749	110
4750	95
4751	103
4752	82
4753	86
4754	72
4755	116
4756	107
4757	93
4758	79
4759	93
4760	100
4761	95
4762	82
4763	115
4764	103
4765	111
4766	89
4767	117
4768	99
4769	91
4770	93
4771	89
4772	78
4773	88
4774	70
4775	106
4776	76
4777	108
4778	105
4779	100
4780	71
4781	112
4782	95
4783	84
4784	82
4785	99
4786	96
4787	88
4788	98
4789	90
4790	102
4791	80
4792	90
4793	112
4794	89
4795	86
4796	101
4797	81
4798	60
4799	95
4800	99
4801	96
4802	116
4803	104
4804	96
4805	111
4806	107
4807	89
4808	81
4809	91
4810	92
4811	84
4812	107
4813	104
4814	88
4815	93
4816	67
4817	75
4818	110
4819	97
4820	91
4821	81
4822	98
4823	105
4824	98
4825	94
4826	91
4827	81
4828	95
4829	114
4830	80
4831	118
4832	101
4833	66
4834	61
4835	92
4836	75
4837	65
4838	97
4839	77
4840	91
4841	100
4842	76
4843	87
4844	70
4845	106
4846	90
4847	69
4848	86
4849	88
4850	85
4851	78
4852	94
4853	90
4854	85
4855	81
4856	71
4857	85
4858	78
4859	93
4860	69
4861	62
4862	85
4863	74
4864	91
4865	69
4866	72
4867	81
4868	78
4869	101
4870	64
4871	88
4872	81
4873	87
4874	87
4875	102
4876	71
4877	102
4878	106
4879	71
4880	80
4881	102
4882	59
4883	73
4884	72
4885	82
4886	71
4887	70
4888	84
4889	85
4890	69
4891	114
4892	82
4893	84
4894	72
4895	71
4896	81
4897	109
4898	78
4899	73
4900	82
4901	78
4902	75
4903	110
4904	101
4905	77
4906	85
4907	69
4908	101
4909	77
4910	82
4911	94
4912	100
4913	82
4914	92
4915	80
4916	101
4917	94
4918	98
4919	89
4920	91
4921	104
4922	61
4923	94
4924	124
4925	93
4926	83
4927	93
4928	98
4929	99
4930	67
4931	93
4932	71
4933	107
4934	76
4935	69
4936	107
4937	92
4938	98
4939	83
4940	82
4941	81
4942	94
4943	111
4944	91
4945	93
4946	101
4947	79
4948	97
4949	93
4950	69
4951	91
4952	93
4953	96
4954	106
4955	94
4956	94
4957	91
4958	79
4959	117
4960	104
4961	81
4962	72
4963	84
4964	92
4965	122
4966	89
4967	74
4968	96
4969	101
4970	81
4971	96
4972	98
4973	98
4974	102
4975	106
4976	82
4977	89
4978	69
4979	79
4980	99
4981	94
4982	82
4983	74
4984	86
4985	81
4986	79
4987	75
4988	98
4989	77
4990	91
4991	91
4992	95
4993	75
4994	73
4995	92
4996	75
4997	88
4998	97
4999	98
5000	86
5001	88
5002	90
5003	98
5004	79
5005	88
5006	103
5007	92
5008	89
5009	102
5010	106
5011	91
5012	81
5013	89
5014	92
5015	76
5016	100
5017	102
5018	117
5019	96
5020	101
5021	98
5022	93
5023	87
5024	101
5025	85
5026	83
5027	99
5028	102
5029	94
5030	123
5031	99
5032	125
5033	116
5034	72
5035	116
5036	115
5037	92
5038	90
5039	98
5040	91
5041	92
5042	93
5043	86
5044	93
5045	101
5046	94
5047	97
5048	101
5049	103
5050	83
5051	108
5052	126
5053	91
5054	89
5055	106
5056	119
5057	99
5058	87
5059	80
5060	111
5061	94
5062	93
5063	104
5064	103
5065	73
5066	94
5067	99
5068	111
5069	121
5070	78
5071	85
5072	95
5073	85
5074	57
5075	93
5076	120
5077	101
5078	104
5079	92
5080	108
5081	90
5082	81
5083	95
5084	104
5085	87
5086	115
5087	115
5088	95
5089	102
5090	69
5091	116
5092	81
5093	99
5094	88
5095	88
5096	78
5097	89
5098	95
5099	76
5100	93
5101	90
5102	122
5103	109
5104	84
5105	86
5106	95
5107	115
5108	63
5109	88
5110	86
5111	90
5112	91
5113	93
5114	87
5115	75
5116	96
5117	110
5118	75
5119	71
5120	108
5121	102
5122	96
5123	85
5124	100
5125	79
5126	83
5127	112
5128	76
5129	75
5130	71
5131	94
5132	107
5133	97
5134	81
5135	104
5136	101
5137	122
5138	107
5139	78
5140	90
5141	92
5142	100
5143	82
5144	84
5145	107
5146	87
5147	78
5148	109
5149	84
5150	86
5151	78
5152	92
5153	93
5154	89
5155	70
5156	79
5157	89
5158	96
5159	89
5160	99
5161	73
5162	111
5163	101
5164	92
5165	79
5166	78
5167	70
5168	100
5169	71
5170	91
5171	84
5172	102
5173	87
5174	110
5175	68
5176	63
5177	58
5178	79
5179	85
5180	68
5181	80
5182	90
5183	82
5184	68
5185	54
5186	76
5187	73
5188	77
5189	76
5190	73
5191	76
5192	60
5193	73
5194	71
5195	67
5196	72
5197	84
5198	66
5199	52
5200	51
5201	69
5202	62
5203	89
5204	62
5205	76
5206	68
5207	85
5208	64
5209	87
5210	62
5211	91
5212	91
5213	67
5214	90
5215	79
5216	85
5217	66
5218	69
5219	38
5220	65
5221	53
5222	80
5223	77
5224	97
5225	73
5226	67
5227	65
5228	78
5229	74
5230	95
5231	75
5232	78
5233	72
5234	74
5235	83
5236	78
5237	82
5238	75
5239	88
5240	71
5241	68
5242	90
5243	71
5244	67
5245	94
5246	74
5247	81
5248	65
5249	65
5250	75
5251	75
5252	80
5253	74
5254	88
5255	57
5256	72
5257	76
5258	83
5259	74
5260	64
5261	92
5262	87
5263	74
5264	74
5265	84
5266	68
5267	75
5268	104
5269	78
5270	79
5271	58
5272	89
5273	73
5274	54
5275	57
5276	83
5277	99
5278	87
5279	74
5280	84
5281	85
5282	63
5283	97
5284	81
5285	96
5286	76
5287	84
5288	81
5289	55
5290	74
5291	68
5292	62
5293	92
5294	69
5295	50
5296	79
5297	55
5298	71
5299	61
5300	61
5301	73
5302	73
5303	88
5304	92
5305	77
5306	103
5307	77
5308	78
5309	87
5310	80
5311	76
5312	64
5313	52
5314	72
5315	85
5316	63
5317	61
5318	94
5319	79
5320	68
5321	62
5322	82
5323	67
5324	83
5325	75
5326	70
5327	86
5328	70
5329	65
5330	42
5331	73
5332	69
5333	79
5334	69
5335	62
5336	49
5337	68
5338	55
5339	50
5340	63
5341	74
5342	56
5343	71
5344	67
5345	75
5346	70
5347	58
5348	67
5349	75
5350	89
5351	67
5352	103
5353	96
5354	62
5355	77
5356	64
5357	74
5358	79
5359	79
5360	83
5361	77
5362	73
5363	82
5364	95
5365	74
5366	72
5367	75
5368	102
5369	80
5370	85
5371	94
5372	82
5373	81
5374	46
5375	105
5376	73
5377	68
5378	80
5379	104
5380	79
5381	69
5382	72
5383	65
5384	90
5385	82
5386	66
5387	62
5388	52
5389	76
5390	74
5391	71
5392	83
5393	66
5394	96
5395	86
5396	54
5397	67
5398	54
5399	58
5400	99
5401	71
5402	71
5403	67
5404	93
5405	66
5406	90
5407	74
5408	69
5409	84
5410	87
5411	79
5412	73
5413	71
5414	88
5415	74
5416	92
5417	68
5418	82
5419	70
5420	88
5421	65
5422	77
5423	89
5424	78
5425	82
5426	72
5427	86
5428	62
5429	93
5430	59
5431	60
5432	88
5433	83
5434	45
5435	87
5436	58
5437	75
5438	68
5439	81
5440	79
5441	78
5442	54
5443	74
5444	62
5445	78
5446	53
5447	57
5448	79
5449	47
5450	63
5451	78
5452	93
5453	84
5454	75
5455	63
5456	82
5457	81
5458	71
5459	77
5460	89
5461	73
5462	71
5463	91
5464	62
5465	69
5466	72
5467	80
5468	84
5469	100
5470	87
5471	69
5472	92
5473	81
5474	99
5475	82
5476	68
5477	78
5478	91
5479	88
5480	93
5481	103
5482	100
5483	78
5484	67
5485	91
5486	82
5487	72
5488	71
5489	97
5490	89
5491	107
5492	96
5493	78
5494	71
5495	105
5496	71
5497	72
5498	106
5499	100
5500	79
5501	108
5502	93
5503	72
5504	73
5505	107
5506	92
5507	111
5508	74
5509	85
5510	108
5511	91
5512	106
5513	87
5514	101
5515	95
5516	112
5517	101
5518	93
5519	96
5520	87
5521	94
5522	102
5523	113
5524	99
5525	115
5526	84
5527	74
5528	98
5529	92
5530	97
5531	113
5532	124
5533	107
5534	69
5535	82
5536	90
5537	120
5538	81
5539	93
5540	96
5541	91
5542	62
5543	114
5544	107
5545	98
5546	116
5547	104
5548	100
5549	88
5550	91
5551	100
5552	99
5553	67
5554	84
5555	103
5556	87
5557	102
5558	122
5559	108
5560	95
5561	101
5562	79
5563	84
5564	116
5565	117
5566	81
5567	85
5568	90
5569	68
5570	64
5571	62
5572	72
5573	98
5574	75
5575	67
5576	72
5577	68
5578	101
5579	73
5580	66
5581	100
5582	60
5583	77
5584	86
5585	82
5586	79
5587	70
5588	65
5589	72
5590	102
5591	84
5592	100
5593	82
5594	90
5595	89
5596	72
5597	68
5598	83
5599	102
5600	67
5601	77
5602	79
5603	76
5604	85
5605	71
5606	77
5607	75
5608	84
5609	68
5610	75
5611	69
5612	59
5613	81
5614	62
5615	56
5616	88
5617	73
5618	68
5619	78
5620	85
5621	59
5622	82
5623	76
5624	53
5625	68
5626	79
5627	93
5628	66
5629	80
5630	95
5631	81
5632	66
5633	84
5634	85
5635	91
5636	100
5637	89
5638	85
5639	86
5640	87
5641	78
5642	91
5643	92
5644	72
5645	73
5646	78
5647	82
5648	80
5649	90
5650	91
5651	87
5652	78
5653	98
5654	89
5655	78
5656	92
5657	77
5658	86
5659	82
5660	91
5661	80
5662	84
5663	103
5664	95
5665	73
5666	66
5667	93
5668	80
5669	95
5670	74
5671	86
5672	78
5673	112
5674	82
5675	69
5676	96
5677	74
5678	48
5679	77
5680	98
5681	94
5682	76
5683	67
5684	60
5685	58
5686	63
5687	82
5688	56
5689	72
5690	77
5691	69
5692	87
5693	99
5694	79
5695	82
5696	74
5697	83
5698	87
5699	83
5700	79
5701	62
5702	78
5703	85
5704	83
5705	93
5706	90
5707	86
5708	100
5709	66
5710	88
5711	86
5712	67
5713	61
5714	105
5715	72
5716	81
5717	74
5718	73
5719	70
5720	78
5721	60
5722	71
5723	70
5724	76
5725	76
5726	67
5727	75
5728	56
5729	75
5730	64
5731	74
5732	75
5733	110
5734	77
5735	56
5736	98
5737	75
5738	73
5739	91
5740	70
5741	74
5742	83
5743	69
5744	75
5745	84
5746	64
5747	65
5748	73
5749	65
5750	84
5751	67
5752	74
5753	58
5754	63
5755	79
5756	77
5757	52
5758	96
5759	59
5760	77
5761	74
5762	75
5763	80
5764	64
5765	62
5766	71
5767	58
5768	69
5769	72
5770	78
5771	78
5772	56
5773	58
5774	66
5775	69
5776	84
5777	101
5778	73
5779	83
5780	74
5781	79
5782	102
5783	81
5784	58
5785	75
5786	56
5787	74
5788	68
5789	65
5790	57
5791	75
5792	57
5793	66
5794	59
5795	86
5796	101
5797	76
5798	72
5799	95
5800	73
5801	81
5802	81
5803	65
5804	76
5805	76
5806	67
5807	56
5808	67
5809	63
5810	68
5811	84
5812	73
5813	72
5814	68
5815	85
5816	81
5817	86
5818	51
5819	63
5820	68
5821	76
5822	59
5823	77
5824	67
5825	72
5826	76
5827	64
5828	62
5829	64
5830	80
5831	69
5832	68
5833	84
5834	71
5835	74
5836	74
5837	60
5838	57
5839	59
5840	62
5841	78
5842	74
5843	83
5844	71
5845	80
5846	75
5847	63
5848	74
5849	62
5850	82
5851	71
5852	78
5853	89
5854	67
5855	83
5856	97
5857	97
5858	97
5859	65
5860	79
5861	57
5862	85
5863	45
5864	72
5865	50
5866	70
5867	64
5868	91
5869	81
5870	79
5871	87
5872	83
5873	96
5874	60
5875	84
5876	70
5877	64
5878	68
5879	59
5880	63
5881	69
5882	60
5883	95
5884	59
5885	85
5886	70
5887	80
5888	89
5889	72
5890	88
5891	75
5892	70
5893	86
5894	81
5895	64
5896	65
5897	68
5898	75
5899	79
5900	64
5901	71
5902	68
5903	72
5904	75
5905	76
5906	75
5907	83
5908	67
5909	78
5910	62
5911	65
5912	89
5913	84
5914	95
5915	82
5916	76
5917	64
5918	90
5919	92
5920	72
5921	98
5922	63
5923	66
5924	58
5925	78
5926	51
5927	56
5928	63
5929	74
5930	98
5931	91
5932	84
5933	86
5934	105
5935	92
5936	76
5937	85
5938	83
5939	82
5940	66
5941	64
5942	59
5943	75
5944	91
5945	93
5946	60
5947	37
5948	96
5949	82
5950	86
5951	78
5952	75
5953	67
5954	81
5955	75
5956	79
5957	85
5958	70
5959	107
5960	84
5961	45
5962	70
5963	103
5964	102
5965	84
5966	69
5967	79
5968	79
5969	75
5970	82
5971	87
5972	91
5973	77
5974	74
5975	76
5976	74
5977	80
5978	61
5979	76
5980	54
5981	77
5982	68
5983	97
5984	59
5985	73
5986	84
5987	79
5988	104
5989	96
5990	87
5991	79
5992	112
5993	94
5994	88
5995	80
5996	95
5997	78
5998	80
5999	90
6000	72
6001	64
6002	87
6003	57
6004	56
6005	62
6006	87
6007	76
6008	81
6009	61
6010	76
6011	69
6012	85
6013	70
6014	70
6015	90
6016	87
6017	64
6018	72
6019	65
6020	86
6021	92
6022	72
6023	101
6024	97
6025	105
6026	73
6027	70
6028	61
6029	75
6030	86
6031	45
6032	60
6033	69
6034	63
6035	82
6036	50
6037	65
6038	87
6039	60
6040	68
6041	71
6042	64
6043	60
6044	59
6045	66
6046	74
6047	80
6048	76
6049	91
6050	48
6051	60
6052	50
6053	76
6054	73
6055	57
6056	56
6057	63
6058	64
6059	58
6060	53
6061	74
6062	72
6063	68
6064	73
6065	57
6066	55
6067	46
6068	62
6069	82
6070	85
6071	56
6072	69
6073	84
6074	60
6075	57
6076	83
6077	73
6078	67
6079	64
6080	66
6081	63
6082	67
6083	56
6084	67
6085	61
6086	59
6087	56
6088	71
6089	58
6090	51
6091	47
6092	66
6093	53
6094	70
6095	65
6096	61
6097	76
6098	73
6099	65
6100	70
6101	73
6102	81
6103	60
6104	76
6105	73
6106	91
6107	80
6108	73
6109	82
6110	64
6111	60
6112	91
6113	71
6114	63
6115	71
6116	49
6117	74
6118	77
6119	73
6120	59
6121	76
6122	58
6123	66
6124	59
6125	92
6126	59
6127	62
6128	79
6129	66
6130	73
6131	94
6132	60
6133	78
6134	49
6135	84
6136	58
6137	73
6138	65
6139	80
6140	82
6141	73
6142	58
6143	61
6144	74
6145	67
6146	61
6147	38
6148	83
6149	67
6150	62
6151	63
6152	82
6153	73
6154	65
6155	85
6156	90
6157	71
6158	80
6159	64
6160	82
6161	68
6162	64
6163	84
6164	86
6165	62
6166	65
6167	56
6168	55
6169	76
6170	82
6171	63
6172	78
6173	81
6174	54
6175	69
6176	73
6177	54
6178	79
6179	64
6180	66
6181	56
6182	59
6183	57
6184	61
6185	54
6186	55
6187	59
6188	64
6189	70
6190	80
6191	73
6192	61
6193	57
6194	66
6195	54
6196	56
6197	63
6198	76
6199	57
6200	72
6201	33
6202	69
6203	59
6204	53
6205	67
6206	81
6207	56
6208	69
6209	65
6210	75
6211	55
6212	58
6213	55
6214	51
6215	57
6216	61
6217	79
6218	78
6219	69
6220	73
6221	86
6222	62
6223	67
6224	83
6225	57
6226	56
6227	91
6228	46
6229	70
6230	59
6231	51
6232	78
6233	80
6234	93
6235	83
6236	71
6237	61
6238	58
6239	74
6240	56
6241	78
6242	79
6243	55
6244	77
6245	86
6246	61
6247	100
6248	78
6249	82
6250	77
6251	76
6252	59
6253	76
6254	68
6255	60
6256	75
6257	83
6258	75
6259	93
6260	78
6261	93
6262	115
6263	116
6264	89
6265	73
6266	80
6267	81
6268	95
6269	67
6270	84
6271	84
6272	104
6273	94
6274	87
6275	83
6276	88
6277	69
6278	55
6279	72
6280	71
6281	81
6282	70
6283	85
6284	72
6285	100
6286	75
6287	84
6288	56
6289	77
6290	67
6291	64
6292	68
6293	73
6294	78
6295	51
6296	72
6297	72
6298	70
6299	68
6300	87
6301	72
6302	69
6303	58
6304	56
6305	67
6306	72
6307	57
6308	51
6309	64
6310	59
6311	65
6312	75
6313	65
6314	59
6315	83
6316	100
6317	94
6318	76
6319	62
6320	55
6321	83
6322	60
6323	58
6324	55
6325	58
6326	69
6327	80
6328	69
6329	56
6330	73
6331	89
6332	91
6333	89
6334	59
6335	90
6336	75
6337	81
6338	72
6339	49
6340	62
6341	65
6342	48
6343	80
6344	76
6345	62
6346	83
6347	69
6348	85
6349	64
6350	78
6351	65
6352	45
6353	69
6354	76
6355	79
6356	70
6357	53
6358	64
6359	76
6360	67
6361	74
6362	101
6363	72
6364	53
6365	48
6366	58
6367	77
6368	65
6369	71
6370	87
6371	66
6372	74
6373	44
6374	63
6375	66
6376	45
6377	55
6378	41
6379	38
6380	67
6381	63
6382	42
6383	76
6384	89
6385	65
6386	75
6387	51
6388	60
6389	38
6390	59
6391	65
6392	40
6393	50
6394	64
6395	64
6396	54
6397	60
6398	58
6399	65
6400	64
6401	53
6402	55
6403	76
6404	56
6405	66
6406	82
6407	43
6408	50
6409	44
6410	50
6411	58
6412	55
6413	66
6414	43
6415	61
6416	83
6417	71
6418	57
6419	47
6420	71
6421	67
6422	66
6423	64
6424	66
6425	52
6426	51
6427	50
6428	42
6429	46
6430	47
6431	56
6432	77
6433	47
6434	51
6435	46
6436	58
6437	60
6438	71
6439	86
6440	77
6441	87
6442	67
6443	57
6444	57
6445	80
6446	44
6447	61
6448	53
6449	72
6450	72
6451	63
6452	57
6453	62
6454	79
6455	57
6456	51
6457	52
6458	66
6459	52
6460	64
6461	45
6462	38
6463	60
6464	56
6465	51
6466	58
6467	49
6468	56
6469	55
6470	53
6471	82
6472	54
6473	63
6474	65
6475	59
6476	60
6477	47
6478	73
6479	74
6480	42
6481	52
6482	75
6483	66
6484	56
6485	60
6486	67
6487	48
6488	53
6489	63
6490	57
6491	70
6492	61
6493	39
6494	59
6495	58
6496	68
6497	76
6498	54
6499	66
6500	80
6501	107
6502	67
6503	67
6504	63
6505	75
6506	81
6507	75
6508	57
6509	65
6510	67
6511	44
6512	75
6513	92
6514	66
6515	68
6516	80
6517	45
6518	54
6519	60
6520	64
6521	46
6522	60
6523	58
6524	74
6525	86
6526	56
6527	90
6528	68
6529	70
6530	89
6531	77
6532	66
6533	57
6534	54
6535	70
6536	57
6537	58
6538	64
6539	53
6540	61
6541	55
6542	63
6543	68
6544	47
6545	57
6546	63
6547	58
6548	80
6549	59
6550	60
6551	88
6552	83
6553	59
6554	65
6555	70
6556	76
6557	66
6558	53
6559	62
6560	67
6561	70
6562	63
6563	62
6564	62
6565	60
6566	81
6567	53
6568	84
6569	67
6570	58
6571	43
6572	66
6573	70
6574	76
6575	51
6576	51
6577	62
6578	47
6579	50
6580	47
6581	49
6582	72
6583	60
6584	56
6585	49
6586	49
6587	54
6588	37
6589	63
6590	52
6591	49
6592	62
6593	48
6594	55
6595	69
6596	58
6597	55
6598	62
6599	62
6600	58
6601	54
6602	71
6603	49
6604	42
6605	50
6606	57
6607	61
6608	44
6609	50
6610	56
6611	37
6612	52
6613	52
6614	62
6615	60
6616	49
6617	60
6618	60
6619	55
6620	52
6621	54
6622	68
6623	55
6624	53
6625	73
6626	46
6627	59
6628	56
6629	73
6630	73
6631	72
6632	43
6633	54
6634	62
6635	46
6636	56
6637	57
6638	57
6639	45
6640	46
6641	37
6642	69
6643	69
6644	46
6645	44
6646	61
6647	45
6648	50
6649	39
6650	50
6651	53
6652	78
6653	42
6654	58
6655	42
6656	57
6657	54
6658	28
6659	49
6660	56
6661	57
6662	57
6663	56
6664	45
6665	64
6666	42
6667	54
6668	57
6669	48
6670	47
6671	50
6672	39
6673	37
6674	50
6675	53
6676	40
6677	47
6678	35
6679	32
6680	34
6681	44
6682	45
6683	44
6684	38
6685	57
6686	51
6687	36
6688	46
6689	45
6690	45
6691	52
6692	74
6693	63
6694	57
6695	76
6696	47
6697	64
6698	53
6699	52
6700	66
6701	46
6702	51
6703	70
6704	43
6705	61
6706	79
6707	38
6708	55
6709	74
6710	36
6711	88
6712	55
6713	50
6714	51
6715	50
6716	60
6717	53
6718	76
6719	59
6720	62
6721	75
6722	62
6723	61
6724	58
6725	63
6726	42
6727	38
6728	61
6729	56
6730	45
6731	46
6732	61
6733	62
6734	52
6735	68
6736	53
6737	48
6738	43
6739	56
6740	73
6741	59
6742	86
6743	70
6744	89
6745	75
6746	68
6747	69
6748	41
6749	63
6750	67
6751	56
6752	69
6753	65
6754	47
6755	54
6756	48
6757	44
6758	46
6759	72
6760	64
6761	62
6762	44
6763	55
6764	64
6765	47
6766	40
6767	47
6768	38
6769	74
6770	88
6771	57
6772	53
6773	56
6774	54
6775	37
6776	56
6777	64
6778	53
6779	35
6780	67
6781	54
6782	67
6783	57
6784	69
6785	74
6786	58
6787	42
6788	46
6789	67
6790	52
6791	52
6792	52
6793	35
6794	54
6795	70
6796	53
6797	53
6798	46
6799	58
6800	53
6801	69
6802	66
6803	73
6804	58
6805	62
6806	50
6807	69
6808	64
6809	62
6810	65
6811	54
6812	46
6813	65
6814	63
6815	53
6816	55
6817	65
6818	78
6819	46
6820	59
6821	62
6822	42
6823	53
6824	58
6825	69
6826	57
6827	66
6828	71
6829	66
6830	63
6831	40
6832	46
6833	28
6834	66
6835	47
6836	61
6837	45
6838	49
6839	47
6840	36
6841	48
6842	38
6843	84
6844	57
6845	74
6846	53
6847	77
6848	47
6849	64
6850	67
6851	53
6852	56
6853	70
6854	51
6855	46
6856	79
6857	74
6858	78
6859	96
6860	55
6861	52
6862	71
6863	67
6864	52
6865	63
6866	67
6867	53
6868	52
6869	69
6870	62
6871	65
6872	79
6873	69
6874	75
6875	55
6876	53
6877	59
6878	59
6879	50
6880	73
6881	58
6882	78
6883	36
6884	56
6885	61
6886	59
6887	80
6888	61
6889	78
6890	88
6891	64
6892	67
6893	67
6894	45
6895	55
6896	59
6897	74
6898	77
6899	57
6900	58
6901	62
6902	68
6903	67
6904	62
6905	58
6906	63
6907	66
6908	51
6909	42
6910	62
6911	49
6912	41
6913	57
6914	56
6915	63
6916	55
6917	59
6918	50
6919	69
6920	72
6921	47
6922	54
6923	62
6924	47
6925	83
6926	62
6927	61
6928	56
6929	50
6930	51
6931	57
6932	65
6933	52
6934	60
6935	60
6936	48
6937	68
6938	70
6939	83
6940	65
6941	58
6942	68
6943	81
6944	69
6945	68
6946	53
6947	45
6948	50
6949	64
6950	62
6951	54
6952	69
6953	47
6954	58
6955	85
6956	58
6957	71
6958	49
6959	69
6960	79
6961	53
6962	74
6963	81
6964	51
6965	71
6966	64
6967	68
6968	68
6969	67
6970	88
6971	56
6972	62
6973	65
6974	56
6975	53
6976	86
6977	67
6978	75
6979	78
6980	56
6981	71
6982	59
6983	83
6984	80
6985	73
6986	48
6987	49
6988	58
6989	65
6990	44
6991	62
6992	62
6993	51
6994	60
6995	69
6996	54
6997	43
6998	55
6999	50
7000	56
7001	65
7002	68
7003	38
7004	87
7005	57
7006	46
7007	56
7008	62
7009	53
7010	52
7011	50
7012	45
7013	55
7014	73
7015	56
7016	47
7017	52
7018	65
7019	62
7020	39
7021	57
7022	52
7023	44
7024	60
7025	61
7026	59
7027	69
7028	48
7029	56
7030	45
7031	58
7032	40
7033	59
7034	56
7035	48
7036	64
7037	63
7038	42
7039	55
7040	83
7041	62
7042	48
7043	58
7044	52
7045	45
7046	46
7047	56
7048	56
7049	63
7050	50
7051	61
7052	53
7053	55
7054	66
7055	63
7056	67
7057	69
7058	55
7059	60
7060	83
7061	43
7062	49
7063	45
7064	58
7065	63
7066	56
7067	39
7068	53
7069	48
7070	50
7071	57
7072	45
7073	41
7074	37
7075	57
7076	64
7077	50
7078	42
7079	42
7080	67
7081	46
7082	57
7083	45
7084	45
7085	67
7086	46
7087	59
7088	50
7089	56
7090	61
7091	45
7092	62
7093	49
7094	55
7095	63
7096	51
7097	43
7098	46
7099	65
7100	53
7101	53
7102	87
7103	65
7104	57
7105	64
7106	48
7107	67
7108	64
7109	63
7110	70
7111	56
7112	66
7113	47
7114	62
7115	40
7116	60
7117	62
7118	63
7119	27
7120	64
7121	62
7122	72
7123	46
7124	66
7125	74
7126	56
7127	59
7128	71
7129	45
7130	62
7131	53
7132	56
7133	68
7134	63
7135	52
7136	70
7137	66
7138	48
7139	59
7140	61
7141	74
7142	62
7143	47
7144	55
7145	48
7146	54
7147	68
7148	64
7149	44
7150	41
7151	57
7152	45
7153	52
7154	49
7155	40
7156	62
7157	54
7158	65
7159	50
7160	55
7161	53
7162	56
7163	49
7164	62
7165	30
7166	49
7167	41
7168	49
7169	50
7170	46
7171	50
7172	59
7173	52
7174	47
7175	76
7176	74
7177	98
7178	71
7179	65
7180	42
7181	69
7182	67
7183	53
7184	67
7185	62
7186	51
7187	41
7188	70
7189	53
7190	65
7191	64
7192	53
7193	54
7194	65
7195	44
7196	57
7197	79
7198	51
7199	65
7200	65
7201	61
7202	56
7203	63
7204	58
7205	52
7206	44
7207	51
7208	74
7209	47
7210	48
7211	59
7212	52
7213	77
7214	52
7215	55
7216	68
7217	55
7218	72
7219	94
7220	76
7221	50
7222	72
7223	76
7224	69
7225	44
7226	44
7227	41
7228	52
7229	51
7230	59
7231	66
7232	79
7233	71
7234	54
7235	69
7236	70
7237	52
7238	72
7239	59
7240	81
7241	72
7242	69
7243	72
7244	59
7245	73
7246	61
7247	81
7248	52
7249	52
7250	44
7251	45
7252	73
7253	47
7254	64
7255	75
7256	64
7257	55
7258	52
7259	45
7260	58
7261	64
7262	56
7263	61
7264	51
7265	56
7266	58
7267	56
7268	72
7269	67
7270	57
7271	67
7272	64
7273	54
7274	72
7275	68
7276	54
7277	69
7278	68
7279	57
7280	50
7281	67
7282	51
7283	45
7284	56
7285	74
7286	59
7287	90
7288	60
7289	35
7290	54
7291	58
7292	60
7293	55
7294	85
7295	68
7296	59
7297	66
7298	70
7299	65
7300	59
7301	60
7302	58
7303	63
7304	75
7305	63
7306	62
7307	67
7308	57
7309	52
7310	50
7311	34
7312	62
7313	70
7314	43
7315	57
7316	67
7317	69
7318	71
7319	48
7320	44
7321	42
7322	50
7323	51
7324	57
7325	63
7326	52
7327	66
7328	49
7329	47
7330	65
7331	53
7332	50
7333	50
7334	46
7335	57
7336	56
7337	55
7338	59
7339	53
7340	63
7341	58
7342	66
7343	52
7344	64
7345	56
7346	52
7347	46
7348	38
7349	32
7350	42
7351	54
7352	78
7353	37
7354	74
7355	84
7356	52
7357	50
7358	48
7359	41
7360	37
7361	47
7362	45
7363	55
7364	50
7365	26
7366	40
7367	33
7368	33
7369	44
7370	61
7371	46
7372	49
7373	45
7374	42
7375	54
7376	45
7377	39
7378	58
7379	35
7380	55
7381	48
7382	56
7383	47
7384	67
7385	61
7386	71
7387	48
7388	59
7389	56
7390	59
7391	49
7392	50
7393	48
7394	50
7395	46
7396	34
7397	52
7398	40
7399	48
7400	46
7401	46
7402	63
7403	54
7404	40
7405	44
7406	36
7407	43
7408	28
7409	40
7410	53
7411	39
7412	46
7413	38
7414	33
7415	38
7416	43
7417	26
7418	33
7419	46
7420	39
7421	25
7422	47
7423	44
7424	57
7425	41
7426	44
7427	49
7428	52
7429	48
7430	53
7431	37
7432	45
7433	44
7434	42
7435	31
7436	53
7437	52
7438	41
7439	42
7440	48
7441	55
7442	33
7443	48
7444	32
7445	42
7446	35
7447	49
7448	35
7449	54
7450	46
7451	42
7452	59
7453	36
7454	16
7455	37
7456	49
7457	60
7458	51
7459	41
7460	43
7461	41
7462	38
7463	52
7464	53
7465	44
7466	38
7467	33
7468	69
7469	44
7470	38
7471	31
7472	49
7473	47
7474	40
7475	36
7476	45
7477	46
7478	33
7479	27
7480	39
7481	29
7482	35
7483	51
7484	41
7485	47
7486	39
7487	44
7488	29
7489	36
7490	28
7491	32
7492	45
7493	45
7494	26
7495	21
7496	37
7497	36
7498	36
7499	35
7500	28
7501	28
7502	40
7503	40
7504	46
7505	38
7506	40
7507	46
7508	46
7509	49
7510	39
7511	48
7512	36
7513	62
7514	29
7515	42
7516	32
7517	51
7518	41
7519	41
7520	40
7521	38
7522	46
7523	36
7524	44
7525	37
7526	45
7527	42
7528	38
7529	31
7530	48
7531	40
7532	31
7533	41
7534	26
7535	34
7536	54
7537	49
7538	51
7539	49
7540	42
7541	51
7542	51
7543	49
7544	48
7545	45
7546	51
7547	55
7548	47
7549	47
7550	39
7551	43
7552	32
7553	54
7554	49
7555	46
7556	56
7557	73
7558	51
7559	54
7560	48
7561	46
7562	49
7563	50
7564	62
7565	34
7566	38
7567	22
7568	40
7569	33
7570	49
7571	37
7572	42
7573	36
7574	49
7575	42
7576	43
7577	32
7578	37
7579	44
7580	45
7581	45
7582	43
7583	51
7584	61
7585	43
7586	42
7587	55
7588	46
7589	51
7590	37
7591	51
7592	57
7593	52
7594	41
7595	63
7596	48
7597	37
7598	55
7599	42
7600	46
7601	43
7602	39
7603	38
7604	22
7605	52
7606	32
7607	30
7608	52
7609	36
7610	38
7611	29
7612	36
7613	39
7614	30
7615	35
7616	47
7617	31
7618	45
7619	47
7620	39
7621	37
7622	31
7623	36
7624	42
7625	42
7626	45
7627	47
7628	35
7629	48
7630	57
7631	64
7632	43
7633	36
7634	21
7635	32
7636	46
7637	57
7638	51
7639	42
7640	44
7641	36
7642	56
7643	62
7644	63
7645	44
7646	44
7647	50
7648	39
7649	58
7650	60
7651	41
7652	53
7653	45
7654	47
7655	48
7656	38
7657	51
7658	34
7659	45
7660	35
7661	50
7662	44
7663	49
7664	40
7665	55
7666	57
7667	49
7668	40
7669	56
7670	42
7671	33
7672	47
7673	56
7674	50
7675	49
7676	36
7677	43
7678	44
7679	30
7680	28
7681	51
7682	44
7683	38
7684	54
7685	63
7686	36
7687	37
7688	41
7689	54
7690	35
7691	34
7692	53
7693	54
7694	35
7695	48
7696	53
7697	47
7698	47
7699	39
7700	55
7701	37
7702	45
7703	53
7704	32
7705	34
7706	56
7707	45
7708	53
7709	41
7710	31
7711	43
7712	64
7713	40
7714	61
7715	39
7716	46
7717	56
7718	50
7719	36
7720	43
7721	32
7722	21
7723	37
7724	44
7725	28
7726	49
7727	39
7728	51
7729	49
7730	44
7731	45
7732	37
7733	39
7734	44
7735	57
7736	23
7737	28
7738	30
7739	24
7740	42
7741	45
7742	38
7743	37
7744	32
7745	57
7746	45
7747	46
7748	28
7749	40
7750	52
7751	39
7752	44
7753	14
7754	31
7755	40
7756	39
7757	38
7758	52
7759	54
7760	41
7761	51
7762	37
7763	52
7764	52
7765	43
7766	32
7767	39
7768	46
7769	64
7770	26
7771	38
7772	47
7773	42
7774	43
7775	54
7776	50
7777	26
7778	57
7779	48
7780	56
7781	47
7782	47
7783	31
7784	42
7785	45
7786	37
7787	46
7788	61
7789	48
7790	55
7791	45
7792	46
7793	38
7794	32
7795	34
7796	57
7797	52
7798	36
7799	38
7800	55
7801	44
7802	45
7803	57
7804	43
7805	52
7806	50
7807	52
7808	49
7809	57
7810	60
7811	38
7812	57
7813	53
7814	52
7815	34
7816	54
7817	48
7818	55
7819	47
7820	50
7821	51
7822	43
7823	49
7824	59
7825	64
7826	53
7827	47
7828	69
7829	62
7830	51
7831	42
7832	63
7833	51
7834	52
7835	55
7836	45
7837	43
7838	52
7839	47
7840	34
7841	50
7842	37
7843	46
7844	45
7845	40
7846	62
7847	61
7848	43
7849	50
7850	51
7851	44
7852	67
7853	45
7854	55
7855	58
7856	59
7857	56
7858	38
7859	47
7860	63
7861	54
7862	50
7863	71
7864	46
7865	53
7866	65
7867	52
7868	67
7869	48
7870	55
7871	48
7872	82
7873	48
7874	58
7875	61
7876	41
7877	49
7878	42
7879	50
7880	40
7881	39
7882	46
7883	81
7884	80
7885	110
7886	69
7887	53
7888	94
7889	49
7890	60
7891	66
7892	65
7893	48
7894	49
7895	39
7896	39
7897	80
7898	72
7899	57
7900	51
7901	62
7902	54
7903	76
7904	77
7905	71
7906	71
7907	57
7908	60
7909	70
7910	68
7911	64
7912	53
7913	52
7914	63
7915	56
7916	72
7917	56
7918	75
7919	58
7920	59
7921	60
7922	62
7923	59
7924	49
7925	58
7926	75
7927	82
7928	56
7929	68
7930	73
7931	61
7932	60
7933	68
7934	49
7935	64
7936	62
7937	49
7938	96
7939	73
7940	96
7941	62
7942	51
7943	73
7944	43
7945	57
7946	56
7947	68
7948	65
7949	58
7950	71
7951	57
7952	75
7953	65
7954	55
7955	65
7956	63
7957	46
7958	76
7959	57
7960	52
7961	56
7962	85
7963	54
7964	60
7965	70
7966	56
7967	60
7968	52
7969	62
7970	80
7971	57
7972	53
7973	65
7974	45
7975	37
7976	39
7977	36
7978	56
7979	47
7980	34
7981	45
7982	71
7983	67
7984	74
7985	47
7986	58
7987	66
7988	37
7989	64
7990	79
7991	57
7992	60
7993	42
7994	47
7995	46
7996	54
7997	66
7998	49
7999	48
8000	476761
