0	0
1	0
2	0
3	0
4	0
5	0
6	0
7	0
8	0
9	0
10	0
11	0
12	0
13	0
14	0
15	0
16	0
17	0
18	0
19	0
20	0
21	0
22	0
23	0
24	0
25	0
26	0
27	0
28	0
29	2
30	0
31	1
32	1
33	0
34	1
35	1
36	3
37	1
38	0
39	4
40	3
41	3
42	2
43	2
44	5
45	3
46	1
47	18
48	3
49	8
50	4
51	7
52	5
53	6
54	4
55	3
56	4
57	4
58	5
59	3
60	3
61	6
62	8
63	6
64	12
65	7
66	13
67	8
68	8
69	13
70	5
71	11
72	4
73	10
74	8
75	10
76	6
77	13
78	20
79	12
80	10
81	16
82	15
83	34
84	40
85	15
86	15
87	20
88	21
89	33
90	37
91	34
92	19
93	30
94	37
95	34
96	28
97	34
98	59
99	37
100	44
101	40
102	40
103	52
104	45
105	39
106	42
107	43
108	47
109	55
110	54
111	65
112	75
113	64
114	97
115	70
116	65
117	54
118	82
119	73
120	64
121	85
122	75
123	85
124	61
125	84
126	100
127	86
128	98
129	73
130	102
131	114
132	118
133	104
134	91
135	116
136	110
137	103
138	140
139	129
140	98
141	126
142	135
143	162
144	130
145	101
146	108
147	108
148	141
149	100
150	78
151	78
152	108
153	125
154	114
155	119
156	86
157	103
158	135
159	131
160	174
161	141
162	186
163	86
164	147
165	222
166	148
167	206
168	168
169	170
170	179
171	166
172	238
173	160
174	180
175	223
176	233
177	151
178	149
179	204
180	191
181	218
182	229
183	184
184	147
185	178
186	201
187	302
188	216
189	160
190	201
191	213
192	172
193	246
194	207
195	272
196	198
197	206
198	187
199	264
200	139
201	275
202	206
203	216
204	219
205	185
206	307
207	136
208	190
209	279
210	228
211	254
212	213
213	266
214	241
215	188
216	239
217	245
218	296
219	174
220	239
221	229
222	148
223	253
224	211
225	182
226	205
227	229
228	161
229	210
230	288
231	254
232	260
233	164
234	157
235	199
236	249
237	190
238	233
239	247
240	218
241	203
242	248
243	175
244	302
245	209
246	258
247	249
248	194
249	293
250	270
251	220
252	282
253	418
254	256
255	252
256	220
257	217
258	198
259	251
260	315
261	348
262	197
263	184
264	224
265	283
266	315
267	254
268	239
269	205
270	156
271	257
272	251
273	291
274	253
275	163
276	239
277	149
278	158
279	229
280	186
281	269
282	291
283	208
284	249
285	220
286	267
287	234
288	287
289	219
290	223
291	208
292	200
293	291
294	252
295	174
296	287
297	233
298	268
299	243
300	285
301	172
302	225
303	207
304	222
305	226
306	250
307	346
308	158
309	133
310	189
311	182
312	170
313	109
314	165
315	159
316	159
317	176
318	163
319	226
320	99
321	160
322	214
323	215
324	186
325	162
326	148
327	140
328	200
329	176
330	228
331	143
332	140
333	163
334	159
335	128
336	188
337	111
338	162
339	133
340	117
341	141
342	129
343	126
344	166
345	139
346	139
347	158
348	104
349	66
350	133
351	121
352	187
353	106
354	168
355	125
356	126
357	133
358	108
359	158
360	224
361	143
362	122
363	167
364	97
365	190
366	106
367	87
368	107
369	98
370	84
371	86
372	115
373	177
374	204
375	69
376	88
377	137
378	104
379	89
380	132
381	216
382	125
383	154
384	93
385	130
386	88
387	129
388	108
389	81
390	143
391	138
392	150
393	123
394	135
395	165
396	75
397	120
398	132
399	113
400	141
401	116
402	109
403	130
404	114
405	155
406	170
407	126
408	87
409	63
410	171
411	95
412	99
413	77
414	91
415	62
416	109
417	91
418	92
419	95
420	73
421	110
422	76
423	51
424	66
425	122
426	90
427	102
428	100
429	70
430	66
431	60
432	102
433	64
434	78
435	58
436	46
437	67
438	70
439	102
440	48
441	76
442	57
443	94
444	83
445	145
446	42
447	50
448	75
449	55
450	50
451	67
452	43
453	98
454	69
455	50
456	62
457	64
458	77
459	95
460	75
461	37
462	56
463	57
464	52
465	71
466	49
467	28
468	69
469	62
470	54
471	40
472	55
473	44
474	30
475	53
476	32
477	29
478	38
479	44
480	32
481	36
482	38
483	61
484	32
485	67
486	36
487	34
488	67
489	40
490	46
491	34
492	29
493	16
494	21
495	27
496	20
497	31
498	17
499	45
500	37
501	41
502	40
503	27
504	53
505	47
506	23
507	53
508	53
509	42
510	36
511	33
512	28
513	39
514	28
515	19
516	35
517	38
518	50
519	26
520	27
521	68
522	41
523	33
524	45
525	28
526	37
527	19
528	27
529	29
530	34
531	20
532	46
533	22
534	46
535	27
536	57
537	31
538	33
539	29
540	37
541	29
542	42
543	28
544	30
545	31
546	35
547	48
548	40
549	15
550	15
551	25
552	13
553	22
554	8
555	20
556	33
557	13
558	12
559	14
560	30
561	16
562	21
