0	0
1	0
2	0
3	0
4	0
5	0
6	0
7	0
8	0
9	0
10	0
11	0
12	0
13	0
14	0
15	0
16	0
17	0
18	0
19	0
20	0
21	0
22	0
23	0
24	0
25	0
26	0
27	0
28	0
29	2
30	0
31	1
32	1
33	0
34	1
35	1
36	3
37	1
38	0
39	4
40	3
41	3
42	2
43	2
44	5
45	3
46	1
47	7
48	3
49	8
50	4
51	7
52	5
53	6
54	4
55	3
56	4
57	4
58	4
59	3
60	3
61	5
62	8
63	6
64	11
65	7
66	13
67	8
68	8
69	13
70	4
71	11
72	4
73	10
74	8
75	10
76	6
77	13
78	19
79	12
80	10
81	15
82	13
83	26
84	26
85	14
86	15
87	18
88	20
89	30
90	32
91	29
92	19
93	27
94	28
95	30
96	27
97	32
98	52
99	31
100	42
101	40
102	28
103	40
104	40
105	35
106	39
107	41
108	41
109	50
110	45
111	54
112	55
113	53
114	57
115	56
116	53
117	47
118	65
119	58
120	50
121	68
122	60
123	64
124	49
125	74
126	69
127	65
128	69
129	55
130	75
131	79
132	82
133	74
134	79
135	82
136	76
137	73
138	96
139	81
140	76
141	82
142	93
143	105
144	93
145	69
146	72
147	83
148	83
149	63
150	44
151	59
152	62
153	68
154	75
155	74
156	46
157	65
158	72
159	86
160	86
161	78
162	92
163	53
164	97
165	112
166	93
167	110
168	87
169	97
170	107
171	86
172	108
173	87
174	89
175	108
176	93
177	88
178	84
179	102
180	89
181	106
182	111
183	95
184	82
185	98
186	96
187	118
188	95
189	95
190	104
191	95
192	87
193	111
194	105
195	109
196	98
197	104
198	81
199	95
200	84
201	120
202	98
203	88
204	107
205	95
206	125
207	66
208	92
209	114
210	99
211	96
212	89
213	110
214	90
215	89
216	111
217	103
218	115
219	83
220	84
221	89
222	89
223	100
224	84
225	84
226	86
227	85
228	75
229	97
230	119
231	100
232	112
233	76
234	69
235	99
236	94
237	87
238	95
239	79
240	96
241	81
242	101
243	97
244	115
245	93
246	92
247	110
248	91
249	98
250	102
251	100
252	107
253	137
254	81
255	96
256	89
257	91
258	100
259	105
260	120
261	107
262	86
263	80
264	97
265	105
266	115
267	104
268	94
269	96
270	75
271	107
272	93
273	104
274	96
275	83
276	88
277	74
278	80
279	95
280	86
281	102
282	123
283	95
284	112
285	88
286	115
287	102
288	104
289	88
290	94
291	90
292	78
293	119
294	111
295	83
296	100
297	119
298	111
299	105
300	113
301	86
302	105
303	94
304	107
305	110
306	102
307	106
308	90
309	79
310	82
311	102
312	84
313	67
314	94
315	77
316	83
317	80
318	71
319	96
320	55
321	76
322	95
323	122
324	83
325	89
326	73
327	84
328	77
329	86
330	98
331	73
332	65
333	84
334	67
335	65
336	80
337	61
338	84
339	62
340	71
341	77
342	71
343	71
344	77
345	78
346	57
347	77
348	64
349	44
350	71
351	67
352	93
353	60
354	74
355	66
356	77
357	71
358	59
359	78
360	111
361	65
362	61
363	86
364	65
365	79
366	54
367	56
368	62
369	51
370	54
371	59
372	72
373	89
374	86
375	41
376	48
377	81
378	64
379	62
380	82
381	93
382	61
383	88
384	62
385	71
386	58
387	74
388	68
389	54
390	65
391	62
392	72
393	73
394	71
395	85
396	46
397	77
398	64
399	61
400	77
401	64
402	69
403	82
404	75
405	82
406	84
407	63
408	46
409	51
410	85
411	62
412	54
413	45
414	54
415	47
416	50
417	65
418	53
419	69
420	43
421	59
422	44
423	39
424	41
425	58
426	60
427	52
428	53
429	44
430	40
431	39
432	52
433	43
434	42
435	35
436	35
437	39
438	39
439	53
440	41
441	52
442	33
443	58
444	57
445	69
446	37
447	34
448	44
449	41
450	36
451	40
452	33
453	60
454	44
455	37
456	36
457	45
458	52
459	37
460	47
461	35
462	36
463	40
464	38
465	47
466	30
467	25
468	43
469	49
470	35
471	30
472	31
473	29
474	26
475	26
476	26
477	26
478	24
479	35
480	26
481	28
482	26
483	39
484	21
485	42
486	27
487	24
488	38
489	26
490	27
491	29
492	22
493	16
494	16
495	23
496	18
497	22
498	17
499	33
500	26
501	29
502	29
503	21
504	41
505	38
506	22
507	45
508	41
509	35
510	31
511	26
512	22
513	32
514	20
515	17
516	27
517	30
518	35
519	22
520	20
521	25
522	35
523	21
524	36
525	23
526	26
527	16
528	20
529	28
530	25
531	18
532	38
533	19
534	32
535	22
536	33
537	28
538	25
539	28
540	35
541	25
542	15
543	23
544	19
545	26
546	24
547	25
548	27
549	14
550	13
551	19
552	13
553	17
554	8
555	15
556	22
557	11
558	12
559	14
560	21
561	14
562	15
563	16
564	5
565	17
566	15
567	16
568	18
569	5
570	30
