17	1
18	2
19	3
20	1
21	2
22	1
23	2
24	1
26	3
27	3
28	3
29	3
30	1
31	2
32	3
33	2
34	5
35	11
36	9
37	3
38	3
39	5
40	3
41	11
42	18
43	18
44	18
45	20
46	17
47	14
48	15
49	14
50	17
51	23
52	15
53	14
54	23
55	25
56	32
57	45
58	37
59	44
60	35
61	26
62	38
63	38
64	35
65	44
66	26
67	34
68	36
69	45
70	58
71	40
72	72
73	54
74	43
75	60
76	45
77	65
78	77
79	95
80	94
81	91
82	102
83	141
84	121
85	133
86	127
87	113
88	131
89	196
90	186
91	193
92	227
93	211
94	192
95	220
96	228
97	245
98	263
99	260
100	275
101	325
102	361
103	387
104	420
105	394
106	433
107	433
108	495
109	583
110	527
111	549
112	682
113	587
114	661
115	619
116	631
117	754
118	616
119	648
120	810
121	769
122	750
123	810
124	949
125	964
126	874
127	883
128	858
129	907
130	954
131	985
132	1150
133	1211
134	1317
135	1363
136	1188
137	1246
138	1506
139	1594
140	1777
141	2018
142	2219
143	2696
144	3478
145	5563
146	9449
147	11124
148	17491
149	92411
150	65829
