17	1
18	2
19	3
20	1
21	2
22	1
23	2
24	1
26	2
27	3
28	3
29	3
30	1
31	2
32	3
33	2
34	5
35	11
36	9
37	3
38	3
39	5
40	3
41	10
42	15
43	15
44	14
45	12
46	11
47	13
48	11
49	11
50	16
51	17
52	11
53	13
54	21
55	24
56	24
57	25
58	25
59	28
60	24
61	22
62	31
63	32
64	29
65	40
66	26
67	31
68	31
69	40
70	49
71	31
72	55
73	45
74	34
75	46
76	37
77	52
78	54
79	67
80	66
81	68
82	68
83	88
84	69
85	87
86	83
87	73
88	87
89	126
90	116
91	118
92	138
93	145
94	138
95	137
96	146
97	139
98	161
99	152
100	159
101	180
102	215
103	219
104	211
105	209
106	232
107	232
108	244
109	267
110	267
111	269
112	342
113	292
114	347
115	309
116	312
117	333
118	275
119	304
120	392
121	375
122	342
123	396
124	392
125	407
126	423
127	442
128	397
129	410
130	464
131	463
132	499
133	521
134	528
135	535
136	487
137	527
138	610
139	637
140	713
141	807
142	839
143	925
144	1193
145	1521
146	2270
147	3353
148	4615
149	10798
150	8378
