0	0
1	0
2	0
3	0
4	0
5	0
6	0
7	0
8	0
9	0
10	0
11	0
12	2
13	3
14	4
15	6
16	10
17	9
18	2
19	5
20	5
21	2
22	6
23	2
24	11
25	15
26	10
27	19
28	10
29	9
30	6
31	19
32	16
33	23
34	18
35	14
36	25
37	17
38	27
39	19
40	29
41	30
42	24
43	34
44	33
45	27
46	35
47	29
48	32
49	33
50	37
51	51
52	39
53	42
54	46
55	43
56	56
57	72
58	53
59	62
60	63
61	64
62	67
63	65
64	67
65	69
66	73
67	67
68	56
69	70
70	70
71	75
72	59
73	66
74	79
75	76
76	63
77	106
78	95
79	86
80	117
81	116
82	112
83	109
84	107
85	111
86	114
87	79
88	137
89	144
90	114
91	108
92	127
93	122
94	147
95	151
96	122
97	132
98	117
99	140
100	149
101	126
102	166
103	162
104	161
105	150
106	119
107	149
108	149
109	167
110	158
111	138
112	134
113	151
114	126
115	141
116	144
117	153
118	177
119	149
120	109
121	171
122	112
123	140
124	166
125	178
126	148
127	191
128	154
129	169
130	158
131	139
132	149
133	164
134	142
135	137
136	167
137	189
138	147
139	157
140	162
141	135
142	158
143	178
144	162
145	107
146	133
147	129
148	159
149	163
150	127
151	126
152	135
153	145
154	145
155	148
156	134
157	135
158	129
159	142
160	167
161	140
162	143
163	153
164	154
165	159
166	161
167	177
168	160
169	127
170	183
171	151
172	169
173	166
174	148
175	150
176	144
177	178
178	126
179	122
180	154
181	138
182	141
183	136
184	148
185	124
186	142
187	173
188	169
189	145
190	186
191	144
192	156
193	146
194	147
195	148
196	136
197	143
198	119
199	136
200	114
201	126
202	135
203	132
204	140
205	113
206	134
207	131
208	146
209	147
210	160
211	133
212	162
213	117
214	146
215	127
216	124
217	128
218	111
219	123
220	123
221	141
222	133
223	135
224	141
225	139
226	151
227	132
228	141
229	137
230	130
231	128
232	79
233	127
234	108
235	104
236	116
237	126
238	134
239	152
240	140
241	110
242	131
243	147
244	129
245	158
246	144
247	145
248	146
249	115
250	150
251	160
252	173
253	169
254	142
255	141
256	156
257	173
258	157
259	192
260	144
261	170
262	166
263	182
264	192
265	183
266	215
267	188
268	173
269	154
270	201
271	145
272	137
273	136
274	179
275	173
276	175
277	139
278	179
279	166
280	168
281	205
282	155
283	144
284	166
285	166
286	165
287	198
288	159
289	193
290	180
291	163
292	188
293	163
294	176
295	153
296	179
297	185
298	185
299	180
300	166
301	170
302	173
303	199
304	185
305	169
306	190
307	168
308	168
309	167
310	155
311	172
312	188
313	180
314	186
315	144
316	187
317	160
318	172
319	177
320	168
321	162
322	195
323	175
324	170
325	157
326	165
327	168
328	178
329	180
330	159
331	161
332	167
333	184
334	175
335	142
336	154
337	171
338	147
339	160
340	152
341	176
342	183
343	172
344	185
345	148
346	169
347	156
348	156
349	169
350	133
351	142
352	184
353	158
354	172
355	152
356	135
357	189
358	171
359	176
360	143
361	175
362	174
363	166
364	174
365	188
366	145
367	171
368	195
369	201
370	171
371	160
372	144
373	180
374	189
375	160
376	165
377	179
378	175
379	187
380	214
381	166
382	163
383	177
384	220
385	182
386	162
387	171
388	159
389	141
390	167
391	147
392	144
393	174
394	162
395	139
396	190
397	129
398	164
399	145
400	162
401	167
402	176
403	179
404	213
405	183
406	182
407	195
408	166
409	165
410	185
411	171
412	175
413	152
414	149
415	159
416	153
417	146
418	135
419	143
420	167
421	153
422	149
423	156
424	153
425	149
426	173
427	133
428	148
429	142
430	143
431	145
432	133
433	125
434	129
435	145
436	121
437	141
438	147
439	141
440	125
441	144
442	160
443	147
444	163
445	132
446	119
447	123
448	126
449	111
450	122
451	96
452	116
453	117
454	110
455	95
456	78
457	103
458	85
459	91
460	90
461	99
462	74
463	94
464	90
465	86
466	94
467	100
468	69
469	107
470	89
471	82
472	79
473	67
474	96
475	82
476	81
477	99
478	90
479	73
480	84
481	69
482	69
483	92
484	71
485	68
486	91
487	89
488	104
489	79
490	70
491	65
492	62
493	78
494	83
495	64
496	85
497	67
498	65
499	61
500	76
501	74
502	78
503	56
504	94
505	59
506	58
507	105
508	117
509	67
510	83
511	50
512	58
513	71
514	73
515	71
516	69
517	53
518	83
519	77
520	62
521	85
522	60
523	77
524	52
525	90
526	75
527	60
528	66
529	54
530	36
531	33
532	55
533	69
534	45
535	58
536	39
537	53
538	57
539	60
540	73
541	42
542	46
543	42
544	57
545	59
546	59
547	49
548	40
549	44
550	41
551	50
552	41
553	61
554	51
555	59
556	41
557	31
558	46
559	40
560	33
561	36
562	44
563	24
564	33
565	31
566	49
567	28
568	22
569	31
570	42
571	27
572	29
573	41
574	38
575	46
576	18
577	21
578	38
579	21
