0	0
1	0
2	0
3	0
4	0
5	0
6	0
7	0
8	0
9	0
10	0
11	0
12	0
13	8
14	43
15	74
16	96
17	86
18	61
19	65
20	58
21	65
22	53
23	63
24	61
25	65
26	82
27	94
28	125
29	149
30	185
31	254
32	313
33	317
34	409
35	471
36	561
37	654
38	751
39	899
40	943
41	1127
42	1238
43	1416
44	1529
45	1683
46	1886
47	2071
48	2311
49	2317
50	2512
51	2725
52	2803
53	2900
54	2935
55	3175
56	3439
57	3475
58	3293
59	3673
60	3484
61	3815
62	3778
63	3983
64	4216
65	4121
66	4148
67	4367
68	4523
69	4697
70	4982
71	5030
72	4881
73	5256
74	5244
75	5617
76	5492
77	5750
78	5645
79	5916
80	5881
81	6060
82	6012
83	6858
84	6239
85	6818
86	6551
87	6704
88	6518
89	7128
90	8764
91	7669
92	6995
93	7235
94	7005
95	7143
96	7060
97	7566
98	7308
99	7355
100	7490
101	7418
102	7358
103	7718
104	7448
105	7596
106	7587
107	7862
108	7558
109	7740
110	7659
111	7442
112	7473
113	7798
114	7824
115	7676
116	7753
117	7710
118	7795
119	7878
120	7712
121	7876
122	7802
123	7695
124	7649
125	7964
126	7622
127	7548
128	7576
129	7594
130	7893
131	7737
132	7667
133	7442
134	7649
135	7225
136	7136
137	7211
138	7033
139	7178
140	7186
141	6939
142	7164
143	7042
144	7004
145	6340
146	6461
147	7215
148	7440
149	7681
150	7496
151	7547
152	7402
153	7341
154	7546
155	7473
156	7218
157	7250
158	7240
159	6944
160	7023
161	6949
162	7045
163	6812
164	6881
165	6700
166	6475
167	6331
168	6514
169	6231
170	6273
171	6424
172	6063
173	6167
174	6157
175	6313
176	5866
177	5840
178	5996
179	5942
180	6098
181	5989
182	5769
183	5617
184	5515
185	5500
186	5606
187	5479
188	5515
189	5562
190	5441
191	5516
192	5251
193	5341
194	5307
195	5097
196	5138
197	5144
198	4998
199	4913
200	5090
201	5031
202	5087
203	4983
204	4782
205	4894
206	4897
207	4969
208	4809
209	4711
210	4703
211	4723
212	4540
213	4512
214	4401
215	4343
216	4413
217	4370
218	4342
219	4286
220	4281
221	4132
222	4271
223	4162
224	4334
225	4208
226	4306
227	4177
228	4134
229	3960
230	3887
231	3707
232	4060
233	3931
234	3963
235	4080
236	3901
237	3902
238	4037
239	3948
240	3724
241	3735
242	3741
243	3670
244	3572
245	3771
246	3656
247	3750
248	3721
249	3615
250	3699
251	3668
252	3518
253	3436
254	3516
255	3421
256	3522
257	3566
258	3341
259	3319
260	3470
261	3523
262	3534
263	3275
264	3240
265	3205
266	3221
267	3119
268	3244
269	3232
270	3168
271	3282
272	2961
273	3119
274	3137
275	3250
276	3119
277	3111
278	3078
279	2977
280	3077
281	2960
282	3006
283	2941
284	2998
285	2969
286	2901
287	2792
288	2889
289	2847
290	2892
291	2773
292	2766
293	2758
294	2818
295	2744
296	2670
297	2849
298	2843
299	2540
300	2704
301	2610
302	2705
303	2477
304	2570
305	2662
306	2604
307	2664
308	2533
309	2620
310	2554
311	2552
312	2386
313	2538
314	2432
315	2497
316	2382
317	2304
318	2334
319	2378
320	2344
321	2279
322	2231
323	2302
324	2250
325	2268
326	2262
327	2252
328	2247
329	2045
330	2172
331	2231
332	2192
333	2151
334	2118
335	2184
336	2071
337	2037
338	2111
339	2035
340	2103
341	2002
342	2132
343	2145
344	2020
345	2062
346	1871
347	1988
348	2062
349	2152
350	2019
351	2075
352	2002
353	1986
354	2040
355	1934
356	2077
357	1970
358	1949
359	1917
360	1902
361	1869
362	1678
363	1787
364	1849
365	1881
366	1864
367	1870
368	1767
369	1819
370	1838
371	1850
372	1769
373	1805
374	1664
375	1758
376	1832
377	1817
378	1739
379	1772
380	1715
381	1618
382	1672
383	1554
384	1559
385	1589
386	1664
387	1611
388	1724
389	1576
390	1567
391	1663
392	1669
393	1612
394	1601
395	1518
396	1608
397	1613
398	1630
399	1555
400	1470
401	1552
402	1518
403	1503
404	1397
405	1431
406	1483
407	1407
408	1459
409	1436
410	1519
411	1411
412	1436
413	1386
414	1334
415	1355
416	1349
417	1290
418	1324
419	1233
420	1348
421	1274
422	1411
423	1377
424	1321
425	1395
426	1354
427	1363
428	1343
429	1248
430	1252
431	1227
432	1254
433	1204
434	1201
435	1177
436	1122
437	1227
438	1228
439	1188
440	1305
441	1152
442	1170
443	1261
444	1204
445	1187
446	1180
447	1198
448	1166
449	1122
450	1191
451	1145
452	1081
453	1161
454	1066
455	1206
456	1014
457	1151
458	1129
459	1086
460	1112
461	1100
462	1126
463	1022
464	1110
465	1043
466	1160
467	1018
468	1030
469	1104
470	999
471	1034
472	1002
473	995
474	1091
475	993
476	1081
477	1019
478	1036
479	1019
480	912
481	942
482	1003
483	911
484	1007
485	1021
486	970
487	939
488	1036
489	1041
490	949
491	980
492	951
493	872
494	922
495	975
496	1023
497	974
498	1021
499	969
500	978
501	961
502	1000
503	939
504	951
505	1089
506	1038
507	1030
508	1023
509	921
510	1005
511	925
512	947
513	956
514	965
515	988
516	960
517	888
518	906
519	914
520	888
521	889
522	914
523	922
524	970
525	875
526	859
527	880
528	937
529	880
530	872
531	845
532	935
533	878
534	787
535	926
536	873
537	901
538	923
539	887
540	877
541	871
542	822
543	803
544	927
545	917
546	901
547	892
548	879
549	887
550	828
551	876
552	880
553	909
554	877
555	902
556	826
557	896
558	892
559	857
560	848
561	857
562	790
563	815
564	836
565	789
566	880
567	744
568	788
569	808
570	886
571	764
572	796
573	783
574	788
575	759
576	784
577	735
578	794
579	759
580	812
581	836
582	898
583	801
584	824
585	736
586	785
587	763
588	749
589	769
590	779
591	826
592	741
593	800
594	816
595	834
596	723
597	785
598	769
599	775
600	831
601	815
602	695
603	738
604	806
605	780
606	767
607	756
608	799
609	815
610	753
611	754
612	748
613	714
614	637
615	759
616	681
617	690
618	724
619	749
620	746
621	691
622	733
623	778
624	768
625	761
626	717
627	786
628	773
629	758
630	691
631	718
632	728
633	747
634	732
635	729
636	720
637	713
638	759
639	718
640	699
641	747
642	668
643	740
644	692
645	702
646	681
647	648
648	737
649	754
650	815
651	684
652	711
653	731
654	647
655	727
656	651
657	671
658	697
659	702
660	710
661	791
662	761
663	721
664	731
665	674
666	666
667	755
668	726
669	637
670	651
671	678
672	739
673	694
674	680
675	735
676	659
677	716
678	697
679	656
680	661
681	660
682	682
683	696
684	670
685	716
686	609
687	674
688	748
689	701
690	641
691	659
692	704
693	671
694	663
695	684
696	666
697	631
698	686
699	650
700	687
701	675
702	670
703	708
704	676
705	752
706	635
707	731
708	722
709	728
710	689
711	749
712	711
713	664
714	651
715	650
716	579
717	614
718	665
719	653
720	712
721	668
722	665
723	652
724	636
725	616
726	615
727	608
728	593
729	628
730	699
731	659
732	663
733	593
734	664
735	550
736	604
737	656
738	693
739	685
740	724
741	611
742	617
743	596
744	640
745	603
746	567
747	560
748	562
749	582
750	560
751	520
752	584
753	586
754	570
755	549
756	607
757	583
758	616
759	555
760	524
761	551
762	533
763	534
764	560
765	482
766	510
767	562
768	529
769	582
770	514
771	573
772	582
773	583
774	529
775	602
776	556
777	559
778	470
779	559
780	571
781	524
782	478
783	459
784	543
785	563
786	582
787	588
788	596
789	597
790	569
791	554
792	573
793	555
794	557
795	588
796	511
797	539
798	543
799	500
800	632
801	598
802	606
803	587
804	538
805	531
806	547
807	540
808	541
809	591
810	559
811	610
812	578
813	538
814	514
815	523
816	490
817	539
818	489
819	527
820	506
821	536
822	538
823	533
824	551
825	561
826	550
827	557
828	494
829	534
830	503
831	507
832	559
833	555
834	513
835	565
836	557
837	554
838	481
839	541
840	526
841	459
842	495
843	514
844	569
845	574
846	550
847	551
848	506
849	500
850	529
851	513
852	543
853	531
854	478
855	552
856	530
857	621
858	502
859	552
860	509
861	505
862	466
863	591
864	537
865	545
866	542
867	548
868	521
869	567
870	604
871	506
872	513
873	522
874	533
875	496
876	569
877	554
878	554
879	544
880	542
881	617
882	562
883	495
884	604
885	538
886	579
887	599
888	502
889	531
890	516
891	519
892	454
893	476
894	505
895	521
896	478
897	501
898	533
899	514
900	505
901	511
902	560
903	489
904	496
905	522
906	471
907	501
908	475
909	488
910	482
911	531
912	450
913	476
914	512
915	476
916	396
917	470
918	392
919	524
920	498
921	510
922	477
923	493
924	509
925	452
926	430
927	466
928	480
929	500
930	477
931	510
932	461
933	513
934	460
935	462
936	462
937	487
938	457
939	522
940	483
941	528
942	570
943	564
944	493
945	542
946	470
947	527
948	521
949	508
950	507
951	560
952	527
953	546
954	557
955	558
956	539
957	487
958	529
959	529
960	515
961	526
962	554
963	425
964	547
965	496
966	505
967	503
968	512
969	545
970	596
971	556
972	558
973	537
974	472
975	502
976	553
977	491
978	501
979	474
980	471
981	514
982	488
983	552
984	527
985	515
986	498
987	506
988	452
989	523
990	578
991	437
992	476
993	614
994	583
995	487
996	466
997	466
998	510
999	514
1000	512
1001	499
1002	461
1003	448
1004	556
1005	529
1006	497
1007	497
1008	476
1009	520
1010	522
1011	484
1012	458
1013	532
1014	459
1015	426
1016	517
1017	488
1018	488
1019	465
1020	452
1021	524
1022	470
1023	428
1024	472
1025	425
1026	381
1027	514
1028	441
1029	401
1030	459
1031	521
1032	483
1033	445
1034	461
1035	399
1036	473
1037	387
1038	441
1039	447
1040	456
1041	430
1042	421
1043	479
1044	423
1045	432
1046	442
1047	451
1048	485
1049	483
1050	505
1051	478
1052	462
1053	435
1054	505
1055	483
1056	444
1057	458
1058	460
1059	410
1060	356
1061	398
1062	474
1063	384
1064	435
1065	474
1066	435
1067	383
1068	439
1069	402
1070	433
1071	445
1072	479
1073	380
1074	381
1075	407
1076	423
1077	422
1078	452
1079	421
1080	380
1081	377
1082	382
1083	446
1084	403
1085	420
1086	396
1087	369
1088	434
1089	443
1090	465
1091	437
1092	445
1093	464
1094	418
1095	431
1096	423
1097	456
1098	416
1099	446
1100	471
1101	429
1102	430
1103	385
1104	409
1105	392
1106	447
1107	471
1108	466
1109	414
1110	425
1111	434
1112	387
1113	398
1114	442
1115	427
1116	393
1117	475
1118	429
1119	486
1120	454
1121	412
1122	411
1123	435
1124	455
1125	426
1126	471
1127	465
1128	429
1129	408
1130	415
1131	394
1132	453
1133	474
1134	471
1135	496
1136	443
1137	416
1138	444
1139	413
1140	391
1141	480
1142	467
1143	426
1144	454
1145	427
1146	452
1147	429
1148	456
1149	438
1150	410
1151	444
1152	391
1153	477
1154	463
1155	410
1156	449
1157	423
1158	429
1159	413
1160	442
1161	466
1162	427
1163	443
1164	444
1165	450
1166	439
1167	420
1168	442
1169	435
1170	491
1171	363
1172	416
1173	432
1174	464
1175	435
1176	434
1177	492
1178	424
1179	457
1180	465
1181	464
1182	392
1183	427
1184	449
1185	396
1186	403
1187	444
1188	365
1189	418
1190	417
1191	419
1192	398
1193	426
1194	337
1195	366
1196	359
1197	409
1198	407
1199	401
1200	411
1201	388
1202	422
1203	371
1204	358
1205	420
1206	425
1207	464
1208	505
1209	379
1210	404
1211	402
1212	359
1213	418
1214	364
1215	353
1216	346
1217	326
1218	426
1219	406
1220	433
1221	415
1222	396
1223	397
1224	436
1225	388
1226	393
1227	401
1228	407
1229	397
1230	420
1231	375
1232	442
1233	388
1234	391
1235	433
1236	397
1237	356
1238	323
1239	380
1240	391
1241	420
1242	410
1243	398
1244	338
1245	368
1246	318
1247	413
1248	380
1249	487
1250	393
1251	339
1252	431
1253	405
1254	339
1255	425
1256	434
1257	370
1258	427
1259	432
1260	457
1261	448
1262	406
1263	447
1264	435
1265	455
1266	472
1267	443
1268	393
1269	387
1270	419
1271	426
1272	412
1273	406
1274	420
1275	356
1276	378
1277	400
1278	391
1279	401
1280	359
1281	394
1282	393
1283	362
1284	393
1285	421
1286	413
1287	366
1288	409
1289	381
1290	411
1291	437
1292	415
1293	412
1294	366
1295	389
1296	400
1297	388
1298	377
1299	380
1300	389
1301	398
1302	417
1303	417
1304	398
1305	372
1306	378
1307	391
1308	380
1309	376
1310	380
1311	397
1312	397
1313	402
1314	405
1315	419
1316	414
1317	403
1318	368
1319	372
1320	385
1321	384
1322	413
1323	367
1324	424
1325	366
1326	382
1327	358
1328	399
1329	398
1330	400
1331	378
1332	377
1333	385
1334	397
1335	344
1336	315
1337	411
1338	436
1339	403
1340	410
1341	372
1342	385
1343	357
1344	321
1345	331
1346	329
1347	343
1348	333
1349	344
1350	316
1351	366
1352	327
1353	328
1354	320
1355	328
1356	353
1357	327
1358	345
1359	315
1360	342
1361	345
1362	338
1363	344
1364	332
1365	362
1366	365
1367	337
1368	278
1369	333
1370	365
1371	380
1372	339
1373	313
1374	346
1375	350
1376	330
1377	389
1378	306
1379	353
1380	368
1381	395
1382	347
1383	347
1384	404
1385	380
1386	408
1387	342
1388	366
1389	337
1390	379
1391	357
1392	397
1393	352
1394	422
1395	383
1396	335
1397	380
1398	376
1399	358
1400	369
1401	318
1402	387
1403	375
1404	344
1405	363
1406	362
1407	352
1408	362
1409	365
1410	399
1411	356
1412	300
1413	382
1414	375
1415	364
1416	388
1417	415
1418	362
1419	364
1420	450
1421	331
1422	344
1423	308
1424	344
1425	316
1426	324
1427	301
1428	361
1429	319
1430	307
1431	308
1432	326
1433	343
1434	329
1435	397
1436	305
1437	319
1438	352
1439	292
1440	315
1441	358
1442	340
1443	324
1444	305
1445	301
1446	299
1447	333
1448	335
1449	297
1450	334
1451	397
1452	346
1453	388
1454	356
1455	326
1456	366
1457	330
1458	376
1459	370
1460	390
1461	393
1462	348
1463	359
1464	358
1465	353
1466	344
1467	306
1468	365
1469	322
1470	360
1471	357
1472	355
1473	401
1474	375
1475	340
1476	345
1477	364
1478	355
1479	360
1480	384
1481	337
1482	319
1483	342
1484	332
1485	353
1486	319
1487	338
1488	338
1489	324
1490	321
1491	334
1492	346
1493	355
1494	363
1495	325
1496	317
1497	299
1498	375
1499	357
1500	343
1501	337
1502	365
1503	363
1504	378
1505	315
1506	363
1507	288
1508	345
1509	298
1510	356
1511	382
1512	341
1513	325
1514	402
1515	337
1516	365
1517	348
1518	340
1519	395
1520	309
1521	289
1522	303
1523	402
1524	362
1525	343
1526	328
1527	312
1528	336
1529	340
1530	364
1531	342
1532	367
1533	385
1534	442
1535	343
1536	354
1537	336
1538	384
1539	329
1540	338
1541	355
1542	313
1543	370
1544	316
1545	339
1546	340
1547	337
1548	382
1549	426
1550	362
1551	366
1552	349
1553	404
1554	384
1555	340
1556	346
1557	271
1558	324
1559	301
1560	345
1561	355
1562	342
1563	348
1564	324
1565	352
1566	293
1567	365
1568	416
1569	417
1570	403
1571	375
1572	390
1573	400
1574	358
1575	338
1576	381
1577	369
1578	312
1579	339
1580	416
1581	328
1582	357
1583	340
1584	362
1585	338
1586	350
1587	383
1588	349
1589	362
1590	371
1591	394
1592	341
1593	339
1594	392
1595	349
1596	335
1597	391
1598	333
1599	358
1600	353
1601	328
1602	307
1603	357
1604	340
1605	369
1606	391
1607	332
1608	376
1609	346
1610	335
1611	312
1612	334
1613	350
1614	369
1615	359
1616	352
1617	273
1618	284
1619	304
1620	293
1621	337
1622	375
1623	308
1624	285
1625	296
1626	333
1627	307
1628	381
1629	307
1630	337
1631	336
1632	294
1633	328
1634	302
1635	317
1636	299
1637	430
1638	315
1639	350
1640	338
1641	309
1642	356
1643	311
1644	322
1645	357
1646	377
1647	356
1648	347
1649	317
1650	315
1651	324
1652	304
1653	302
1654	333
1655	387
1656	331
1657	335
1658	330
1659	324
1660	364
1661	340
1662	321
1663	333
1664	336
1665	290
1666	320
1667	289
1668	339
1669	321
1670	375
1671	303
1672	301
1673	351
1674	335
1675	285
1676	268
1677	294
1678	263
1679	331
1680	334
1681	310
1682	364
1683	298
1684	308
1685	342
1686	302
1687	325
1688	294
1689	322
1690	318
1691	305
1692	315
1693	295
1694	339
1695	292
1696	272
1697	314
1698	299
1699	334
1700	274
1701	322
1702	341
1703	329
1704	335
1705	313
1706	313
1707	329
1708	348
1709	342
1710	334
1711	376
1712	343
1713	321
1714	275
1715	325
1716	292
1717	339
1718	395
1719	349
1720	323
1721	279
1722	300
1723	297
1724	307
1725	251
1726	350
1727	315
1728	336
1729	308
1730	301
1731	371
1732	325
1733	373
1734	372
1735	361
1736	372
1737	382
1738	336
1739	324
1740	344
1741	327
1742	296
1743	326
1744	313
1745	299
1746	367
1747	363
1748	339
1749	342
1750	341
1751	359
1752	322
1753	349
1754	306
1755	347
1756	300
1757	314
1758	270
1759	341
1760	300
1761	331
1762	326
1763	326
1764	310
1765	316
1766	306
1767	282
1768	303
1769	314
1770	308
1771	250
1772	338
1773	276
1774	285
1775	265
1776	290
1777	284
1778	276
1779	336
1780	298
1781	273
1782	258
1783	285
1784	300
1785	310
1786	258
1787	291
1788	332
1789	280
1790	325
1791	330
1792	321
1793	316
1794	288
1795	287
1796	255
1797	232
1798	271
1799	265
1800	265
1801	307
1802	284
1803	291
1804	238
1805	255
1806	304
1807	250
1808	269
1809	259
1810	224
1811	274
1812	261
1813	260
1814	251
1815	252
1816	249
1817	242
1818	229
1819	282
1820	212
1821	286
1822	274
1823	275
1824	254
1825	252
1826	252
1827	311
1828	273
1829	256
1830	296
1831	278
1832	248
1833	231
1834	265
1835	254
1836	261
1837	274
1838	269
1839	254
1840	304
1841	304
1842	284
1843	282
1844	274
1845	290
1846	264
1847	276
1848	247
1849	265
1850	224
1851	227
1852	224
1853	210
1854	231
1855	237
1856	292
1857	260
1858	252
1859	293
1860	261
1861	257
1862	250
1863	269
1864	256
1865	249
1866	244
1867	243
1868	267
1869	255
1870	244
1871	250
1872	227
1873	244
1874	266
1875	270
1876	316
1877	255
1878	231
1879	230
1880	253
1881	224
1882	225
1883	284
1884	275
1885	265
1886	278
1887	228
1888	271
1889	288
1890	221
1891	263
1892	237
1893	268
1894	240
1895	283
1896	227
1897	211
1898	214
1899	238
1900	246
1901	247
1902	254
1903	282
1904	257
1905	268
1906	272
1907	239
1908	246
1909	276
1910	238
1911	202
1912	197
1913	230
1914	223
1915	270
1916	236
1917	228
1918	266
1919	261
1920	245
1921	258
1922	221
1923	264
1924	265
1925	257
1926	237
1927	233
1928	259
1929	260
1930	238
1931	282
1932	248
1933	246
1934	259
1935	242
1936	278
1937	220
1938	263
1939	283
1940	287
1941	219
1942	206
1943	228
1944	225
1945	280
1946	266
1947	278
1948	233
1949	208
1950	237
1951	201
1952	273
1953	235
1954	270
1955	251
1956	260
1957	273
1958	231
1959	218
1960	251
1961	261
1962	228
1963	250
1964	231
1965	224
1966	229
1967	288
1968	253
1969	218
1970	241
1971	252
1972	196
1973	227
1974	249
1975	226
1976	247
1977	265
1978	246
1979	269
1980	246
1981	309
1982	259
1983	280
1984	328
1985	276
1986	257
1987	219
1988	250
1989	264
1990	290
1991	261
1992	258
1993	269
1994	289
1995	302
1996	258
1997	260
1998	319
1999	217
2000	269
2001	298
2002	260
2003	242
2004	250
2005	251
2006	251
2007	243
2008	318
2009	293
2010	255
2011	236
2012	274
2013	309
2014	277
2015	246
2016	296
2017	246
2018	297
2019	244
2020	282
2021	283
2022	240
2023	255
2024	291
2025	279
2026	255
2027	241
2028	244
2029	233
2030	251
2031	245
2032	280
2033	296
2034	237
2035	242
2036	258
2037	228
2038	255
2039	254
2040	243
2041	244
2042	244
2043	267
2044	273
2045	264
2046	253
2047	274
2048	259
2049	254
2050	271
2051	244
2052	280
2053	277
2054	256
2055	266
2056	281
2057	280
2058	268
2059	287
2060	286
2061	263
2062	283
2063	268
2064	253
2065	225
2066	254
2067	246
2068	293
2069	250
2070	297
2071	259
2072	224
2073	228
2074	226
2075	242
2076	288
2077	241
2078	258
2079	267
2080	246
2081	213
2082	215
2083	241
2084	212
2085	276
2086	217
2087	235
2088	218
2089	233
2090	273
2091	263
2092	251
2093	256
2094	233
2095	231
2096	278
2097	238
2098	221
2099	235
2100	257
2101	311
2102	259
2103	245
2104	234
2105	210
2106	297
2107	256
2108	234
2109	288
2110	277
2111	273
2112	245
2113	275
2114	278
2115	237
2116	263
2117	240
2118	222
2119	254
2120	263
2121	202
2122	229
2123	246
2124	229
2125	223
2126	231
2127	206
2128	193
2129	262
2130	197
2131	266
2132	252
2133	263
2134	229
2135	196
2136	250
2137	229
2138	194
2139	225
2140	226
2141	224
2142	174
2143	242
2144	204
2145	270
2146	222
2147	221
2148	254
2149	226
2150	194
2151	229
2152	238
2153	221
2154	237
2155	184
2156	224
2157	188
2158	259
2159	231
2160	248
2161	235
2162	230
2163	228
2164	236
2165	211
2166	192
2167	249
2168	181
2169	205
2170	204
2171	235
2172	189
2173	196
2174	235
2175	215
2176	210
2177	213
2178	250
2179	227
2180	198
2181	219
2182	219
2183	233
2184	188
2185	207
2186	189
2187	184
2188	203
2189	205
2190	222
2191	255
2192	197
2193	222
2194	193
2195	214
2196	187
2197	238
2198	254
2199	269
2200	251
2201	269
2202	232
2203	238
2204	237
2205	226
2206	217
2207	246
2208	216
2209	241
2210	240
2211	252
2212	251
2213	234
2214	286
2215	264
2216	226
2217	235
2218	225
2219	234
2220	252
2221	247
2222	187
2223	237
2224	185
2225	226
2226	247
2227	274
2228	221
2229	256
2230	247
2231	216
2232	278
2233	294
2234	241
2235	265
2236	269
2237	229
2238	265
2239	270
2240	239
2241	229
2242	246
2243	279
2244	237
2245	245
2246	272
2247	270
2248	242
2249	257
2250	285
2251	276
2252	241
2253	275
2254	285
2255	240
2256	225
2257	261
2258	263
2259	254
2260	243
2261	299
2262	277
2263	280
2264	290
2265	263
2266	275
2267	281
2268	290
2269	233
2270	269
2271	292
2272	264
2273	256
2274	233
2275	244
2276	289
2277	239
2278	209
2279	281
2280	234
2281	316
2282	298
2283	258
2284	257
2285	234
2286	240
2287	220
2288	192
2289	206
2290	246
2291	234
2292	222
2293	239
2294	215
2295	286
2296	270
2297	245
2298	217
2299	238
2300	227
2301	207
2302	314
2303	297
2304	224
2305	228
2306	233
2307	273
2308	194
2309	209
2310	246
2311	239
2312	245
2313	260
2314	264
2315	256
2316	235
2317	223
2318	264
2319	214
2320	244
2321	228
2322	210
2323	182
2324	249
2325	232
2326	249
2327	254
2328	224
2329	220
2330	204
2331	250
2332	224
2333	186
2334	235
2335	203
2336	243
2337	213
2338	256
2339	200
2340	201
2341	218
2342	237
2343	182
2344	199
2345	212
2346	209
2347	204
2348	227
2349	252
2350	203
2351	209
2352	196
2353	224
2354	214
2355	215
2356	223
2357	186
2358	215
2359	249
2360	204
2361	186
2362	224
2363	236
2364	207
2365	224
2366	179
2367	200
2368	203
2369	201
2370	214
2371	184
2372	252
2373	166
2374	169
2375	207
2376	235
2377	213
2378	228
2379	212
2380	270
2381	210
2382	186
2383	213
2384	181
2385	188
2386	216
2387	235
2388	214
2389	203
2390	197
2391	238
2392	224
2393	247
2394	234
2395	203
2396	214
2397	208
2398	222
2399	202
2400	205
2401	211
2402	203
2403	219
2404	200
2405	223
2406	237
2407	209
2408	215
2409	181
2410	166
2411	186
2412	190
2413	181
2414	236
2415	249
2416	216
2417	203
2418	208
2419	222
2420	213
2421	220
2422	227
2423	259
2424	232
2425	253
2426	226
2427	269
2428	265
2429	246
2430	239
2431	241
2432	249
2433	257
2434	228
2435	206
2436	171
2437	238
2438	246
2439	197
2440	249
2441	223
2442	245
2443	219
2444	239
2445	192
2446	193
2447	232
2448	264
2449	248
2450	238
2451	252
2452	253
2453	237
2454	234
2455	221
2456	253
2457	238
2458	243
2459	222
2460	218
2461	230
2462	187
2463	208
2464	189
2465	270
2466	249
2467	216
2468	257
2469	212
2470	238
2471	245
2472	238
2473	227
2474	292
2475	210
2476	220
2477	195
2478	237
2479	251
2480	200
2481	227
2482	216
2483	184
2484	209
2485	235
2486	213
2487	257
2488	194
2489	224
2490	248
2491	249
2492	265
2493	219
2494	219
2495	210
2496	230
2497	205
2498	195
2499	235
2500	242
2501	198
2502	212
2503	233
2504	191
2505	212
2506	186
2507	192
2508	227
2509	243
2510	221
2511	205
2512	201
2513	208
2514	205
2515	259
2516	194
2517	183
2518	213
2519	246
2520	218
2521	176
2522	239
2523	231
2524	273
2525	206
2526	189
2527	231
2528	187
2529	202
2530	209
2531	197
2532	173
2533	223
2534	211
2535	199
2536	200
2537	191
2538	179
2539	201
2540	184
2541	201
2542	235
2543	217
2544	237
2545	206
2546	208
2547	206
2548	180
2549	215
2550	180
2551	169
2552	188
2553	180
2554	179
2555	186
2556	201
2557	228
2558	233
2559	194
2560	216
2561	215
2562	182
2563	143
2564	156
2565	150
2566	160
2567	127
2568	143
2569	170
2570	148
2571	134
2572	219
2573	216
2574	198
2575	167
2576	155
2577	130
2578	144
2579	178
2580	211
2581	234
2582	227
2583	190
2584	178
2585	178
2586	207
2587	193
2588	197
2589	187
2590	184
2591	177
2592	179
2593	209
2594	158
2595	182
2596	196
2597	209
2598	183
2599	154
2600	186
2601	185
2602	186
2603	202
2604	187
2605	154
2606	178
2607	191
2608	166
2609	200
2610	200
2611	123
2612	174
2613	177
2614	201
2615	192
2616	137
2617	155
2618	191
2619	166
2620	218
2621	141
2622	155
2623	194
2624	209
2625	167
2626	186
2627	144
2628	149
2629	189
2630	170
2631	165
2632	153
2633	186
2634	180
2635	205
2636	167
2637	239
2638	199
2639	157
2640	216
2641	179
2642	199
2643	170
2644	186
2645	221
2646	176
2647	165
2648	198
2649	197
2650	189
2651	213
2652	179
2653	188
2654	206
2655	128
2656	166
2657	167
2658	190
2659	206
2660	183
2661	221
2662	169
2663	158
2664	213
2665	224
2666	181
2667	213
2668	191
2669	191
2670	176
2671	228
2672	192
2673	221
2674	194
2675	166
2676	143
2677	193
2678	201
2679	166
2680	192
2681	183
2682	149
2683	190
2684	176
2685	174
2686	202
2687	163
2688	187
2689	193
2690	180
2691	192
2692	163
2693	205
2694	186
2695	195
2696	206
2697	175
2698	188
2699	185
2700	183
2701	201
2702	178
2703	165
2704	206
2705	193
2706	199
2707	224
2708	181
2709	173
2710	191
2711	190
2712	183
2713	202
2714	180
2715	188
2716	204
2717	191
2718	190
2719	201
2720	164
2721	170
2722	182
2723	154
2724	180
2725	185
2726	170
2727	170
2728	194
2729	176
2730	172
2731	156
2732	176
2733	175
2734	162
2735	188
2736	204
2737	208
2738	213
2739	200
2740	181
2741	180
2742	202
2743	189
2744	225
2745	180
2746	208
2747	173
2748	176
2749	187
2750	175
2751	205
2752	222
2753	197
2754	230
2755	155
2756	189
2757	225
2758	208
2759	213
2760	178
2761	220
2762	197
2763	164
2764	171
2765	155
2766	215
2767	185
2768	171
2769	190
2770	189
2771	179
2772	180
2773	156
2774	162
2775	165
2776	153
2777	137
2778	161
2779	149
2780	180
2781	154
2782	190
2783	158
2784	209
2785	196
2786	199
2787	174
2788	192
2789	192
2790	161
2791	184
2792	202
2793	200
2794	184
2795	173
2796	163
2797	168
2798	199
2799	173
2800	173
2801	194
2802	204
2803	199
2804	220
2805	224
2806	158
2807	182
2808	168
2809	142
2810	177
2811	178
2812	208
2813	192
2814	188
2815	147
2816	209
2817	192
2818	172
2819	143
2820	193
2821	191
2822	175
2823	190
2824	140
2825	175
2826	183
2827	166
2828	175
2829	177
2830	160
2831	160
2832	155
2833	168
2834	156
2835	190
2836	180
2837	203
2838	170
2839	180
2840	171
2841	145
2842	183
2843	142
2844	156
2845	155
2846	182
2847	188
2848	154
2849	149
2850	176
2851	169
2852	140
2853	140
2854	152
2855	145
2856	149
2857	151
2858	160
2859	135
2860	146
2861	158
2862	145
2863	176
2864	152
2865	175
2866	205
2867	160
2868	180
2869	173
2870	167
2871	140
2872	134
2873	122
2874	127
2875	140
2876	139
2877	156
2878	140
2879	151
2880	165
2881	178
2882	159
2883	169
2884	159
2885	216
2886	192
2887	171
2888	135
2889	173
2890	164
2891	114
2892	97
2893	129
2894	113
2895	119
2896	130
2897	121
2898	123
2899	144
2900	138
2901	166
2902	158
2903	159
2904	155
2905	155
2906	172
2907	133
2908	144
2909	118
2910	130
2911	121
2912	122
2913	111
2914	117
2915	193
2916	152
2917	157
2918	122
2919	146
2920	145
2921	137
2922	164
2923	127
2924	145
2925	131
2926	132
2927	127
2928	171
2929	181
2930	136
2931	158
2932	142
2933	134
2934	120
2935	114
2936	152
2937	167
2938	141
2939	141
2940	152
2941	133
2942	127
2943	141
2944	114
2945	136
2946	158
2947	123
2948	150
2949	121
2950	154
2951	127
2952	150
2953	129
2954	120
2955	126
2956	153
2957	139
2958	138
2959	140
2960	141
2961	124
2962	115
2963	109
2964	123
2965	139
2966	151
2967	152
2968	132
2969	145
2970	119
2971	136
2972	145
2973	128
2974	147
2975	88
2976	156
2977	112
2978	141
2979	177
2980	160
2981	152
2982	172
2983	144
2984	161
2985	155
2986	126
2987	109
2988	172
2989	150
2990	168
2991	160
2992	111
2993	130
2994	143
2995	124
2996	134
2997	91
2998	124
2999	129
3000	121
3001	123
3002	149
3003	123
3004	125
3005	150
3006	174
3007	163
3008	161
3009	146
3010	174
3011	129
3012	210
3013	170
3014	177
3015	177
3016	172
3017	172
3018	163
3019	154
3020	165
3021	146
3022	138
3023	169
3024	168
3025	162
3026	158
3027	129
3028	105
3029	136
3030	160
3031	147
3032	144
3033	150
3034	164
3035	142
3036	120
3037	130
3038	138
3039	137
3040	126
3041	150
3042	149
3043	135
3044	157
3045	143
3046	124
3047	162
3048	132
3049	161
3050	170
3051	179
3052	184
3053	129
3054	156
3055	174
3056	166
3057	157
3058	166
3059	171
3060	154
3061	150
3062	142
3063	184
3064	163
3065	142
3066	161
3067	129
3068	165
3069	155
3070	159
3071	146
3072	171
3073	171
3074	188
3075	194
3076	150
3077	168
3078	184
3079	182
3080	148
3081	162
3082	142
3083	154
3084	160
3085	200
3086	171
3087	183
3088	170
3089	148
3090	163
3091	163
3092	137
3093	144
3094	152
3095	120
3096	136
3097	132
3098	133
3099	143
3100	144
3101	153
3102	149
3103	166
3104	95
3105	152
3106	139
3107	139
3108	154
3109	174
3110	150
3111	152
3112	125
3113	136
3114	148
3115	141
3116	145
3117	140
3118	160
3119	137
3120	144
3121	146
3122	154
3123	135
3124	118
3125	119
3126	144
3127	125
3128	154
3129	142
3130	124
3131	149
3132	119
3133	150
3134	150
3135	161
3136	173
3137	152
3138	135
3139	136
3140	154
3141	172
3142	130
3143	161
3144	157
3145	146
3146	135
3147	100
3148	152
3149	146
3150	155
3151	142
3152	169
3153	169
3154	149
3155	163
3156	145
3157	155
3158	145
3159	132
3160	155
3161	149
3162	143
3163	155
3164	136
3165	116
3166	119
3167	122
3168	132
3169	152
3170	166
3171	138
3172	134
3173	182
3174	150
3175	165
3176	160
3177	170
3178	122
3179	143
3180	138
3181	128
3182	163
3183	172
3184	152
3185	161
3186	160
3187	187
3188	168
3189	116
3190	164
3191	140
3192	127
3193	125
3194	109
3195	119
3196	125
3197	133
3198	163
3199	166
3200	178
3201	147
3202	171
3203	156
3204	146
3205	180
3206	154
3207	154
3208	165
3209	161
3210	135
3211	197
3212	137
3213	146
3214	142
3215	149
3216	175
3217	135
3218	155
3219	128
3220	161
3221	155
3222	136
3223	135
3224	142
3225	117
3226	155
3227	128
3228	139
3229	180
3230	151
3231	134
3232	170
3233	157
3234	168
3235	163
3236	146
3237	158
3238	128
3239	143
3240	154
3241	140
3242	123
3243	127
3244	163
3245	148
3246	153
3247	142
3248	129
3249	146
3250	140
3251	179
3252	166
3253	163
3254	171
3255	166
3256	132
3257	142
3258	165
3259	165
3260	188
3261	177
3262	153
3263	147
3264	167
3265	158
3266	162
3267	158
3268	146
3269	139
3270	186
3271	178
3272	130
3273	150
3274	162
3275	164
3276	130
3277	175
3278	163
3279	149
3280	136
3281	174
3282	155
3283	137
3284	169
3285	175
3286	179
3287	213
3288	187
3289	148
3290	177
3291	164
3292	147
3293	169
3294	185
3295	161
3296	159
3297	162
3298	130
3299	163
3300	148
3301	152
3302	145
3303	148
3304	200
3305	172
3306	220
3307	209
3308	187
3309	200
3310	185
3311	148
3312	166
3313	177
3314	175
3315	193
3316	190
3317	196
3318	199
3319	184
3320	204
3321	210
3322	183
3323	171
3324	195
3325	192
3326	186
3327	175
3328	161
3329	166
3330	183
3331	189
3332	157
3333	150
3334	194
3335	168
3336	162
3337	184
3338	164
3339	157
3340	191
3341	202
3342	140
3343	202
3344	193
3345	189
3346	142
3347	169
3348	182
3349	146
3350	180
3351	130
3352	152
3353	154
3354	185
3355	156
3356	152
3357	173
3358	177
3359	180
3360	173
3361	186
3362	154
3363	187
3364	149
3365	193
3366	165
3367	155
3368	174
3369	166
3370	158
3371	166
3372	168
3373	164
3374	158
3375	146
3376	120
3377	118
3378	170
3379	126
3380	139
3381	153
3382	144
3383	203
3384	109
3385	122
3386	123
3387	112
3388	123
3389	126
3390	126
3391	120
3392	129
3393	119
3394	115
3395	160
3396	178
3397	128
3398	138
3399	146
3400	150
3401	135
3402	145
3403	129
3404	138
3405	128
3406	159
3407	139
3408	158
3409	138
3410	125
3411	125
3412	121
3413	131
3414	125
3415	111
3416	103
3417	126
3418	133
3419	135
3420	132
3421	153
3422	147
3423	143
3424	129
3425	188
3426	103
3427	112
3428	151
3429	168
3430	143
3431	125
3432	134
3433	134
3434	135
3435	150
3436	130
3437	123
3438	102
3439	127
3440	119
3441	113
3442	127
3443	115
3444	101
3445	119
3446	145
3447	131
3448	130
3449	133
3450	145
3451	147
3452	142
3453	148
3454	117
3455	171
3456	147
3457	137
3458	175
3459	130
3460	182
3461	169
3462	149
3463	156
3464	161
3465	145
3466	124
3467	158
3468	134
3469	183
3470	152
3471	110
3472	158
3473	115
3474	112
3475	149
3476	115
3477	113
3478	109
3479	143
3480	114
3481	140
3482	125
3483	109
3484	123
3485	131
3486	100
3487	132
3488	140
3489	119
3490	94
3491	112
3492	127
3493	158
3494	132
3495	127
3496	145
3497	148
3498	155
3499	133
3500	160
3501	157
3502	126
3503	140
3504	164
3505	131
3506	100
3507	110
3508	117
3509	109
3510	111
3511	129
3512	129
3513	112
3514	127
3515	121
3516	96
3517	116
3518	120
3519	150
3520	133
3521	131
3522	129
3523	130
3524	119
3525	123
3526	132
3527	97
3528	133
3529	113
3530	119
3531	122
3532	150
3533	113
3534	104
3535	155
3536	131
3537	135
3538	133
3539	131
3540	107
3541	144
3542	153
3543	141
3544	136
3545	174
3546	151
3547	109
3548	129
3549	112
3550	122
3551	125
3552	113
3553	125
3554	120
3555	168
3556	124
3557	108
3558	124
3559	128
3560	127
3561	140
3562	114
3563	110
3564	114
3565	123
3566	154
3567	124
3568	95
3569	97
3570	133
3571	107
3572	136
3573	129
3574	111
3575	128
3576	101
3577	130
3578	104
3579	131
3580	141
3581	92
3582	122
3583	100
3584	97
3585	142
3586	135
3587	128
3588	129
3589	134
3590	154
3591	125
3592	115
3593	107
3594	156
3595	117
3596	130
3597	151
3598	119
3599	112
3600	123
3601	128
3602	119
3603	117
3604	142
3605	127
3606	148
3607	141
3608	153
3609	156
3610	123
3611	159
3612	115
3613	116
3614	121
3615	119
3616	114
3617	118
3618	84
3619	148
3620	132
3621	127
3622	113
3623	121
3624	115
3625	127
3626	112
3627	88
3628	114
3629	106
3630	108
3631	140
3632	129
3633	127
3634	134
3635	138
3636	125
3637	175
3638	132
3639	132
3640	128
3641	120
3642	119
3643	134
3644	150
3645	103
3646	125
3647	92
3648	115
3649	114
3650	157
3651	165
3652	157
3653	101
3654	100
3655	125
3656	147
3657	101
3658	138
3659	108
3660	125
3661	117
3662	114
3663	109
3664	134
3665	130
3666	114
3667	139
3668	91
3669	111
3670	115
3671	139
3672	144
3673	126
3674	115
3675	105
3676	102
3677	107
3678	150
3679	136
3680	135
3681	123
3682	163
3683	134
3684	112
3685	134
3686	129
3687	140
3688	93
3689	120
3690	112
3691	117
3692	119
3693	104
3694	150
3695	122
3696	114
3697	107
3698	132
3699	116
3700	97
3701	105
3702	117
3703	89
3704	108
3705	122
3706	108
3707	137
3708	93
3709	118
3710	135
3711	142
3712	153
3713	132
3714	139
3715	155
3716	149
3717	152
3718	140
3719	104
3720	105
3721	97
3722	101
3723	115
3724	105
3725	94
3726	115
3727	107
3728	107
3729	111
3730	108
3731	115
3732	103
3733	140
3734	107
3735	122
3736	111
3737	97
3738	95
3739	107
3740	98
3741	125
3742	137
3743	128
3744	118
3745	109
3746	121
3747	110
3748	107
3749	107
3750	103
3751	103
3752	113
3753	91
3754	89
3755	108
3756	121
3757	102
3758	105
3759	101
3760	110
3761	95
3762	96
3763	158
3764	98
3765	136
3766	118
3767	109
3768	124
3769	101
3770	107
3771	106
3772	106
3773	119
3774	114
3775	102
3776	135
3777	126
3778	117
3779	110
3780	135
3781	125
3782	103
3783	111
3784	113
3785	94
3786	112
3787	126
3788	151
3789	123
3790	100
3791	122
3792	131
3793	110
3794	128
3795	104
3796	107
3797	116
3798	136
3799	103
3800	127
3801	133
3802	101
3803	103
3804	135
3805	131
3806	137
3807	139
3808	109
3809	134
3810	108
3811	108
3812	139
3813	115
3814	101
3815	102
3816	115
3817	124
3818	137
3819	118
3820	160
3821	123
3822	137
3823	96
3824	91
3825	121
3826	93
3827	88
3828	102
3829	114
3830	119
3831	121
3832	122
3833	136
3834	137
3835	104
3836	94
3837	118
3838	104
3839	100
3840	97
3841	112
3842	112
3843	106
3844	88
3845	78
3846	112
3847	116
3848	115
3849	120
3850	135
3851	132
3852	142
3853	100
3854	102
3855	119
3856	142
3857	98
3858	74
3859	93
3860	97
3861	110
3862	121
3863	123
3864	118
3865	103
3866	95
3867	94
3868	109
3869	121
3870	137
3871	135
3872	111
3873	111
3874	128
3875	127
3876	124
3877	172
3878	126
3879	132
3880	124
3881	129
3882	135
3883	134
3884	129
3885	156
3886	143
3887	137
3888	125
3889	129
3890	150
3891	122
3892	133
3893	152
3894	165
3895	125
3896	143
3897	149
3898	91
3899	136
3900	133
3901	102
3902	121
3903	158
3904	136
3905	119
3906	133
3907	135
3908	141
3909	144
3910	147
3911	147
3912	151
3913	142
3914	139
3915	175
3916	139
3917	150
3918	144
3919	142
3920	144
3921	174
3922	151
3923	144
3924	137
3925	161
3926	138
3927	136
3928	162
3929	163
3930	134
3931	134
3932	133
3933	136
3934	153
3935	166
3936	151
3937	128
3938	143
3939	130
3940	186
3941	103
3942	140
3943	119
3944	137
3945	138
3946	139
3947	135
3948	161
3949	161
3950	154
3951	129
3952	121
3953	135
3954	119
3955	113
3956	119
3957	129
3958	134
3959	128
3960	132
3961	124
3962	109
3963	127
3964	134
3965	121
3966	113
3967	104
3968	114
3969	138
3970	133
3971	108
3972	104
3973	114
3974	155
3975	133
3976	122
3977	112
3978	85
3979	94
3980	119
3981	96
3982	112
3983	104
3984	114
3985	110
3986	129
3987	122
3988	118
3989	130
3990	136
3991	116
3992	99
3993	98
3994	102
3995	100
3996	104
3997	136
3998	96
3999	95
4000	128
4001	90
4002	98
4003	95
4004	120
4005	123
4006	126
4007	143
4008	137
4009	102
4010	109
4011	139
4012	123
4013	114
4014	88
4015	86
4016	106
4017	102
4018	125
4019	96
4020	107
4021	92
4022	99
4023	111
4024	137
4025	106
4026	100
4027	103
4028	112
4029	89
4030	124
4031	149
4032	132
4033	124
4034	153
4035	133
4036	147
4037	109
4038	117
4039	132
4040	125
4041	126
4042	122
4043	105
4044	114
4045	139
4046	137
4047	144
4048	123
4049	151
4050	143
4051	142
4052	143
4053	165
4054	174
4055	153
4056	140
4057	146
4058	162
4059	148
4060	126
4061	142
4062	161
4063	156
4064	144
4065	139
4066	137
4067	153
4068	129
4069	124
4070	135
4071	110
4072	126
4073	123
4074	135
4075	104
4076	130
4077	134
4078	156
4079	115
4080	138
4081	167
4082	131
4083	97
4084	116
4085	111
4086	124
4087	121
4088	126
4089	90
4090	154
4091	160
4092	124
4093	124
4094	140
4095	138
4096	141
4097	142
4098	136
4099	135
4100	112
4101	109
4102	140
4103	138
4104	160
4105	138
4106	96
4107	124
4108	104
4109	108
4110	101
4111	130
4112	118
4113	132
4114	125
4115	135
4116	118
4117	136
4118	141
4119	138
4120	121
4121	126
4122	77
4123	116
4124	97
4125	115
4126	84
4127	101
4128	111
4129	117
4130	103
4131	102
4132	136
4133	110
4134	88
4135	141
4136	121
4137	77
4138	97
4139	89
4140	81
4141	106
4142	109
4143	102
4144	111
4145	129
4146	124
4147	92
4148	119
4149	99
4150	117
4151	102
4152	126
4153	111
4154	103
4155	136
4156	102
4157	116
4158	104
4159	112
4160	102
4161	95
4162	111
4163	109
4164	99
4165	103
4166	111
4167	92
4168	101
4169	107
4170	74
4171	111
4172	87
4173	104
4174	115
4175	114
4176	118
4177	96
4178	93
4179	120
4180	104
4181	117
4182	107
4183	88
4184	84
4185	71
4186	86
4187	98
4188	89
4189	99
4190	90
4191	135
4192	118
4193	108
4194	111
4195	109
4196	92
4197	90
4198	75
4199	92
4200	86
4201	91
4202	92
4203	140
4204	78
4205	99
4206	105
4207	80
4208	72
4209	113
4210	133
4211	108
4212	115
4213	128
4214	73
4215	45
4216	81
4217	100
4218	92
4219	91
4220	88
4221	91
4222	84
4223	95
4224	104
4225	102
4226	120
4227	78
4228	87
4229	101
4230	96
4231	67
4232	86
4233	84
4234	118
4235	87
4236	107
4237	89
4238	89
4239	102
4240	88
4241	82
4242	99
4243	98
4244	70
4245	97
4246	81
4247	102
4248	90
4249	108
4250	93
4251	97
4252	94
4253	108
4254	99
4255	93
4256	82
4257	102
4258	82
4259	67
4260	87
4261	55
4262	86
4263	69
4264	96
4265	100
4266	100
4267	96
4268	76
4269	89
4270	87
4271	134
4272	116
4273	108
4274	98
4275	121
4276	102
4277	81
4278	92
4279	124
4280	114
4281	97
4282	89
4283	115
4284	124
4285	131
4286	94
4287	74
4288	97
4289	100
4290	97
4291	106
4292	84
4293	92
4294	116
4295	105
4296	104
4297	103
4298	96
4299	111
4300	113
4301	82
4302	115
4303	88
4304	80
4305	105
4306	105
4307	114
4308	94
4309	87
4310	112
4311	90
4312	102
4313	83
4314	107
4315	81
4316	110
4317	116
4318	104
4319	102
4320	104
4321	113
4322	119
4323	93
4324	88
4325	89
4326	93
4327	120
4328	118
4329	110
4330	107
4331	85
4332	85
4333	101
4334	81
4335	99
4336	114
4337	102
4338	101
4339	85
4340	60
4341	72
4342	70
4343	111
4344	94
4345	84
4346	104
4347	96
4348	82
4349	103
4350	80
4351	118
4352	84
4353	65
4354	84
4355	85
4356	81
4357	89
4358	101
4359	98
4360	82
4361	84
4362	85
4363	113
4364	111
4365	80
4366	90
4367	100
4368	106
4369	95
4370	76
4371	100
4372	79
4373	100
4374	103
4375	79
4376	90
4377	89
4378	91
4379	92
4380	75
4381	81
4382	92
4383	78
4384	87
4385	92
4386	82
4387	76
4388	67
4389	84
4390	104
4391	63
4392	89
4393	85
4394	77
4395	73
4396	71
4397	86
4398	78
4399	93
4400	86
4401	76
4402	88
4403	86
4404	102
4405	106
4406	82
4407	109
4408	117
4409	81
4410	77
4411	73
4412	83
4413	111
4414	80
4415	97
4416	100
4417	105
4418	105
4419	108
4420	71
4421	82
4422	98
4423	85
4424	86
4425	115
4426	69
4427	118
4428	110
4429	90
4430	85
4431	82
4432	77
4433	94
4434	80
4435	82
4436	101
4437	99
4438	104
4439	77
4440	87
4441	58
4442	67
4443	88
4444	99
4445	80
4446	75
4447	99
4448	76
4449	81
4450	94
4451	68
4452	93
4453	93
4454	104
4455	67
4456	72
4457	87
4458	95
4459	83
4460	81
4461	85
4462	79
4463	94
4464	70
4465	70
4466	92
4467	56
4468	72
4469	82
4470	94
4471	63
4472	96
4473	66
4474	69
4475	62
4476	68
4477	93
4478	80
4479	90
4480	83
4481	73
4482	99
4483	95
4484	76
4485	109
4486	69
4487	78
4488	82
4489	85
4490	69
4491	80
4492	79
4493	88
4494	119
4495	121
4496	93
4497	113
4498	101
4499	82
4500	82
4501	85
4502	92
4503	77
4504	99
4505	88
4506	85
4507	93
4508	82
4509	71
4510	75
4511	68
4512	93
4513	74
4514	96
4515	91
4516	68
4517	84
4518	113
4519	85
4520	99
4521	103
4522	100
4523	106
4524	91
4525	84
4526	81
4527	94
4528	82
4529	66
4530	81
4531	103
4532	112
4533	102
4534	103
4535	82
4536	115
4537	127
4538	93
4539	110
4540	95
4541	78
4542	96
4543	71
4544	119
4545	115
4546	77
4547	113
4548	116
4549	109
4550	98
4551	115
4552	106
4553	94
4554	117
4555	117
4556	82
4557	87
4558	95
4559	90
4560	110
4561	119
4562	124
4563	108
4564	101
4565	84
4566	90
4567	92
4568	83
4569	104
4570	119
4571	100
4572	91
4573	97
4574	83
4575	99
4576	96
4577	113
4578	83
4579	86
4580	106
4581	106
4582	98
4583	73
4584	96
4585	101
4586	103
4587	97
4588	104
4589	114
4590	98
4591	120
4592	123
4593	125
4594	115
4595	103
4596	92
4597	88
4598	90
4599	84
4600	112
4601	137
4602	98
4603	98
4604	93
4605	100
4606	117
4607	101
4608	102
4609	112
4610	101
4611	78
4612	84
4613	88
4614	108
4615	132
4616	97
4617	97
4618	82
4619	72
4620	81
4621	92
4622	117
4623	79
4624	111
4625	101
4626	99
4627	80
4628	85
4629	96
4630	112
4631	108
4632	79
4633	81
4634	87
4635	97
4636	68
4637	80
4638	85
4639	54
4640	101
4641	98
4642	86
4643	71
4644	72
4645	98
4646	109
4647	81
4648	88
4649	111
4650	88
4651	85
4652	80
4653	99
4654	93
4655	89
4656	90
4657	69
4658	93
4659	71
4660	72
4661	69
4662	69
4663	106
4664	81
4665	75
4666	108
4667	91
4668	105
4669	91
4670	71
4671	79
4672	80
4673	77
4674	83
4675	106
4676	109
4677	95
4678	126
4679	102
4680	123
4681	84
4682	90
4683	87
4684	101
4685	79
4686	112
4687	78
4688	102
4689	85
4690	61
4691	91
4692	78
4693	92
4694	78
4695	96
4696	107
4697	106
4698	99
4699	79
4700	85
4701	77
4702	69
4703	91
4704	102
4705	85
4706	82
4707	85
4708	52
4709	66
4710	72
4711	79
4712	73
4713	57
4714	95
4715	78
4716	90
4717	84
4718	75
4719	101
4720	96
4721	73
4722	91
4723	102
4724	79
4725	72
4726	82
4727	76
4728	89
4729	72
4730	73
4731	66
4732	98
4733	78
4734	73
4735	48
4736	75
4737	99
4738	89
4739	87
4740	66
4741	85
4742	76
4743	101
4744	86
4745	112
4746	88
4747	70
4748	91
4749	73
4750	79
4751	79
4752	86
4753	77
4754	69
4755	52
4756	91
4757	79
4758	78
4759	82
4760	91
4761	88
4762	112
4763	75
4764	81
4765	88
4766	88
4767	83
4768	68
4769	83
4770	77
4771	76
4772	69
4773	68
4774	64
4775	75
4776	78
4777	84
4778	84
4779	84
4780	91
4781	75
4782	82
4783	84
4784	92
4785	64
4786	64
4787	66
4788	68
4789	64
4790	46
4791	67
4792	77
4793	63
4794	86
4795	64
4796	95
4797	82
4798	99
4799	85
4800	78
4801	87
4802	70
4803	67
4804	88
4805	74
4806	80
4807	45
4808	67
4809	58
4810	95
4811	61
4812	67
4813	79
4814	79
4815	88
4816	98
4817	72
4818	87
4819	72
4820	72
4821	84
4822	74
4823	95
4824	88
4825	86
4826	81
4827	75
4828	64
4829	69
4830	53
4831	80
4832	62
4833	51
4834	76
4835	93
4836	39
4837	59
4838	88
4839	73
4840	61
4841	81
4842	63
4843	80
4844	54
4845	58
4846	75
4847	62
4848	60
4849	57
4850	52
4851	55
4852	58
4853	57
4854	80
4855	74
4856	76
4857	57
4858	62
4859	50
4860	66
4861	72
4862	57
4863	85
4864	60
4865	53
4866	54
4867	57
4868	74
4869	48
4870	63
4871	71
4872	63
4873	70
4874	58
4875	71
4876	65
4877	75
4878	93
4879	97
4880	94
4881	81
4882	84
4883	56
4884	92
4885	76
4886	76
4887	94
4888	69
4889	60
4890	73
4891	56
4892	61
4893	51
4894	91
4895	62
4896	50
4897	89
4898	101
4899	80
4900	70
4901	61
4902	64
4903	70
4904	56
4905	92
4906	77
4907	76
4908	117
4909	89
4910	77
4911	77
4912	112
4913	81
4914	96
4915	86
4916	95
4917	91
4918	75
4919	91
4920	89
4921	110
4922	104
4923	90
4924	94
4925	85
4926	54
4927	94
4928	84
4929	93
4930	87
4931	97
4932	97
4933	54
4934	64
4935	79
4936	69
4937	66
4938	80
4939	71
4940	76
4941	95
4942	108
4943	73
4944	85
4945	57
4946	65
4947	63
4948	63
4949	87
4950	73
4951	69
4952	60
4953	62
4954	73
4955	80
4956	72
4957	62
4958	51
4959	67
4960	73
4961	83
4962	59
4963	89
4964	86
4965	57
4966	71
4967	55
4968	56
4969	78
4970	71
4971	48
4972	69
4973	85
4974	89
4975	90
4976	103
4977	103
4978	70
4979	89
4980	87
4981	84
4982	83
4983	68
4984	84
4985	80
4986	85
4987	96
4988	95
4989	62
4990	74
4991	65
4992	69
4993	103
4994	74
4995	78
4996	71
4997	80
4998	83
4999	73
5000	92
5001	64
5002	70
5003	80
5004	72
5005	68
5006	65
5007	71
5008	72
5009	108
5010	73
5011	90
5012	104
5013	104
5014	71
5015	76
5016	64
5017	84
5018	91
5019	83
5020	77
5021	107
5022	97
5023	107
5024	90
5025	95
5026	58
5027	73
5028	86
5029	91
5030	90
5031	58
5032	102
5033	75
5034	92
5035	80
5036	76
5037	104
5038	85
5039	88
5040	62
5041	61
5042	78
5043	70
5044	96
5045	109
5046	76
5047	72
5048	87
5049	106
5050	89
5051	101
5052	69
5053	89
5054	89
5055	115
5056	117
5057	99
5058	85
5059	80
5060	80
5061	78
5062	103
5063	92
5064	125
5065	97
5066	116
5067	95
5068	86
5069	100
5070	89
5071	77
5072	79
5073	83
5074	77
5075	88
5076	98
5077	92
5078	124
5079	91
5080	67
5081	81
5082	75
5083	64
5084	83
5085	71
5086	74
5087	101
5088	99
5089	83
5090	84
5091	81
5092	101
5093	78
5094	71
5095	89
5096	76
5097	59
5098	52
5099	63
5100	61
5101	55
5102	57
5103	63
5104	75
5105	65
5106	81
5107	79
5108	80
5109	93
5110	72
5111	77
5112	76
5113	77
5114	78
5115	65
5116	67
5117	45
5118	65
5119	90
5120	79
5121	66
5122	70
5123	51
5124	67
5125	53
5126	68
5127	103
5128	59
5129	87
5130	91
5131	60
5132	52
5133	68
5134	74
5135	62
5136	88
5137	77
5138	74
5139	77
5140	89
5141	75
5142	71
5143	74
5144	48
5145	64
5146	61
5147	79
5148	75
5149	82
5150	80
5151	100
5152	71
5153	86
5154	102
5155	86
5156	92
5157	79
5158	100
5159	101
5160	101
5161	72
5162	83
5163	78
5164	67
5165	68
5166	60
5167	71
5168	59
5169	93
5170	73
5171	72
5172	87
5173	61
5174	49
5175	72
5176	67
5177	59
5178	70
5179	78
5180	49
5181	95
5182	57
5183	54
5184	84
5185	59
5186	65
5187	78
5188	66
5189	72
5190	81
5191	75
5192	66
5193	86
5194	65
5195	89
5196	45
5197	75
5198	84
5199	48
5200	72
5201	65
5202	82
5203	64
5204	74
5205	67
5206	77
5207	65
5208	73
5209	70
5210	69
5211	62
5212	82
5213	53
5214	61
5215	55
5216	49
5217	64
5218	45
5219	48
5220	68
5221	72
5222	81
5223	70
5224	58
5225	54
5226	69
5227	46
5228	63
5229	70
5230	44
5231	83
5232	70
5233	82
5234	64
5235	56
5236	73
5237	88
5238	64
5239	77
5240	60
5241	59
5242	68
5243	66
5244	98
5245	113
5246	88
5247	99
5248	66
5249	80
5250	85
5251	63
5252	84
5253	77
5254	48
5255	47
5256	69
5257	90
5258	73
5259	79
5260	92
5261	72
5262	89
5263	57
5264	73
5265	71
5266	95
5267	80
5268	63
5269	61
5270	65
5271	74
5272	78
5273	100
5274	51
5275	58
5276	70
5277	57
5278	77
5279	78
5280	67
5281	71
5282	81
5283	63
5284	62
5285	82
5286	66
5287	82
5288	81
5289	54
5290	62
5291	76
5292	77
5293	69
5294	65
5295	54
5296	82
5297	85
5298	76
5299	104
5300	117
5301	76
5302	62
5303	94
5304	63
5305	60
5306	68
5307	71
5308	83
5309	60
5310	53
5311	62
5312	73
5313	84
5314	64
5315	85
5316	97
5317	75
5318	72
5319	95
5320	79
5321	97
5322	81
5323	76
5324	68
5325	74
5326	72
5327	64
5328	74
5329	65
5330	71
5331	53
5332	49
5333	61
5334	47
5335	56
5336	58
5337	72
5338	56
5339	71
5340	97
5341	77
5342	52
5343	80
5344	64
5345	59
5346	55
5347	58
5348	56
5349	68
5350	74
5351	86
5352	78
5353	75
5354	78
5355	72
5356	66
5357	64
5358	52
5359	87
5360	85
5361	82
5362	75
5363	58
5364	50
5365	81
5366	94
5367	74
5368	50
5369	62
5370	52
5371	61
5372	59
5373	59
5374	68
5375	63
5376	56
5377	51
5378	69
5379	45
5380	45
5381	61
5382	58
5383	46
5384	40
5385	49
5386	73
5387	69
5388	64
5389	67
5390	57
5391	52
5392	76
5393	80
5394	81
5395	49
5396	74
5397	85
5398	71
5399	64
5400	63
5401	70
5402	70
5403	79
5404	56
5405	68
5406	75
5407	85
5408	68
5409	71
5410	80
5411	113
5412	75
5413	69
5414	57
5415	63
5416	82
5417	99
5418	87
5419	88
5420	75
5421	83
5422	69
5423	62
5424	79
5425	53
5426	55
5427	53
5428	76
5429	60
5430	68
5431	65
5432	76
5433	67
5434	72
5435	81
5436	67
5437	48
5438	51
5439	59
5440	57
5441	53
5442	50
5443	58
5444	38
5445	58
5446	66
5447	52
5448	45
5449	70
5450	66
5451	57
5452	74
5453	65
5454	54
5455	52
5456	47
5457	66
5458	88
5459	85
5460	70
5461	80
5462	48
5463	94
5464	76
5465	55
5466	60
5467	80
5468	61
5469	58
5470	62
5471	86
5472	61
5473	70
5474	105
5475	72
5476	68
5477	68
5478	92
5479	78
5480	85
5481	52
5482	61
5483	86
5484	82
5485	69
5486	84
5487	58
5488	76
5489	78
5490	63
5491	76
5492	66
5493	75
5494	86
5495	67
5496	58
5497	58
5498	57
5499	64
5500	66
5501	62
5502	63
5503	72
5504	89
5505	77
5506	77
5507	76
5508	76
5509	82
5510	78
5511	60
5512	64
5513	60
5514	78
5515	61
5516	101
5517	98
5518	76
5519	68
5520	81
5521	85
5522	92
5523	85
5524	92
5525	80
5526	97
5527	96
5528	77
5529	74
5530	64
5531	75
5532	72
5533	75
5534	71
5535	66
5536	89
5537	86
5538	55
5539	49
5540	69
5541	69
5542	90
5543	56
5544	68
5545	82
5546	81
5547	102
5548	60
5549	82
5550	81
5551	77
5552	67
5553	86
5554	85
5555	60
5556	74
5557	76
5558	65
5559	70
5560	84
5561	88
5562	89
5563	73
5564	67
5565	79
5566	76
5567	53
5568	70
5569	63
5570	40
5571	58
5572	54
5573	62
5574	76
5575	62
5576	80
5577	81
5578	45
5579	67
5580	51
5581	57
5582	76
5583	98
5584	50
5585	56
5586	65
5587	64
5588	61
5589	79
5590	92
5591	53
5592	51
5593	51
5594	57
5595	77
5596	72
5597	86
5598	54
5599	89
5600	79
5601	62
5602	70
5603	81
5604	89
5605	63
5606	45
5607	61
5608	59
5609	64
5610	59
5611	73
5612	88
5613	70
5614	60
5615	41
5616	62
5617	57
5618	49
5619	65
5620	68
5621	55
5622	73
5623	66
5624	67
5625	61
5626	48
5627	55
5628	39
5629	47
5630	77
5631	49
5632	65
5633	57
5634	62
5635	33
5636	56
5637	41
5638	84
5639	69
5640	62
5641	59
5642	72
5643	71
5644	68
5645	60
5646	65
5647	70
5648	50
5649	88
5650	70
5651	62
5652	46
5653	64
5654	46
5655	45
5656	43
5657	73
5658	60
5659	71
5660	72
5661	75
5662	66
5663	55
5664	90
5665	70
5666	87
5667	72
5668	58
5669	66
5670	52
5671	66
5672	75
5673	86
5674	49
5675	65
5676	77
5677	71
5678	73
5679	66
5680	45
5681	67
5682	73
5683	62
5684	63
5685	71
5686	65
5687	65
5688	54
5689	48
5690	50
5691	47
5692	73
5693	71
5694	69
5695	61
5696	69
5697	74
5698	66
5699	64
5700	68
5701	56
5702	78
5703	79
5704	64
5705	56
5706	59
5707	56
5708	90
5709	36
5710	54
5711	79
5712	65
5713	51
5714	67
5715	43
5716	47
5717	51
5718	55
5719	40
5720	59
5721	65
5722	73
5723	69
5724	75
5725	86
5726	73
5727	68
5728	86
5729	55
5730	58
5731	85
5732	84
5733	60
5734	77
5735	77
5736	65
5737	64
5738	56
5739	79
5740	71
5741	69
5742	59
5743	66
5744	55
5745	51
5746	70
5747	48
5748	62
5749	87
5750	63
5751	45
5752	55
5753	67
5754	46
5755	72
5756	59
5757	50
5758	47
5759	65
5760	44
5761	55
5762	52
5763	75
5764	40
5765	51
5766	70
5767	55
5768	64
5769	68
5770	64
5771	52
5772	45
5773	62
5774	49
5775	42
5776	56
5777	57
5778	74
5779	70
5780	55
5781	43
5782	82
5783	60
5784	78
5785	74
5786	52
5787	70
5788	62
5789	62
5790	62
5791	61
5792	73
5793	53
5794	68
5795	54
5796	62
5797	60
5798	52
5799	59
5800	81
5801	67
5802	58
5803	51
5804	75
5805	50
5806	68
5807	72
5808	66
5809	54
5810	39
5811	51
5812	53
5813	71
5814	43
5815	40
5816	59
5817	66
5818	51
5819	58
5820	72
5821	45
5822	52
5823	56
5824	50
5825	62
5826	75
5827	50
5828	64
5829	68
5830	68
5831	73
5832	60
5833	87
5834	90
5835	73
5836	59
5837	51
5838	90
5839	70
5840	106
5841	92
5842	45
5843	59
5844	47
5845	54
5846	44
5847	54
5848	66
5849	69
5850	64
5851	65
5852	64
5853	61
5854	84
5855	74
5856	74
5857	72
5858	61
5859	60
5860	66
5861	74
5862	85
5863	49
5864	64
5865	32
5866	45
5867	56
5868	53
5869	49
5870	57
5871	59
5872	56
5873	70
5874	82
5875	79
5876	65
5877	56
5878	68
5879	45
5880	43
5881	56
5882	57
5883	45
5884	47
5885	59
5886	32
5887	52
5888	30
5889	70
5890	47
5891	57
5892	53
5893	45
5894	44
5895	44
5896	62
5897	68
5898	58
5899	54
5900	55
5901	47
5902	55
5903	65
5904	55
5905	58
5906	63
5907	55
5908	54
5909	52
5910	54
5911	43
5912	48
5913	64
5914	71
5915	72
5916	48
5917	44
5918	54
5919	52
5920	75
5921	71
5922	46
5923	48
5924	52
5925	47
5926	49
5927	61
5928	51
5929	57
5930	55
5931	79
5932	84
5933	65
5934	70
5935	76
5936	86
5937	58
5938	72
5939	71
5940	56
5941	64
5942	74
5943	53
5944	72
5945	73
5946	57
5947	70
5948	75
5949	62
5950	54
5951	87
5952	68
5953	77
5954	84
5955	73
5956	74
5957	95
5958	65
5959	48
5960	57
5961	70
5962	59
5963	86
5964	61
5965	86
5966	61
5967	58
5968	80
5969	67
5970	75
5971	50
5972	48
5973	56
5974	53
5975	54
5976	51
5977	75
5978	56
5979	52
5980	60
5981	55
5982	63
5983	66
5984	65
5985	64
5986	86
5987	86
5988	85
5989	69
5990	44
5991	87
5992	84
5993	71
5994	86
5995	61
5996	56
5997	48
5998	67
5999	80
6000	55
6001	73
6002	77
6003	79
6004	64
6005	81
6006	51
6007	67
6008	67
6009	64
6010	77
6011	52
6012	73
6013	68
6014	59
6015	52
6016	40
6017	66
6018	54
6019	58
6020	65
6021	56
6022	58
6023	72
6024	43
6025	54
6026	58
6027	58
6028	61
6029	54
6030	68
6031	52
6032	54
6033	50
6034	57
6035	62
6036	52
6037	59
6038	53
6039	58
6040	46
6041	50
6042	69
6043	44
6044	54
6045	45
6046	60
6047	59
6048	50
6049	64
6050	47
6051	53
6052	52
6053	47
6054	54
6055	60
6056	57
6057	40
6058	52
6059	56
6060	57
6061	53
6062	51
6063	58
6064	56
6065	44
6066	49
6067	54
6068	55
6069	61
6070	45
6071	37
6072	81
6073	53
6074	43
6075	38
6076	67
6077	60
6078	46
6079	62
6080	64
6081	66
6082	73
6083	52
6084	69
6085	90
6086	61
6087	52
6088	62
6089	64
6090	52
6091	71
6092	78
6093	72
6094	85
6095	56
6096	47
6097	54
6098	57
6099	62
6100	84
6101	50
6102	67
6103	50
6104	66
6105	45
6106	44
6107	69
6108	43
6109	57
6110	40
6111	57
6112	76
6113	38
6114	57
6115	46
6116	41
6117	25
6118	44
6119	53
6120	51
6121	53
6122	74
6123	55
6124	59
6125	54
6126	72
6127	56
6128	45
6129	63
6130	73
6131	73
6132	54
6133	55
6134	52
6135	60
6136	52
6137	66
6138	61
6139	54
6140	58
6141	48
6142	54
6143	60
6144	57
6145	53
6146	65
6147	61
6148	52
6149	54
6150	56
6151	83
6152	64
6153	55
6154	76
6155	57
6156	67
6157	48
6158	51
6159	73
6160	38
6161	51
6162	47
6163	54
6164	69
6165	62
6166	36
6167	39
6168	60
6169	75
6170	33
6171	45
6172	81
6173	71
6174	62
6175	40
6176	56
6177	60
6178	50
6179	64
6180	60
6181	54
6182	43
6183	62
6184	45
6185	54
6186	72
6187	66
6188	73
6189	35
6190	57
6191	53
6192	56
6193	44
6194	33
6195	74
6196	54
6197	83
6198	43
6199	53
6200	67
6201	53
6202	64
6203	47
6204	50
6205	68
6206	41
6207	63
6208	50
6209	47
6210	47
6211	38
6212	46
6213	35
6214	59
6215	48
6216	46
6217	59
6218	63
6219	51
6220	49
6221	52
6222	75
6223	53
6224	55
6225	54
6226	58
6227	53
6228	54
6229	44
6230	70
6231	37
6232	54
6233	51
6234	49
6235	58
6236	72
6237	74
6238	60
6239	59
6240	45
6241	65
6242	59
6243	59
6244	72
6245	86
6246	87
6247	75
6248	71
6249	70
6250	58
6251	85
6252	63
6253	72
6254	83
6255	82
6256	56
6257	80
6258	52
6259	47
6260	58
6261	60
6262	60
6263	77
6264	48
6265	76
6266	46
6267	75
6268	78
6269	63
6270	45
6271	69
6272	82
6273	78
6274	63
6275	82
6276	60
6277	57
6278	57
6279	41
6280	66
6281	46
6282	60
6283	65
6284	84
6285	69
6286	55
6287	73
6288	63
6289	55
6290	47
6291	54
6292	77
6293	65
6294	75
6295	47
6296	52
6297	54
6298	50
6299	64
6300	38
6301	59
6302	72
6303	46
6304	62
6305	74
6306	57
6307	62
6308	43
6309	69
6310	42
6311	40
6312	63
6313	36
6314	42
6315	75
6316	61
6317	60
6318	49
6319	51
6320	60
6321	58
6322	92
6323	55
6324	76
6325	52
6326	48
6327	52
6328	62
6329	40
6330	50
6331	60
6332	60
6333	60
6334	60
6335	79
6336	61
6337	65
6338	54
6339	33
6340	30
6341	69
6342	67
6343	50
6344	61
6345	80
6346	48
6347	57
6348	65
6349	69
6350	41
6351	48
6352	35
6353	48
6354	61
6355	54
6356	45
6357	49
6358	48
6359	68
6360	76
6361	51
6362	60
6363	57
6364	49
6365	57
6366	48
6367	67
6368	56
6369	43
6370	38
6371	56
6372	37
6373	43
6374	31
6375	37
6376	51
6377	44
6378	46
6379	62
6380	65
6381	32
6382	49
6383	42
6384	43
6385	44
6386	59
6387	43
6388	54
6389	47
6390	49
6391	56
6392	58
6393	46
6394	55
6395	35
6396	46
6397	36
6398	37
6399	54
6400	48
6401	33
6402	50
6403	42
6404	49
6405	38
6406	37
6407	31
6408	36
6409	33
6410	49
6411	44
6412	29
6413	39
6414	58
6415	46
6416	58
6417	55
6418	33
6419	39
6420	46
6421	37
6422	51
6423	50
6424	59
6425	68
6426	51
6427	43
6428	39
6429	78
6430	46
6431	34
6432	70
6433	35
6434	35
6435	33
6436	44
6437	36
6438	41
6439	51
6440	59
6441	58
6442	53
6443	59
6444	46
6445	37
6446	46
6447	41
6448	56
6449	56
6450	48
6451	58
6452	62
6453	58
6454	42
6455	47
6456	44
6457	65
6458	44
6459	49
6460	67
6461	57
6462	47
6463	44
6464	54
6465	60
6466	47
6467	45
6468	48
6469	48
6470	40
6471	48
6472	48
6473	57
6474	69
6475	57
6476	57
6477	67
6478	43
6479	40
6480	42
6481	53
6482	48
6483	46
6484	62
6485	58
6486	45
6487	54
6488	40
6489	52
6490	51
6491	61
6492	54
6493	56
6494	48
6495	39
6496	70
6497	55
6498	64
6499	59
6500	59
6501	77
6502	60
6503	47
6504	50
6505	60
6506	40
6507	53
6508	57
6509	71
6510	46
6511	40
6512	63
6513	60
6514	58
6515	63
6516	42
6517	52
6518	47
6519	56
6520	52
6521	53
6522	43
6523	58
6524	72
6525	39
6526	57
6527	60
6528	49
6529	53
6530	66
6531	49
6532	59
6533	45
6534	44
6535	45
6536	41
6537	57
6538	51
6539	64
6540	47
6541	44
6542	41
6543	39
6544	56
6545	46
6546	59
6547	47
6548	65
6549	51
6550	45
6551	63
6552	44
6553	41
6554	58
6555	79
6556	57
6557	59
6558	30
6559	39
6560	48
6561	50
6562	59
6563	39
6564	65
6565	46
6566	69
6567	76
6568	45
6569	48
6570	67
6571	54
6572	43
6573	65
6574	80
6575	58
6576	60
6577	67
6578	60
6579	66
6580	67
6581	48
6582	44
6583	62
6584	54
6585	53
6586	58
6587	42
6588	55
6589	47
6590	48
6591	47
6592	35
6593	47
6594	40
6595	32
6596	42
6597	49
6598	37
6599	54
6600	46
6601	24
6602	37
6603	47
6604	41
6605	61
6606	61
6607	62
6608	39
6609	35
6610	58
6611	60
6612	39
6613	30
6614	30
6615	41
6616	44
6617	47
6618	63
6619	43
6620	47
6621	58
6622	44
6623	50
6624	52
6625	45
6626	51
6627	41
6628	54
6629	46
6630	39
6631	37
6632	42
6633	39
6634	30
6635	63
6636	25
6637	21
6638	23
6639	38
6640	41
6641	59
6642	54
6643	34
6644	39
6645	46
6646	46
6647	47
6648	40
6649	46
6650	39
6651	52
6652	46
6653	55
6654	49
6655	33
6656	29
6657	59
6658	51
6659	46
6660	51
6661	53
6662	39
6663	45
6664	39
6665	38
6666	20
6667	48
6668	49
6669	44
6670	56
6671	48
6672	43
6673	35
6674	48
6675	42
6676	50
6677	46
6678	46
6679	40
6680	33
6681	34
6682	33
6683	26
6684	49
6685	39
6686	55
6687	62
6688	42
6689	25
6690	56
6691	37
6692	37
6693	57
6694	42
6695	34
6696	38
6697	58
6698	52
6699	51
6700	45
6701	43
6702	32
6703	49
6704	55
6705	32
6706	51
6707	42
6708	49
6709	47
6710	53
6711	35
6712	34
6713	40
6714	46
6715	39
6716	42
6717	40
6718	36
6719	52
6720	43
6721	42
6722	39
6723	35
6724	42
6725	35
6726	50
6727	34
6728	44
6729	56
6730	58
6731	29
6732	53
6733	37
6734	45
6735	52
6736	35
6737	40
6738	41
6739	43
6740	42
6741	72
6742	47
6743	56
6744	29
6745	49
6746	18
6747	39
6748	49
6749	37
6750	35
6751	53
6752	35
6753	48
6754	44
6755	41
6756	49
6757	30
6758	49
6759	37
6760	37
6761	38
6762	41
6763	46
6764	34
6765	41
6766	43
6767	55
6768	57
6769	53
6770	54
6771	53
6772	47
6773	73
6774	46
6775	55
6776	38
6777	38
6778	41
6779	46
6780	67
6781	75
6782	66
6783	63
6784	60
6785	60
6786	59
6787	62
6788	64
6789	68
6790	50
6791	39
6792	48
6793	42
6794	39
6795	42
6796	76
6797	71
6798	38
6799	45
6800	36
6801	37
6802	35
6803	60
6804	57
6805	50
6806	67
6807	70
6808	59
6809	64
6810	44
6811	58
6812	30
6813	34
6814	57
6815	69
6816	61
6817	40
6818	48
6819	68
6820	65
6821	70
6822	58
6823	43
6824	56
6825	63
6826	68
6827	57
6828	60
6829	42
6830	52
6831	50
6832	47
6833	46
6834	42
6835	50
6836	35
6837	36
6838	34
6839	40
6840	47
6841	34
6842	37
6843	34
6844	33
6845	29
6846	36
6847	32
6848	36
6849	51
6850	46
6851	54
6852	50
6853	51
6854	34
6855	32
6856	44
6857	47
6858	57
6859	45
6860	42
6861	56
6862	37
6863	37
6864	32
6865	45
6866	43
6867	29
6868	49
6869	43
6870	32
6871	43
6872	41
6873	40
6874	39
6875	52
6876	37
6877	35
6878	35
6879	61
6880	46
6881	31
6882	41
6883	33
6884	29
6885	47
6886	52
6887	43
6888	67
6889	54
6890	56
6891	46
6892	57
6893	43
6894	63
6895	64
6896	59
6897	57
6898	55
6899	38
6900	62
6901	43
6902	52
6903	48
6904	36
6905	46
6906	57
6907	41
6908	44
6909	32
6910	47
6911	43
6912	49
6913	39
6914	23
6915	29
6916	53
6917	27
6918	53
6919	36
6920	44
6921	41
6922	42
6923	56
6924	50
6925	49
6926	46
6927	55
6928	53
6929	42
6930	54
6931	44
6932	48
6933	23
6934	52
6935	62
6936	53
6937	54
6938	43
6939	50
6940	46
6941	35
6942	44
6943	29
6944	35
6945	40
6946	53
6947	40
6948	39
6949	84
6950	19
6951	45
6952	33
6953	43
6954	48
6955	48
6956	47
6957	45
6958	51
6959	47
6960	34
6961	56
6962	51
6963	59
6964	59
6965	55
6966	68
6967	43
6968	64
6969	36
6970	35
6971	48
6972	62
6973	39
6974	75
6975	53
6976	57
6977	46
6978	67
6979	56
6980	55
6981	62
6982	57
6983	62
6984	48
6985	56
6986	63
6987	48
6988	43
6989	48
6990	49
6991	54
6992	66
6993	53
6994	40
6995	51
6996	44
6997	44
6998	55
6999	38
7000	50
7001	56
7002	45
7003	51
7004	72
7005	53
7006	76
7007	57
7008	47
7009	45
7010	52
7011	70
7012	35
7013	40
7014	34
7015	46
7016	54
7017	49
7018	46
7019	68
7020	49
7021	41
7022	49
7023	50
7024	54
7025	39
7026	41
7027	42
7028	52
7029	34
7030	32
7031	41
7032	51
7033	47
7034	47
7035	37
7036	43
7037	48
7038	47
7039	45
7040	23
7041	58
7042	42
7043	48
7044	44
7045	49
7046	24
7047	35
7048	47
7049	45
7050	52
7051	86
7052	68
7053	52
7054	42
7055	60
7056	36
7057	41
7058	53
7059	56
7060	76
7061	59
7062	50
7063	44
7064	38
7065	63
7066	66
7067	51
7068	71
7069	39
7070	49
7071	51
7072	50
7073	50
7074	58
7075	46
7076	53
7077	49
7078	39
7079	41
7080	33
7081	39
7082	45
7083	58
7084	48
7085	30
7086	35
7087	29
7088	32
7089	38
7090	32
7091	33
7092	35
7093	32
7094	37
7095	41
7096	43
7097	44
7098	36
7099	48
7100	45
7101	47
7102	41
7103	36
7104	55
7105	44
7106	38
7107	33
7108	44
7109	45
7110	33
7111	36
7112	45
7113	43
7114	40
7115	42
7116	38
7117	46
7118	60
7119	52
7120	49
7121	46
7122	53
7123	42
7124	51
7125	35
7126	56
7127	44
7128	39
7129	49
7130	36
7131	43
7132	38
7133	35
7134	43
7135	61
7136	31
7137	54
7138	41
7139	46
7140	43
7141	55
7142	45
7143	47
7144	66
7145	65
7146	51
7147	41
7148	52
7149	31
7150	46
7151	35
7152	48
7153	30
7154	45
7155	69
7156	40
7157	34
7158	35
7159	34
7160	60
7161	38
7162	50
7163	58
7164	52
7165	38
7166	39
7167	35
7168	48
7169	58
7170	42
7171	43
7172	33
7173	61
7174	36
7175	40
7176	48
7177	41
7178	62
7179	42
7180	43
7181	40
7182	36
7183	39
7184	24
7185	39
7186	35
7187	36
7188	65
7189	37
7190	36
7191	48
7192	55
7193	37
7194	37
7195	46
7196	44
7197	67
7198	69
7199	32
7200	52
7201	66
7202	48
7203	36
7204	35
7205	48
7206	59
7207	53
7208	52
7209	52
7210	37
7211	53
7212	62
7213	19
7214	35
7215	40
7216	43
7217	48
7218	64
7219	64
7220	61
7221	46
7222	55
7223	77
7224	41
7225	40
7226	62
7227	44
7228	65
7229	50
7230	74
7231	47
7232	45
7233	38
7234	46
7235	41
7236	32
7237	56
7238	57
7239	60
7240	35
7241	35
7242	44
7243	55
7244	70
7245	43
7246	56
7247	26
7248	39
7249	59
7250	60
7251	39
7252	64
7253	63
7254	61
7255	54
7256	51
7257	53
7258	40
7259	57
7260	41
7261	34
7262	46
7263	35
7264	30
7265	50
7266	44
7267	33
7268	57
7269	33
7270	64
7271	71
7272	44
7273	44
7274	53
7275	43
7276	64
7277	41
7278	43
7279	30
7280	38
7281	39
7282	34
7283	37
7284	65
7285	55
7286	55
7287	55
7288	51
7289	50
7290	39
7291	63
7292	43
7293	37
7294	53
7295	38
7296	44
7297	56
7298	60
7299	60
7300	69
7301	63
7302	63
7303	68
7304	42
7305	42
7306	49
7307	76
7308	45
7309	51
7310	47
7311	41
7312	41
7313	61
7314	42
7315	45
7316	57
7317	61
7318	55
7319	32
7320	48
7321	46
7322	45
7323	56
7324	54
7325	64
7326	43
7327	46
7328	59
7329	45
7330	51
7331	53
7332	59
7333	43
7334	56
7335	78
7336	45
7337	43
7338	52
7339	52
7340	44
7341	63
7342	52
7343	50
7344	41
7345	41
7346	55
7347	49
7348	58
7349	45
7350	58
7351	50
7352	51
7353	73
7354	60
7355	37
7356	58
7357	46
7358	45
7359	54
7360	67
7361	64
7362	48
7363	54
7364	50
7365	22
7366	49
7367	36
7368	35
7369	24
7370	60
7371	47
7372	39
7373	23
7374	48
7375	44
7376	33
7377	19
7378	41
7379	46
7380	22
7381	36
7382	42
7383	46
7384	26
7385	29
7386	39
7387	24
7388	44
7389	52
7390	41
7391	52
7392	39
7393	38
7394	42
7395	46
7396	49
7397	42
7398	32
7399	45
7400	52
7401	37
7402	31
7403	45
7404	36
7405	40
7406	37
7407	36
7408	35
7409	33
7410	45
7411	31
7412	26
7413	36
7414	33
7415	36
7416	44
7417	51
7418	44
7419	43
7420	36
7421	27
7422	28
7423	33
7424	47
7425	27
7426	53
7427	44
7428	42
7429	55
7430	27
7431	35
7432	45
7433	33
7434	51
7435	48
7436	53
7437	33
7438	43
7439	53
7440	35
7441	39
7442	57
7443	59
7444	31
7445	37
7446	59
7447	50
7448	46
7449	26
7450	34
7451	29
7452	35
7453	40
7454	35
7455	55
7456	53
7457	34
7458	38
7459	43
7460	31
7461	40
7462	40
7463	52
7464	35
7465	41
7466	34
7467	56
7468	29
7469	45
7470	41
7471	30
7472	47
7473	41
7474	49
7475	45
7476	37
7477	32
7478	35
7479	57
7480	28
7481	31
7482	33
7483	36
7484	34
7485	35
7486	32
7487	41
7488	38
7489	37
7490	42
7491	36
7492	44
7493	40
7494	40
7495	40
7496	36
7497	55
7498	44
7499	54
7500	31
7501	43
7502	33
7503	67
7504	49
7505	41
7506	41
7507	48
7508	47
7509	30
7510	14
7511	33
7512	27
7513	50
7514	34
7515	56
7516	36
7517	33
7518	43
7519	62
7520	31
7521	37
7522	66
7523	59
7524	33
7525	43
7526	53
7527	48
7528	26
7529	26
7530	36
7531	35
7532	38
7533	24
7534	40
7535	41
7536	48
7537	36
7538	22
7539	26
7540	31
7541	30
7542	31
7543	29
7544	23
7545	43
7546	42
7547	43
7548	42
7549	31
7550	44
7551	67
7552	43
7553	40
7554	35
7555	41
7556	28
7557	33
7558	47
7559	33
7560	29
7561	34
7562	47
7563	49
7564	28
7565	47
7566	39
7567	22
7568	34
7569	43
7570	21
7571	26
7572	42
7573	41
7574	54
7575	37
7576	54
7577	42
7578	18
7579	42
7580	28
7581	48
7582	27
7583	53
7584	28
7585	34
7586	43
7587	59
7588	58
7589	35
7590	33
7591	24
7592	28
7593	40
7594	35
7595	35
7596	15
7597	27
7598	21
7599	39
7600	24
7601	27
7602	44
7603	28
7604	37
7605	32
7606	38
7607	29
7608	31
7609	33
7610	47
7611	23
7612	38
7613	41
7614	25
7615	35
7616	44
7617	35
7618	35
7619	27
7620	37
7621	37
7622	40
7623	38
7624	23
7625	41
7626	26
7627	32
7628	21
7629	20
7630	25
7631	31
7632	28
7633	18
7634	31
7635	27
7636	15
7637	35
7638	32
7639	18
7640	32
7641	25
7642	35
7643	33
7644	35
7645	24
7646	40
7647	38
7648	26
7649	21
7650	32
7651	28
7652	34
7653	18
7654	19
7655	25
7656	41
7657	24
7658	22
7659	40
7660	30
7661	29
7662	43
7663	21
7664	52
7665	27
7666	45
7667	42
7668	46
7669	48
7670	49
7671	44
7672	37
7673	32
7674	28
7675	23
7676	32
7677	18
7678	23
7679	23
7680	47
7681	29
7682	48
7683	43
7684	22
7685	27
7686	29
7687	45
7688	33
7689	40
7690	32
7691	33
7692	38
7693	41
7694	25
7695	44
7696	26
7697	42
7698	35
7699	12
7700	31
7701	46
7702	35
7703	31
7704	23
7705	46
7706	30
7707	31
7708	17
7709	28
7710	37
7711	42
7712	34
7713	39
7714	40
7715	38
7716	38
7717	53
7718	41
7719	33
7720	46
7721	43
7722	25
7723	25
7724	37
7725	25
7726	17
7727	45
7728	32
7729	28
7730	28
7731	27
7732	43
7733	38
7734	41
7735	41
7736	38
7737	30
7738	42
7739	27
7740	28
7741	27
7742	38
7743	39
7744	29
7745	32
7746	37
7747	21
7748	34
7749	45
7750	36
7751	35
7752	34
7753	38
7754	36
7755	40
7756	39
7757	40
7758	34
7759	40
7760	30
7761	21
7762	45
7763	31
7764	37
7765	34
7766	24
7767	44
7768	31
7769	50
7770	40
7771	32
7772	26
7773	26
7774	31
7775	39
7776	29
7777	34
7778	27
7779	34
7780	29
7781	24
7782	34
7783	38
7784	30
7785	42
7786	21
7787	52
7788	28
7789	49
7790	39
7791	57
7792	31
7793	36
7794	39
7795	43
7796	39
7797	44
7798	44
7799	54
7800	33
7801	39
7802	31
7803	46
7804	44
7805	27
7806	29
7807	39
7808	35
7809	57
7810	37
7811	45
7812	48
7813	37
7814	33
7815	38
7816	34
7817	50
7818	52
7819	52
7820	45
7821	50
7822	62
7823	46
7824	58
7825	43
7826	41
7827	42
7828	37
7829	54
7830	40
7831	28
7832	29
7833	26
7834	27
7835	28
7836	37
7837	41
7838	46
7839	35
7840	54
7841	35
7842	39
7843	56
7844	54
7845	61
7846	53
7847	36
7848	50
7849	41
7850	40
7851	49
7852	34
7853	34
7854	39
7855	40
7856	48
7857	30
7858	35
7859	44
7860	43
7861	57
7862	35
7863	47
7864	48
7865	53
7866	56
7867	35
7868	32
7869	28
7870	40
7871	40
7872	45
7873	32
7874	42
7875	44
7876	45
7877	51
7878	48
7879	58
7880	35
7881	54
7882	59
7883	97
7884	107
7885	98
7886	66
7887	61
7888	37
7889	52
7890	54
7891	31
7892	58
7893	47
7894	38
7895	40
7896	46
7897	39
7898	50
7899	42
7900	49
7901	34
7902	27
7903	41
7904	61
7905	61
7906	57
7907	63
7908	41
7909	48
7910	36
7911	47
7912	53
7913	39
7914	45
7915	39
7916	60
7917	65
7918	72
7919	48
7920	59
7921	43
7922	25
7923	38
7924	38
7925	57
7926	49
7927	52
7928	48
7929	45
7930	33
7931	39
7932	31
7933	43
7934	56
7935	67
7936	54
7937	49
7938	36
7939	37
7940	31
7941	29
7942	45
7943	45
7944	27
7945	40
7946	42
7947	51
7948	42
7949	33
7950	43
7951	34
7952	41
7953	35
7954	36
7955	60
7956	49
7957	41
7958	36
7959	50
7960	41
7961	49
7962	48
7963	68
7964	40
7965	75
7966	52
7967	48
7968	44
7969	40
7970	68
7971	63
7972	44
7973	41
7974	49
7975	47
7976	29
7977	33
7978	25
7979	33
7980	32
7981	28
7982	38
7983	55
7984	44
7985	39
7986	33
7987	45
7988	44
7989	46
7990	46
7991	50
7992	41
7993	44
7994	43
7995	41
7996	55
7997	46
7998	45
7999	45
8000	486581
