16	8
17	12
18	10
19	11
20	12
21	17
22	12
23	15
24	21
25	15
26	17
27	16
28	20
29	28
30	34
31	41
32	35
33	43
34	46
35	48
36	55
37	49
38	65
39	61
40	77
41	87
42	92
43	83
44	96
45	101
46	119
47	127
48	98
49	102
50	141
51	137
52	119
53	119
54	127
55	119
56	128
57	141
58	136
59	192
60	142
61	151
62	165
63	149
64	180
65	188
66	186
67	190
68	197
69	226
70	232
71	255
72	286
73	272
74	279
75	284
76	345
77	327
78	325
79	341
80	349
81	379
82	413
83	399
84	388
85	445
86	491
87	480
88	498
89	542
90	556
91	604
92	652
93	628
94	626
95	661
96	650
97	709
98	741
99	785
100	772
101	832
102	865
103	851
104	877
105	823
106	876
107	925
108	852
109	929
110	955
111	1000
112	997
113	1043
114	1050
115	1155
116	1139
117	1136
118	1115
119	1200
120	1198
121	1170
122	1249
123	1354
124	1273
125	1283
126	1397
127	1343
128	1378
129	1396
130	1431
131	1493
132	1465
133	1400
134	1432
135	1378
136	1370
137	1462
138	1510
139	1520
140	1566
141	1605
142	1701
143	1838
144	2210
145	2463
146	3579
147	8489
148	8619
149	17686
150	18348
