16	8
17	12
18	10
19	11
20	12
21	17
22	12
23	15
24	21
25	15
26	17
27	18
28	23
29	33
30	37
31	42
32	35
33	48
34	49
35	50
36	55
37	50
38	67
39	63
40	82
41	97
42	99
43	89
44	108
45	114
46	185
47	204
48	191
49	242
50	576
51	786
52	224
53	135
54	134
55	124
56	138
57	163
58	179
59	226
60	157
61	161
62	173
63	154
64	186
65	197
66	192
67	197
68	207
69	231
70	239
71	266
72	297
73	290
74	298
75	300
76	383
77	346
78	341
79	374
80	370
81	417
82	458
83	432
84	435
85	500
86	539
87	521
88	532
89	612
90	622
91	690
92	753
93	730
94	701
95	741
96	731
97	791
98	823
99	864
100	872
101	957
102	998
103	1033
104	1040
105	940
106	1039
107	1263
108	1465
109	1716
110	1550
111	1738
112	1204
113	1178
114	1258
115	1440
116	1463
117	1378
118	1317
119	1378
120	1377
121	1377
122	1514
123	1589
124	1565
125	1689
126	1695
127	1626
128	1642
129	1662
130	1683
131	1785
132	1750
133	1722
134	1732
135	1642
136	1661
137	1811
138	1851
139	1915
140	1984
141	1996
142	2139
143	2360
144	2921
145	3294
146	4881
147	10921
148	11372
149	29910
150	29273
