16	22
17	47
18	53
19	66
20	78
21	82
22	90
23	98
24	99
25	105
26	122
27	164
28	161
29	238
30	318
31	399
32	511
33	667
34	795
35	858
36	950
37	1109
38	1286
39	1410
40	1655
41	1962
42	2214
43	2478
44	2828
45	3082
46	3390
47	3719
48	4051
49	4319
50	4899
51	5543
52	5667
53	5866
54	6189
55	6403
56	6774
57	7238
58	7482
59	7852
60	7932
61	7737
62	8326
63	8617
64	8838
65	8993
66	9328
67	9796
68	10228
69	10350
70	10765
71	11275
72	11702
73	11882
74	12278
75	12741
76	13027
77	13568
78	13988
79	14423
80	15016
81	15671
82	16215
83	16561
84	17019
85	17592
86	18107
87	18585
88	19027
89	19387
90	20090
91	20759
92	21419
93	21631
94	22404
95	23274
96	23935
97	24756
98	25488
99	26075
100	26600
101	27655
102	28304
103	29380
104	30295
105	30971
106	31312
107	32294
108	33200
109	34097
110	34625
111	35349
112	36064
113	37116
114	37548
115	38456
116	39053
117	39530
118	40420
119	41378
120	41525
121	42514
122	43262
123	43915
124	44591
125	45777
126	45739
127	46505
128	46929
129	47959
130	49282
131	49499
132	49895
133	50992
134	51760
135	52809
136	54488
137	55988
138	57832
139	60645
140	64063
141	68771
142	78569
143	97394
144	133104
145	173168
146	292645
147	841612
148	897520
149	1818051
150	1877635
