0	0
1	0
2	0
3	0
4	0
5	0
6	0
7	0
8	0
9	0
10	0
11	0
12	1
13	1
14	1
15	0
16	0
17	5
18	0
19	1
20	0
21	0
22	2
23	1
24	3
25	6
26	2
27	3
28	4
29	7
30	3
31	3
32	4
33	6
34	6
35	6
36	12
37	8
38	9
39	6
40	10
41	12
42	7
43	11
44	15
45	10
46	9
47	18
48	10
49	13
50	15
51	17
52	18
53	8
54	15
55	7
56	16
57	14
58	17
59	19
60	11
61	25
62	16
63	18
64	20
65	14
66	21
67	15
68	14
69	22
70	20
71	20
72	17
73	28
74	25
75	20
76	37
77	37
78	36
79	40
80	33
81	35
82	29
83	44
84	36
85	49
86	52
87	47
88	35
89	62
90	42
91	63
92	58
93	50
94	50
95	60
96	56
97	63
98	75
99	59
100	71
101	58
102	82
103	82
104	67
105	84
106	93
107	84
108	83
109	95
110	91
111	108
112	105
113	105
114	107
115	99
116	115
117	98
118	100
119	129
120	111
121	121
122	119
123	119
124	148
125	118
126	121
127	135
128	145
129	185
130	142
131	136
132	142
133	132
134	146
135	129
136	137
137	163
138	146
139	169
140	133
141	153
142	162
143	154
144	159
145	137
146	133
147	139
148	112
149	154
150	139
151	139
152	139
153	142
154	138
155	171
156	139
157	135
158	145
159	166
160	145
161	149
162	143
163	183
164	168
165	159
166	163
167	146
168	154
169	143
170	199
171	153
172	131
173	136
174	147
175	164
176	151
177	140
178	125
179	141
180	165
181	152
182	151
183	154
184	148
185	149
186	187
187	169
188	148
189	127
190	139
191	159
192	162
193	146
194	149
195	136
196	156
197	143
198	143
199	143
200	117
201	136
202	128
203	146
204	128
205	96
206	145
207	122
208	133
209	130
210	115
211	116
212	111
213	132
214	136
215	118
216	106
217	112
218	131
219	126
220	96
221	109
222	104
223	114
224	147
225	115
226	140
227	120
228	103
229	123
230	110
231	81
232	106
233	101
234	115
235	124
236	86
237	83
238	88
239	97
240	104
241	123
242	99
243	96
244	120
245	90
246	94
247	101
248	105
249	117
250	114
251	130
252	112
253	121
254	113
255	124
256	101
257	131
258	112
259	112
260	109
261	131
262	110
263	88
264	137
265	138
266	95
267	115
268	134
269	126
270	130
271	83
272	117
273	108
274	139
275	134
276	106
277	98
278	130
279	136
280	114
281	114
282	108
283	131
284	107
285	103
286	97
287	108
288	135
289	114
290	111
291	118
292	86
293	130
294	109
295	105
296	159
297	126
298	127
299	111
300	88
301	116
302	115
303	103
304	107
305	97
306	117
307	116
308	127
309	121
310	100
311	113
312	110
313	113
314	122
315	90
316	111
317	130
318	114
319	86
320	104
321	111
322	109
323	82
324	114
325	92
326	89
327	102
328	101
329	105
330	100
331	94
332	88
333	94
334	103
335	81
336	64
337	79
338	86
339	65
340	87
341	96
342	66
343	76
344	88
345	98
346	105
347	85
348	94
349	77
350	70
351	80
352	74
353	86
354	99
355	80
356	87
357	88
358	65
359	65
360	78
361	102
362	100
363	81
364	72
365	73
366	90
367	80
368	83
369	80
370	83
371	77
372	74
373	96
374	90
375	66
376	76
377	79
378	68
379	84
380	73
381	62
382	75
383	74
384	80
385	101
386	103
387	75
388	75
389	78
390	50
391	91
392	74
393	80
394	82
395	72
396	63
397	70
398	76
399	60
400	75
401	68
402	78
403	100
404	75
405	80
406	54
407	66
408	81
409	63
410	69
411	76
412	74
413	74
414	64
415	79
416	77
417	82
418	66
419	75
420	71
421	62
422	78
423	79
424	55
425	59
426	47
427	77
428	60
429	50
430	54
431	59
432	60
433	53
434	62
435	52
436	48
437	46
438	72
439	52
440	49
441	61
442	50
443	50
444	51
445	65
446	54
447	45
448	53
449	59
450	54
451	50
452	51
453	60
454	41
455	38
456	41
457	44
458	55
459	39
460	41
461	52
462	50
463	52
464	58
465	42
466	41
467	50
468	33
469	38
470	37
471	36
472	37
473	34
474	37
475	38
476	44
477	39
478	36
479	28
480	36
481	32
482	30
483	34
484	40
485	33
486	22
487	37
488	39
489	37
490	29
491	34
492	39
493	34
494	28
495	31
496	45
497	42
498	34
499	33
500	32
501	28
502	27
503	30
504	35
505	39
506	41
507	33
508	44
509	42
510	34
511	28
512	40
513	40
514	25
515	28
516	24
517	34
518	19
519	30
520	21
521	21
522	33
523	29
524	33
525	36
526	21
527	23
528	32
529	31
530	41
531	16
532	17
533	27
534	22
535	37
536	28
537	19
538	35
539	32
540	30
541	36
542	33
543	24
544	27
545	21
546	20
547	18
548	26
549	26
550	23
551	18
552	13
553	17
554	13
555	20
556	22
557	11
558	14
559	16
560	18
561	17
562	13
563	15
564	11
565	17
566	18
567	26
568	17
