0	0
1	0
2	0
3	0
4	0
5	0
6	0
7	0
8	0
9	0
10	0
11	0
12	1
13	1
14	1
15	0
16	0
17	5
18	0
19	1
20	0
21	0
22	2
23	1
24	3
25	7
26	2
27	3
28	4
29	7
30	3
31	3
32	4
33	6
34	6
35	6
36	12
37	8
38	9
39	6
40	11
41	12
42	8
43	11
44	18
45	11
46	11
47	44
48	11
49	15
50	16
51	18
52	18
53	8
54	16
55	9
56	17
57	21
58	18
59	20
60	12
61	25
62	16
63	19
64	21
65	14
66	22
67	15
68	14
69	22
70	20
71	22
72	19
73	28
74	25
75	21
76	37
77	40
78	38
79	40
80	34
81	37
82	33
83	44
84	46
85	52
86	53
87	47
88	37
89	62
90	44
91	64
92	60
93	51
94	54
95	62
96	59
97	67
98	82
99	61
100	81
101	64
102	86
103	87
104	72
105	95
106	101
107	88
108	85
109	107
110	97
111	117
112	119
113	113
114	116
115	112
116	130
117	107
118	108
119	137
120	118
121	133
122	134
123	139
124	161
125	140
126	138
127	152
128	163
129	211
130	163
131	161
132	165
133	149
134	174
135	159
136	181
137	195
138	175
139	218
140	170
141	192
142	202
143	190
144	204
145	170
146	164
147	166
148	150
149	201
150	178
151	189
152	178
153	177
154	179
155	231
156	192
157	186
158	199
159	230
160	200
161	198
162	196
163	231
164	212
165	216
166	214
167	198
168	217
169	209
170	286
171	235
172	226
173	199
174	222
175	253
176	217
177	203
178	198
179	192
180	246
181	200
182	216
183	231
184	202
185	220
186	302
187	264
188	219
189	202
190	200
191	229
192	244
193	215
194	214
195	205
196	212
197	204
198	200
199	198
200	155
201	193
202	189
203	206
204	178
205	129
206	186
207	154
208	183
209	180
210	165
211	174
212	135
213	168
214	211
215	176
216	155
217	168
218	213
219	158
220	120
221	148
222	146
223	169
224	200
225	175
226	210
227	160
228	159
229	176
230	147
231	110
232	145
233	129
234	152
235	177
236	126
237	110
238	116
239	121
240	148
241	176
242	148
243	122
244	159
245	111
246	131
247	145
248	138
249	168
250	159
251	183
252	156
253	167
254	155
255	176
256	154
257	175
258	158
259	166
260	150
261	206
262	164
263	119
264	189
265	175
266	135
267	185
268	169
269	181
270	167
271	110
272	158
273	129
274	192
275	187
276	142
277	142
278	171
279	185
280	147
281	148
282	157
283	167
284	127
285	136
286	114
287	141
288	194
289	139
290	141
291	144
292	110
293	168
294	141
295	127
296	210
297	172
298	175
299	153
300	124
301	147
302	151
303	129
304	136
305	124
306	172
307	143
308	152
309	149
310	128
311	139
312	146
313	128
314	161
315	126
316	143
317	189
318	133
319	113
320	128
321	137
322	131
323	107
324	141
325	124
326	109
327	121
328	124
329	124
330	133
331	111
332	113
333	110
334	136
335	96
336	74
337	98
338	99
339	77
340	118
341	111
342	79
343	86
344	107
345	117
346	136
347	110
348	115
349	91
350	82
351	92
352	89
353	108
354	117
355	96
356	114
357	104
358	73
359	75
360	97
361	115
362	118
363	106
364	86
365	86
366	107
367	90
368	100
369	97
370	96
371	97
372	88
373	116
374	100
375	75
376	83
377	89
378	77
379	97
380	81
381	78
382	88
383	82
384	89
385	124
386	120
387	88
388	90
389	92
390	56
391	102
392	82
393	94
394	98
395	90
396	73
397	79
398	83
399	63
400	87
401	74
402	94
403	116
404	85
405	98
406	65
407	75
408	105
409	73
410	83
411	90
412	82
413	85
414	70
415	89
416	88
417	98
418	78
419	90
420	76
421	71
422	85
423	95
424	63
425	62
426	49
427	86
428	69
429	58
430	61
431	72
432	71
433	59
434	70
435	53
436	52
437	50
438	78
439	55
440	55
441	67
442	61
443	58
444	57
445	77
446	59
447	52
448	61
449	70
450	65
451	56
452	60
453	82
454	50
455	48
456	46
457	48
458	58
459	45
460	42
461	59
462	59
463	65
464	66
465	44
466	42
467	56
468	39
469	43
470	41
471	38
472	39
473	41
474	44
475	41
476	45
477	40
478	39
479	32
480	38
481	33
482	33
483	36
484	43
485	34
486	25
487	40
488	55
489	53
490	33
491	36
492	41
493	41
494	30
495	32
496	47
497	46
498	38
499	37
500	36
501	31
502	36
503	35
504	43
505	41
506	45
507	37
508	57
509	51
510	38
511	30
512	43
513	44
514	27
515	29
516	25
517	43
518	22
519	34
520	23
521	23
522	35
523	33
524	34
525	44
526	23
527	23
528	33
529	35
530	52
531	17
532	18
533	27
534	30
535	48
536	31
537	23
538	49
539	36
540	31
541	42
542	42
543	31
544	39
545	22
546	22
547	20
548	28
549	27
550	24
551	24
552	16
553	18
554	16
555	23
556	23
557	11
558	16
559	18
560	21
561	19
562	13
563	16
564	11
565	19
