0	0
1	0
2	0
3	0
4	0
5	0
6	0
7	0
8	0
9	0
10	0
11	0
12	0
13	3
14	8
15	16
16	36
17	28
18	30
19	19
20	26
21	49
22	45
23	65
24	56
25	86
26	90
27	102
28	131
29	135
30	171
31	194
32	234
33	285
34	360
35	412
36	469
37	508
38	607
39	683
40	748
41	842
42	970
43	955
44	1088
45	1233
46	1176
47	1351
48	1446
49	1518
50	1558
51	1709
52	1797
53	1907
54	2007
55	1944
56	2155
57	2220
58	2154
59	2196
60	2165
61	2304
62	2282
63	2403
64	2399
65	2509
66	2628
67	2742
68	2764
69	2891
70	2965
71	3015
72	2982
73	3225
74	3250
75	3240
76	3352
77	3410
78	3596
79	3852
80	3848
81	3942
82	3878
83	4234
84	4059
85	4468
86	4278
87	4576
88	4596
89	4953
90	6819
91	5480
92	5029
93	5292
94	5223
95	5531
96	5360
97	5534
98	5695
99	5985
100	5861
101	6215
102	6205
103	6406
104	6450
105	6789
106	6913
107	7070
108	6998
109	6982
110	7140
111	7122
112	7325
113	7577
114	7712
115	7705
116	8085
117	8024
118	8118
119	8111
120	8600
121	8432
122	8731
123	8722
124	8928
125	9005
126	8827
127	9002
128	9088
129	9289
130	9286
131	9360
132	9331
133	9583
134	9573
135	9637
136	9603
137	9786
138	9614
139	9789
140	9847
141	10029
142	9707
143	10248
144	10058
145	8642
146	8714
147	10632
148	11142
149	11450
150	11329
151	11523
152	11276
153	11516
154	11651
155	11617
156	11861
157	11582
158	11609
159	11573
160	11621
161	11657
162	11618
163	11676
164	11907
165	11440
166	11650
167	11611
168	11575
169	11423
170	11677
171	11389
172	11476
173	11615
174	11643
175	11418
176	11552
177	11326
178	11175
179	11083
180	11186
181	11064
182	11018
183	11036
184	10977
185	10966
186	10723
187	11005
188	11249
189	10751
190	10776
191	10620
192	10615
193	10530
194	10320
195	10391
196	10389
197	10332
198	10182
199	10090
200	10181
201	10303
202	10174
203	10167
204	9773
205	9641
206	9930
207	9847
208	9831
209	9565
210	9619
211	9594
212	9304
213	9223
214	9244
215	8988
216	8938
217	9167
218	9296
219	8962
220	8783
221	8547
222	8342
223	8613
224	8421
225	8556
226	8216
227	8312
228	8013
229	8154
230	8124
231	8159
232	7962
233	7862
234	8052
235	8094
236	7700
237	7790
238	7744
239	7720
240	7520
241	7315
242	7499
243	7392
244	7270
245	7140
246	7310
247	7207
248	7017
249	6979
250	7002
251	6728
252	6562
253	6657
254	6720
255	6683
256	6684
257	6705
258	6651
259	6492
260	6266
261	6203
262	6262
263	6301
264	6222
265	6150
266	6043
267	6036
268	5995
269	5926
270	6049
271	5899
272	5860
273	5659
274	5777
275	5644
276	5847
277	5687
278	5353
279	5368
280	5197
281	5095
282	5407
283	5209
284	5240
285	5246
286	5126
287	5009
288	4948
289	5034
290	4993
291	4749
292	4713
293	4721
294	4645
295	4431
296	4529
297	4573
298	4501
299	4397
300	4579
301	4500
302	4347
303	4352
304	4225
305	4206
306	4165
307	3997
308	4097
309	4120
310	4104
311	3861
312	4146
313	4048
314	3893
315	3940
316	3800
317	3717
318	3657
319	3647
320	3614
321	3533
322	3390
323	3495
324	3472
325	3376
326	3245
327	3332
328	3289
329	3361
330	3297
331	3237
332	3269
333	3258
334	3057
335	3077
336	3142
337	3257
338	3079
339	3010
340	3089
341	3090
342	2937
343	2928
344	2868
345	2813
346	2876
347	2833
348	2771
349	2615
350	2870
351	2700
352	2691
353	2726
354	2523
355	2695
356	2539
357	2550
358	2585
359	2515
360	2487
361	2466
362	2448
363	2493
364	2551
365	2452
366	2478
367	2376
368	2296
369	2450
370	2371
371	2280
372	2250
373	2238
374	2248
375	2124
376	2193
377	2254
378	2285
379	2193
380	2119
381	2096
382	2140
383	2051
384	1991
385	2029
386	1952
387	1964
388	1996
389	1974
390	1889
391	2052
392	1823
393	1821
394	1907
395	1896
396	1789
397	1820
398	1812
399	1839
400	1786
401	1571
402	1755
403	1703
404	1710
405	1626
406	1654
407	1668
408	1540
409	1661
410	1741
411	1632
412	1579
413	1688
414	1629
415	1590
416	1494
417	1573
418	1564
419	1549
420	1577
421	1447
422	1475
423	1402
424	1524
425	1435
426	1402
427	1390
428	1463
429	1362
430	1378
431	1394
432	1365
433	1420
434	1355
435	1366
436	1332
437	1299
438	1236
439	1305
440	1240
441	1253
442	1199
443	1194
444	1289
445	1264
446	1268
447	1299
448	1187
449	1146
450	1095
451	1177
452	1130
453	1181
454	1142
455	1181
456	1170
457	1077
458	1086
459	1151
460	1073
461	1091
462	1147
463	1020
464	1128
465	1079
466	1076
467	1023
468	1053
469	1036
470	1022
471	1037
472	1012
473	1003
474	1000
475	919
476	1006
477	946
478	972
479	991
480	923
481	974
482	967
483	944
484	944
485	984
486	972
487	966
488	941
489	889
490	902
491	952
492	883
493	950
494	931
495	915
496	920
497	919
498	887
499	944
500	944
501	883
502	895
503	874
504	868
505	869
506	919
507	914
508	917
509	823
510	888
511	870
512	804
513	902
514	841
515	873
516	827
517	839
518	796
519	797
520	814
521	782
522	859
523	830
524	827
525	792
526	840
527	854
528	773
529	748
530	828
531	881
532	736
533	816
534	837
535	779
536	819
537	816
538	745
539	765
540	737
541	737
542	769
543	732
544	704
545	736
546	704
547	697
548	747
549	727
550	717
551	718
552	736
553	783
554	696
555	689
556	687
557	712
558	676
559	753
560	735
561	703
562	656
563	688
564	646
565	688
566	723
567	729
568	648
569	658
570	709
571	687
572	635
573	660
574	717
575	696
576	638
577	666
578	683
579	669
580	596
581	660
582	696
583	636
584	683
585	714
586	637
587	664
588	699
589	668
590	658
591	648
592	636
593	693
594	669
595	675
596	631
597	706
598	635
599	626
600	686
601	585
602	648
603	618
604	644
605	610
606	612
607	556
608	648
609	621
610	624
611	643
612	631
613	586
614	625
615	651
616	621
617	635
618	557
619	532
620	602
621	606
622	571
623	574
624	605
625	593
626	591
627	551
628	553
629	632
630	575
631	622
632	602
633	618
634	593
635	636
636	674
637	603
638	651
639	611
640	623
641	604
642	615
643	558
644	648
645	544
646	544
647	589
648	549
649	578
650	612
651	596
652	562
653	547
654	519
655	607
656	557
657	565
658	544
659	532
660	558
661	489
662	627
663	516
664	502
665	539
666	588
667	610
668	534
669	569
670	568
671	522
672	558
673	549
674	579
675	574
676	551
677	589
678	569
679	604
680	565
681	536
682	535
683	543
684	557
685	582
686	603
687	572
688	567
689	614
690	551
691	545
692	575
693	533
694	590
695	600
696	615
697	558
698	565
699	543
700	525
701	557
702	598
703	634
704	574
705	604
706	612
707	549
708	522
709	556
710	571
711	592
712	549
713	599
714	582
715	602
716	536
717	510
718	538
719	588
720	536
721	605
722	509
723	541
724	505
725	525
726	545
727	504
728	547
729	513
730	574
731	536
732	591
733	549
734	551
735	561
736	543
737	510
738	519
739	514
740	527
741	568
742	523
743	517
744	523
745	557
746	515
747	527
748	540
749	504
750	523
751	513
752	513
753	527
754	511
755	557
756	480
757	495
758	446
759	470
760	451
761	456
762	491
763	456
764	491
765	476
766	442
767	496
768	468
769	478
770	448
771	492
772	499
773	466
774	456
775	450
776	484
777	533
778	507
779	484
780	465
781	516
782	495
783	502
784	509
785	525
786	506
787	485
788	511
789	514
790	504
791	538
792	529
793	520
794	494
795	481
796	482
797	476
798	459
799	473
800	513
801	468
802	494
803	491
804	495
805	444
806	525
807	523
808	455
809	477
810	424
811	469
812	469
813	516
814	511
815	460
816	443
817	445
818	460
819	504
820	468
821	473
822	497
823	432
824	469
825	469
826	469
827	458
828	499
829	451
830	485
831	435
832	395
833	410
834	371
835	439
836	479
837	464
838	465
839	422
840	420
841	468
842	452
843	472
844	466
845	444
846	420
847	482
848	422
849	448
850	451
851	440
852	468
853	456
854	425
855	443
856	443
857	463
858	461
859	473
860	445
861	415
862	463
863	419
864	484
865	492
866	434
867	452
868	447
869	421
870	448
871	445
872	427
873	464
874	392
875	461
876	423
877	444
878	445
879	441
880	472
881	462
882	427
883	425
884	446
885	451
886	465
887	399
888	424
889	411
890	393
891	419
892	378
893	404
894	524
895	477
896	420
897	396
898	385
899	404
900	400
901	442
902	464
903	429
904	390
905	476
906	393
907	475
908	453
909	366
910	434
911	438
912	393
913	372
914	384
915	409
916	401
917	460
918	378
919	360
920	422
921	423
922	391
923	400
924	425
925	402
926	402
927	450
928	393
929	392
930	372
931	383
932	395
933	367
934	445
935	399
936	429
937	448
938	383
939	455
940	467
941	418
942	429
943	406
944	402
945	392
946	386
947	378
948	384
949	407
950	410
951	400
952	405
953	375
954	369
955	409
956	403
957	351
958	377
959	365
960	360
961	378
962	421
963	409
964	384
965	399
966	381
967	376
968	397
969	394
970	395
971	368
972	368
973	393
974	443
975	375
976	366
977	361
978	335
979	351
980	377
981	371
982	441
983	384
984	423
985	348
986	367
987	423
988	407
989	342
990	354
991	337
992	410
993	367
994	393
995	399
996	367
997	352
998	416
999	319
1000	389
1001	393
1002	377
1003	348
1004	383
1005	334
1006	349
1007	336
1008	344
1009	350
1010	353
1011	325
1012	361
1013	390
1014	394
1015	384
1016	354
1017	333
1018	346
1019	322
1020	386
1021	348
1022	362
1023	325
1024	322
1025	389
1026	352
1027	347
1028	364
1029	311
1030	348
1031	330
1032	362
1033	327
1034	330
1035	347
1036	300
1037	344
1038	343
1039	372
1040	360
1041	360
1042	332
1043	317
1044	345
1045	357
1046	335
1047	367
1048	316
1049	321
1050	341
1051	278
1052	333
1053	358
1054	398
1055	353
1056	337
1057	356
1058	356
1059	363
1060	341
1061	350
1062	392
1063	325
1064	360
1065	398
1066	337
1067	377
1068	399
1069	317
1070	324
1071	327
1072	331
1073	324
1074	321
1075	335
1076	298
1077	310
1078	277
1079	303
1080	321
1081	308
1082	283
1083	311
1084	291
1085	346
1086	325
1087	310
1088	302
1089	297
1090	337
1091	338
1092	353
1093	325
1094	318
1095	314
1096	350
1097	313
1098	342
1099	341
1100	338
1101	324
1102	344
1103	308
1104	332
1105	310
1106	318
1107	327
1108	340
1109	319
1110	335
1111	320
1112	339
1113	367
1114	329
1115	304
1116	291
1117	295
1118	362
1119	299
1120	291
1121	310
1122	331
1123	345
1124	370
1125	308
1126	369
1127	317
1128	359
1129	320
1130	320
1131	323
1132	297
1133	314
1134	296
1135	347
1136	301
1137	338
1138	343
1139	353
1140	326
1141	310
1142	275
1143	321
1144	349
1145	305
1146	359
1147	334
1148	342
1149	305
1150	323
1151	298
1152	290
1153	310
1154	313
1155	337
1156	339
1157	292
1158	292
1159	278
1160	354
1161	333
1162	364
1163	310
1164	285
1165	329
1166	366
1167	332
1168	306
1169	356
1170	354
1171	342
1172	324
1173	348
1174	341
1175	339
1176	345
1177	335
1178	373
1179	299
1180	401
1181	319
1182	370
1183	293
1184	325
1185	310
1186	357
1187	330
1188	312
1189	316
1190	324
1191	345
1192	285
1193	365
1194	368
1195	375
1196	316
1197	344
1198	325
1199	348
1200	341
1201	336
1202	315
1203	350
1204	337
1205	357
1206	350
1207	346
1208	337
1209	374
1210	339
1211	327
1212	323
1213	329
1214	336
1215	317
1216	320
1217	326
1218	329
1219	336
1220	308
1221	316
1222	310
1223	265
1224	320
1225	360
1226	340
1227	343
1228	333
1229	315
1230	352
1231	346
1232	333
1233	323
1234	311
1235	302
1236	307
1237	310
1238	309
1239	320
1240	345
1241	298
1242	262
1243	297
1244	326
1245	283
1246	308
1247	311
1248	356
1249	341
1250	317
1251	320
1252	364
1253	329
1254	323
1255	360
1256	314
1257	291
1258	302
1259	323
1260	306
1261	338
1262	299
1263	285
1264	366
1265	341
1266	290
1267	348
1268	341
1269	310
1270	346
1271	285
1272	303
1273	336
1274	290
1275	305
1276	302
1277	351
1278	301
1279	347
1280	315
1281	316
1282	313
1283	362
1284	315
1285	349
1286	317
1287	318
1288	344
1289	332
1290	358
1291	324
1292	288
1293	300
1294	320
1295	347
1296	309
1297	274
1298	330
1299	333
1300	352
1301	321
1302	304
1303	336
1304	375
1305	317
1306	274
1307	303
1308	298
1309	289
1310	271
1311	325
1312	296
1313	291
1314	333
1315	312
1316	312
1317	271
1318	266
1319	253
1320	291
1321	290
1322	333
1323	284
1324	285
1325	298
1326	323
1327	317
1328	267
1329	318
1330	336
1331	278
1332	276
1333	316
1334	279
1335	297
1336	287
1337	287
1338	298
1339	298
1340	303
1341	280
1342	304
1343	316
1344	314
1345	356
1346	318
1347	324
1348	304
1349	281
1350	299
1351	298
1352	341
1353	337
1354	317
1355	327
1356	286
1357	311
1358	257
1359	290
1360	281
1361	303
1362	278
1363	271
1364	289
1365	304
1366	299
1367	334
1368	279
1369	259
1370	322
1371	274
1372	286
1373	314
1374	288
1375	304
1376	303
1377	257
1378	265
1379	275
1380	264
1381	287
1382	319
1383	276
1384	273
1385	225
1386	276
1387	288
1388	256
1389	288
1390	276
1391	261
1392	245
1393	230
1394	295
1395	299
1396	329
1397	287
1398	316
1399	317
1400	283
1401	296
1402	355
1403	309
1404	327
1405	296
1406	310
1407	294
1408	272
1409	282
1410	353
1411	324
1412	280
1413	314
1414	323
1415	257
1416	310
1417	348
1418	274
1419	257
1420	339
1421	314
1422	309
1423	323
1424	258
1425	295
1426	283
1427	282
1428	278
1429	288
1430	269
1431	279
1432	261
1433	253
1434	289
1435	274
1436	329
1437	292
1438	245
1439	295
1440	279
1441	303
1442	248
1443	268
1444	262
1445	253
1446	228
1447	270
1448	250
1449	288
1450	241
1451	258
1452	329
1453	254
1454	276
1455	241
1456	299
1457	263
1458	305
1459	255
1460	280
1461	280
1462	282
1463	262
1464	268
1465	251
1466	291
1467	242
1468	247
1469	277
1470	230
1471	230
1472	243
1473	246
1474	245
1475	248
1476	249
1477	275
1478	252
1479	264
1480	282
1481	271
1482	265
1483	278
1484	244
1485	282
1486	272
1487	270
1488	276
1489	246
1490	268
1491	291
1492	291
1493	287
1494	262
1495	285
1496	255
1497	279
1498	266
1499	270
1500	273
1501	298
1502	244
1503	280
1504	268
1505	295
1506	343
1507	294
1508	270
1509	285
1510	305
1511	278
1512	242
1513	297
1514	266
1515	285
1516	301
1517	255
1518	277
1519	284
1520	240
1521	261
1522	293
1523	291
1524	309
1525	252
1526	293
1527	300
1528	300
1529	283
1530	296
1531	284
1532	288
1533	256
1534	277
1535	270
1536	265
1537	262
1538	262
1539	295
1540	279
1541	337
1542	276
1543	296
1544	294
1545	263
1546	257
1547	284
1548	269
1549	279
1550	339
1551	258
1552	273
1553	321
1554	260
1555	264
1556	305
1557	291
1558	281
1559	292
1560	298
1561	310
1562	259
1563	290
1564	263
1565	316
1566	275
1567	287
1568	270
1569	294
1570	255
1571	268
1572	336
1573	289
1574	255
1575	265
1576	282
1577	269
1578	304
1579	258
1580	255
1581	263
1582	287
1583	318
1584	281
1585	247
1586	266
1587	292
1588	263
1589	260
1590	255
1591	243
1592	319
1593	312
1594	299
1595	290
1596	256
1597	294
1598	281
1599	247
1600	260
1601	322
1602	292
1603	275
1604	281
1605	265
1606	250
1607	246
1608	275
1609	256
1610	277
1611	255
1612	269
1613	274
1614	267
1615	281
1616	253
1617	206
1618	258
1619	254
1620	244
1621	239
1622	236
1623	221
1624	252
1625	250
1626	267
1627	250
1628	260
1629	286
1630	256
1631	307
1632	250
1633	250
1634	240
1635	221
1636	225
1637	254
1638	270
1639	254
1640	247
1641	251
1642	277
1643	271
1644	232
1645	245
1646	263
1647	285
1648	261
1649	236
1650	280
1651	267
1652	220
1653	246
1654	237
1655	286
1656	262
1657	279
1658	245
1659	250
1660	268
1661	266
1662	235
1663	277
1664	248
1665	246
1666	311
1667	275
1668	292
1669	261
1670	284
1671	271
1672	267
1673	276
1674	257
1675	271
1676	256
1677	285
1678	280
1679	256
1680	294
1681	266
1682	301
1683	267
1684	303
1685	281
1686	268
1687	268
1688	254
1689	257
1690	262
1691	259
1692	256
1693	308
1694	234
1695	241
1696	278
1697	272
1698	284
1699	229
1700	275
1701	254
1702	259
1703	229
1704	283
1705	276
1706	228
1707	290
1708	227
1709	266
1710	281
1711	264
1712	280
1713	288
1714	259
1715	306
1716	233
1717	290
1718	317
1719	278
1720	240
1721	248
1722	277
1723	306
1724	271
1725	263
1726	262
1727	284
1728	310
1729	280
1730	304
1731	280
1732	292
1733	313
1734	279
1735	273
1736	291
1737	288
1738	254
1739	298
1740	294
1741	272
1742	297
1743	274
1744	271
1745	260
1746	316
1747	288
1748	250
1749	314
1750	307
1751	286
1752	288
1753	263
1754	256
1755	270
1756	272
1757	325
1758	295
1759	252
1760	276
1761	259
1762	253
1763	264
1764	266
1765	284
1766	284
1767	222
1768	260
1769	230
1770	273
1771	238
1772	282
1773	258
1774	253
1775	249
1776	217
1777	227
1778	227
1779	251
1780	275
1781	257
1782	283
1783	254
1784	245
1785	252
1786	255
1787	244
1788	260
1789	275
1790	262
1791	233
1792	241
1793	239
1794	239
1795	252
1796	275
1797	248
1798	207
1799	211
1800	298
1801	258
1802	240
1803	279
1804	278
1805	260
1806	239
1807	222
1808	232
1809	238
1810	240
1811	252
1812	242
1813	228
1814	250
1815	266
1816	257
1817	251
1818	266
1819	255
1820	210
1821	230
1822	236
1823	261
1824	291
1825	268
1826	260
1827	239
1828	260
1829	285
1830	263
1831	221
1832	231
1833	229
1834	234
1835	260
1836	243
1837	233
1838	246
1839	249
1840	298
1841	240
1842	260
1843	233
1844	257
1845	201
1846	204
1847	226
1848	253
1849	252
1850	237
1851	234
1852	263
1853	231
1854	225
1855	237
1856	205
1857	214
1858	226
1859	269
1860	212
1861	209
1862	224
1863	253
1864	229
1865	221
1866	216
1867	209
1868	194
1869	211
1870	209
1871	245
1872	212
1873	205
1874	252
1875	208
1876	220
1877	255
1878	260
1879	246
1880	196
1881	258
1882	217
1883	266
1884	279
1885	262
1886	221
1887	240
1888	247
1889	222
1890	271
1891	232
1892	201
1893	219
1894	230
1895	230
1896	210
1897	236
1898	287
1899	229
1900	216
1901	234
1902	210
1903	228
1904	224
1905	216
1906	221
1907	293
1908	259
1909	247
1910	240
1911	278
1912	224
1913	192
1914	212
1915	181
1916	196
1917	258
1918	243
1919	211
1920	259
1921	228
1922	221
1923	230
1924	177
1925	199
1926	191
1927	222
1928	223
1929	211
1930	234
1931	212
1932	202
1933	204
1934	216
1935	214
1936	228
1937	255
1938	239
1939	233
1940	248
1941	240
1942	265
1943	203
1944	225
1945	203
1946	197
1947	220
1948	218
1949	191
1950	218
1951	201
1952	223
1953	206
1954	223
1955	273
1956	245
1957	236
1958	194
1959	202
1960	248
1961	207
1962	226
1963	208
1964	229
1965	237
1966	251
1967	223
1968	242
1969	259
1970	267
1971	205
1972	270
1973	281
1974	229
1975	261
1976	229
1977	217
1978	251
1979	239
1980	241
1981	229
1982	245
1983	259
1984	267
1985	202
1986	236
1987	277
1988	234
1989	239
1990	244
1991	256
1992	256
1993	272
1994	242
1995	266
1996	269
1997	288
1998	249
1999	260
2000	234
2001	276
2002	280
2003	254
2004	234
2005	233
2006	240
2007	250
2008	251
2009	290
2010	241
2011	253
2012	267
2013	247
2014	234
2015	269
2016	225
2017	235
2018	246
2019	223
2020	270
2021	227
2022	287
2023	290
2024	250
2025	249
2026	297
2027	249
2028	266
2029	252
2030	280
2031	269
2032	289
2033	246
2034	259
2035	206
2036	247
2037	285
2038	245
2039	262
2040	265
2041	279
2042	248
2043	281
2044	269
2045	250
2046	275
2047	263
2048	233
2049	245
2050	255
2051	272
2052	260
2053	225
2054	239
2055	259
2056	232
2057	277
2058	242
2059	258
2060	246
2061	212
2062	245
2063	271
2064	231
2065	278
2066	262
2067	251
2068	237
2069	260
2070	228
2071	250
2072	260
2073	283
2074	236
2075	226
2076	308
2077	269
2078	259
2079	233
2080	224
2081	231
2082	242
2083	243
2084	239
2085	214
2086	225
2087	191
2088	264
2089	237
2090	255
2091	240
2092	238
2093	211
2094	200
2095	258
2096	246
2097	222
2098	245
2099	231
2100	227
2101	240
2102	208
2103	238
2104	245
2105	213
2106	259
2107	249
2108	242
2109	238
2110	214
2111	210
2112	235
2113	186
2114	237
2115	272
2116	228
2117	250
2118	222
2119	224
2120	244
2121	295
2122	232
2123	286
2124	216
2125	236
2126	220
2127	219
2128	199
2129	224
2130	246
2131	224
2132	222
2133	239
2134	201
2135	214
2136	183
2137	202
2138	202
2139	225
2140	204
2141	209
2142	172
2143	218
2144	204
2145	210
2146	222
2147	217
2148	236
2149	207
2150	226
2151	232
2152	249
2153	256
2154	241
2155	215
2156	217
2157	186
2158	196
2159	211
2160	242
2161	214
2162	201
2163	217
2164	216
2165	184
2166	234
2167	214
2168	185
2169	203
2170	187
2171	214
2172	223
2173	212
2174	193
2175	216
2176	223
2177	184
2178	199
2179	191
2180	195
2181	199
2182	197
2183	235
2184	213
2185	197
2186	207
2187	199
2188	187
2189	203
2190	179
2191	202
2192	239
2193	207
2194	209
2195	207
2196	219
2197	212
2198	194
2199	215
2200	189
2201	209
2202	224
2203	203
2204	181
2205	226
2206	232
2207	233
2208	218
2209	236
2210	216
2211	222
2212	229
2213	227
2214	213
2215	224
2216	230
2217	222
2218	221
2219	209
2220	254
2221	243
2222	258
2223	286
2224	229
2225	236
2226	244
2227	236
2228	235
2229	266
2230	214
2231	242
2232	241
2233	229
2234	246
2235	241
2236	264
2237	232
2238	243
2239	213
2240	251
2241	266
2242	255
2243	219
2244	265
2245	268
2246	280
2247	242
2248	231
2249	245
2250	258
2251	280
2252	238
2253	229
2254	266
2255	266
2256	247
2257	244
2258	225
2259	254
2260	286
2261	277
2262	267
2263	279
2264	299
2265	267
2266	214
2267	251
2268	264
2269	260
2270	246
2271	239
2272	260
2273	259
2274	241
2275	247
2276	228
2277	246
2278	259
2279	253
2280	255
2281	239
2282	245
2283	216
2284	237
2285	230
2286	254
2287	259
2288	261
2289	220
2290	233
2291	213
2292	218
2293	227
2294	242
2295	219
2296	234
2297	225
2298	227
2299	242
2300	248
2301	228
2302	228
2303	234
2304	196
2305	219
2306	266
2307	240
2308	255
2309	278
2310	216
2311	235
2312	270
2313	222
2314	246
2315	231
2316	225
2317	256
2318	260
2319	194
2320	260
2321	259
2322	207
2323	229
2324	230
2325	255
2326	212
2327	197
2328	221
2329	221
2330	249
2331	242
2332	216
2333	197
2334	217
2335	230
2336	215
2337	182
2338	241
2339	202
2340	209
2341	225
2342	220
2343	213
2344	201
2345	232
2346	241
2347	216
2348	229
2349	214
2350	212
2351	214
2352	185
2353	196
2354	218
2355	223
2356	208
2357	238
2358	201
2359	194
2360	211
2361	204
2362	216
2363	213
2364	235
2365	211
2366	205
2367	208
2368	225
2369	179
2370	194
2371	200
2372	183
2373	184
2374	170
2375	188
2376	208
2377	208
2378	208
2379	192
2380	163
2381	201
2382	188
2383	218
2384	178
2385	195
2386	240
2387	200
2388	223
2389	227
2390	242
2391	197
2392	193
2393	200
2394	216
2395	185
2396	220
2397	214
2398	184
2399	197
2400	256
2401	230
2402	248
2403	212
2404	226
2405	187
2406	241
2407	207
2408	213
2409	193
2410	248
2411	218
2412	230
2413	209
2414	229
2415	220
2416	231
2417	241
2418	248
2419	212
2420	229
2421	209
2422	216
2423	185
2424	208
2425	186
2426	188
2427	208
2428	219
2429	237
2430	237
2431	195
2432	192
2433	204
2434	217
2435	221
2436	201
2437	193
2438	209
2439	239
2440	240
2441	249
2442	196
2443	218
2444	233
2445	199
2446	200
2447	206
2448	204
2449	240
2450	210
2451	208
2452	201
2453	205
2454	226
2455	205
2456	186
2457	208
2458	198
2459	211
2460	202
2461	230
2462	209
2463	202
2464	194
2465	202
2466	205
2467	153
2468	189
2469	199
2470	201
2471	184
2472	190
2473	231
2474	185
2475	217
2476	193
2477	183
2478	214
2479	198
2480	179
2481	190
2482	168
2483	195
2484	183
2485	215
2486	223
2487	203
2488	192
2489	206
2490	200
2491	203
2492	227
2493	189
2494	221
2495	212
2496	221
2497	243
2498	222
2499	209
2500	186
2501	178
2502	195
2503	165
2504	167
2505	210
2506	230
2507	200
2508	179
2509	219
2510	183
2511	168
2512	222
2513	144
2514	189
2515	190
2516	211
2517	152
2518	173
2519	224
2520	193
2521	188
2522	202
2523	209
2524	194
2525	194
2526	199
2527	209
2528	216
2529	199
2530	243
2531	180
2532	207
2533	205
2534	192
2535	172
2536	191
2537	215
2538	182
2539	224
2540	194
2541	168
2542	211
2543	187
2544	202
2545	175
2546	173
2547	185
2548	170
2549	156
2550	179
2551	190
2552	161
2553	196
2554	182
2555	174
2556	160
2557	205
2558	205
2559	177
2560	190
2561	155
2562	182
2563	189
2564	154
2565	169
2566	176
2567	165
2568	175
2569	202
2570	164
2571	169
2572	180
2573	191
2574	182
2575	168
2576	180
2577	162
2578	160
2579	170
2580	177
2581	195
2582	179
2583	162
2584	189
2585	161
2586	196
2587	185
2588	189
2589	192
2590	200
2591	182
2592	180
2593	171
2594	235
2595	176
2596	166
2597	179
2598	159
2599	174
2600	157
2601	177
2602	190
2603	168
2604	179
2605	179
2606	195
2607	206
2608	180
2609	168
2610	148
2611	171
2612	154
2613	209
2614	160
2615	188
2616	177
2617	181
2618	161
2619	209
2620	190
2621	201
2622	167
2623	174
2624	172
2625	192
2626	165
2627	171
2628	155
2629	169
2630	192
2631	148
2632	205
2633	171
2634	174
2635	179
2636	164
2637	140
2638	180
2639	159
2640	163
2641	217
2642	183
2643	196
2644	195
2645	199
2646	218
2647	159
2648	187
2649	210
2650	209
2651	164
2652	188
2653	188
2654	177
2655	184
2656	186
2657	171
2658	184
2659	180
2660	196
2661	158
2662	167
2663	196
2664	159
2665	188
2666	186
2667	161
2668	139
2669	168
2670	171
2671	185
2672	196
2673	201
2674	165
2675	188
2676	162
2677	183
2678	195
2679	184
2680	180
2681	169
2682	177
2683	195
2684	190
2685	202
2686	196
2687	180
2688	214
2689	145
2690	169
2691	168
2692	155
2693	171
2694	172
2695	177
2696	190
2697	184
2698	184
2699	177
2700	171
2701	213
2702	172
2703	179
2704	208
2705	164
2706	174
2707	171
2708	176
2709	160
2710	182
2711	171
2712	165
2713	190
2714	149
2715	190
2716	145
2717	169
2718	147
2719	163
2720	171
2721	168
2722	182
2723	205
2724	146
2725	169
2726	159
2727	146
2728	199
2729	183
2730	200
2731	160
2732	184
2733	172
2734	177
2735	124
2736	171
2737	166
2738	157
2739	167
2740	121
2741	184
2742	187
2743	192
2744	166
2745	175
2746	176
2747	187
2748	160
2749	180
2750	167
2751	151
2752	158
2753	199
2754	181
2755	172
2756	197
2757	186
2758	157
2759	191
2760	168
2761	136
2762	175
2763	160
2764	140
2765	173
2766	169
2767	136
2768	179
2769	197
2770	199
2771	216
2772	148
2773	156
2774	184
2775	182
2776	153
2777	143
2778	194
2779	174
2780	146
2781	128
2782	169
2783	149
2784	174
2785	178
2786	159
2787	129
2788	153
2789	159
2790	159
2791	169
2792	179
2793	161
2794	168
2795	161
2796	134
2797	180
2798	180
2799	184
2800	163
2801	166
2802	154
2803	151
2804	174
2805	159
2806	161
2807	186
2808	191
2809	161
2810	145
2811	147
2812	189
2813	168
2814	141
2815	197
2816	157
2817	186
2818	145
2819	175
2820	164
2821	153
2822	146
2823	163
2824	186
2825	201
2826	156
2827	150
2828	186
2829	158
2830	134
2831	164
2832	164
2833	160
2834	169
2835	168
2836	179
2837	182
2838	196
2839	149
2840	179
2841	158
2842	152
2843	162
2844	165
2845	177
2846	156
2847	155
2848	171
2849	146
2850	160
2851	163
2852	180
2853	174
2854	193
2855	161
2856	175
2857	173
2858	150
2859	177
2860	151
2861	137
2862	136
2863	172
2864	193
2865	167
2866	153
2867	147
2868	165
2869	128
2870	157
2871	159
2872	161
2873	168
2874	156
2875	156
2876	153
2877	142
2878	151
2879	159
2880	168
2881	143
2882	147
2883	168
2884	186
2885	177
2886	191
2887	184
2888	173
2889	150
2890	132
2891	145
2892	188
2893	150
2894	164
2895	154
2896	165
2897	145
2898	190
2899	140
2900	157
2901	155
2902	176
2903	157
2904	149
2905	170
2906	152
2907	165
2908	155
2909	140
2910	150
2911	161
2912	156
2913	141
2914	148
2915	154
2916	157
2917	146
2918	153
2919	170
2920	132
2921	122
2922	167
2923	133
2924	160
2925	155
2926	146
2927	139
2928	157
2929	118
2930	136
2931	138
2932	168
2933	171
2934	138
2935	145
2936	157
2937	168
2938	156
2939	173
2940	124
2941	145
2942	171
2943	142
2944	142
2945	132
2946	135
2947	166
2948	115
2949	168
2950	162
2951	121
2952	121
2953	165
2954	135
2955	160
2956	121
2957	125
2958	132
2959	134
2960	163
2961	173
2962	132
2963	149
2964	142
2965	150
2966	163
2967	166
2968	154
2969	143
2970	143
2971	124
2972	139
2973	131
2974	127
2975	128
2976	132
2977	154
2978	116
2979	173
2980	134
2981	157
2982	157
2983	147
2984	124
2985	126
2986	133
2987	146
2988	152
2989	160
2990	134
2991	148
2992	167
2993	190
2994	155
2995	158
2996	164
2997	154
2998	137
2999	147
3000	162
3001	162
3002	161
3003	137
3004	184
3005	176
3006	128
3007	164
3008	158
3009	156
3010	161
3011	153
3012	170
3013	172
3014	157
3015	174
3016	190
3017	137
3018	174
3019	140
3020	151
3021	149
3022	123
3023	147
3024	122
3025	175
3026	171
3027	180
3028	191
3029	165
3030	156
3031	158
3032	155
3033	151
3034	144
3035	144
3036	157
3037	145
3038	183
3039	155
3040	162
3041	184
3042	169
3043	168
3044	155
3045	163
3046	146
3047	138
3048	148
3049	147
3050	140
3051	161
3052	149
3053	158
3054	157
3055	166
3056	154
3057	163
3058	145
3059	178
3060	152
3061	161
3062	145
3063	148
3064	169
3065	148
3066	160
3067	156
3068	168
3069	152
3070	141
3071	171
3072	175
3073	185
3074	171
3075	202
3076	178
3077	168
3078	196
3079	132
3080	164
3081	157
3082	173
3083	153
3084	138
3085	164
3086	154
3087	148
3088	156
3089	127
3090	171
3091	158
3092	149
3093	162
3094	185
3095	145
3096	153
3097	122
3098	122
3099	173
3100	157
3101	144
3102	159
3103	174
3104	166
3105	154
3106	143
3107	130
3108	174
3109	146
3110	190
3111	119
3112	160
3113	180
3114	171
3115	188
3116	139
3117	147
3118	166
3119	147
3120	141
3121	143
3122	151
3123	115
3124	148
3125	136
3126	149
3127	135
3128	139
3129	118
3130	142
3131	130
3132	112
3133	153
3134	117
3135	144
3136	159
3137	165
3138	113
3139	120
3140	159
3141	132
3142	152
3143	133
3144	147
3145	149
3146	144
3147	164
3148	123
3149	156
3150	144
3151	114
3152	160
3153	161
3154	133
3155	173
3156	152
3157	122
3158	174
3159	152
3160	150
3161	128
3162	147
3163	159
3164	147
3165	141
3166	149
3167	153
3168	124
3169	173
3170	172
3171	154
3172	137
3173	174
3174	121
3175	121
3176	127
3177	137
3178	119
3179	137
3180	149
3181	138
3182	177
3183	151
3184	149
3185	140
3186	145
3187	148
3188	121
3189	146
3190	147
3191	140
3192	150
3193	143
3194	145
3195	166
3196	178
3197	159
3198	125
3199	131
3200	146
3201	134
3202	155
3203	138
3204	186
3205	176
3206	133
3207	182
3208	169
3209	128
3210	156
3211	182
3212	144
3213	154
3214	151
3215	141
3216	138
3217	137
3218	165
3219	175
3220	171
3221	113
3222	133
3223	169
3224	138
3225	137
3226	147
3227	157
3228	159
3229	162
3230	173
3231	168
3232	139
3233	121
3234	136
3235	124
3236	142
3237	171
3238	172
3239	140
3240	184
3241	160
3242	177
3243	162
3244	147
3245	162
3246	176
3247	168
3248	189
3249	197
3250	162
3251	174
3252	203
3253	173
3254	151
3255	159
3256	147
3257	150
3258	168
3259	145
3260	144
3261	148
3262	144
3263	143
3264	145
3265	131
3266	136
3267	164
3268	129
3269	141
3270	160
3271	140
3272	148
3273	162
3274	134
3275	136
3276	163
3277	132
3278	164
3279	165
3280	161
3281	188
3282	203
3283	196
3284	157
3285	173
3286	190
3287	193
3288	179
3289	173
3290	195
3291	180
3292	153
3293	176
3294	164
3295	176
3296	167
3297	158
3298	173
3299	169
3300	162
3301	186
3302	153
3303	169
3304	177
3305	184
3306	165
3307	163
3308	138
3309	167
3310	155
3311	177
3312	158
3313	133
3314	164
3315	177
3316	177
3317	173
3318	153
3319	148
3320	177
3321	122
3322	193
3323	176
3324	193
3325	181
3326	182
3327	190
3328	165
3329	169
3330	169
3331	178
3332	164
3333	166
3334	175
3335	169
3336	166
3337	153
3338	177
3339	186
3340	189
3341	163
3342	156
3343	178
3344	180
3345	212
3346	164
3347	186
3348	190
3349	168
3350	179
3351	188
3352	160
3353	171
3354	159
3355	170
3356	140
3357	157
3358	130
3359	177
3360	164
3361	152
3362	188
3363	154
3364	164
3365	141
3366	171
3367	131
3368	140
3369	158
3370	174
3371	182
3372	145
3373	148
3374	134
3375	137
3376	161
3377	135
3378	127
3379	149
3380	132
3381	144
3382	112
3383	131
3384	159
3385	124
3386	142
3387	130
3388	101
3389	147
3390	132
3391	125
3392	161
3393	129
3394	157
3395	143
3396	159
3397	126
3398	151
3399	159
3400	152
3401	156
3402	171
3403	134
3404	154
3405	157
3406	149
3407	132
3408	156
3409	118
3410	148
3411	161
3412	120
3413	145
3414	116
3415	144
3416	154
3417	185
3418	186
3419	160
3420	172
3421	139
3422	158
3423	146
3424	152
3425	146
3426	161
3427	164
3428	138
3429	178
3430	183
3431	172
3432	124
3433	111
3434	154
3435	115
3436	122
3437	155
3438	141
3439	159
3440	151
3441	129
3442	143
3443	156
3444	138
3445	148
3446	171
3447	147
3448	172
3449	156
3450	156
3451	169
3452	153
3453	150
3454	155
3455	150
3456	174
3457	188
3458	162
3459	152
3460	129
3461	166
3462	155
3463	137
3464	166
3465	155
3466	146
3467	137
3468	141
3469	171
3470	151
3471	160
3472	136
3473	178
3474	141
3475	168
3476	165
3477	134
3478	139
3479	133
3480	130
3481	174
3482	150
3483	152
3484	140
3485	149
3486	132
3487	152
3488	189
3489	168
3490	143
3491	146
3492	184
3493	148
3494	145
3495	172
3496	119
3497	130
3498	103
3499	110
3500	156
3501	148
3502	92
3503	134
3504	127
3505	115
3506	141
3507	136
3508	150
3509	146
3510	123
3511	144
3512	152
3513	123
3514	115
3515	122
3516	126
3517	134
3518	114
3519	114
3520	124
3521	128
3522	137
3523	144
3524	110
3525	122
3526	97
3527	172
3528	105
3529	130
3530	124
3531	120
3532	122
3533	148
3534	113
3535	103
3536	115
3537	117
3538	99
3539	129
3540	104
3541	154
3542	117
3543	128
3544	116
3545	100
3546	126
3547	142
3548	128
3549	110
3550	134
3551	152
3552	128
3553	169
3554	125
3555	148
3556	171
3557	119
3558	142
3559	131
3560	120
3561	119
3562	125
3563	116
3564	109
3565	141
3566	134
3567	122
3568	107
3569	113
3570	137
3571	139
3572	128
3573	105
3574	132
3575	133
3576	125
3577	147
3578	121
3579	128
3580	161
3581	122
3582	133
3583	94
3584	124
3585	123
3586	110
3587	142
3588	113
3589	115
3590	108
3591	116
3592	147
3593	114
3594	126
3595	103
3596	134
3597	149
3598	132
3599	126
3600	99
3601	132
3602	116
3603	111
3604	118
3605	136
3606	123
3607	130
3608	147
3609	122
3610	140
3611	121
3612	132
3613	115
3614	129
3615	125
3616	126
3617	152
3618	159
3619	148
3620	140
3621	124
3622	156
3623	140
3624	167
3625	130
3626	137
3627	129
3628	111
3629	164
3630	122
3631	115
3632	116
3633	127
3634	112
3635	106
3636	114
3637	122
3638	107
3639	120
3640	118
3641	117
3642	89
3643	118
3644	105
3645	116
3646	105
3647	114
3648	148
3649	130
3650	135
3651	153
3652	134
3653	136
3654	116
3655	101
3656	128
3657	143
3658	126
3659	98
3660	120
3661	131
3662	111
3663	129
3664	130
3665	146
3666	120
3667	121
3668	101
3669	125
3670	139
3671	128
3672	130
3673	105
3674	132
3675	127
3676	108
3677	120
3678	138
3679	153
3680	139
3681	119
3682	126
3683	99
3684	102
3685	99
3686	121
3687	116
3688	115
3689	121
3690	117
3691	120
3692	108
3693	101
3694	110
3695	111
3696	128
3697	123
3698	136
3699	126
3700	140
3701	141
3702	111
3703	141
3704	104
3705	98
3706	130
3707	98
3708	105
3709	122
3710	94
3711	121
3712	124
3713	112
3714	117
3715	123
3716	131
3717	140
3718	117
3719	134
3720	111
3721	108
3722	117
3723	113
3724	156
3725	128
3726	132
3727	126
3728	136
3729	128
3730	138
3731	133
3732	129
3733	122
3734	137
3735	103
3736	120
3737	127
3738	109
3739	119
3740	113
3741	97
3742	111
3743	112
3744	118
3745	119
3746	115
3747	115
3748	149
3749	105
3750	105
3751	98
3752	133
3753	115
3754	131
3755	127
3756	120
3757	151
3758	132
3759	158
3760	131
3761	89
3762	127
3763	120
3764	135
3765	151
3766	122
3767	130
3768	117
3769	121
3770	138
3771	150
3772	126
3773	100
3774	114
3775	121
3776	127
3777	143
3778	149
3779	112
3780	119
3781	130
3782	124
3783	131
3784	126
3785	111
3786	141
3787	137
3788	127
3789	102
3790	95
3791	102
3792	136
3793	93
3794	86
3795	123
3796	105
3797	132
3798	98
3799	150
3800	145
3801	138
3802	144
3803	112
3804	137
3805	144
3806	134
3807	110
3808	133
3809	112
3810	129
3811	120
3812	151
3813	111
3814	161
3815	120
3816	139
3817	151
3818	133
3819	146
3820	145
3821	115
3822	123
3823	106
3824	95
3825	131
3826	118
3827	106
3828	111
3829	106
3830	95
3831	89
3832	122
3833	126
3834	99
3835	152
3836	156
3837	119
3838	119
3839	109
3840	104
3841	114
3842	111
3843	107
3844	140
3845	125
3846	96
3847	129
3848	134
3849	115
3850	108
3851	110
3852	134
3853	129
3854	107
3855	99
3856	111
3857	119
3858	131
3859	128
3860	100
3861	110
3862	113
3863	127
3864	129
3865	112
3866	152
3867	110
3868	133
3869	91
3870	94
3871	111
3872	107
3873	121
3874	102
3875	97
3876	95
3877	117
3878	134
3879	112
3880	121
3881	103
3882	102
3883	121
3884	109
3885	114
3886	125
3887	110
3888	100
3889	119
3890	122
3891	111
3892	106
3893	115
3894	117
3895	92
3896	141
3897	132
3898	104
3899	113
3900	113
3901	126
3902	141
3903	144
3904	123
3905	125
3906	128
3907	117
3908	129
3909	124
3910	117
3911	146
3912	127
3913	129
3914	143
3915	124
3916	126
3917	127
3918	144
3919	121
3920	126
3921	92
3922	143
3923	126
3924	133
3925	106
3926	113
3927	128
3928	134
3929	113
3930	99
3931	116
3932	108
3933	119
3934	126
3935	119
3936	115
3937	137
3938	130
3939	129
3940	122
3941	136
3942	129
3943	135
3944	133
3945	137
3946	130
3947	144
3948	167
3949	124
3950	132
3951	110
3952	166
3953	144
3954	123
3955	142
3956	146
3957	130
3958	121
3959	125
3960	159
3961	130
3962	116
3963	148
3964	138
3965	160
3966	140
3967	154
3968	141
3969	155
3970	122
3971	151
3972	155
3973	126
3974	132
3975	152
3976	123
3977	121
3978	137
3979	146
3980	132
3981	106
3982	119
3983	106
3984	124
3985	131
3986	125
3987	115
3988	134
3989	112
3990	95
3991	114
3992	111
3993	125
3994	117
3995	149
3996	133
3997	141
3998	144
3999	134
4000	121
4001	162
4002	136
4003	142
4004	143
4005	141
4006	122
4007	120
4008	142
4009	138
4010	128
4011	150
4012	151
4013	115
4014	167
4015	129
4016	114
4017	122
4018	152
4019	134
4020	157
4021	119
4022	142
4023	182
4024	156
4025	151
4026	179
4027	129
4028	159
4029	153
4030	128
4031	138
4032	159
4033	157
4034	148
4035	154
4036	153
4037	143
4038	152
4039	142
4040	175
4041	147
4042	140
4043	136
4044	154
4045	142
4046	179
4047	155
4048	131
4049	158
4050	168
4051	193
4052	189
4053	168
4054	145
4055	175
4056	131
4057	161
4058	153
4059	156
4060	152
4061	155
4062	157
4063	173
4064	143
4065	162
4066	171
4067	155
4068	148
4069	171
4070	164
4071	164
4072	135
4073	159
4074	137
4075	147
4076	155
4077	161
4078	189
4079	153
4080	175
4081	146
4082	137
4083	132
4084	138
4085	133
4086	164
4087	144
4088	149
4089	121
4090	181
4091	128
4092	132
4093	122
4094	128
4095	164
4096	129
4097	162
4098	181
4099	193
4100	155
4101	165
4102	150
4103	157
4104	180
4105	143
4106	166
4107	172
4108	173
4109	158
4110	141
4111	155
4112	180
4113	176
4114	160
4115	139
4116	147
4117	149
4118	121
4119	144
4120	137
4121	138
4122	147
4123	146
4124	155
4125	136
4126	141
4127	160
4128	124
4129	158
4130	136
4131	139
4132	134
4133	129
4134	129
4135	139
4136	125
4137	136
4138	111
4139	121
4140	132
4141	150
4142	127
4143	175
4144	95
4145	148
4146	108
4147	142
4148	118
4149	110
4150	106
4151	120
4152	131
4153	100
4154	143
4155	116
4156	116
4157	139
4158	116
4159	146
4160	112
4161	120
4162	139
4163	82
4164	117
4165	124
4166	110
4167	109
4168	127
4169	107
4170	121
4171	133
4172	98
4173	117
4174	121
4175	141
4176	112
4177	103
4178	138
4179	100
4180	124
4181	107
4182	100
4183	139
4184	127
4185	126
4186	88
4187	127
4188	118
4189	109
4190	90
4191	105
4192	119
4193	110
4194	106
4195	112
4196	109
4197	84
4198	116
4199	97
4200	124
4201	102
4202	71
4203	101
4204	118
4205	93
4206	113
4207	109
4208	99
4209	87
4210	96
4211	122
4212	83
4213	102
4214	84
4215	105
4216	96
4217	94
4218	112
4219	101
4220	84
4221	125
4222	98
4223	101
4224	107
4225	70
4226	73
4227	84
4228	81
4229	89
4230	96
4231	116
4232	123
4233	103
4234	94
4235	95
4236	112
4237	119
4238	99
4239	82
4240	88
4241	88
4242	99
4243	64
4244	104
4245	101
4246	93
4247	99
4248	77
4249	105
4250	111
4251	88
4252	103
4253	117
4254	100
4255	107
4256	136
4257	106
4258	99
4259	91
4260	113
4261	108
4262	76
4263	113
4264	119
4265	82
4266	91
4267	92
4268	91
4269	80
4270	89
4271	91
4272	110
4273	95
4274	93
4275	146
4276	113
4277	89
4278	80
4279	90
4280	71
4281	104
4282	90
4283	137
4284	112
4285	102
4286	89
4287	88
4288	102
4289	97
4290	84
4291	90
4292	92
4293	98
4294	104
4295	85
4296	88
4297	92
4298	110
4299	97
4300	108
4301	80
4302	90
4303	103
4304	107
4305	99
4306	102
4307	114
4308	101
4309	108
4310	107
4311	108
4312	118
4313	101
4314	130
4315	116
4316	119
4317	92
4318	80
4319	83
4320	106
4321	98
4322	106
4323	83
4324	102
4325	88
4326	82
4327	99
4328	77
4329	90
4330	91
4331	117
4332	109
4333	84
4334	90
4335	110
4336	115
4337	88
4338	97
4339	101
4340	96
4341	87
4342	110
4343	106
4344	91
4345	81
4346	97
4347	80
4348	91
4349	100
4350	91
4351	62
4352	98
4353	100
4354	108
4355	84
4356	101
4357	94
4358	79
4359	65
4360	71
4361	82
4362	82
4363	83
4364	68
4365	79
4366	76
4367	80
4368	93
4369	73
4370	79
4371	101
4372	74
4373	85
4374	108
4375	84
4376	81
4377	96
4378	94
4379	83
4380	110
4381	81
4382	81
4383	92
4384	98
4385	89
4386	104
4387	89
4388	114
4389	91
4390	89
4391	96
4392	102
4393	77
4394	98
4395	95
4396	101
4397	76
4398	89
4399	95
4400	103
4401	79
4402	97
4403	76
4404	74
4405	78
4406	96
4407	93
4408	108
4409	67
4410	88
4411	94
4412	71
4413	109
4414	84
4415	78
4416	96
4417	100
4418	98
4419	78
4420	71
4421	86
4422	71
4423	73
4424	79
4425	90
4426	89
4427	81
4428	68
4429	63
4430	94
4431	92
4432	83
4433	100
4434	88
4435	81
4436	108
4437	99
4438	80
4439	90
4440	87
4441	67
4442	78
4443	75
4444	96
4445	80
4446	69
4447	86
4448	70
4449	97
4450	86
4451	85
4452	93
4453	105
4454	110
4455	71
4456	99
4457	90
4458	78
4459	97
4460	109
4461	116
4462	96
4463	74
4464	86
4465	100
4466	72
4467	100
4468	76
4469	120
4470	76
4471	85
4472	100
4473	92
4474	74
4475	84
4476	74
4477	74
4478	86
4479	108
4480	81
4481	106
4482	85
4483	103
4484	81
4485	96
4486	97
4487	89
4488	100
4489	83
4490	121
4491	109
4492	92
4493	114
4494	84
4495	116
4496	99
4497	86
4498	75
4499	128
4500	115
4501	90
4502	86
4503	88
4504	108
4505	83
4506	92
4507	116
4508	107
4509	115
4510	97
4511	108
4512	92
4513	97
4514	106
4515	101
4516	91
4517	93
4518	97
4519	110
4520	100
4521	91
4522	80
4523	117
4524	115
4525	111
4526	105
4527	95
4528	122
4529	104
4530	91
4531	122
4532	108
4533	112
4534	99
4535	93
4536	103
4537	89
4538	95
4539	111
4540	112
4541	105
4542	102
4543	105
4544	105
4545	118
4546	87
4547	89
4548	104
4549	105
4550	153
4551	137
4552	115
4553	134
4554	94
4555	106
4556	90
4557	108
4558	117
4559	90
4560	90
4561	93
4562	95
4563	85
4564	118
4565	123
4566	97
4567	103
4568	101
4569	94
4570	102
4571	89
4572	130
4573	95
4574	113
4575	72
4576	99
4577	92
4578	93
4579	93
4580	91
4581	129
4582	101
4583	112
4584	113
4585	111
4586	93
4587	93
4588	94
4589	107
4590	103
4591	88
4592	81
4593	90
4594	99
4595	108
4596	87
4597	80
4598	85
4599	87
4600	86
4601	81
4602	82
4603	88
4604	107
4605	90
4606	76
4607	82
4608	72
4609	83
4610	72
4611	116
4612	104
4613	89
4614	107
4615	76
4616	83
4617	91
4618	71
4619	103
4620	87
4621	76
4622	69
4623	67
4624	76
4625	103
4626	93
4627	106
4628	80
4629	102
4630	84
4631	105
4632	121
4633	94
4634	93
4635	77
4636	117
4637	96
4638	79
4639	82
4640	99
4641	73
4642	73
4643	79
4644	81
4645	89
4646	96
4647	76
4648	86
4649	93
4650	75
4651	96
4652	71
4653	69
4654	72
4655	66
4656	99
4657	69
4658	93
4659	87
4660	88
4661	101
4662	104
4663	73
4664	106
4665	103
4666	87
4667	90
4668	86
4669	96
4670	108
4671	92
4672	60
4673	83
4674	95
4675	71
4676	60
4677	80
4678	97
4679	99
4680	82
4681	95
4682	84
4683	79
4684	73
4685	74
4686	105
4687	64
4688	72
4689	105
4690	106
4691	62
4692	90
4693	64
4694	80
4695	108
4696	101
4697	88
4698	70
4699	82
4700	75
4701	74
4702	77
4703	60
4704	83
4705	94
4706	96
4707	83
4708	60
4709	65
4710	69
4711	90
4712	94
4713	75
4714	56
4715	71
4716	67
4717	76
4718	91
4719	62
4720	86
4721	83
4722	83
4723	73
4724	85
4725	83
4726	93
4727	65
4728	106
4729	86
4730	105
4731	96
4732	91
4733	99
4734	84
4735	99
4736	61
4737	96
4738	73
4739	66
4740	75
4741	82
4742	107
4743	117
4744	91
4745	86
4746	72
4747	103
4748	116
4749	84
4750	96
4751	113
4752	100
4753	83
4754	71
4755	91
4756	87
4757	72
4758	85
4759	79
4760	102
4761	88
4762	80
4763	90
4764	81
4765	86
4766	86
4767	62
4768	75
4769	70
4770	86
4771	72
4772	90
4773	90
4774	70
4775	82
4776	71
4777	63
4778	75
4779	81
4780	65
4781	70
4782	83
4783	84
4784	105
4785	88
4786	98
4787	76
4788	73
4789	66
4790	64
4791	108
4792	115
4793	63
4794	86
4795	89
4796	77
4797	74
4798	100
4799	75
4800	97
4801	74
4802	90
4803	82
4804	89
4805	58
4806	94
4807	66
4808	79
4809	105
4810	92
4811	84
4812	103
4813	72
4814	77
4815	84
4816	76
4817	79
4818	82
4819	86
4820	85
4821	72
4822	80
4823	69
4824	78
4825	83
4826	72
4827	74
4828	95
4829	98
4830	66
4831	59
4832	59
4833	83
4834	49
4835	100
4836	86
4837	72
4838	92
4839	63
4840	70
4841	98
4842	79
4843	80
4844	72
4845	84
4846	82
4847	86
4848	74
4849	52
4850	68
4851	69
4852	69
4853	76
4854	69
4855	57
4856	55
4857	65
4858	63
4859	66
4860	72
4861	77
4862	69
4863	78
4864	84
4865	80
4866	70
4867	75
4868	64
4869	56
4870	80
4871	61
4872	76
4873	73
4874	51
4875	83
4876	56
4877	65
4878	80
4879	60
4880	69
4881	75
4882	73
4883	96
4884	88
4885	78
4886	59
4887	56
4888	95
4889	93
4890	66
4891	80
4892	53
4893	87
4894	74
4895	95
4896	84
4897	88
4898	73
4899	72
4900	69
4901	78
4902	90
4903	76
4904	73
4905	67
4906	87
4907	64
4908	94
4909	82
4910	80
4911	66
4912	86
4913	57
4914	87
4915	80
4916	79
4917	79
4918	71
4919	56
4920	86
4921	99
4922	96
4923	74
4924	93
4925	91
4926	56
4927	78
4928	75
4929	86
4930	72
4931	80
4932	85
4933	70
4934	72
4935	95
4936	76
4937	84
4938	59
4939	67
4940	73
4941	85
4942	94
4943	80
4944	65
4945	86
4946	94
4947	62
4948	111
4949	85
4950	74
4951	99
4952	87
4953	87
4954	87
4955	88
4956	65
4957	94
4958	83
4959	85
4960	72
4961	65
4962	86
4963	75
4964	87
4965	83
4966	97
4967	78
4968	104
4969	74
4970	53
4971	67
4972	81
4973	87
4974	74
4975	86
4976	87
4977	94
4978	79
4979	85
4980	65
4981	45
4982	56
4983	57
4984	49
4985	86
4986	91
4987	82
4988	66
4989	59
4990	82
4991	70
4992	85
4993	75
4994	67
4995	80
4996	93
4997	72
4998	77
4999	90
5000	66
5001	69
5002	88
5003	82
5004	84
5005	65
5006	56
5007	49
5008	66
5009	85
5010	86
5011	56
5012	60
5013	85
5014	102
5015	83
5016	96
5017	84
5018	91
5019	74
5020	94
5021	67
5022	99
5023	96
5024	72
5025	78
5026	88
5027	83
5028	67
5029	74
5030	82
5031	82
5032	111
5033	84
5034	87
5035	103
5036	106
5037	72
5038	76
5039	86
5040	91
5041	94
5042	103
5043	74
5044	103
5045	74
5046	74
5047	80
5048	78
5049	81
5050	96
5051	82
5052	73
5053	110
5054	83
5055	74
5056	78
5057	72
5058	93
5059	74
5060	146
5061	76
5062	100
5063	88
5064	94
5065	87
5066	81
5067	106
5068	78
5069	97
5070	100
5071	98
5072	97
5073	86
5074	96
5075	97
5076	101
5077	95
5078	87
5079	88
5080	105
5081	87
5082	100
5083	87
5084	74
5085	84
5086	105
5087	92
5088	87
5089	103
5090	79
5091	72
5092	88
5093	85
5094	56
5095	84
5096	94
5097	63
5098	92
5099	90
5100	71
5101	80
5102	76
5103	87
5104	107
5105	69
5106	79
5107	96
5108	84
5109	87
5110	94
5111	74
5112	78
5113	69
5114	85
5115	94
5116	74
5117	91
5118	81
5119	75
5120	96
5121	89
5122	80
5123	65
5124	77
5125	82
5126	72
5127	63
5128	79
5129	89
5130	71
5131	70
5132	87
5133	66
5134	81
5135	78
5136	128
5137	84
5138	69
5139	67
5140	81
5141	77
5142	64
5143	75
5144	93
5145	75
5146	76
5147	85
5148	79
5149	77
5150	71
5151	81
5152	61
5153	73
5154	89
5155	91
5156	73
5157	101
5158	70
5159	83
5160	102
5161	78
5162	88
5163	96
5164	99
5165	82
5166	92
5167	87
5168	61
5169	94
5170	88
5171	82
5172	76
5173	64
5174	50
5175	75
5176	84
5177	66
5178	89
5179	62
5180	71
5181	77
5182	57
5183	87
5184	76
5185	79
5186	77
5187	94
5188	95
5189	71
5190	97
5191	78
5192	80
5193	64
5194	81
5195	84
5196	83
5197	89
5198	91
5199	54
5200	80
5201	66
5202	60
5203	62
5204	54
5205	72
5206	73
5207	71
5208	76
5209	52
5210	70
5211	55
5212	83
5213	67
5214	73
5215	71
5216	59
5217	97
5218	79
5219	70
5220	69
5221	66
5222	92
5223	85
5224	75
5225	65
5226	67
5227	66
5228	84
5229	80
5230	80
5231	61
5232	59
5233	78
5234	68
5235	75
5236	79
5237	49
5238	93
5239	54
5240	72
5241	74
5242	69
5243	77
5244	82
5245	56
5246	72
5247	71
5248	73
5249	75
5250	74
5251	57
5252	72
5253	68
5254	84
5255	65
5256	54
5257	83
5258	93
5259	77
5260	50
5261	54
5262	49
5263	71
5264	67
5265	50
5266	83
5267	77
5268	67
5269	82
5270	80
5271	80
5272	74
5273	59
5274	71
5275	80
5276	69
5277	53
5278	64
5279	76
5280	84
5281	53
5282	55
5283	55
5284	62
5285	82
5286	39
5287	68
5288	72
5289	80
5290	64
5291	72
5292	72
5293	41
5294	80
5295	66
5296	61
5297	74
5298	80
5299	65
5300	56
5301	56
5302	74
5303	77
5304	63
5305	53
5306	83
5307	68
5308	64
5309	69
5310	63
5311	66
5312	55
5313	52
5314	63
5315	63
5316	57
5317	60
5318	47
5319	64
5320	69
5321	63
5322	65
5323	60
5324	53
5325	65
5326	56
5327	82
5328	56
5329	70
5330	62
5331	61
5332	48
5333	53
5334	58
5335	55
5336	52
5337	52
5338	61
5339	56
5340	67
5341	80
5342	71
5343	54
5344	67
5345	69
5346	76
5347	68
5348	84
5349	70
5350	65
5351	67
5352	85
5353	73
5354	70
5355	64
5356	53
5357	66
5358	72
5359	46
5360	54
5361	80
5362	61
5363	72
5364	89
5365	87
5366	97
5367	50
5368	71
5369	46
5370	60
5371	52
5372	40
5373	51
5374	61
5375	75
5376	50
5377	51
5378	77
5379	71
5380	51
5381	60
5382	77
5383	82
5384	73
5385	62
5386	51
5387	47
5388	58
5389	67
5390	86
5391	104
5392	76
5393	54
5394	72
5395	93
5396	83
5397	81
5398	82
5399	83
5400	69
5401	67
5402	100
5403	86
5404	71
5405	97
5406	95
5407	85
5408	55
5409	67
5410	84
5411	74
5412	70
5413	74
5414	66
5415	70
5416	70
5417	67
5418	60
5419	55
5420	62
5421	85
5422	88
5423	68
5424	70
5425	66
5426	58
5427	85
5428	72
5429	62
5430	55
5431	64
5432	75
5433	66
5434	62
5435	86
5436	50
5437	54
5438	52
5439	54
5440	65
5441	63
5442	76
5443	70
5444	56
5445	60
5446	81
5447	54
5448	61
5449	63
5450	55
5451	83
5452	70
5453	77
5454	76
5455	74
5456	54
5457	71
5458	63
5459	52
5460	59
5461	59
5462	65
5463	69
5464	69
5465	78
5466	71
5467	81
5468	56
5469	74
5470	91
5471	88
5472	75
5473	79
5474	85
5475	92
5476	88
5477	67
5478	48
5479	68
5480	93
5481	85
5482	78
5483	65
5484	105
5485	82
5486	71
5487	88
5488	77
5489	94
5490	72
5491	86
5492	63
5493	66
5494	71
5495	91
5496	85
5497	63
5498	70
5499	62
5500	90
5501	82
5502	96
5503	65
5504	84
5505	88
5506	66
5507	76
5508	81
5509	87
5510	86
5511	98
5512	69
5513	86
5514	95
5515	87
5516	88
5517	77
5518	85
5519	98
5520	75
5521	102
5522	110
5523	78
5524	75
5525	94
5526	106
5527	90
5528	93
5529	86
5530	93
5531	114
5532	90
5533	91
5534	77
5535	84
5536	73
5537	74
5538	85
5539	74
5540	56
5541	65
5542	93
5543	79
5544	107
5545	63
5546	78
5547	98
5548	126
5549	101
5550	83
5551	99
5552	70
5553	68
5554	90
5555	73
5556	92
5557	69
5558	97
5559	88
5560	86
5561	84
5562	65
5563	72
5564	88
5565	109
5566	62
5567	85
5568	112
5569	80
5570	67
5571	86
5572	81
5573	76
5574	59
5575	84
5576	76
5577	81
5578	89
5579	66
5580	75
5581	66
5582	82
5583	69
5584	96
5585	59
5586	73
5587	67
5588	63
5589	81
5590	96
5591	70
5592	56
5593	77
5594	79
5595	79
5596	71
5597	79
5598	69
5599	77
5600	57
5601	61
5602	87
5603	81
5604	86
5605	64
5606	76
5607	62
5608	76
5609	71
5610	57
5611	60
5612	72
5613	76
5614	70
5615	81
5616	70
5617	80
5618	80
5619	70
5620	74
5621	84
5622	83
5623	89
5624	90
5625	78
5626	71
5627	72
5628	92
5629	68
5630	71
5631	70
5632	68
5633	83
5634	84
5635	82
5636	78
5637	76
5638	66
5639	93
5640	67
5641	78
5642	70
5643	55
5644	84
5645	56
5646	71
5647	62
5648	58
5649	88
5650	69
5651	61
5652	94
5653	86
5654	100
5655	73
5656	78
5657	86
5658	97
5659	90
5660	81
5661	97
5662	53
5663	67
5664	68
5665	82
5666	94
5667	73
5668	93
5669	59
5670	85
5671	80
5672	96
5673	81
5674	81
5675	85
5676	101
5677	75
5678	98
5679	76
5680	79
5681	75
5682	72
5683	68
5684	81
5685	88
5686	79
5687	92
5688	89
5689	94
5690	84
5691	99
5692	65
5693	78
5694	87
5695	79
5696	74
5697	79
5698	86
5699	73
5700	76
5701	81
5702	89
5703	65
5704	90
5705	94
5706	114
5707	95
5708	106
5709	73
5710	74
5711	92
5712	109
5713	71
5714	72
5715	92
5716	78
5717	63
5718	88
5719	107
5720	85
5721	80
5722	71
5723	80
5724	80
5725	91
5726	83
5727	94
5728	83
5729	85
5730	102
5731	99
5732	93
5733	82
5734	89
5735	97
5736	70
5737	81
5738	61
5739	80
5740	89
5741	66
5742	72
5743	76
5744	74
5745	66
5746	85
5747	81
5748	72
5749	83
5750	94
5751	75
5752	93
5753	88
5754	63
5755	77
5756	71
5757	79
5758	62
5759	52
5760	69
5761	80
5762	66
5763	93
5764	73
5765	78
5766	75
5767	74
5768	92
5769	73
5770	82
5771	78
5772	72
5773	74
5774	73
5775	72
5776	79
5777	65
5778	63
5779	64
5780	88
5781	78
5782	80
5783	59
5784	69
5785	63
5786	80
5787	77
5788	90
5789	54
5790	70
5791	61
5792	61
5793	53
5794	59
5795	54
5796	75
5797	71
5798	62
5799	102
5800	79
5801	76
5802	61
5803	66
5804	62
5805	49
5806	68
5807	73
5808	61
5809	60
5810	71
5811	55
5812	64
5813	63
5814	48
5815	65
5816	75
5817	60
5818	55
5819	77
5820	62
5821	71
5822	64
5823	72
5824	74
5825	60
5826	73
5827	70
5828	63
5829	91
5830	93
5831	60
5832	79
5833	81
5834	90
5835	58
5836	71
5837	95
5838	68
5839	75
5840	89
5841	74
5842	89
5843	63
5844	91
5845	69
5846	108
5847	69
5848	67
5849	77
5850	76
5851	88
5852	68
5853	89
5854	78
5855	74
5856	62
5857	69
5858	67
5859	81
5860	73
5861	98
5862	89
5863	74
5864	70
5865	91
5866	77
5867	71
5868	78
5869	91
5870	69
5871	78
5872	76
5873	85
5874	58
5875	80
5876	57
5877	70
5878	47
5879	68
5880	59
5881	94
5882	72
5883	60
5884	80
5885	69
5886	86
5887	63
5888	75
5889	99
5890	80
5891	90
5892	60
5893	74
5894	77
5895	95
5896	61
5897	74
5898	68
5899	64
5900	62
5901	61
5902	82
5903	73
5904	76
5905	64
5906	89
5907	80
5908	64
5909	62
5910	79
5911	51
5912	84
5913	97
5914	80
5915	80
5916	77
5917	75
5918	78
5919	75
5920	74
5921	56
5922	69
5923	70
5924	77
5925	59
5926	77
5927	72
5928	83
5929	60
5930	76
5931	98
5932	74
5933	73
5934	92
5935	79
5936	79
5937	71
5938	80
5939	64
5940	82
5941	53
5942	71
5943	54
5944	102
5945	88
5946	67
5947	55
5948	50
5949	66
5950	45
5951	71
5952	79
5953	64
5954	68
5955	67
5956	79
5957	79
5958	68
5959	74
5960	72
5961	85
5962	67
5963	65
5964	64
5965	75
5966	92
5967	58
5968	88
5969	73
5970	84
5971	77
5972	59
5973	67
5974	58
5975	65
5976	88
5977	71
5978	62
5979	88
5980	62
5981	72
5982	86
5983	66
5984	75
5985	82
5986	73
5987	72
5988	77
5989	65
5990	89
5991	67
5992	93
5993	78
5994	45
5995	74
5996	77
5997	84
5998	74
5999	58
6000	76
6001	65
6002	82
6003	80
6004	52
6005	82
6006	60
6007	44
6008	38
6009	79
6010	70
6011	92
6012	61
6013	55
6014	71
6015	64
6016	60
6017	72
6018	72
6019	77
6020	70
6021	72
6022	81
6023	76
6024	85
6025	93
6026	75
6027	62
6028	52
6029	61
6030	66
6031	84
6032	83
6033	65
6034	66
6035	55
6036	73
6037	67
6038	57
6039	49
6040	66
6041	65
6042	108
6043	67
6044	67
6045	77
6046	73
6047	60
6048	61
6049	64
6050	60
6051	89
6052	44
6053	54
6054	43
6055	70
6056	74
6057	46
6058	57
6059	70
6060	83
6061	69
6062	66
6063	65
6064	62
6065	67
6066	67
6067	49
6068	65
6069	74
6070	47
6071	59
6072	74
6073	68
6074	58
6075	80
6076	53
6077	57
6078	66
6079	60
6080	59
6081	79
6082	68
6083	49
6084	51
6085	64
6086	76
6087	57
6088	63
6089	66
6090	51
6091	53
6092	78
6093	77
6094	69
6095	55
6096	81
6097	68
6098	79
6099	78
6100	52
6101	40
6102	71
6103	78
6104	78
6105	67
6106	94
6107	85
6108	68
6109	53
6110	62
6111	76
6112	68
6113	94
6114	81
6115	76
6116	72
6117	90
6118	58
6119	54
6120	63
6121	68
6122	74
6123	48
6124	81
6125	73
6126	56
6127	61
6128	58
6129	65
6130	75
6131	74
6132	73
6133	89
6134	51
6135	70
6136	68
6137	48
6138	70
6139	62
6140	67
6141	61
6142	54
6143	58
6144	72
6145	68
6146	67
6147	64
6148	52
6149	67
6150	47
6151	72
6152	59
6153	65
6154	58
6155	101
6156	62
6157	76
6158	74
6159	72
6160	66
6161	79
6162	59
6163	82
6164	89
6165	61
6166	92
6167	62
6168	55
6169	86
6170	92
6171	83
6172	82
6173	74
6174	76
6175	86
6176	71
6177	63
6178	75
6179	74
6180	76
6181	82
6182	51
6183	93
6184	81
6185	74
6186	60
6187	71
6188	60
6189	61
6190	76
6191	85
6192	84
6193	58
6194	54
6195	78
6196	66
6197	65
6198	66
6199	87
6200	60
6201	65
6202	76
6203	80
6204	80
6205	58
6206	87
6207	69
6208	59
6209	66
6210	56
6211	51
6212	67
6213	61
6214	66
6215	60
6216	55
6217	59
6218	69
6219	74
6220	56
6221	58
6222	45
6223	43
6224	61
6225	72
6226	70
6227	75
6228	61
6229	63
6230	67
6231	51
6232	49
6233	55
6234	72
6235	56
6236	55
6237	57
6238	55
6239	66
6240	62
6241	68
6242	80
6243	77
6244	70
6245	80
6246	79
6247	70
6248	95
6249	69
6250	75
6251	51
6252	53
6253	75
6254	92
6255	80
6256	82
6257	80
6258	69
6259	65
6260	73
6261	80
6262	58
6263	67
6264	70
6265	81
6266	66
6267	91
6268	90
6269	73
6270	73
6271	90
6272	81
6273	71
6274	64
6275	92
6276	65
6277	50
6278	79
6279	84
6280	67
6281	95
6282	93
6283	68
6284	92
6285	95
6286	67
6287	98
6288	76
6289	67
6290	92
6291	72
6292	63
6293	55
6294	82
6295	60
6296	81
6297	56
6298	83
6299	79
6300	86
6301	65
6302	51
6303	80
6304	64
6305	62
6306	53
6307	81
6308	57
6309	79
6310	75
6311	57
6312	63
6313	53
6314	62
6315	57
6316	65
6317	45
6318	66
6319	81
6320	56
6321	82
6322	51
6323	71
6324	63
6325	56
6326	80
6327	59
6328	57
6329	65
6330	56
6331	55
6332	67
6333	81
6334	73
6335	55
6336	86
6337	69
6338	66
6339	78
6340	67
6341	81
6342	58
6343	76
6344	69
6345	78
6346	73
6347	78
6348	65
6349	70
6350	44
6351	63
6352	82
6353	71
6354	59
6355	69
6356	69
6357	71
6358	62
6359	60
6360	85
6361	60
6362	63
6363	61
6364	84
6365	70
6366	60
6367	81
6368	57
6369	64
6370	58
6371	63
6372	71
6373	72
6374	79
6375	72
6376	90
6377	56
6378	72
6379	82
6380	58
6381	49
6382	57
6383	49
6384	58
6385	59
6386	61
6387	61
6388	61
6389	62
6390	51
6391	60
6392	75
6393	63
6394	77
6395	67
6396	64
6397	51
6398	51
6399	64
6400	56
6401	73
6402	47
6403	56
6404	70
6405	65
6406	62
6407	56
6408	59
6409	51
6410	55
6411	58
6412	73
6413	67
6414	47
6415	45
6416	51
6417	61
6418	50
6419	52
6420	58
6421	41
6422	49
6423	70
6424	50
6425	66
6426	72
6427	58
6428	49
6429	63
6430	57
6431	49
6432	51
6433	64
6434	55
6435	67
6436	64
6437	42
6438	46
6439	53
6440	54
6441	60
6442	51
6443	62
6444	53
6445	76
6446	58
6447	38
6448	56
6449	44
6450	62
6451	54
6452	60
6453	90
6454	53
6455	45
6456	59
6457	51
6458	53
6459	63
6460	55
6461	64
6462	70
6463	47
6464	72
6465	78
6466	45
6467	46
6468	37
6469	53
6470	59
6471	69
6472	59
6473	70
6474	54
6475	54
6476	66
6477	73
6478	37
6479	58
6480	50
6481	37
6482	41
6483	43
6484	58
6485	50
6486	50
6487	46
6488	59
6489	59
6490	66
6491	51
6492	66
6493	64
6494	63
6495	61
6496	53
6497	61
6498	43
6499	74
6500	53
6501	63
6502	51
6503	60
6504	62
6505	75
6506	52
6507	44
6508	57
6509	51
6510	40
6511	53
6512	72
6513	65
6514	54
6515	79
6516	41
6517	62
6518	65
6519	95
6520	59
6521	51
6522	76
6523	73
6524	68
6525	81
6526	80
6527	50
6528	50
6529	68
6530	52
6531	44
6532	44
6533	62
6534	55
6535	72
6536	56
6537	64
6538	65
6539	50
6540	65
6541	64
6542	55
6543	44
6544	61
6545	62
6546	66
6547	63
6548	53
6549	77
6550	64
6551	56
6552	57
6553	62
6554	58
6555	47
6556	69
6557	87
6558	76
6559	74
6560	49
6561	43
6562	42
6563	67
6564	56
6565	63
6566	82
6567	47
6568	74
6569	45
6570	72
6571	56
6572	42
6573	49
6574	43
6575	54
6576	56
6577	66
6578	58
6579	50
6580	52
6581	61
6582	65
6583	48
6584	52
6585	49
6586	52
6587	59
6588	55
6589	64
6590	73
6591	60
6592	50
6593	49
6594	46
6595	35
6596	58
6597	60
6598	61
6599	48
6600	46
6601	38
6602	48
6603	56
6604	52
6605	60
6606	64
6607	39
6608	55
6609	45
6610	27
6611	36
6612	53
6613	47
6614	44
6615	55
6616	47
6617	43
6618	61
6619	61
6620	76
6621	72
6622	50
6623	53
6624	65
6625	53
6626	48
6627	37
6628	49
6629	42
6630	47
6631	57
6632	49
6633	47
6634	54
6635	47
6636	49
6637	53
6638	57
6639	68
6640	54
6641	61
6642	60
6643	45
6644	48
6645	52
6646	44
6647	46
6648	51
6649	26
6650	48
6651	53
6652	40
6653	36
6654	52
6655	51
6656	58
6657	41
6658	53
6659	63
6660	49
6661	51
6662	48
6663	41
6664	67
6665	37
6666	66
6667	45
6668	49
6669	62
6670	52
6671	66
6672	58
6673	35
6674	41
6675	65
6676	60
6677	37
6678	59
6679	40
6680	48
6681	38
6682	59
6683	50
6684	42
6685	31
6686	47
6687	51
6688	40
6689	51
6690	61
6691	42
6692	46
6693	52
6694	38
6695	26
6696	72
6697	41
6698	59
6699	50
6700	52
6701	42
6702	34
6703	52
6704	53
6705	69
6706	65
6707	44
6708	56
6709	43
6710	58
6711	73
6712	49
6713	45
6714	66
6715	46
6716	53
6717	36
6718	53
6719	51
6720	40
6721	50
6722	59
6723	61
6724	30
6725	43
6726	61
6727	51
6728	64
6729	49
6730	48
6731	51
6732	54
6733	66
6734	68
6735	52
6736	43
6737	43
6738	48
6739	65
6740	79
6741	58
6742	54
6743	64
6744	61
6745	70
6746	54
6747	25
6748	40
6749	43
6750	40
6751	63
6752	61
6753	62
6754	52
6755	61
6756	56
6757	54
6758	54
6759	60
6760	44
6761	61
6762	49
6763	51
6764	58
6765	44
6766	45
6767	61
6768	77
6769	52
6770	50
6771	63
6772	42
6773	61
6774	61
6775	61
6776	82
6777	66
6778	75
6779	63
6780	62
6781	68
6782	66
6783	51
6784	46
6785	58
6786	79
6787	39
6788	56
6789	77
6790	54
6791	56
6792	46
6793	57
6794	69
6795	67
6796	61
6797	85
6798	65
6799	54
6800	51
6801	55
6802	66
6803	76
6804	58
6805	50
6806	57
6807	58
6808	51
6809	58
6810	71
6811	56
6812	65
6813	60
6814	45
6815	65
6816	47
6817	52
6818	59
6819	42
6820	60
6821	63
6822	60
6823	62
6824	58
6825	58
6826	45
6827	40
6828	59
6829	52
6830	72
6831	67
6832	53
6833	39
6834	58
6835	47
6836	42
6837	35
6838	52
6839	50
6840	50
6841	53
6842	60
6843	71
6844	69
6845	49
6846	61
6847	53
6848	51
6849	40
6850	67
6851	61
6852	44
6853	40
6854	51
6855	45
6856	52
6857	42
6858	70
6859	72
6860	61
6861	66
6862	50
6863	64
6864	54
6865	42
6866	82
6867	70
6868	49
6869	61
6870	69
6871	78
6872	51
6873	43
6874	39
6875	62
6876	67
6877	73
6878	70
6879	54
6880	44
6881	74
6882	61
6883	96
6884	42
6885	61
6886	56
6887	64
6888	69
6889	72
6890	76
6891	85
6892	80
6893	61
6894	84
6895	64
6896	52
6897	63
6898	58
6899	39
6900	47
6901	53
6902	51
6903	58
6904	46
6905	82
6906	49
6907	71
6908	75
6909	57
6910	76
6911	60
6912	69
6913	77
6914	79
6915	67
6916	47
6917	48
6918	71
6919	77
6920	70
6921	62
6922	60
6923	68
6924	58
6925	73
6926	80
6927	57
6928	73
6929	74
6930	79
6931	84
6932	83
6933	65
6934	72
6935	56
6936	77
6937	76
6938	69
6939	68
6940	98
6941	69
6942	72
6943	68
6944	67
6945	69
6946	75
6947	69
6948	83
6949	81
6950	61
6951	60
6952	70
6953	51
6954	80
6955	65
6956	53
6957	46
6958	58
6959	87
6960	73
6961	64
6962	73
6963	98
6964	66
6965	69
6966	75
6967	70
6968	68
6969	80
6970	55
6971	65
6972	73
6973	75
6974	85
6975	60
6976	71
6977	74
6978	65
6979	75
6980	65
6981	63
6982	55
6983	70
6984	61
6985	64
6986	77
6987	71
6988	78
6989	66
6990	75
6991	74
6992	51
6993	64
6994	61
6995	59
6996	79
6997	61
6998	71
6999	61
7000	43
7001	51
7002	48
7003	54
7004	61
7005	65
7006	68
7007	64
7008	73
7009	62
7010	78
7011	54
7012	76
7013	62
7014	72
7015	72
7016	65
7017	60
7018	77
7019	62
7020	60
7021	66
7022	54
7023	60
7024	66
7025	60
7026	38
7027	64
7028	56
7029	68
7030	67
7031	76
7032	86
7033	55
7034	50
7035	58
7036	71
7037	37
7038	52
7039	54
7040	55
7041	52
7042	62
7043	46
7044	61
7045	50
7046	61
7047	59
7048	71
7049	62
7050	62
7051	57
7052	45
7053	68
7054	53
7055	71
7056	54
7057	47
7058	67
7059	40
7060	32
7061	73
7062	57
7063	55
7064	78
7065	72
7066	61
7067	77
7068	56
7069	53
7070	64
7071	76
7072	59
7073	40
7074	64
7075	48
7076	67
7077	62
7078	61
7079	42
7080	69
7081	65
7082	62
7083	45
7084	68
7085	58
7086	51
7087	59
7088	58
7089	60
7090	52
7091	69
7092	63
7093	60
7094	62
7095	68
7096	76
7097	70
7098	53
7099	58
7100	53
7101	74
7102	57
7103	55
7104	57
7105	46
7106	57
7107	74
7108	47
7109	51
7110	64
7111	41
7112	59
7113	52
7114	48
7115	52
7116	51
7117	54
7118	46
7119	50
7120	43
7121	54
7122	58
7123	66
7124	31
7125	47
7126	69
7127	57
7128	85
7129	50
7130	69
7131	64
7132	39
7133	55
7134	59
7135	61
7136	63
7137	47
7138	57
7139	46
7140	63
7141	52
7142	63
7143	69
7144	38
7145	54
7146	50
7147	57
7148	61
7149	64
7150	63
7151	43
7152	56
7153	49
7154	69
7155	65
7156	53
7157	41
7158	50
7159	50
7160	71
7161	63
7162	73
7163	58
7164	77
7165	61
7166	64
7167	57
7168	59
7169	79
7170	90
7171	77
7172	63
7173	57
7174	30
7175	81
7176	72
7177	52
7178	64
7179	72
7180	59
7181	91
7182	45
7183	60
7184	72
7185	74
7186	60
7187	63
7188	56
7189	60
7190	42
7191	78
7192	77
7193	61
7194	58
7195	48
7196	84
7197	76
7198	69
7199	83
7200	57
7201	61
7202	53
7203	68
7204	54
7205	43
7206	70
7207	52
7208	58
7209	43
7210	52
7211	56
7212	64
7213	61
7214	47
7215	44
7216	61
7217	52
7218	52
7219	97
7220	69
7221	54
7222	53
7223	73
7224	63
7225	59
7226	69
7227	54
7228	61
7229	73
7230	62
7231	52
7232	53
7233	75
7234	66
7235	72
7236	75
7237	51
7238	52
7239	55
7240	59
7241	74
7242	56
7243	61
7244	52
7245	54
7246	60
7247	58
7248	65
7249	61
7250	41
7251	58
7252	63
7253	47
7254	72
7255	52
7256	57
7257	61
7258	57
7259	59
7260	69
7261	58
7262	89
7263	61
7264	58
7265	53
7266	49
7267	56
7268	73
7269	84
7270	78
7271	61
7272	65
7273	56
7274	44
7275	70
7276	71
7277	50
7278	64
7279	76
7280	73
7281	50
7282	76
7283	49
7284	54
7285	40
7286	63
7287	49
7288	58
7289	54
7290	60
7291	46
7292	56
7293	58
7294	44
7295	71
7296	57
7297	76
7298	45
7299	50
7300	62
7301	60
7302	64
7303	69
7304	70
7305	58
7306	69
7307	81
7308	53
7309	60
7310	58
7311	56
7312	55
7313	62
7314	70
7315	54
7316	58
7317	66
7318	49
7319	86
7320	57
7321	50
7322	65
7323	58
7324	53
7325	54
7326	54
7327	62
7328	70
7329	62
7330	65
7331	62
7332	56
7333	74
7334	75
7335	65
7336	59
7337	67
7338	68
7339	75
7340	49
7341	64
7342	54
7343	83
7344	69
7345	56
7346	49
7347	67
7348	63
7349	73
7350	52
7351	59
7352	63
7353	66
7354	41
7355	59
7356	61
7357	47
7358	68
7359	61
7360	57
7361	51
7362	56
7363	70
7364	60
7365	67
7366	62
7367	46
7368	56
7369	50
7370	58
7371	31
7372	58
7373	77
7374	61
7375	45
7376	61
7377	60
7378	45
7379	46
7380	45
7381	71
7382	67
7383	60
7384	54
7385	40
7386	47
7387	57
7388	52
7389	49
7390	59
7391	56
7392	63
7393	49
7394	52
7395	71
7396	47
7397	57
7398	51
7399	58
7400	51
7401	46
7402	36
7403	53
7404	61
7405	52
7406	55
7407	48
7408	53
7409	65
7410	43
7411	31
7412	42
7413	75
7414	45
7415	54
7416	54
7417	65
7418	59
7419	71
7420	39
7421	58
7422	65
7423	57
7424	58
7425	55
7426	57
7427	56
7428	43
7429	66
7430	75
7431	60
7432	63
7433	57
7434	56
7435	53
7436	51
7437	65
7438	55
7439	63
7440	63
7441	61
7442	73
7443	83
7444	56
7445	47
7446	64
7447	68
7448	37
7449	36
7450	41
7451	45
7452	44
7453	37
7454	33
7455	63
7456	57
7457	29
7458	31
7459	50
7460	50
7461	54
7462	49
7463	56
7464	49
7465	60
7466	43
7467	56
7468	42
7469	51
7470	41
7471	40
7472	36
7473	43
7474	52
7475	58
7476	26
7477	47
7478	32
7479	37
7480	48
7481	60
7482	50
7483	52
7484	63
7485	32
7486	39
7487	51
7488	51
7489	56
7490	36
7491	43
7492	54
7493	46
7494	53
7495	31
7496	40
7497	43
7498	40
7499	47
7500	41
7501	46
7502	38
7503	25
7504	52
7505	40
7506	42
7507	43
7508	58
7509	58
7510	45
7511	34
7512	38
7513	37
7514	42
7515	46
7516	53
7517	52
7518	43
7519	40
7520	29
7521	42
7522	44
7523	47
7524	38
7525	38
7526	32
7527	39
7528	67
7529	62
7530	54
7531	45
7532	31
7533	45
7534	44
7535	41
7536	40
7537	24
7538	46
7539	44
7540	62
7541	52
7542	55
7543	52
7544	54
7545	39
7546	56
7547	54
7548	56
7549	43
7550	63
7551	46
7552	45
7553	44
7554	31
7555	40
7556	45
7557	55
7558	38
7559	52
7560	60
7561	47
7562	55
7563	41
7564	37
7565	56
7566	45
7567	58
7568	47
7569	47
7570	66
7571	58
7572	35
7573	51
7574	56
7575	60
7576	49
7577	47
7578	65
7579	51
7580	71
7581	56
7582	60
7583	57
7584	62
7585	54
7586	45
7587	58
7588	56
7589	56
7590	69
7591	49
7592	67
7593	53
7594	52
7595	55
7596	58
7597	47
7598	48
7599	46
7600	61
7601	60
7602	56
7603	64
7604	50
7605	57
7606	52
7607	76
7608	48
7609	57
7610	45
7611	56
7612	52
7613	50
7614	64
7615	52
7616	43
7617	68
7618	56
7619	50
7620	50
7621	40
7622	66
7623	59
7624	43
7625	42
7626	56
7627	44
7628	40
7629	52
7630	56
7631	51
7632	68
7633	58
7634	44
7635	39
7636	39
7637	48
7638	59
7639	45
7640	42
7641	27
7642	43
7643	54
7644	55
7645	61
7646	43
7647	50
7648	47
7649	48
7650	52
7651	32
7652	22
7653	32
7654	27
7655	50
7656	40
7657	31
7658	46
7659	52
7660	46
7661	47
7662	51
7663	41
7664	46
7665	69
7666	28
7667	43
7668	39
7669	38
7670	36
7671	35
7672	34
7673	33
7674	48
7675	53
7676	45
7677	46
7678	56
7679	43
7680	34
7681	33
7682	28
7683	41
7684	41
7685	43
7686	28
7687	52
7688	34
7689	44
7690	38
7691	33
7692	36
7693	44
7694	48
7695	37
7696	53
7697	43
7698	29
7699	34
7700	44
7701	41
7702	37
7703	41
7704	37
7705	36
7706	29
7707	48
7708	30
7709	57
7710	56
7711	49
7712	47
7713	65
7714	38
7715	48
7716	33
7717	53
7718	44
7719	32
7720	50
7721	53
7722	53
7723	35
7724	37
7725	49
7726	44
7727	64
7728	44
7729	65
7730	51
7731	37
7732	58
7733	69
7734	57
7735	50
7736	46
7737	51
7738	35
7739	27
7740	39
7741	56
7742	36
7743	45
7744	49
7745	29
7746	29
7747	34
7748	25
7749	24
7750	37
7751	33
7752	41
7753	49
7754	44
7755	43
7756	52
7757	43
7758	42
7759	37
7760	33
7761	31
7762	32
7763	37
7764	42
7765	40
7766	51
7767	40
7768	48
7769	42
7770	41
7771	44
7772	38
7773	51
7774	57
7775	51
7776	47
7777	53
7778	34
7779	52
7780	33
7781	43
7782	33
7783	52
7784	41
7785	37
7786	32
7787	56
7788	33
7789	34
7790	54
7791	51
7792	32
7793	35
7794	62
7795	62
7796	62
7797	42
7798	57
7799	36
7800	43
7801	69
7802	37
7803	44
7804	46
7805	38
7806	40
7807	52
7808	54
7809	47
7810	51
7811	66
7812	44
7813	46
7814	47
7815	46
7816	48
7817	37
7818	45
7819	46
7820	49
7821	42
7822	47
7823	37
7824	40
7825	42
7826	54
7827	62
7828	57
7829	53
7830	53
7831	46
7832	44
7833	55
7834	59
7835	55
7836	53
7837	64
7838	68
7839	58
7840	64
7841	69
7842	68
7843	54
7844	46
7845	66
7846	74
7847	54
7848	62
7849	34
7850	50
7851	54
7852	47
7853	56
7854	49
7855	63
7856	58
7857	70
7858	60
7859	60
7860	69
7861	49
7862	53
7863	69
7864	45
7865	71
7866	74
7867	61
7868	61
7869	73
7870	64
7871	61
7872	66
7873	51
7874	71
7875	60
7876	68
7877	69
7878	55
7879	60
7880	56
7881	71
7882	72
7883	68
7884	83
7885	98
7886	89
7887	66
7888	76
7889	76
7890	71
7891	88
7892	77
7893	63
7894	82
7895	77
7896	55
7897	87
7898	77
7899	73
7900	79
7901	73
7902	61
7903	76
7904	77
7905	83
7906	88
7907	103
7908	87
7909	76
7910	68
7911	68
7912	77
7913	75
7914	82
7915	95
7916	71
7917	93
7918	81
7919	65
7920	66
7921	61
7922	72
7923	105
7924	91
7925	72
7926	95
7927	72
7928	82
7929	70
7930	73
7931	77
7932	77
7933	67
7934	75
7935	99
7936	73
7937	76
7938	73
7939	72
7940	79
7941	56
7942	85
7943	71
7944	78
7945	71
7946	50
7947	80
7948	64
7949	75
7950	47
7951	67
7952	77
7953	59
7954	71
7955	77
7956	100
7957	64
7958	81
7959	75
7960	64
7961	82
7962	97
7963	80
7964	68
7965	62
7966	94
7967	117
7968	67
7969	80
7970	70
7971	65
7972	69
7973	58
7974	56
7975	71
7976	58
7977	68
7978	72
7979	51
7980	47
7981	66
7982	56
7983	60
7984	54
7985	67
7986	61
7987	69
7988	75
7989	58
7990	61
7991	80
7992	63
7993	62
7994	39
7995	76
7996	63
7997	61
7998	68
7999	43
8000	496548
