0	0
1	0
2	0
3	0
4	0
5	0
6	0
7	0
8	0
9	0
10	0
11	0
12	2
13	1
14	4
15	2
16	1
17	5
18	2
19	3
20	2
21	4
22	3
23	5
24	1
25	2
26	13
27	10
28	15
29	11
30	9
31	10
32	17
33	21
34	12
35	25
36	38
37	25
38	32
39	31
40	33
41	21
42	24
43	25
44	29
45	32
46	30
47	23
48	22
49	25
50	30
51	43
52	61
53	38
54	47
55	59
56	63
57	59
58	59
59	63
60	44
61	42
62	42
63	68
64	57
65	46
66	41
67	65
68	51
69	44
70	81
71	52
72	85
73	88
74	53
75	108
76	89
77	106
78	104
79	78
80	123
81	93
82	94
83	129
84	142
85	206
86	117
87	167
88	143
89	184
90	132
91	153
92	113
93	176
94	240
95	161
96	171
97	202
98	335
99	136
100	263
101	237
102	160
103	202
104	232
105	384
106	298
107	417
108	234
109	465
110	258
111	285
112	223
113	391
114	365
115	340
116	302
117	207
118	393
119	444
120	234
121	367
122	301
123	257
124	409
125	342
126	382
127	484
128	362
129	273
130	475
131	395
132	571
133	295
134	256
135	422
136	379
137	397
138	663
139	723
140	317
141	499
142	462
143	296
144	439
145	467
146	374
147	181
148	311
149	360
150	288
151	282
152	468
153	786
154	179
155	269
156	262
157	727
158	928
159	275
160	568
161	563
162	150
163	465
164	280
165	582
166	444
167	352
168	365
169	184
170	451
171	276
172	589
173	433
174	377
175	205
176	326
177	286
178	353
179	583
180	440
181	775
182	188
183	476
184	657
185	311
186	337
187	263
188	386
189	278
190	187
191	458
192	252
193	207
194	243
195	426
196	305
197	311
198	433
199	356
200	228
201	454
202	291
203	103
204	77
205	214
206	255
207	398
208	434
209	208
210	49
211	432
212	159
213	247
214	330
215	254
216	343
217	242
218	499
219	263
220	266
221	305
222	208
223	133
224	105
225	350
226	226
227	131
228	293
229	139
230	175
231	208
232	169
233	81
234	148
235	160
236	269
237	342
238	469
239	92
240	204
241	57
242	609
243	344
244	108
245	65
246	136
247	242
248	282
249	135
250	200
251	52
252	197
253	278
254	156
255	113
256	499
257	126
258	130
259	233
260	259
261	348
262	247
263	206
264	290
265	327
266	342
267	454
268	131
269	174
270	124
271	97
272	256
273	305
274	267
275	146
276	166
277	157
278	123
279	255
280	120
281	158
282	321
283	278
284	333
285	308
286	223
287	174
288	187
289	415
290	505
291	175
292	106
293	132
294	90
295	139
296	775
297	126
298	123
299	278
300	456
301	397
302	337
303	115
304	230
305	400
306	265
307	201
308	305
309	197
310	306
311	143
312	139
313	267
314	85
315	184
316	292
317	67
318	259
319	268
320	476
321	189
322	369
323	152
324	263
325	197
326	243
327	274
328	249
329	133
330	220
331	159
332	205
333	316
334	145
335	343
336	223
337	445
338	103
339	166
340	120
341	204
342	454
343	190
344	195
345	218
346	346
347	99
348	74
349	200
350	144
351	116
352	140
353	140
354	101
355	218
356	264
357	337
358	196
359	125
360	184
361	324
362	429
363	148
364	317
365	215
366	255
367	208
368	174
369	189
370	232
371	518
372	253
373	127
374	176
375	502
376	108
377	96
378	173
379	168
380	121
381	99
382	115
383	204
384	151
385	231
386	356
387	219
388	113
389	196
390	242
391	289
392	92
393	295
394	197
395	78
396	114
397	234
398	90
399	93
400	285
401	200
402	196
403	109
404	310
405	135
406	191
407	174
408	261
409	82
410	112
411	72
412	134
413	261
414	128
415	159
416	161
417	195
418	160
419	68
420	148
421	144
422	166
423	251
424	219
425	117
426	102
427	121
428	129
429	74
430	89
431	116
432	272
433	83
434	113
435	129
436	95
437	170
438	164
439	155
440	109
441	95
442	97
443	134
444	126
445	113
446	230
447	128
448	97
449	63
450	113
451	174
452	205
453	144
454	193
455	169
456	126
457	107
458	134
459	154
460	49
461	102
462	106
463	66
464	102
465	46
466	42
467	77
468	53
469	106
470	67
471	45
472	175
473	217
474	125
475	197
476	170
477	152
478	57
479	90
480	115
481	89
482	50
483	87
484	61
485	70
486	49
487	124
488	85
489	62
490	92
491	69
492	76
493	86
494	125
495	46
496	69
497	121
498	77
499	62
500	37
501	80
502	77
503	86
504	77
505	141
506	48
507	177
508	123
509	108
510	41
511	65
512	110
513	43
514	48
515	57
516	40
517	104
518	61
519	47
520	46
521	48
522	49
523	26
524	81
525	47
526	40
527	37
528	40
529	35
530	63
531	13
532	28
533	30
534	34
535	75
536	36
537	37
538	66
539	46
540	82
541	71
542	47
543	31
544	42
545	34
546	39
547	116
548	65
549	52
550	30
551	20
552	18
553	34
554	43
555	53
556	26
557	62
558	19
559	104
560	77
561	43
562	40
563	35
564	17
565	42
566	38
567	21
568	44
569	29
570	51
