0	0
1	0
2	0
3	0
4	0
5	0
6	0
7	0
8	0
9	0
10	0
11	0
12	2
13	1
14	4
15	2
16	1
17	5
18	2
19	3
20	2
21	4
22	3
23	5
24	1
25	2
26	12
27	8
28	15
29	11
30	9
31	10
32	13
33	18
34	12
35	24
36	36
37	24
38	29
39	26
40	29
41	19
42	23
43	24
44	24
45	27
46	26
47	19
48	19
49	24
50	23
51	30
52	32
53	33
54	38
55	34
56	38
57	35
58	45
59	50
60	38
61	39
62	34
63	56
64	43
65	31
66	36
67	50
68	41
69	36
70	57
71	31
72	53
73	41
74	44
75	71
76	58
77	58
78	62
79	53
80	68
81	71
82	62
83	90
84	83
85	105
86	68
87	101
88	85
89	106
90	91
91	93
92	73
93	87
94	126
95	100
96	112
97	115
98	136
99	88
100	117
101	106
102	92
103	100
104	96
105	144
106	125
107	144
108	133
109	135
110	121
111	124
112	101
113	167
114	116
115	124
116	113
117	93
118	138
119	121
120	82
121	116
122	88
123	99
124	129
125	132
126	99
127	141
128	115
129	93
130	149
131	120
132	148
133	120
134	83
135	119
136	114
137	85
138	138
139	156
140	96
141	129
142	117
143	111
144	116
145	111
146	91
147	62
148	71
149	78
150	69
151	50
152	69
153	95
154	41
155	48
156	62
157	104
158	106
159	60
160	92
161	67
162	39
163	71
164	49
165	70
166	44
167	59
168	57
169	42
170	66
171	51
172	69
173	63
174	61
175	45
176	55
177	47
178	46
179	66
180	53
181	73
182	40
183	64
184	74
185	36
186	56
187	40
188	52
189	47
190	38
191	51
192	40
193	39
194	46
195	48
196	45
197	39
198	57
199	50
200	40
201	49
202	45
203	27
204	27
205	44
206	39
207	58
208	57
209	45
210	23
211	48
212	38
213	51
214	43
215	44
216	49
217	62
218	61
219	37
220	56
221	49
222	36
223	32
224	44
225	47
226	42
227	31
228	36
229	43
230	48
231	41
232	40
233	31
234	42
235	57
236	62
237	44
238	55
239	29
240	35
241	38
242	73
243	37
244	31
245	30
246	51
247	53
248	46
249	38
250	46
251	38
252	47
253	55
254	40
255	38
256	68
257	49
258	44
259	46
260	45
261	65
262	72
263	67
264	49
265	61
266	73
267	54
268	49
269	50
270	34
271	48
272	58
273	63
274	64
275	46
276	44
277	58
278	36
279	64
280	47
281	57
282	72
283	72
284	58
285	67
286	58
287	61
288	55
289	89
290	85
291	59
292	52
293	58
294	62
295	78
296	78
297	44
298	68
299	70
300	72
301	65
302	65
303	63
304	70
305	72
306	60
307	44
308	72
309	65
310	43
311	47
312	57
313	47
314	60
315	58
316	53
317	48
318	78
319	73
320	92
321	70
322	77
323	59
324	59
325	46
326	70
327	80
328	68
329	60
330	58
331	72
332	69
333	85
334	59
335	74
336	74
337	83
338	52
339	61
340	64
341	71
342	86
343	53
344	69
345	83
346	55
347	49
348	39
349	55
350	54
351	56
352	63
353	54
354	64
355	84
356	64
357	94
358	56
359	64
360	70
361	67
362	74
363	67
364	67
365	49
366	66
367	63
368	63
369	80
370	81
371	101
372	71
373	69
374	69
375	82
376	47
377	54
378	68
379	64
380	58
381	59
382	63
383	69
384	65
385	95
386	86
387	76
388	64
389	77
390	58
391	76
392	62
393	93
394	77
395	46
396	71
397	59
398	57
399	68
400	69
401	68
402	82
403	60
404	69
405	63
406	70
407	78
408	71
409	64
410	60
411	46
412	65
413	78
414	71
415	75
416	69
417	70
418	64
419	57
420	78
421	62
422	74
423	70
424	82
425	63
426	66
427	44
428	60
429	40
430	55
431	57
432	73
433	40
434	43
435	48
436	57
437	59
438	72
439	60
440	59
441	54
442	68
443	62
444	58
445	48
446	69
447	65
448	64
449	52
450	45
451	61
452	78
453	71
454	60
455	67
456	56
457	59
458	59
459	68
460	31
461	50
462	42
463	41
464	50
465	36
466	28
467	43
468	38
469	55
470	43
471	31
472	63
473	43
474	56
475	66
476	61
477	46
478	39
479	44
480	55
481	40
482	36
483	42
484	44
485	40
486	37
487	58
488	42
489	38
490	46
491	47
492	56
493	45
494	45
495	34
496	38
497	51
498	50
499	35
500	26
501	48
502	30
503	44
504	49
505	43
506	35
507	61
508	54
509	53
510	34
511	39
512	46
513	27
514	36
515	36
516	28
517	44
518	24
519	35
520	31
521	38
522	25
523	23
524	41
525	24
526	28
527	30
528	28
529	28
530	37
531	12
532	20
533	22
534	26
535	27
536	24
537	24
538	19
539	31
540	42
541	33
542	27
543	22
544	25
545	26
546	23
547	28
548	33
549	24
550	12
551	16
552	16
553	23
554	26
555	16
556	19
557	23
558	18
559	39
560	22
561	16
562	22
563	19
564	13
565	19
566	22
567	16
568	18
569	15
570	26
571	20
572	32
573	9
574	11
575	22
576	10
577	14
578	26
579	13
580	18
