0	0
1	0
2	0
3	0
4	0
5	0
6	0
7	0
8	0
9	0
10	0
11	0
12	2
13	16
14	48
15	140
16	131
17	106
18	65
19	62
20	49
21	37
22	44
23	40
24	46
25	48
26	55
27	72
28	79
29	108
30	151
31	177
32	216
33	278
34	357
35	443
36	494
37	622
38	692
39	872
40	1040
41	1155
42	1342
43	1388
44	1748
45	1840
46	1906
47	2196
48	2423
49	2538
50	2547
51	2827
52	3068
53	3170
54	3336
55	3421
56	3583
57	3500
58	3655
59	3947
60	3725
61	3989
62	4082
63	4261
64	4054
65	4368
66	4329
67	4552
68	4563
69	4677
70	4721
71	5001
72	4990
73	5254
74	5069
75	5243
76	5503
77	5663
78	5720
79	5726
80	5617
81	5890
82	5925
83	6930
84	5869
85	6737
86	6112
87	6432
88	6094
89	7015
90	8907
91	6801
92	6577
93	6598
94	6427
95	6792
96	6646
97	6994
98	6666
99	6786
100	6702
101	6762
102	6809
103	6817
104	6924
105	6850
106	7002
107	7344
108	7013
109	7115
110	7233
111	7082
112	7136
113	6904
114	6890
115	7213
116	6910
117	7070
118	7110
119	7270
120	7213
121	7032
122	7617
123	6935
124	6804
125	7167
126	7250
127	6877
128	6872
129	6917
130	6982
131	7025
132	6874
133	7031
134	6646
135	6793
136	6510
137	7067
138	6762
139	6698
140	6459
141	6651
142	6791
143	6615
144	6433
145	6535
146	6338
147	6829
148	6625
149	6668
150	6856
151	6759
152	6578
153	6743
154	6536
155	6656
156	6616
157	6244
158	6679
159	6187
160	6084
161	6397
162	6203
163	5937
164	5693
165	5685
166	5749
167	6022
168	5840
169	5514
170	5735
171	5796
172	5423
173	5504
174	5448
175	5375
176	5253
177	5334
178	5312
179	5292
180	5315
181	4785
182	4924
183	4925
184	4832
185	5006
186	4757
187	5009
188	4815
189	4760
190	4853
191	4597
192	4466
193	4574
194	4652
195	4517
196	4517
197	4454
198	4429
199	4235
200	4104
201	4201
202	4152
203	3805
204	4223
205	3976
206	3992
207	3946
208	3985
209	3881
210	3738
211	3656
212	3694
213	3649
214	3699
215	3763
216	3692
217	3583
218	3661
219	3540
220	3456
221	3449
222	3293
223	3284
224	3104
225	3227
226	3325
227	3303
228	3317
229	3156
230	3144
231	2987
232	3254
233	3162
234	3046
235	2987
236	2763
237	3043
238	3188
239	3134
240	3031
241	2900
242	2932
243	2923
244	2889
245	2772
246	2729
247	2757
248	2792
249	2853
250	2783
251	2740
252	2620
253	2418
254	2590
255	2536
256	2480
257	2516
258	2423
259	2332
260	2208
261	2323
262	2474
263	2291
264	2451
265	2334
266	2421
267	2249
268	2252
269	2143
270	2220
271	2253
272	2174
273	2068
274	2220
275	2016
276	2120
277	2135
278	2090
279	2207
280	2041
281	2205
282	2035
283	1903
284	1958
285	2078
286	1981
287	2045
288	1964
289	1981
290	1886
291	1848
292	1882
293	1807
294	1842
295	1742
296	1692
297	1800
298	1862
299	1703
300	1760
301	1718
302	1556
303	1753
304	1751
305	1646
306	1608
307	1691
308	1806
309	1702
310	1616
311	1651
312	1601
313	1536
314	1434
315	1627
316	1503
317	1493
318	1507
319	1342
320	1382
321	1528
322	1543
323	1510
324	1463
325	1403
326	1392
327	1340
328	1327
329	1345
330	1216
331	1184
332	1250
333	1309
334	1330
335	1225
336	1332
337	1241
338	1253
339	1347
340	1353
341	1169
342	1244
343	1263
344	1225
345	1307
346	1163
347	1148
348	1162
349	1104
350	1124
351	1045
352	1157
353	1184
354	1159
355	1141
356	1059
357	1051
358	1034
359	1083
360	1058
361	1134
362	1100
363	1203
364	1061
365	1040
366	940
367	1014
368	1064
369	882
370	1050
371	979
372	1048
373	1046
374	1011
375	907
376	999
377	878
378	940
379	968
380	896
381	914
382	1032
383	940
384	1028
385	894
386	907
387	936
388	957
389	922
390	808
391	900
392	846
393	887
394	801
395	816
396	837
397	761
398	829
399	843
400	868
401	814
402	736
403	719
404	799
405	782
406	939
407	838
408	785
409	821
410	767
411	833
412	777
413	699
414	736
415	667
416	698
417	764
418	738
419	764
420	681
421	723
422	775
423	731
424	620
425	686
426	690
427	647
428	644
429	682
430	682
431	616
432	672
433	614
434	595
435	602
436	615
437	641
438	560
439	622
440	668
441	576
442	580
443	604
444	618
445	663
446	555
447	665
448	637
449	630
450	541
451	605
452	637
453	630
454	561
455	659
456	682
457	587
458	537
459	525
460	663
461	570
462	513
463	515
464	550
465	478
466	508
467	512
468	483
469	558
470	488
471	606
472	534
473	531
474	571
475	564
476	562
477	524
478	486
479	500
480	463
481	512
482	456
483	467
484	510
485	467
486	459
487	529
488	536
489	520
490	521
491	463
492	485
493	512
494	521
495	541
496	511
497	497
498	465
499	524
500	581
501	489
502	454
503	560
504	509
505	483
506	525
507	462
508	516
509	493
510	451
511	507
512	446
513	470
514	534
515	479
516	494
517	470
518	481
519	455
520	403
521	403
522	474
523	483
524	495
525	416
526	496
527	507
528	530
529	476
530	408
531	426
532	478
533	438
534	384
535	487
536	415
537	504
538	451
539	333
540	397
541	384
542	427
543	467
544	463
545	444
546	456
547	495
548	429
549	434
550	393
551	382
552	429
553	439
554	398
555	377
556	404
557	483
558	424
559	455
560	420
561	373
562	477
563	344
564	334
565	374
566	403
567	439
568	376
569	458
570	437
571	381
572	502
573	367
574	367
575	403
576	441
577	400
578	445
579	457
580	466
581	440
582	394
583	374
584	362
585	374
586	407
587	398
588	421
589	431
590	365
591	370
592	396
593	432
594	377
595	405
596	402
597	356
598	323
599	372
600	388
601	355
602	378
603	408
604	388
605	314
606	361
607	366
608	346
609	399
610	376
611	345
612	312
613	375
614	408
615	363
616	385
617	349
618	350
619	345
620	338
621	342
622	343
623	340
624	400
625	399
626	401
627	385
628	391
629	406
630	388
631	309
632	340
633	334
634	329
635	362
636	313
637	324
638	322
639	317
640	342
641	347
642	319
643	373
644	337
645	406
646	356
647	342
648	318
649	268
650	318
651	282
652	364
653	329
654	374
655	331
656	374
657	377
658	341
659	360
660	380
661	335
662	334
663	379
664	338
665	311
666	372
667	287
668	388
669	360
670	299
671	340
672	392
673	324
674	337
675	312
676	285
677	273
678	310
679	347
680	276
681	268
682	312
683	299
684	339
685	315
686	284
687	301
688	357
689	360
690	330
691	321
692	358
693	328
694	318
695	304
696	346
697	319
698	403
699	241
700	269
701	290
702	278
703	300
704	304
705	325
706	284
707	379
708	314
709	381
710	342
711	355
712	332
713	328
714	319
715	298
716	325
717	271
718	338
719	313
720	346
721	303
722	357
723	317
724	342
725	298
726	332
727	303
728	247
729	329
730	313
731	323
732	283
733	320
734	357
735	304
736	274
737	277
738	307
739	297
740	314
741	301
742	326
743	295
744	336
745	305
746	289
747	248
748	264
749	264
750	224
751	253
752	271
753	258
754	259
755	277
756	257
757	290
758	342
759	265
760	253
761	270
762	241
763	302
764	309
765	261
766	289
767	275
768	252
769	298
770	303
771	229
772	263
773	253
774	276
775	274
776	295
777	317
778	306
779	206
780	233
781	222
782	294
783	221
784	210
785	230
786	288
787	249
788	283
789	204
790	266
791	267
792	265
793	261
794	314
795	294
796	248
797	307
798	257
799	270
800	271
801	281
802	237
803	256
804	290
805	248
806	211
807	187
808	239
809	271
810	223
811	323
812	254
813	297
814	271
815	253
816	233
817	258
818	228
819	239
820	248
821	261
822	249
823	293
824	261
825	197
826	234
827	230
828	191
829	218
830	247
831	265
832	288
833	270
834	288
835	279
836	262
837	275
838	245
839	246
840	254
841	262
842	241
843	242
844	232
845	182
846	198
847	229
848	212
849	253
850	247
851	232
852	241
853	213
854	194
855	229
856	214
857	272
858	213
859	240
860	215
861	216
862	232
863	231
864	280
865	261
866	210
867	237
868	238
869	290
870	268
871	264
872	251
873	236
874	212
875	246
876	206
877	283
878	281
879	273
880	228
881	258
882	294
883	190
884	276
885	204
886	226
887	242
888	217
889	281
890	259
891	293
892	276
893	255
894	230
895	235
896	241
897	251
898	269
899	240
900	218
901	259
902	226
903	155
904	189
905	238
906	219
907	214
908	216
909	189
910	237
911	203
912	225
913	201
914	208
915	256
916	179
917	151
918	213
919	237
920	207
921	178
922	207
923	251
924	199
925	221
926	248
927	217
928	219
929	306
930	249
931	211
932	214
933	213
934	250
935	202
936	259
937	244
938	237
939	241
940	260
941	283
942	312
943	286
944	258
945	252
946	223
947	232
948	250
949	250
950	305
951	233
952	299
953	239
954	248
955	281
956	263
957	281
958	230
959	205
960	255
961	228
962	276
963	251
964	244
965	241
966	266
967	219
968	197
969	179
970	195
971	235
972	214
973	236
974	253
975	224
976	216
977	239
978	226
979	276
980	207
981	210
982	204
983	232
984	244
985	239
986	236
987	204
988	264
989	231
990	251
991	240
992	250
993	254
994	232
995	286
996	193
997	231
998	233
999	213
1000	187
1001	221
1002	252
1003	218
1004	213
1005	208
1006	219
1007	204
1008	187
1009	227
1010	237
1011	263
1012	187
1013	174
1014	200
1015	185
1016	240
1017	236
1018	225
1019	233
1020	194
1021	176
1022	221
1023	211
1024	199
1025	176
1026	213
1027	168
1028	204
1029	180
1030	202
1031	215
1032	242
1033	219
1034	228
1035	209
1036	245
1037	227
1038	210
1039	200
1040	192
1041	228
1042	220
1043	180
1044	180
1045	163
1046	173
1047	192
1048	161
1049	230
1050	193
1051	211
1052	219
1053	188
1054	205
1055	224
1056	155
1057	193
1058	199
1059	170
1060	202
1061	237
1062	218
1063	194
1064	192
1065	220
1066	223
1067	196
1068	207
1069	185
1070	202
1071	266
1072	201
1073	174
1074	223
1075	199
1076	187
1077	173
1078	222
1079	229
1080	201
1081	177
1082	244
1083	230
1084	202
1085	199
1086	193
1087	176
1088	179
1089	184
1090	242
1091	221
1092	253
1093	209
1094	191
1095	205
1096	197
1097	186
1098	182
1099	184
1100	196
1101	175
1102	158
1103	169
1104	226
1105	225
1106	160
1107	173
1108	220
1109	209
1110	205
1111	206
1112	201
1113	224
1114	240
1115	212
1116	223
1117	228
1118	253
1119	227
1120	192
1121	255
1122	170
1123	208
1124	211
1125	220
1126	210
1127	235
1128	150
1129	168
1130	196
1131	199
1132	221
1133	195
1134	246
1135	187
1136	164
1137	195
1138	180
1139	193
1140	232
1141	185
1142	172
1143	167
1144	216
1145	217
1146	205
1147	222
1148	237
1149	240
1150	283
1151	200
1152	188
1153	230
1154	247
1155	185
1156	198
1157	196
1158	217
1159	181
1160	199
1161	216
1162	183
1163	240
1164	215
1165	244
1166	224
1167	181
1168	234
1169	257
1170	177
1171	250
1172	185
1173	223
1174	150
1175	191
1176	220
1177	224
1178	266
1179	211
1180	245
1181	226
1182	222
1183	204
1184	201
1185	197
1186	201
1187	177
1188	175
1189	218
1190	200
1191	159
1192	202
1193	180
1194	173
1195	178
1196	213
1197	166
1198	192
1199	229
1200	162
1201	176
1202	196
1203	184
1204	207
1205	232
1206	202
1207	216
1208	187
1209	232
1210	183
1211	178
1212	161
1213	154
1214	196
1215	179
1216	197
1217	184
1218	199
1219	202
1220	206
1221	169
1222	227
1223	193
1224	173
1225	196
1226	229
1227	217
1228	210
1229	223
1230	179
1231	202
1232	182
1233	195
1234	202
1235	166
1236	235
1237	186
1238	238
1239	182
1240	166
1241	197
1242	199
1243	194
1244	157
1245	185
1246	170
1247	208
1248	213
1249	146
1250	185
1251	184
1252	208
1253	141
1254	171
1255	191
1256	193
1257	223
1258	175
1259	184
1260	222
1261	202
1262	174
1263	153
1264	202
1265	186
1266	209
1267	184
1268	166
1269	216
1270	186
1271	188
1272	207
1273	168
1274	201
1275	251
1276	180
1277	187
1278	226
1279	199
1280	197
1281	214
1282	183
1283	201
1284	134
1285	168
1286	167
1287	149
1288	203
1289	174
1290	179
1291	214
1292	173
1293	147
1294	145
1295	158
1296	147
1297	175
1298	178
1299	167
1300	186
1301	201
1302	174
1303	158
1304	175
1305	199
1306	144
1307	170
1308	153
1309	153
1310	196
1311	177
1312	169
1313	199
1314	178
1315	155
1316	159
1317	182
1318	180
1319	182
1320	167
1321	148
1322	152
1323	126
1324	152
1325	187
1326	134
1327	174
1328	139
1329	158
1330	169
1331	152
1332	190
1333	197
1334	224
1335	202
1336	179
1337	219
1338	174
1339	143
1340	136
1341	177
1342	183
1343	154
1344	176
1345	164
1346	143
1347	145
1348	126
1349	171
1350	166
1351	170
1352	149
1353	130
1354	158
1355	136
1356	160
1357	171
1358	179
1359	133
1360	183
1361	135
1362	181
1363	185
1364	146
1365	198
1366	155
1367	198
1368	195
1369	214
1370	163
1371	153
1372	150
1373	129
1374	147
1375	127
1376	182
1377	174
1378	167
1379	178
1380	176
1381	215
1382	160
1383	160
1384	131
1385	141
1386	178
1387	157
1388	161
1389	147
1390	155
1391	163
1392	145
1393	128
1394	180
1395	137
1396	139
1397	202
1398	160
1399	150
1400	158
1401	164
1402	169
1403	196
1404	184
1405	148
1406	179
1407	194
1408	185
1409	190
1410	171
1411	184
1412	224
1413	209
1414	199
1415	217
1416	215
1417	163
1418	122
1419	177
1420	112
1421	167
1422	200
1423	138
1424	201
1425	183
1426	149
1427	177
1428	159
1429	132
1430	147
1431	140
1432	196
1433	184
1434	177
1435	181
1436	160
1437	168
1438	153
1439	158
1440	164
1441	216
1442	153
1443	184
1444	164
1445	116
1446	183
1447	122
1448	134
1449	159
1450	161
1451	150
1452	147
1453	147
1454	174
1455	155
1456	182
1457	146
1458	191
1459	190
1460	173
1461	162
1462	140
1463	169
1464	161
1465	162
1466	207
1467	160
1468	163
1469	122
1470	174
1471	121
1472	124
1473	133
1474	121
1475	116
1476	204
1477	138
1478	140
1479	147
1480	184
1481	142
1482	144
1483	162
1484	154
1485	188
1486	179
1487	154
1488	161
1489	177
1490	128
1491	159
1492	166
1493	156
1494	140
1495	187
1496	158
1497	149
1498	146
1499	163
1500	147
1501	200
1502	158
1503	159
1504	201
1505	146
1506	144
1507	200
1508	158
1509	152
1510	160
1511	147
1512	190
1513	196
1514	236
1515	137
1516	124
1517	149
1518	156
1519	156
1520	138
1521	137
1522	167
1523	200
1524	168
1525	185
1526	171
1527	203
1528	153
1529	217
1530	160
1531	154
1532	186
1533	164
1534	155
1535	152
1536	154
1537	126
1538	151
1539	122
1540	112
1541	119
1542	91
1543	123
1544	121
1545	176
1546	165
1547	167
1548	125
1549	186
1550	167
1551	228
1552	195
1553	166
1554	146
1555	138
1556	132
1557	133
1558	127
1559	165
1560	174
1561	184
1562	164
1563	199
1564	154
1565	141
1566	165
1567	117
1568	125
1569	180
1570	197
1571	175
1572	196
1573	160
1574	152
1575	116
1576	161
1577	169
1578	133
1579	198
1580	181
1581	154
1582	180
1583	170
1584	168
1585	144
1586	116
1587	155
1588	138
1589	166
1590	150
1591	195
1592	179
1593	216
1594	176
1595	181
1596	193
1597	164
1598	190
1599	221
1600	179
1601	195
1602	189
1603	177
1604	160
1605	157
1606	152
1607	147
1608	168
1609	168
1610	139
1611	167
1612	179
1613	156
1614	193
1615	202
1616	138
1617	171
1618	186
1619	173
1620	173
1621	180
1622	150
1623	119
1624	164
1625	152
1626	151
1627	141
1628	146
1629	160
1630	163
1631	177
1632	183
1633	140
1634	177
1635	129
1636	150
1637	130
1638	160
1639	137
1640	173
1641	146
1642	166
1643	154
1644	180
1645	122
1646	160
1647	149
1648	123
1649	140
1650	144
1651	128
1652	152
1653	186
1654	165
1655	188
1656	177
1657	151
1658	115
1659	139
1660	135
1661	150
1662	119
1663	153
1664	111
1665	130
1666	136
1667	122
1668	111
1669	126
1670	98
1671	100
1672	105
1673	163
1674	164
1675	135
1676	135
1677	150
1678	106
1679	158
1680	115
1681	120
1682	154
1683	146
1684	213
1685	153
1686	135
1687	161
1688	158
1689	134
1690	175
1691	137
1692	152
1693	120
1694	140
1695	154
1696	113
1697	147
1698	109
1699	124
1700	141
1701	141
1702	167
1703	103
1704	120
1705	120
1706	144
1707	142
1708	144
1709	185
1710	169
1711	193
1712	213
1713	180
1714	178
1715	185
1716	131
1717	172
1718	165
1719	161
1720	164
1721	158
1722	112
1723	127
1724	152
1725	112
1726	171
1727	142
1728	125
1729	163
1730	144
1731	140
1732	143
1733	164
1734	153
1735	130
1736	177
1737	171
1738	138
1739	152
1740	147
1741	141
1742	211
1743	179
1744	152
1745	112
1746	129
1747	141
1748	125
1749	93
1750	146
1751	133
1752	144
1753	145
1754	119
1755	151
1756	107
1757	114
1758	135
1759	131
1760	94
1761	172
1762	178
1763	113
1764	139
1765	144
1766	162
1767	139
1768	132
1769	111
1770	174
1771	125
1772	115
1773	133
1774	167
1775	131
1776	170
1777	132
1778	172
1779	156
1780	145
1781	175
1782	133
1783	120
1784	187
1785	163
1786	171
1787	148
1788	126
1789	135
1790	126
1791	139
1792	160
1793	142
1794	167
1795	132
1796	160
1797	150
1798	101
1799	106
1800	115
1801	114
1802	93
1803	124
1804	102
1805	116
1806	109
1807	100
1808	89
1809	108
1810	100
1811	116
1812	112
1813	147
1814	138
1815	120
1816	150
1817	121
1818	106
1819	128
1820	114
1821	110
1822	103
1823	109
1824	117
1825	94
1826	101
1827	142
1828	106
1829	120
1830	107
1831	130
1832	114
1833	101
1834	107
1835	115
1836	131
1837	113
1838	152
1839	134
1840	123
1841	166
1842	96
1843	121
1844	151
1845	148
1846	158
1847	140
1848	133
1849	106
1850	111
1851	111
1852	85
1853	80
1854	101
1855	124
1856	101
1857	126
1858	94
1859	119
1860	79
1861	102
1862	132
1863	98
1864	103
1865	131
1866	121
1867	119
1868	129
1869	137
1870	132
1871	91
1872	133
1873	94
1874	181
1875	116
1876	125
1877	112
1878	85
1879	131
1880	78
1881	129
1882	139
1883	137
1884	166
1885	165
1886	126
1887	112
1888	144
1889	117
1890	118
1891	77
1892	124
1893	154
1894	80
1895	134
1896	132
1897	138
1898	146
1899	132
1900	183
1901	136
1902	130
1903	121
1904	129
1905	100
1906	102
1907	135
1908	170
1909	152
1910	145
1911	127
1912	146
1913	111
1914	89
1915	94
1916	122
1917	101
1918	162
1919	163
1920	131
1921	123
1922	117
1923	127
1924	113
1925	134
1926	103
1927	99
1928	137
1929	131
1930	133
1931	125
1932	124
1933	124
1934	114
1935	104
1936	134
1937	178
1938	141
1939	115
1940	137
1941	129
1942	121
1943	113
1944	118
1945	108
1946	114
1947	81
1948	98
1949	111
1950	113
1951	125
1952	107
1953	123
1954	157
1955	168
1956	151
1957	103
1958	99
1959	89
1960	101
1961	107
1962	149
1963	137
1964	126
1965	123
1966	136
1967	113
1968	140
1969	119
1970	97
1971	100
1972	139
1973	113
1974	103
1975	150
1976	122
1977	127
1978	110
1979	106
1980	120
1981	98
1982	115
1983	110
1984	109
1985	84
1986	88
1987	104
1988	117
1989	107
1990	76
1991	95
1992	141
1993	103
1994	100
1995	152
1996	171
1997	148
1998	126
1999	139
2000	127
2001	124
2002	145
2003	105
2004	138
2005	128
2006	125
2007	160
2008	152
2009	127
2010	136
2011	174
2012	164
2013	148
2014	109
2015	143
2016	158
2017	121
2018	140
2019	131
2020	122
2021	133
2022	109
2023	108
2024	110
2025	114
2026	132
2027	161
2028	135
2029	134
2030	140
2031	126
2032	135
2033	98
2034	81
2035	121
2036	115
2037	108
2038	127
2039	88
2040	130
2041	114
2042	105
2043	144
2044	133
2045	111
2046	109
2047	103
2048	113
2049	147
2050	93
2051	119
2052	135
2053	171
2054	125
2055	142
2056	115
2057	119
2058	168
2059	121
2060	103
2061	157
2062	136
2063	135
2064	137
2065	122
2066	141
2067	144
2068	163
2069	118
2070	154
2071	114
2072	135
2073	130
2074	134
2075	117
2076	138
2077	147
2078	117
2079	112
2080	157
2081	107
2082	144
2083	122
2084	105
2085	137
2086	128
2087	134
2088	146
2089	105
2090	107
2091	78
2092	108
2093	106
2094	142
2095	116
2096	93
2097	87
2098	145
2099	121
2100	101
2101	85
2102	92
2103	120
2104	108
2105	108
2106	84
2107	155
2108	134
2109	152
2110	143
2111	101
2112	105
2113	92
2114	116
2115	93
2116	82
2117	124
2118	123
2119	84
2120	86
2121	97
2122	77
2123	88
2124	77
2125	109
2126	116
2127	112
2128	131
2129	105
2130	90
2131	97
2132	89
2133	121
2134	115
2135	86
2136	103
2137	121
2138	77
2139	125
2140	86
2141	84
2142	88
2143	77
2144	78
2145	86
2146	111
2147	117
2148	113
2149	117
2150	118
2151	136
2152	102
2153	149
2154	163
2155	121
2156	116
2157	91
2158	93
2159	108
2160	83
2161	86
2162	76
2163	123
2164	108
2165	102
2166	118
2167	113
2168	116
2169	67
2170	90
2171	116
2172	127
2173	104
2174	93
2175	103
2176	126
2177	122
2178	111
2179	95
2180	89
2181	82
2182	111
2183	101
2184	111
2185	111
2186	98
2187	135
2188	124
2189	109
2190	102
2191	106
2192	131
2193	97
2194	107
2195	148
2196	142
2197	110
2198	131
2199	98
2200	111
2201	131
2202	112
2203	104
2204	142
2205	86
2206	116
2207	73
2208	104
2209	117
2210	92
2211	95
2212	132
2213	111
2214	108
2215	120
2216	94
2217	128
2218	124
2219	120
2220	124
2221	137
2222	114
2223	138
2224	136
2225	101
2226	99
2227	116
2228	137
2229	130
2230	126
2231	117
2232	116
2233	148
2234	143
2235	167
2236	149
2237	155
2238	140
2239	115
2240	118
2241	145
2242	151
2243	110
2244	120
2245	123
2246	133
2247	130
2248	146
2249	178
2250	135
2251	151
2252	103
2253	131
2254	125
2255	113
2256	135
2257	156
2258	123
2259	130
2260	158
2261	108
2262	147
2263	116
2264	133
2265	132
2266	149
2267	183
2268	155
2269	200
2270	84
2271	124
2272	131
2273	118
2274	113
2275	94
2276	125
2277	138
2278	119
2279	119
2280	137
2281	122
2282	134
2283	86
2284	85
2285	107
2286	96
2287	110
2288	126
2289	96
2290	97
2291	119
2292	94
2293	139
2294	137
2295	127
2296	115
2297	114
2298	94
2299	63
2300	102
2301	104
2302	146
2303	136
2304	122
2305	115
2306	116
2307	110
2308	102
2309	121
2310	115
2311	146
2312	159
2313	160
2314	105
2315	116
2316	110
2317	128
2318	126
2319	118
2320	135
2321	139
2322	134
2323	112
2324	100
2325	103
2326	84
2327	90
2328	101
2329	131
2330	98
2331	88
2332	109
2333	111
2334	96
2335	100
2336	102
2337	107
2338	113
2339	109
2340	102
2341	73
2342	125
2343	108
2344	139
2345	146
2346	131
2347	93
2348	103
2349	86
2350	69
2351	113
2352	108
2353	123
2354	134
2355	135
2356	102
2357	145
2358	95
2359	113
2360	120
2361	136
2362	124
2363	139
2364	118
2365	133
2366	143
2367	147
2368	134
2369	150
2370	107
2371	129
2372	86
2373	111
2374	119
2375	85
2376	92
2377	101
2378	84
2379	75
2380	103
2381	94
2382	82
2383	128
2384	126
2385	102
2386	95
2387	109
2388	101
2389	87
2390	102
2391	121
2392	129
2393	101
2394	72
2395	84
2396	85
2397	94
2398	109
2399	121
2400	74
2401	85
2402	125
2403	111
2404	145
2405	136
2406	124
2407	101
2408	106
2409	95
2410	109
2411	138
2412	92
2413	89
2414	75
2415	84
2416	101
2417	121
2418	143
2419	125
2420	119
2421	122
2422	108
2423	101
2424	123
2425	126
2426	119
2427	112
2428	105
2429	90
2430	125
2431	165
2432	122
2433	92
2434	108
2435	90
2436	105
2437	161
2438	112
2439	104
2440	94
2441	118
2442	125
2443	127
2444	98
2445	101
2446	167
2447	104
2448	118
2449	104
2450	139
2451	119
2452	103
2453	128
2454	127
2455	136
2456	122
2457	137
2458	156
2459	91
2460	104
2461	134
2462	133
2463	93
2464	102
2465	123
2466	108
2467	118
2468	103
2469	107
2470	123
2471	130
2472	104
2473	148
2474	95
2475	138
2476	129
2477	143
2478	106
2479	97
2480	89
2481	114
2482	88
2483	82
2484	108
2485	112
2486	98
2487	130
2488	104
2489	94
2490	113
2491	103
2492	116
2493	124
2494	116
2495	99
2496	106
2497	91
2498	87
2499	86
2500	63
2501	121
2502	99
2503	87
2504	89
2505	57
2506	83
2507	86
2508	113
2509	132
2510	97
2511	76
2512	84
2513	91
2514	100
2515	108
2516	123
2517	109
2518	112
2519	92
2520	110
2521	81
2522	114
2523	100
2524	129
2525	87
2526	109
2527	97
2528	80
2529	126
2530	104
2531	138
2532	74
2533	61
2534	96
2535	108
2536	95
2537	103
2538	97
2539	84
2540	79
2541	90
2542	91
2543	122
2544	110
2545	99
2546	101
2547	83
2548	90
2549	93
2550	91
2551	87
2552	100
2553	86
2554	89
2555	100
2556	85
2557	86
2558	103
2559	89
2560	89
2561	103
2562	94
2563	91
2564	83
2565	73
2566	117
2567	100
2568	96
2569	105
2570	65
2571	74
2572	93
2573	58
2574	126
2575	82
2576	76
2577	61
2578	121
2579	105
2580	101
2581	122
2582	105
2583	88
2584	125
2585	71
2586	95
2587	103
2588	95
2589	89
2590	87
2591	76
2592	70
2593	128
2594	130
2595	123
2596	103
2597	88
2598	84
2599	98
2600	66
2601	100
2602	72
2603	122
2604	66
2605	87
2606	75
2607	95
2608	89
2609	71
2610	91
2611	88
2612	108
2613	84
2614	101
2615	86
2616	92
2617	118
2618	96
2619	63
2620	125
2621	85
2622	76
2623	86
2624	83
2625	93
2626	95
2627	94
2628	102
2629	100
2630	94
2631	74
2632	103
2633	152
2634	112
2635	104
2636	78
2637	81
2638	78
2639	81
2640	84
2641	123
2642	79
2643	83
2644	52
2645	77
2646	80
2647	80
2648	86
2649	44
2650	75
2651	62
2652	95
2653	97
2654	104
2655	91
2656	74
2657	70
2658	87
2659	72
2660	115
2661	68
2662	85
2663	77
2664	96
2665	98
2666	101
2667	107
2668	110
2669	126
2670	87
2671	89
2672	121
2673	131
2674	70
2675	90
2676	71
2677	60
2678	62
2679	84
2680	84
2681	91
2682	89
2683	72
2684	103
2685	65
2686	80
2687	81
2688	104
2689	83
2690	82
2691	78
2692	67
2693	74
2694	57
2695	60
2696	76
2697	98
2698	91
2699	82
2700	111
2701	125
2702	98
2703	116
2704	83
2705	93
2706	105
2707	103
2708	101
2709	97
2710	85
2711	98
2712	72
2713	116
2714	75
2715	91
2716	133
2717	99
2718	103
2719	81
2720	75
2721	104
2722	97
2723	78
2724	110
2725	89
2726	93
2727	58
2728	89
2729	75
2730	101
2731	87
2732	71
2733	55
2734	58
2735	37
2736	64
2737	94
2738	88
2739	64
2740	64
2741	58
2742	126
2743	91
2744	83
2745	70
2746	88
2747	80
2748	67
2749	82
2750	96
2751	72
2752	90
2753	89
2754	74
2755	99
2756	71
2757	98
2758	89
2759	99
2760	95
2761	105
2762	118
2763	66
2764	85
2765	112
2766	99
2767	95
2768	103
2769	105
2770	129
2771	95
2772	92
2773	73
2774	114
2775	81
2776	87
2777	110
2778	98
2779	84
2780	87
2781	72
2782	90
2783	77
2784	73
2785	86
2786	73
2787	89
2788	100
2789	103
2790	88
2791	94
2792	97
2793	107
2794	99
2795	89
2796	122
2797	89
2798	89
2799	116
2800	73
2801	89
2802	96
2803	107
2804	94
2805	91
2806	85
2807	73
2808	92
2809	95
2810	95
2811	96
2812	69
2813	63
2814	77
2815	88
2816	86
2817	82
2818	91
2819	74
2820	89
2821	81
2822	105
2823	98
2824	65
2825	73
2826	73
2827	80
2828	77
2829	102
2830	123
2831	111
2832	108
2833	94
2834	83
2835	77
2836	64
2837	75
2838	108
2839	132
2840	105
2841	111
2842	86
2843	116
2844	96
2845	73
2846	70
2847	79
2848	73
2849	62
2850	89
2851	55
2852	72
2853	75
2854	68
2855	98
2856	89
2857	98
2858	74
2859	95
2860	91
2861	126
2862	103
2863	90
2864	76
2865	84
2866	82
2867	104
2868	78
2869	69
2870	90
2871	68
2872	112
2873	98
2874	122
2875	67
2876	68
2877	57
2878	71
2879	90
2880	82
2881	89
2882	72
2883	84
2884	86
2885	88
2886	64
2887	69
2888	96
2889	60
2890	69
2891	87
2892	92
2893	59
2894	74
2895	73
2896	38
2897	71
2898	74
2899	80
2900	42
2901	62
2902	63
2903	52
2904	73
2905	74
2906	79
2907	60
2908	84
2909	44
2910	56
2911	98
2912	68
2913	90
2914	71
2915	70
2916	81
2917	53
2918	117
2919	104
2920	88
2921	87
2922	64
2923	74
2924	68
2925	58
2926	107
2927	92
2928	90
2929	60
2930	89
2931	40
2932	60
2933	66
2934	62
2935	72
2936	87
2937	91
2938	85
2939	43
2940	53
2941	52
2942	64
2943	80
2944	86
2945	66
2946	85
2947	68
2948	56
2949	77
2950	86
2951	59
2952	51
2953	92
2954	58
2955	57
2956	65
2957	43
2958	43
2959	50
2960	83
2961	62
2962	74
2963	44
2964	59
2965	54
2966	53
2967	72
2968	70
2969	60
2970	69
2971	62
2972	44
2973	76
2974	56
2975	47
2976	79
2977	58
2978	76
2979	66
2980	51
2981	81
2982	65
2983	97
2984	88
2985	57
2986	53
2987	78
2988	42
2989	55
2990	73
2991	54
2992	71
2993	64
2994	69
2995	89
2996	91
2997	61
2998	75
2999	62
3000	71
3001	74
3002	69
3003	63
3004	66
3005	81
3006	81
3007	87
3008	64
3009	70
3010	72
3011	70
3012	69
3013	109
3014	68
3015	85
3016	109
3017	94
3018	79
3019	95
3020	67
3021	75
3022	68
3023	60
3024	56
3025	83
3026	72
3027	95
3028	76
3029	80
3030	84
3031	49
3032	60
3033	82
3034	61
3035	103
3036	69
3037	56
3038	66
3039	63
3040	81
3041	84
3042	74
3043	80
3044	112
3045	79
3046	73
3047	89
3048	45
3049	57
3050	66
3051	71
3052	70
3053	60
3054	94
3055	108
3056	98
3057	77
3058	107
3059	53
3060	84
3061	76
3062	66
3063	59
3064	79
3065	70
3066	67
3067	99
3068	89
3069	114
3070	107
3071	86
3072	57
3073	108
3074	94
3075	75
3076	83
3077	69
3078	75
3079	99
3080	66
3081	62
3082	89
3083	66
3084	70
3085	50
3086	54
3087	41
3088	73
3089	61
3090	76
3091	54
3092	92
3093	74
3094	73
3095	47
3096	71
3097	74
3098	59
3099	71
3100	50
3101	74
3102	57
3103	63
3104	74
3105	79
3106	71
3107	76
3108	73
3109	83
3110	85
3111	86
3112	73
3113	70
3114	47
3115	62
3116	46
3117	44
3118	37
3119	53
3120	76
3121	65
3122	74
3123	63
3124	53
3125	85
3126	77
3127	70
3128	59
3129	42
3130	63
3131	45
3132	43
3133	73
3134	73
3135	74
3136	88
3137	78
3138	73
3139	86
3140	81
3141	70
3142	76
3143	69
3144	71
3145	90
3146	89
3147	63
3148	80
3149	60
3150	53
3151	55
3152	40
3153	69
3154	72
3155	118
3156	66
3157	95
3158	69
3159	50
3160	76
3161	78
3162	71
3163	61
3164	36
3165	60
3166	49
3167	64
3168	59
3169	55
3170	85
3171	81
3172	67
3173	79
3174	49
3175	70
3176	55
3177	55
3178	51
3179	86
3180	40
3181	38
3182	57
3183	61
3184	99
3185	97
3186	85
3187	54
3188	81
3189	58
3190	74
3191	76
3192	56
3193	56
3194	63
3195	79
3196	81
3197	74
3198	52
3199	56
3200	83
3201	61
3202	56
3203	66
3204	71
3205	79
3206	66
3207	67
3208	56
3209	66
3210	70
3211	70
3212	73
3213	57
3214	82
3215	70
3216	91
3217	60
3218	72
3219	76
3220	75
3221	60
3222	66
3223	75
3224	46
3225	92
3226	64
3227	86
3228	53
3229	62
3230	88
3231	71
3232	43
3233	62
3234	52
3235	71
3236	70
3237	57
3238	63
3239	46
3240	65
3241	59
3242	82
3243	72
3244	47
3245	84
3246	79
3247	93
3248	89
3249	58
3250	85
3251	74
3252	70
3253	119
3254	92
3255	93
3256	71
3257	78
3258	71
3259	62
3260	79
3261	95
3262	97
3263	97
3264	69
3265	75
3266	67
3267	55
3268	62
3269	79
3270	75
3271	70
3272	100
3273	97
3274	87
3275	68
3276	108
3277	61
3278	47
3279	99
3280	68
3281	78
3282	74
3283	81
3284	79
3285	100
3286	81
3287	71
3288	69
3289	51
3290	76
3291	86
3292	101
3293	94
3294	77
3295	100
3296	60
3297	93
3298	57
3299	85
3300	96
3301	52
3302	55
3303	60
3304	82
3305	80
3306	68
3307	38
3308	77
3309	76
3310	71
3311	61
3312	82
3313	59
3314	57
3315	64
3316	73
3317	52
3318	71
3319	78
3320	108
3321	60
3322	64
3323	63
3324	85
3325	48
3326	62
3327	72
3328	70
3329	74
3330	79
3331	91
3332	81
3333	100
3334	55
3335	93
3336	58
3337	91
3338	84
3339	73
3340	59
3341	61
3342	113
3343	51
3344	92
3345	72
3346	101
3347	61
3348	76
3349	77
3350	68
3351	86
3352	100
3353	63
3354	72
3355	89
3356	77
3357	68
3358	65
3359	74
3360	78
3361	56
3362	51
3363	68
3364	53
3365	108
3366	48
3367	64
3368	70
3369	76
3370	85
3371	76
3372	65
3373	49
3374	66
3375	71
3376	56
3377	76
3378	91
3379	103
3380	82
3381	73
3382	78
3383	81
3384	70
3385	61
3386	87
3387	56
3388	92
3389	69
3390	45
3391	55
3392	45
3393	37
3394	51
3395	73
3396	58
3397	62
3398	65
3399	80
3400	56
3401	73
3402	104
3403	57
3404	103
3405	72
3406	72
3407	63
3408	84
3409	62
3410	40
3411	63
3412	58
3413	85
3414	49
3415	73
3416	68
3417	47
3418	66
3419	61
3420	55
3421	53
3422	35
3423	66
3424	62
3425	48
3426	53
3427	66
3428	78
3429	61
3430	73
3431	75
3432	85
3433	56
3434	85
3435	74
3436	35
3437	48
3438	65
3439	67
3440	77
3441	79
3442	74
3443	73
3444	74
3445	38
3446	90
3447	56
3448	61
3449	66
3450	59
3451	69
3452	79
3453	72
3454	80
3455	94
3456	58
3457	82
3458	76
3459	76
3460	69
3461	87
3462	102
3463	69
3464	81
3465	84
3466	91
3467	81
3468	67
3469	58
3470	69
3471	44
3472	46
3473	71
3474	51
3475	60
3476	64
3477	54
3478	73
3479	59
3480	62
3481	89
3482	60
3483	72
3484	87
3485	83
3486	89
3487	65
3488	64
3489	83
3490	92
3491	61
3492	82
3493	62
3494	46
3495	61
3496	49
3497	36
3498	54
3499	70
3500	67
3501	49
3502	54
3503	54
3504	46
3505	63
3506	41
3507	52
3508	73
3509	101
3510	65
3511	54
3512	35
3513	40
3514	93
3515	71
3516	86
3517	61
3518	48
3519	59
3520	52
3521	51
3522	55
3523	65
3524	64
3525	78
3526	63
3527	63
3528	67
3529	40
3530	68
3531	74
3532	61
3533	47
3534	62
3535	56
3536	43
3537	52
3538	36
3539	48
3540	64
3541	67
3542	66
3543	64
3544	52
3545	62
3546	46
3547	69
3548	67
3549	77
3550	62
3551	56
3552	65
3553	56
3554	70
3555	70
3556	50
3557	43
3558	60
3559	50
3560	61
3561	66
3562	71
3563	66
3564	36
3565	56
3566	54
3567	63
3568	97
3569	58
3570	40
3571	55
3572	84
3573	46
3574	72
3575	68
3576	60
3577	68
3578	46
3579	49
3580	77
3581	57
3582	59
3583	50
3584	51
3585	49
3586	36
3587	63
3588	62
3589	38
3590	49
3591	71
3592	71
3593	84
3594	70
3595	58
3596	58
3597	44
3598	54
3599	42
3600	55
3601	54
3602	58
3603	51
3604	51
3605	68
3606	49
3607	62
3608	105
3609	84
3610	59
3611	44
3612	71
3613	77
3614	59
3615	77
3616	68
3617	57
3618	75
3619	61
3620	56
3621	76
3622	41
3623	62
3624	64
3625	85
3626	59
3627	56
3628	58
3629	89
3630	58
3631	62
3632	83
3633	76
3634	80
3635	89
3636	72
3637	86
3638	75
3639	36
3640	49
3641	24
3642	41
3643	40
3644	67
3645	45
3646	49
3647	75
3648	67
3649	82
3650	68
3651	65
3652	33
3653	55
3654	40
3655	53
3656	68
3657	63
3658	61
3659	53
3660	71
3661	85
3662	51
3663	56
3664	58
3665	85
3666	66
3667	71
3668	86
3669	80
3670	81
3671	50
3672	51
3673	59
3674	60
3675	49
3676	67
3677	38
3678	49
3679	83
3680	47
3681	53
3682	61
3683	57
3684	48
3685	70
3686	41
3687	66
3688	79
3689	84
3690	65
3691	56
3692	65
3693	85
3694	60
3695	72
3696	57
3697	44
3698	62
3699	45
3700	50
3701	47
3702	64
3703	38
3704	26
3705	53
3706	35
3707	46
3708	71
3709	61
3710	45
3711	73
3712	69
3713	47
3714	53
3715	36
3716	72
3717	68
3718	39
3719	71
3720	63
3721	51
3722	47
3723	48
3724	51
3725	54
3726	57
3727	50
3728	54
3729	65
3730	67
3731	65
3732	59
3733	42
3734	58
3735	55
3736	49
3737	28
3738	54
3739	49
3740	75
3741	42
3742	60
3743	40
3744	46
3745	38
3746	51
3747	56
3748	45
3749	57
3750	79
3751	48
3752	44
3753	51
3754	50
3755	68
3756	36
3757	53
3758	35
3759	65
3760	24
3761	33
3762	38
3763	41
3764	67
3765	66
3766	48
3767	55
3768	53
3769	56
3770	40
3771	40
3772	42
3773	41
3774	58
3775	60
3776	64
3777	55
3778	67
3779	65
3780	58
3781	35
3782	54
3783	62
3784	70
3785	62
3786	44
3787	57
3788	45
3789	43
3790	42
3791	49
3792	66
3793	41
3794	44
3795	48
3796	57
3797	54
3798	77
3799	49
3800	52
3801	54
3802	50
3803	52
3804	36
3805	51
3806	77
3807	38
3808	44
3809	37
3810	50
3811	67
3812	71
3813	54
3814	59
3815	77
3816	64
3817	75
3818	74
3819	51
3820	80
3821	53
3822	52
3823	56
3824	55
3825	52
3826	56
3827	43
3828	45
3829	37
3830	57
3831	43
3832	37
3833	45
3834	55
3835	34
3836	32
3837	23
3838	55
3839	49
3840	34
3841	40
3842	49
3843	58
3844	69
3845	62
3846	75
3847	71
3848	66
3849	51
3850	51
3851	50
3852	53
3853	53
3854	59
3855	60
3856	43
3857	52
3858	70
3859	48
3860	41
3861	71
3862	53
3863	49
3864	39
3865	42
3866	74
3867	60
3868	41
3869	36
3870	53
3871	26
3872	36
3873	54
3874	63
3875	45
3876	50
3877	31
3878	28
3879	42
3880	54
3881	69
3882	65
3883	42
3884	45
3885	79
3886	56
3887	61
3888	44
3889	41
3890	40
3891	79
3892	58
3893	46
3894	56
3895	54
3896	45
3897	67
3898	62
3899	88
3900	35
3901	65
3902	73
3903	97
3904	72
3905	56
3906	96
3907	95
3908	86
3909	71
3910	39
3911	58
3912	67
3913	79
3914	92
3915	65
3916	72
3917	93
3918	63
3919	59
3920	51
3921	80
3922	62
3923	83
3924	53
3925	88
3926	55
3927	84
3928	68
3929	72
3930	48
3931	34
3932	40
3933	59
3934	48
3935	59
3936	74
3937	64
3938	90
3939	77
3940	80
3941	76
3942	71
3943	80
3944	60
3945	52
3946	75
3947	68
3948	73
3949	70
3950	64
3951	88
3952	90
3953	80
3954	60
3955	72
3956	83
3957	84
3958	69
3959	75
3960	62
3961	71
3962	71
3963	80
3964	39
3965	59
3966	58
3967	46
3968	45
3969	51
3970	67
3971	56
3972	56
3973	62
3974	68
3975	105
3976	71
3977	63
3978	49
3979	58
3980	40
3981	59
3982	62
3983	68
3984	48
3985	56
3986	73
3987	65
3988	76
3989	52
3990	39
3991	48
3992	53
3993	55
3994	62
3995	50
3996	65
3997	54
3998	93
3999	67
4000	53
4001	56
4002	63
4003	65
4004	62
4005	51
4006	35
4007	59
4008	57
4009	53
4010	67
4011	65
4012	68
4013	63
4014	55
4015	64
4016	52
4017	49
4018	52
4019	37
4020	38
4021	49
4022	55
4023	88
4024	61
4025	66
4026	93
4027	70
4028	64
4029	52
4030	54
4031	60
4032	65
4033	80
4034	62
4035	60
4036	89
4037	49
4038	72
4039	66
4040	67
4041	84
4042	66
4043	41
4044	65
4045	40
4046	66
4047	55
4048	70
4049	57
4050	65
4051	68
4052	83
4053	66
4054	72
4055	52
4056	56
4057	73
4058	47
4059	57
4060	79
4061	55
4062	88
4063	83
4064	51
4065	49
4066	37
4067	54
4068	66
4069	73
4070	60
4071	40
4072	55
4073	30
4074	50
4075	52
4076	50
4077	60
4078	40
4079	44
4080	36
4081	62
4082	56
4083	51
4084	42
4085	34
4086	43
4087	66
4088	43
4089	70
4090	58
4091	76
4092	89
4093	92
4094	82
4095	55
4096	76
4097	67
4098	71
4099	54
4100	38
4101	58
4102	45
4103	49
4104	62
4105	38
4106	38
4107	32
4108	49
4109	53
4110	80
4111	41
4112	56
4113	65
4114	51
4115	59
4116	78
4117	51
4118	51
4119	83
4120	77
4121	86
4122	78
4123	37
4124	66
4125	33
4126	58
4127	38
4128	44
4129	45
4130	54
4131	51
4132	58
4133	55
4134	59
4135	48
4136	54
4137	62
4138	53
4139	40
4140	58
4141	32
4142	36
4143	46
4144	56
4145	59
4146	51
4147	38
4148	39
4149	82
4150	64
4151	39
4152	55
4153	50
4154	59
4155	70
4156	49
4157	57
4158	41
4159	35
4160	41
4161	51
4162	45
4163	37
4164	57
4165	52
4166	77
4167	68
4168	38
4169	34
4170	48
4171	62
4172	57
4173	36
4174	77
4175	65
4176	79
4177	46
4178	46
4179	64
4180	55
4181	46
4182	58
4183	58
4184	65
4185	57
4186	62
4187	66
4188	57
4189	49
4190	41
4191	53
4192	43
4193	52
4194	52
4195	53
4196	51
4197	49
4198	37
4199	35
4200	65
4201	56
4202	47
4203	67
4204	44
4205	53
4206	62
4207	55
4208	44
4209	43
4210	44
4211	43
4212	40
4213	24
4214	27
4215	60
4216	44
4217	49
4218	59
4219	51
4220	46
4221	30
4222	30
4223	24
4224	50
4225	47
4226	42
4227	43
4228	26
4229	38
4230	43
4231	30
4232	45
4233	60
4234	74
4235	38
4236	46
4237	41
4238	44
4239	38
4240	60
4241	50
4242	42
4243	39
4244	57
4245	51
4246	53
4247	52
4248	36
4249	45
4250	42
4251	49
4252	48
4253	42
4254	41
4255	58
4256	37
4257	50
4258	42
4259	31
4260	53
4261	62
4262	59
4263	64
4264	65
4265	71
4266	54
4267	35
4268	52
4269	51
4270	49
4271	48
4272	67
4273	50
4274	70
4275	37
4276	59
4277	50
4278	62
4279	54
4280	47
4281	37
4282	68
4283	35
4284	34
4285	26
4286	33
4287	52
4288	47
4289	41
4290	39
4291	53
4292	64
4293	57
4294	51
4295	59
4296	46
4297	43
4298	54
4299	61
4300	57
4301	44
4302	44
4303	48
4304	40
4305	26
4306	48
4307	22
4308	34
4309	60
4310	63
4311	57
4312	60
4313	44
4314	28
4315	27
4316	55
4317	55
4318	35
4319	48
4320	41
4321	35
4322	32
4323	43
4324	31
4325	61
4326	32
4327	37
4328	21
4329	41
4330	39
4331	50
4332	45
4333	61
4334	46
4335	54
4336	63
4337	44
4338	39
4339	46
4340	36
4341	62
4342	57
4343	42
4344	35
4345	42
4346	49
4347	51
4348	40
4349	43
4350	28
4351	36
4352	53
4353	36
4354	39
4355	38
4356	31
4357	45
4358	56
4359	62
4360	51
4361	62
4362	52
4363	46
4364	46
4365	51
4366	40
4367	33
4368	29
4369	28
4370	26
4371	35
4372	34
4373	39
4374	24
4375	38
4376	30
4377	42
4378	67
4379	41
4380	29
4381	26
4382	48
4383	39
4384	54
4385	33
4386	42
4387	29
4388	30
4389	43
4390	45
4391	52
4392	48
4393	44
4394	45
4395	48
4396	49
4397	33
4398	50
4399	57
4400	39
4401	27
4402	28
4403	41
4404	58
4405	67
4406	44
4407	33
4408	45
4409	35
4410	24
4411	59
4412	43
4413	57
4414	44
4415	29
4416	42
4417	45
4418	19
4419	36
4420	36
4421	34
4422	37
4423	37
4424	46
4425	35
4426	40
4427	44
4428	44
4429	44
4430	24
4431	42
4432	57
4433	22
4434	42
4435	52
4436	48
4437	61
4438	36
4439	46
4440	28
4441	41
4442	51
4443	34
4444	21
4445	29
4446	48
4447	38
4448	51
4449	37
4450	60
4451	50
4452	36
4453	25
4454	28
4455	36
4456	37
4457	37
4458	52
4459	49
4460	45
4461	55
4462	47
4463	33
4464	42
4465	65
4466	26
4467	42
4468	33
4469	38
4470	41
4471	40
4472	38
4473	32
4474	53
4475	50
4476	46
4477	46
4478	49
4479	47
4480	53
4481	43
4482	30
4483	22
4484	35
4485	43
4486	31
4487	25
4488	38
4489	26
4490	44
4491	26
4492	36
4493	46
4494	42
4495	53
4496	82
4497	37
4498	41
4499	51
4500	45
4501	40
4502	57
4503	41
4504	50
4505	59
4506	35
4507	49
4508	27
4509	23
4510	40
4511	44
4512	48
4513	67
4514	39
4515	38
4516	33
4517	25
4518	45
4519	37
4520	60
4521	43
4522	33
4523	43
4524	55
4525	30
4526	44
4527	44
4528	45
4529	44
4530	40
4531	40
4532	53
4533	33
4534	38
4535	30
4536	53
4537	40
4538	50
4539	39
4540	40
4541	21
4542	56
4543	30
4544	46
4545	36
4546	20
4547	31
4548	45
4549	43
4550	53
4551	44
4552	38
4553	68
4554	59
4555	36
4556	53
4557	33
4558	43
4559	33
4560	35
4561	46
4562	43
4563	46
4564	50
4565	41
4566	44
4567	46
4568	37
4569	60
4570	28
4571	29
4572	28
4573	58
4574	47
4575	55
4576	31
4577	36
4578	54
4579	41
4580	59
4581	51
4582	80
4583	53
4584	38
4585	35
4586	63
4587	52
4588	27
4589	46
4590	51
4591	46
4592	48
4593	40
4594	59
4595	52
4596	35
4597	36
4598	36
4599	51
4600	26
4601	24
4602	36
4603	34
4604	59
4605	30
4606	44
4607	48
4608	35
4609	42
4610	43
4611	24
4612	27
4613	33
4614	34
4615	48
4616	61
4617	43
4618	34
4619	61
4620	64
4621	46
4622	44
4623	26
4624	47
4625	23
4626	33
4627	25
4628	54
4629	41
4630	44
4631	37
4632	18
4633	27
4634	44
4635	20
4636	33
4637	39
4638	41
4639	62
4640	39
4641	46
4642	41
4643	42
4644	37
4645	35
4646	50
4647	46
4648	19
4649	23
4650	32
4651	27
4652	41
4653	33
4654	37
4655	37
4656	29
4657	42
4658	31
4659	31
4660	29
4661	35
4662	38
4663	39
4664	27
4665	17
4666	28
4667	26
4668	27
4669	27
4670	28
4671	31
4672	47
4673	63
4674	25
4675	36
4676	43
4677	43
4678	45
4679	27
4680	40
4681	41
4682	23
4683	44
4684	14
4685	37
4686	41
4687	27
4688	37
4689	42
4690	55
4691	32
4692	54
4693	36
4694	56
4695	28
4696	38
4697	26
4698	55
4699	27
4700	39
4701	29
4702	39
4703	62
4704	58
4705	57
4706	33
4707	45
4708	62
4709	61
4710	41
4711	25
4712	43
4713	50
4714	36
4715	32
4716	47
4717	55
4718	45
4719	50
4720	42
4721	23
4722	35
4723	28
4724	61
4725	34
4726	45
4727	57
4728	44
4729	37
4730	43
4731	50
4732	34
4733	59
4734	48
4735	35
4736	39
4737	28
4738	32
4739	36
4740	37
4741	49
4742	29
4743	33
4744	28
4745	29
4746	45
4747	55
4748	38
4749	27
4750	35
4751	25
4752	41
4753	48
4754	37
4755	46
4756	47
4757	56
4758	44
4759	48
4760	49
4761	45
4762	47
4763	30
4764	44
4765	29
4766	36
4767	34
4768	27
4769	27
4770	45
4771	50
4772	50
4773	39
4774	44
4775	39
4776	64
4777	42
4778	43
4779	48
4780	49
4781	41
4782	46
4783	53
4784	49
4785	60
4786	59
4787	59
4788	40
4789	32
4790	24
4791	36
4792	61
4793	49
4794	42
4795	58
4796	36
4797	55
4798	44
4799	47
4800	19
4801	20
4802	11
4803	26
4804	37
4805	44
4806	37
4807	37
4808	32
4809	47
4810	50
4811	77
4812	83
4813	53
4814	45
4815	62
4816	35
4817	25
4818	13
4819	23
4820	31
4821	39
4822	31
4823	31
4824	40
4825	34
4826	64
4827	46
4828	48
4829	65
4830	70
4831	52
4832	45
4833	53
4834	32
4835	42
4836	58
4837	36
4838	44
4839	40
4840	45
4841	45
4842	36
4843	37
4844	42
4845	35
4846	52
4847	29
4848	27
4849	71
4850	33
4851	33
4852	24
4853	28
4854	33
4855	51
4856	36
4857	39
4858	27
4859	38
4860	49
4861	29
4862	32
4863	34
4864	21
4865	25
4866	32
4867	51
4868	52
4869	34
4870	19
4871	22
4872	27
4873	26
4874	36
4875	32
4876	37
4877	50
4878	29
4879	22
4880	15
4881	34
4882	29
4883	19
4884	14
4885	35
4886	19
4887	23
4888	30
4889	24
4890	34
4891	33
4892	40
4893	37
4894	33
4895	27
4896	50
4897	43
4898	41
4899	29
4900	43
4901	51
4902	42
4903	33
4904	23
4905	40
4906	33
4907	44
4908	51
4909	27
4910	33
4911	53
4912	44
4913	49
4914	18
4915	28
4916	31
4917	35
4918	26
4919	20
4920	41
4921	32
4922	29
4923	42
4924	37
4925	30
4926	36
4927	38
4928	24
4929	38
4930	20
4931	20
4932	26
4933	24
4934	29
4935	33
4936	48
4937	25
4938	11
4939	11
4940	30
4941	24
4942	42
4943	26
4944	25
4945	23
4946	42
4947	33
4948	29
4949	47
4950	24
4951	39
4952	39
4953	25
4954	36
4955	20
4956	30
4957	21
4958	32
4959	32
4960	41
4961	34
4962	59
4963	54
4964	40
4965	41
4966	47
4967	51
4968	43
4969	39
4970	43
4971	49
4972	36
4973	23
4974	25
4975	43
4976	34
4977	41
4978	40
4979	42
4980	40
4981	24
4982	28
4983	31
4984	29
4985	33
4986	16
4987	42
4988	33
4989	28
4990	46
4991	24
4992	41
4993	40
4994	47
4995	28
4996	36
4997	67
4998	48
4999	33
5000	47
5001	45
5002	33
5003	32
5004	19
5005	29
5006	26
5007	31
5008	56
5009	71
5010	42
5011	58
5012	46
5013	37
5014	55
5015	36
5016	44
5017	38
5018	43
5019	41
5020	55
5021	34
5022	39
5023	33
5024	33
5025	44
5026	33
5027	51
5028	41
5029	42
5030	36
5031	58
5032	33
5033	50
5034	21
5035	40
5036	31
5037	36
5038	42
5039	39
5040	33
5041	40
5042	46
5043	32
5044	51
5045	56
5046	34
5047	30
5048	29
5049	41
5050	30
5051	62
5052	48
5053	29
5054	28
5055	28
5056	44
5057	50
5058	34
5059	43
5060	34
5061	62
5062	91
5063	51
5064	52
5065	28
5066	39
5067	52
5068	33
5069	35
5070	56
5071	36
5072	45
5073	25
5074	20
5075	33
5076	16
5077	40
5078	52
5079	40
5080	50
5081	49
5082	29
5083	44
5084	41
5085	42
5086	60
5087	44
5088	47
5089	52
5090	41
5091	26
5092	44
5093	39
5094	67
5095	54
5096	32
5097	53
5098	56
5099	45
5100	53
5101	27
5102	36
5103	39
5104	50
5105	32
5106	23
5107	46
5108	55
5109	51
5110	64
5111	59
5112	31
5113	40
5114	38
5115	40
5116	49
5117	47
5118	47
5119	34
5120	40
5121	32
5122	33
5123	39
5124	43
5125	27
5126	46
5127	29
5128	20
5129	54
5130	41
5131	45
5132	39
5133	21
5134	70
5135	37
5136	29
5137	59
5138	35
5139	40
5140	33
5141	26
5142	12
5143	43
5144	52
5145	40
5146	61
5147	38
5148	43
5149	56
5150	41
5151	31
5152	21
5153	34
5154	42
5155	35
5156	24
5157	42
5158	56
5159	35
5160	51
5161	50
5162	39
5163	40
5164	34
5165	21
5166	41
5167	33
5168	22
5169	62
5170	38
5171	31
5172	24
5173	23
5174	27
5175	15
5176	28
5177	35
5178	28
5179	22
5180	19
5181	37
5182	24
5183	52
5184	37
5185	33
5186	30
5187	18
5188	15
5189	29
5190	15
5191	30
5192	51
5193	25
5194	16
5195	53
5196	51
5197	35
5198	36
5199	23
5200	15
5201	11
5202	22
5203	22
5204	22
5205	28
5206	21
5207	27
5208	23
5209	32
5210	33
5211	30
5212	30
5213	22
5214	29
5215	19
5216	26
5217	22
5218	25
5219	19
5220	37
5221	31
5222	49
5223	45
5224	37
5225	45
5226	30
5227	28
5228	21
5229	27
5230	41
5231	20
5232	18
5233	25
5234	20
5235	26
5236	44
5237	28
5238	35
5239	17
5240	29
5241	28
5242	47
5243	31
5244	33
5245	37
5246	25
5247	43
5248	44
5249	27
5250	28
5251	12
5252	19
5253	24
5254	12
5255	33
5256	32
5257	62
5258	31
5259	34
5260	33
5261	29
5262	30
5263	40
5264	28
5265	28
5266	34
5267	38
5268	35
5269	39
5270	34
5271	18
5272	40
5273	27
5274	20
5275	29
5276	30
5277	38
5278	41
5279	38
5280	25
5281	18
5282	32
5283	31
5284	37
5285	32
5286	30
5287	49
5288	21
5289	45
5290	28
5291	40
5292	42
5293	33
5294	43
5295	34
5296	38
5297	29
5298	24
5299	27
5300	30
5301	34
5302	35
5303	50
5304	41
5305	46
5306	20
5307	25
5308	37
5309	35
5310	31
5311	23
5312	20
5313	27
5314	40
5315	41
5316	46
5317	44
5318	43
5319	41
5320	49
5321	42
5322	35
5323	42
5324	38
5325	30
5326	20
5327	19
5328	33
5329	44
5330	26
5331	41
5332	17
5333	18
5334	9
5335	15
5336	18
5337	17
5338	8
5339	20
5340	10
5341	21
5342	23
5343	26
5344	21
5345	22
5346	45
5347	29
5348	19
5349	31
5350	45
5351	32
5352	25
5353	19
5354	26
5355	18
5356	15
5357	40
5358	34
5359	24
5360	25
5361	24
5362	26
5363	54
5364	32
5365	27
5366	29
5367	41
5368	54
5369	23
5370	54
5371	46
5372	35
5373	43
5374	23
5375	13
5376	26
5377	34
5378	22
5379	49
5380	24
5381	28
5382	27
5383	36
5384	40
5385	32
5386	48
5387	28
5388	29
5389	26
5390	18
5391	23
5392	36
5393	30
5394	22
5395	29
5396	22
5397	29
5398	27
5399	24
5400	35
5401	27
5402	23
5403	41
5404	19
5405	20
5406	23
5407	27
5408	23
5409	28
5410	37
5411	20
5412	23
5413	38
5414	36
5415	44
5416	69
5417	28
5418	32
5419	56
5420	36
5421	22
5422	30
5423	24
5424	24
5425	34
5426	25
5427	30
5428	29
5429	26
5430	19
5431	29
5432	35
5433	34
5434	24
5435	29
5436	29
5437	20
5438	39
5439	24
5440	26
5441	24
5442	20
5443	17
5444	49
5445	39
5446	29
5447	24
5448	37
5449	13
5450	20
5451	30
5452	31
5453	39
5454	30
5455	37
5456	29
5457	36
5458	26
5459	17
5460	22
5461	21
5462	32
5463	23
5464	23
5465	29
5466	39
5467	29
5468	34
5469	44
5470	17
5471	19
5472	25
5473	29
5474	27
5475	37
5476	43
5477	49
5478	77
5479	47
5480	37
5481	43
5482	38
5483	46
5484	29
5485	40
5486	40
5487	41
5488	26
5489	78
5490	60
5491	62
5492	32
5493	32
5494	55
5495	53
5496	54
5497	33
5498	25
5499	22
5500	30
5501	33
5502	16
5503	41
5504	37
5505	43
5506	66
5507	29
5508	25
5509	53
5510	48
5511	28
5512	50
5513	45
5514	34
5515	38
5516	31
5517	33
5518	26
5519	37
5520	40
5521	15
5522	45
5523	43
5524	32
5525	17
5526	35
5527	51
5528	28
5529	55
5530	43
5531	55
5532	43
5533	33
5534	59
5535	43
5536	35
5537	56
5538	33
5539	48
5540	40
5541	38
5542	38
5543	49
5544	46
5545	32
5546	41
5547	50
5548	46
5549	40
5550	52
5551	40
5552	27
5553	34
5554	21
5555	22
5556	24
5557	16
5558	31
5559	43
5560	29
5561	41
5562	35
5563	21
5564	33
5565	33
5566	52
5567	46
5568	37
5569	37
5570	52
5571	45
5572	35
5573	41
5574	33
5575	10
5576	16
5577	16
5578	24
5579	24
5580	29
5581	26
5582	34
5583	45
5584	40
5585	30
5586	21
5587	33
5588	20
5589	29
5590	21
5591	14
5592	23
5593	16
5594	25
5595	34
5596	19
5597	37
5598	19
5599	42
5600	28
5601	32
5602	25
5603	26
5604	44
5605	39
5606	43
5607	39
5608	26
5609	20
5610	15
5611	16
5612	20
5613	28
5614	21
5615	26
5616	19
5617	30
5618	43
5619	33
5620	12
5621	20
5622	42
5623	34
5624	21
5625	26
5626	28
5627	22
5628	35
5629	25
5630	11
5631	33
5632	41
5633	39
5634	39
5635	33
5636	36
5637	42
5638	39
5639	31
5640	28
5641	34
5642	47
5643	34
5644	25
5645	39
5646	33
5647	27
5648	29
5649	12
5650	11
5651	23
5652	28
5653	22
5654	22
5655	35
5656	20
5657	39
5658	46
5659	45
5660	28
5661	30
5662	27
5663	35
5664	39
5665	21
5666	31
5667	34
5668	35
5669	20
5670	13
5671	42
5672	27
5673	21
5674	22
5675	22
5676	7
5677	24
5678	34
5679	26
5680	19
5681	18
5682	12
5683	28
5684	33
5685	29
5686	26
5687	19
5688	32
5689	37
5690	20
5691	14
5692	18
5693	24
5694	45
5695	45
5696	35
5697	18
5698	19
5699	27
5700	16
5701	32
5702	20
5703	21
5704	32
5705	17
5706	28
5707	19
5708	30
5709	32
5710	36
5711	35
5712	30
5713	30
5714	44
5715	31
5716	34
5717	30
5718	31
5719	23
5720	31
5721	34
5722	35
5723	27
5724	23
5725	11
5726	17
5727	38
5728	28
5729	32
5730	20
5731	27
5732	38
5733	17
5734	38
5735	16
5736	53
5737	30
5738	24
5739	33
5740	20
5741	21
5742	27
5743	11
5744	11
5745	17
5746	31
5747	31
5748	29
5749	35
5750	23
5751	19
5752	31
5753	24
5754	39
5755	27
5756	30
5757	35
5758	32
5759	41
5760	28
5761	41
5762	32
5763	29
5764	36
5765	35
5766	29
5767	11
5768	31
5769	38
5770	46
5771	41
5772	35
5773	28
5774	25
5775	7
5776	23
5777	63
5778	25
5779	26
5780	42
5781	16
5782	17
5783	26
5784	19
5785	34
5786	33
5787	16
5788	47
5789	37
5790	29
5791	37
5792	53
5793	14
5794	40
5795	42
5796	28
5797	26
5798	20
5799	30
5800	31
5801	30
5802	23
5803	33
5804	36
5805	18
5806	39
5807	11
5808	23
5809	35
5810	36
5811	44
5812	40
5813	32
5814	21
5815	28
5816	37
5817	34
5818	28
5819	33
5820	34
5821	27
5822	38
5823	47
5824	26
5825	31
5826	38
5827	37
5828	33
5829	19
5830	15
5831	37
5832	26
5833	27
5834	21
5835	37
5836	36
5837	25
5838	23
5839	20
5840	29
5841	15
5842	32
5843	28
5844	17
5845	9
5846	28
5847	14
5848	20
5849	18
5850	16
5851	20
5852	34
5853	41
5854	25
5855	29
5856	50
5857	34
5858	40
5859	27
5860	21
5861	35
5862	40
5863	31
5864	31
5865	41
5866	38
5867	22
5868	6
5869	19
5870	51
5871	42
5872	47
5873	27
5874	48
5875	35
5876	24
5877	32
5878	34
5879	28
5880	38
5881	45
5882	27
5883	45
5884	43
5885	33
5886	35
5887	42
5888	39
5889	52
5890	31
5891	42
5892	40
5893	33
5894	43
5895	19
5896	28
5897	23
5898	32
5899	32
5900	32
5901	46
5902	45
5903	30
5904	45
5905	26
5906	29
5907	52
5908	33
5909	23
5910	42
5911	40
5912	29
5913	18
5914	41
5915	46
5916	24
5917	34
5918	47
5919	34
5920	24
5921	45
5922	41
5923	35
5924	18
5925	26
5926	46
5927	22
5928	25
5929	19
5930	44
5931	44
5932	32
5933	31
5934	18
5935	34
5936	20
5937	38
5938	23
5939	40
5940	18
5941	20
5942	27
5943	17
5944	19
5945	34
5946	26
5947	16
5948	46
5949	27
5950	32
5951	21
5952	37
5953	29
5954	19
5955	29
5956	36
5957	33
5958	33
5959	21
5960	11
5961	19
5962	20
5963	25
5964	23
5965	20
5966	28
5967	23
5968	43
5969	27
5970	33
5971	31
5972	36
5973	41
5974	58
5975	21
5976	39
5977	38
5978	41
5979	45
5980	22
5981	27
5982	32
5983	29
5984	34
5985	28
5986	46
5987	30
5988	34
5989	43
5990	26
5991	33
5992	28
5993	34
5994	42
5995	42
5996	37
5997	35
5998	31
5999	29
6000	27
6001	20
6002	9
6003	28
6004	23
6005	19
6006	26
6007	30
6008	28
6009	25
6010	17
6011	22
6012	27
6013	22
6014	20
6015	34
6016	25
6017	20
6018	3
6019	19
6020	8
6021	26
6022	39
6023	33
6024	34
6025	38
6026	25
6027	22
6028	45
6029	17
6030	20
6031	26
6032	30
6033	38
6034	33
6035	34
6036	11
6037	17
6038	37
6039	31
6040	34
6041	26
6042	34
6043	51
6044	31
6045	10
6046	24
6047	12
6048	22
6049	23
6050	32
6051	19
6052	15
6053	14
6054	36
6055	31
6056	18
6057	32
6058	12
6059	41
6060	50
6061	32
6062	25
6063	31
6064	22
6065	22
6066	31
6067	22
6068	21
6069	36
6070	16
6071	22
6072	36
6073	25
6074	40
6075	38
6076	30
6077	81
6078	32
6079	41
6080	32
6081	21
6082	20
6083	33
6084	24
6085	13
6086	16
6087	14
6088	23
6089	48
6090	23
6091	27
6092	40
6093	37
6094	34
6095	38
6096	24
6097	34
6098	21
6099	31
6100	30
6101	14
6102	25
6103	32
6104	23
6105	19
6106	22
6107	41
6108	43
6109	42
6110	32
6111	35
6112	16
6113	26
6114	8
6115	17
6116	18
6117	19
6118	18
6119	26
6120	34
6121	25
6122	33
6123	36
6124	25
6125	16
6126	35
6127	29
6128	21
6129	22
6130	39
6131	18
6132	24
6133	51
6134	36
6135	32
6136	47
6137	20
6138	26
6139	49
6140	29
6141	37
6142	47
6143	45
6144	34
6145	22
6146	33
6147	19
6148	44
6149	35
6150	37
6151	36
6152	34
6153	32
6154	25
6155	24
6156	37
6157	20
6158	22
6159	34
6160	20
6161	32
6162	19
6163	17
6164	14
6165	15
6166	24
6167	32
6168	35
6169	22
6170	29
6171	30
6172	23
6173	25
6174	26
6175	19
6176	29
6177	23
6178	23
6179	31
6180	28
6181	33
6182	24
6183	22
6184	33
6185	24
6186	29
6187	46
6188	22
6189	25
6190	18
6191	26
6192	32
6193	17
6194	22
6195	25
6196	31
6197	22
6198	32
6199	29
6200	40
6201	32
6202	23
6203	28
6204	20
6205	23
6206	22
6207	28
6208	25
6209	32
6210	40
6211	42
6212	26
6213	36
6214	29
6215	16
6216	33
6217	25
6218	36
6219	40
6220	28
6221	28
6222	19
6223	14
6224	15
6225	9
6226	25
6227	14
6228	24
6229	20
6230	15
6231	27
6232	25
6233	33
6234	27
6235	20
6236	43
6237	20
6238	24
6239	27
6240	32
6241	30
6242	20
6243	30
6244	36
6245	44
6246	22
6247	15
6248	33
6249	28
6250	24
6251	19
6252	40
6253	38
6254	36
6255	39
6256	26
6257	33
6258	29
6259	49
6260	11
6261	23
6262	17
6263	34
6264	27
6265	36
6266	37
6267	28
6268	30
6269	41
6270	41
6271	29
6272	56
6273	28
6274	45
6275	47
6276	29
6277	29
6278	21
6279	21
6280	35
6281	44
6282	26
6283	46
6284	33
6285	30
6286	31
6287	32
6288	30
6289	45
6290	44
6291	37
6292	28
6293	32
6294	60
6295	27
6296	26
6297	12
6298	15
6299	25
6300	27
6301	38
6302	27
6303	26
6304	16
6305	21
6306	24
6307	25
6308	38
6309	22
6310	24
6311	27
6312	37
6313	41
6314	33
6315	37
6316	28
6317	30
6318	33
6319	33
6320	18
6321	28
6322	19
6323	29
6324	35
6325	26
6326	27
6327	22
6328	12
6329	33
6330	14
6331	27
6332	57
6333	34
6334	25
6335	34
6336	21
6337	23
6338	16
6339	18
6340	13
6341	21
6342	39
6343	18
6344	37
6345	25
6346	20
6347	21
6348	42
6349	27
6350	32
6351	35
6352	34
6353	42
6354	47
6355	29
6356	18
6357	54
6358	27
6359	32
6360	28
6361	33
6362	13
6363	34
6364	24
6365	25
6366	19
6367	18
6368	22
6369	26
6370	32
6371	22
6372	15
6373	24
6374	7
6375	14
6376	18
6377	11
6378	36
6379	30
6380	33
6381	21
6382	27
6383	15
6384	23
6385	26
6386	29
6387	8
6388	38
6389	28
6390	39
6391	34
6392	29
6393	22
6394	25
6395	21
6396	38
6397	34
6398	20
6399	24
6400	21
6401	30
6402	24
6403	30
6404	18
6405	19
6406	8
6407	11
6408	8
6409	11
6410	26
6411	52
6412	30
6413	34
6414	35
6415	39
6416	13
6417	10
6418	10
6419	17
6420	22
6421	24
6422	33
6423	22
6424	22
6425	42
6426	20
6427	44
6428	20
6429	18
6430	24
6431	41
6432	35
6433	30
6434	43
6435	18
6436	25
6437	25
6438	22
6439	13
6440	12
6441	16
6442	21
6443	17
6444	28
6445	32
6446	12
6447	9
6448	21
6449	29
6450	13
6451	16
6452	38
6453	30
6454	41
6455	49
6456	17
6457	25
6458	16
6459	10
6460	9
6461	15
6462	22
6463	49
6464	27
6465	30
6466	26
6467	34
6468	35
6469	27
6470	28
6471	27
6472	28
6473	35
6474	36
6475	37
6476	11
6477	12
6478	17
6479	19
6480	23
6481	27
6482	31
6483	33
6484	20
6485	23
6486	35
6487	19
6488	7
6489	20
6490	15
6491	25
6492	18
6493	48
6494	18
6495	21
6496	16
6497	8
6498	13
6499	25
6500	34
6501	18
6502	34
6503	23
6504	22
6505	20
6506	14
6507	24
6508	14
6509	13
6510	27
6511	33
6512	36
6513	30
6514	20
6515	35
6516	32
6517	13
6518	6
6519	12
6520	19
6521	19
6522	30
6523	17
6524	26
6525	41
6526	24
6527	25
6528	35
6529	24
6530	38
6531	27
6532	29
6533	20
6534	40
6535	29
6536	23
6537	36
6538	19
6539	18
6540	13
6541	15
6542	25
6543	34
6544	40
6545	27
6546	30
6547	14
6548	19
6549	9
6550	17
6551	29
6552	27
6553	17
6554	18
6555	21
6556	42
6557	17
6558	13
6559	11
6560	22
6561	26
6562	19
6563	25
6564	9
6565	16
6566	13
6567	9
6568	30
6569	24
6570	17
6571	46
6572	31
6573	34
6574	27
6575	15
6576	26
6577	30
6578	24
6579	19
6580	18
6581	17
6582	17
6583	16
6584	7
6585	12
6586	18
6587	11
6588	20
6589	31
6590	21
6591	38
6592	18
6593	20
6594	15
6595	19
6596	29
6597	18
6598	19
6599	8
6600	17
6601	20
6602	22
6603	13
6604	12
6605	32
6606	10
6607	22
6608	24
6609	32
6610	38
6611	35
6612	31
6613	26
6614	23
6615	29
6616	24
6617	20
6618	30
6619	19
6620	16
6621	16
6622	23
6623	30
6624	27
6625	18
6626	37
6627	45
6628	23
6629	38
6630	19
6631	20
6632	19
6633	9
6634	15
6635	13
6636	16
6637	14
6638	17
6639	22
6640	27
6641	43
6642	53
6643	24
6644	20
6645	21
6646	38
6647	18
6648	25
6649	22
6650	32
6651	17
6652	18
6653	11
6654	24
6655	16
6656	17
6657	11
6658	10
6659	27
6660	12
6661	1
6662	7
6663	22
6664	20
6665	10
6666	38
6667	41
6668	34
6669	29
6670	26
6671	23
6672	27
6673	21
6674	18
6675	14
6676	23
6677	23
6678	26
6679	29
6680	25
6681	23
6682	18
6683	13
6684	18
6685	12
6686	28
6687	12
6688	25
6689	20
6690	12
6691	16
6692	9
6693	8
6694	18
6695	21
6696	19
6697	40
6698	21
6699	16
6700	12
6701	12
6702	20
6703	24
6704	26
6705	12
6706	20
6707	25
6708	28
6709	23
6710	17
6711	6
6712	14
6713	10
6714	24
6715	30
6716	12
6717	30
6718	23
6719	18
6720	13
6721	18
6722	16
6723	24
6724	9
6725	12
6726	16
6727	29
6728	32
6729	26
6730	17
6731	24
6732	25
6733	22
6734	13
6735	23
6736	37
6737	38
6738	20
6739	22
6740	25
6741	28
6742	14
6743	14
6744	11
6745	7
6746	14
6747	16
6748	19
6749	23
6750	27
6751	18
6752	29
6753	32
6754	41
6755	40
6756	33
6757	38
6758	12
6759	49
6760	24
6761	36
6762	20
6763	12
6764	12
6765	16
6766	12
6767	29
6768	25
6769	18
6770	23
6771	23
6772	32
6773	10
6774	15
6775	16
6776	19
6777	17
6778	21
6779	12
6780	20
6781	24
6782	27
6783	20
6784	25
6785	26
6786	21
6787	14
6788	15
6789	19
6790	8
6791	4
6792	23
6793	25
6794	23
6795	13
6796	23
6797	23
6798	24
6799	21
6800	14
6801	21
6802	22
6803	15
6804	22
6805	19
6806	30
6807	14
6808	28
6809	33
6810	16
6811	21
6812	8
6813	35
6814	22
6815	28
6816	17
6817	7
6818	24
6819	14
6820	28
6821	10
6822	11
6823	14
6824	18
6825	27
6826	20
6827	27
6828	29
6829	12
6830	7
6831	22
6832	21
6833	31
6834	13
6835	22
6836	19
6837	21
6838	17
6839	33
6840	30
6841	25
6842	35
6843	15
6844	29
6845	28
6846	25
6847	23
6848	26
6849	25
6850	26
6851	19
6852	17
6853	16
6854	16
6855	14
6856	17
6857	21
6858	16
6859	27
6860	28
6861	10
6862	16
6863	9
6864	25
6865	23
6866	15
6867	20
6868	16
6869	17
6870	16
6871	17
6872	9
6873	19
6874	26
6875	41
6876	41
6877	32
6878	31
6879	43
6880	8
6881	10
6882	36
6883	41
6884	44
6885	34
6886	56
6887	42
6888	50
6889	40
6890	27
6891	50
6892	42
6893	26
6894	31
6895	27
6896	19
6897	21
6898	19
6899	36
6900	38
6901	34
6902	34
6903	41
6904	12
6905	28
6906	15
6907	11
6908	21
6909	30
6910	22
6911	12
6912	30
6913	25
6914	15
6915	25
6916	45
6917	21
6918	27
6919	26
6920	27
6921	20
6922	18
6923	28
6924	32
6925	25
6926	28
6927	20
6928	21
6929	24
6930	18
6931	26
6932	29
6933	24
6934	31
6935	20
6936	26
6937	18
6938	17
6939	26
6940	26
6941	16
6942	16
6943	8
6944	16
6945	17
6946	9
6947	26
6948	17
6949	14
6950	31
6951	28
6952	25
6953	5
6954	15
6955	12
6956	14
6957	15
6958	24
6959	5
6960	15
6961	14
6962	12
6963	6
6964	18
6965	21
6966	23
6967	22
6968	14
6969	6
6970	10
6971	22
6972	24
6973	11
6974	14
6975	27
6976	23
6977	25
6978	14
6979	24
6980	26
6981	27
6982	18
6983	27
6984	26
6985	11
6986	20
6987	27
6988	32
6989	11
6990	23
6991	33
6992	21
6993	32
6994	30
6995	14
6996	21
6997	21
6998	18
6999	39
7000	14
7001	15
7002	22
7003	5
7004	28
7005	28
7006	36
7007	30
7008	30
7009	29
7010	18
7011	32
7012	17
7013	13
7014	23
7015	21
7016	30
7017	16
7018	10
7019	38
7020	13
7021	21
7022	30
7023	34
7024	29
7025	30
7026	27
7027	21
7028	25
7029	14
7030	14
7031	31
7032	6
7033	4
7034	11
7035	19
7036	22
7037	12
7038	11
7039	16
7040	33
7041	23
7042	28
7043	25
7044	25
7045	24
7046	19
7047	25
7048	37
7049	14
7050	46
7051	54
7052	18
7053	32
7054	25
7055	27
7056	34
7057	21
7058	33
7059	30
7060	26
7061	36
7062	15
7063	18
7064	7
7065	16
7066	10
7067	37
7068	12
7069	21
7070	38
7071	20
7072	53
7073	27
7074	39
7075	16
7076	17
7077	29
7078	31
7079	27
7080	18
7081	25
7082	25
7083	36
7084	11
7085	23
7086	23
7087	21
7088	28
7089	52
7090	32
7091	34
7092	21
7093	26
7094	20
7095	13
7096	23
7097	23
7098	17
7099	25
7100	15
7101	13
7102	17
7103	23
7104	4
7105	3
7106	4
7107	26
7108	31
7109	19
7110	35
7111	22
7112	9
7113	25
7114	17
7115	15
7116	23
7117	35
7118	40
7119	40
7120	13
7121	23
7122	27
7123	35
7124	23
7125	24
7126	21
7127	19
7128	14
7129	24
7130	22
7131	36
7132	27
7133	34
7134	45
7135	26
7136	19
7137	26
7138	35
7139	32
7140	36
7141	21
7142	30
7143	35
7144	26
7145	29
7146	10
7147	10
7148	18
7149	19
7150	15
7151	10
7152	12
7153	23
7154	33
7155	21
7156	16
7157	21
7158	13
7159	23
7160	21
7161	26
7162	23
7163	26
7164	24
7165	21
7166	24
7167	24
7168	32
7169	25
7170	23
7171	34
7172	17
7173	12
7174	11
7175	4
7176	4
7177	28
7178	13
7179	15
7180	11
7181	15
7182	11
7183	8
7184	5
7185	9
7186	29
7187	21
7188	29
7189	24
7190	17
7191	13
7192	22
7193	14
7194	12
7195	24
7196	25
7197	40
7198	13
7199	19
7200	12
7201	21
7202	32
7203	25
7204	25
7205	31
7206	16
7207	13
7208	19
7209	16
7210	12
7211	13
7212	16
7213	31
7214	24
7215	26
7216	31
7217	16
7218	11
7219	10
7220	12
7221	24
7222	14
7223	12
7224	22
7225	22
7226	18
7227	60
7228	32
7229	31
7230	42
7231	31
7232	28
7233	14
7234	16
7235	8
7236	19
7237	20
7238	21
7239	31
7240	23
7241	31
7242	20
7243	40
7244	31
7245	19
7246	30
7247	8
7248	8
7249	27
7250	27
7251	28
7252	18
7253	31
7254	13
7255	27
7256	9
7257	23
7258	23
7259	18
7260	22
7261	17
7262	17
7263	25
7264	10
7265	22
7266	24
7267	31
7268	32
7269	32
7270	25
7271	15
7272	23
7273	27
7274	35
7275	39
7276	29
7277	41
7278	24
7279	38
7280	27
7281	24
7282	18
7283	28
7284	18
7285	21
7286	21
7287	31
7288	31
7289	21
7290	32
7291	30
7292	8
7293	8
7294	22
7295	22
7296	30
7297	25
7298	16
7299	22
7300	29
7301	12
7302	33
7303	37
7304	31
7305	27
7306	41
7307	25
7308	25
7309	13
7310	22
7311	25
7312	23
7313	17
7314	40
7315	34
7316	20
7317	21
7318	19
7319	47
7320	42
7321	25
7322	19
7323	12
7324	9
7325	15
7326	31
7327	32
7328	38
7329	22
7330	23
7331	16
7332	29
7333	23
7334	34
7335	35
7336	19
7337	33
7338	15
7339	6
7340	18
7341	14
7342	17
7343	15
7344	19
7345	17
7346	21
7347	30
7348	17
7349	14
7350	18
7351	25
7352	24
7353	36
7354	18
7355	19
7356	28
7357	15
7358	34
7359	20
7360	16
7361	19
7362	8
7363	18
7364	8
7365	22
7366	19
7367	33
7368	36
7369	18
7370	18
7371	12
7372	26
7373	26
7374	29
7375	22
7376	26
7377	12
7378	14
7379	9
7380	16
7381	26
7382	8
7383	13
7384	22
7385	26
7386	16
7387	29
7388	20
7389	14
7390	11
7391	6
7392	11
7393	13
7394	15
7395	13
7396	16
7397	27
7398	23
7399	28
7400	25
7401	40
7402	18
7403	21
7404	23
7405	15
7406	15
7407	23
7408	16
7409	20
7410	14
7411	14
7412	9
7413	5
7414	9
7415	7
7416	2
7417	15
7418	12
7419	21
7420	7
7421	9
7422	31
7423	13
7424	13
7425	29
7426	26
7427	28
7428	21
7429	39
7430	29
7431	15
7432	21
7433	21
7434	19
7435	17
7436	16
7437	23
7438	14
7439	10
7440	20
7441	47
7442	30
7443	19
7444	25
7445	7
7446	19
7447	10
7448	20
7449	25
7450	27
7451	23
7452	7
7453	9
7454	18
7455	19
7456	23
7457	18
7458	15
7459	32
7460	32
7461	20
7462	21
7463	14
7464	18
7465	15
7466	29
7467	10
7468	10
7469	10
7470	12
7471	16
7472	11
7473	14
7474	14
7475	13
7476	19
7477	17
7478	16
7479	13
7480	13
7481	25
7482	12
7483	12
7484	17
7485	9
7486	16
7487	11
7488	12
7489	21
7490	15
7491	19
7492	16
7493	38
7494	16
7495	36
7496	27
7497	22
7498	15
7499	28
7500	19
7501	35
7502	21
7503	29
7504	32
7505	24
7506	34
7507	31
7508	16
7509	29
7510	25
7511	24
7512	4
7513	8
7514	5
7515	11
7516	29
7517	17
7518	10
7519	21
7520	22
7521	22
7522	2
7523	30
7524	18
7525	28
7526	18
7527	19
7528	12
7529	5
7530	15
7531	3
7532	18
7533	17
7534	26
7535	27
7536	14
7537	19
7538	23
7539	29
7540	22
7541	26
7542	20
7543	27
7544	17
7545	15
7546	16
7547	14
7548	17
7549	12
7550	13
7551	18
7552	14
7553	49
7554	30
7555	15
7556	20
7557	9
7558	11
7559	33
7560	30
7561	17
7562	18
7563	22
7564	26
7565	26
7566	21
7567	15
7568	16
7569	8
7570	8
7571	17
7572	7
7573	28
7574	12
7575	10
7576	1
7577	9
7578	11
7579	18
7580	35
7581	17
7582	16
7583	26
7584	23
7585	38
7586	36
7587	24
7588	21
7589	27
7590	25
7591	18
7592	19
7593	15
7594	6
7595	6
7596	16
7597	20
7598	14
7599	7
7600	11
7601	14
7602	16
7603	21
7604	15
7605	12
7606	15
7607	18
7608	8
7609	18
7610	17
7611	4
7612	12
7613	20
7614	18
7615	14
7616	11
7617	18
7618	21
7619	29
7620	29
7621	26
7622	11
7623	19
7624	24
7625	15
7626	10
7627	11
7628	12
7629	8
7630	18
7631	8
7632	11
7633	16
7634	17
7635	10
7636	21
7637	30
7638	25
7639	32
7640	31
7641	20
7642	17
7643	26
7644	22
7645	18
7646	6
7647	18
7648	14
7649	19
7650	10
7651	29
7652	12
7653	20
7654	15
7655	15
7656	26
7657	10
7658	6
7659	24
7660	23
7661	24
7662	33
7663	31
7664	15
7665	18
7666	8
7667	15
7668	30
7669	6
7670	14
7671	21
7672	31
7673	20
7674	34
7675	30
7676	17
7677	14
7678	22
7679	19
7680	13
7681	26
7682	31
7683	12
7684	32
7685	22
7686	15
7687	22
7688	16
7689	15
7690	18
7691	25
7692	24
7693	16
7694	14
7695	11
7696	23
7697	29
7698	26
7699	21
7700	17
7701	11
7702	25
7703	25
7704	13
7705	22
7706	27
7707	26
7708	19
7709	15
7710	21
7711	16
7712	23
7713	34
7714	20
7715	19
7716	17
7717	28
7718	11
7719	6
7720	12
7721	15
7722	23
7723	12
7724	33
7725	22
7726	15
7727	14
7728	29
7729	14
7730	14
7731	18
7732	9
7733	18
7734	29
7735	26
7736	8
7737	19
7738	3
7739	11
7740	15
7741	22
7742	18
7743	8
7744	18
7745	3
7746	10
7747	10
7748	12
7749	10
7750	20
7751	18
7752	17
7753	17
7754	17
7755	12
7756	15
7757	4
7758	8
7759	23
7760	23
7761	16
7762	20
7763	7
7764	17
7765	16
7766	11
7767	16
7768	13
7769	21
7770	9
7771	30
7772	32
7773	19
7774	20
7775	23
7776	22
7777	27
7778	17
7779	21
7780	14
7781	40
7782	25
7783	28
7784	15
7785	10
7786	11
7787	26
7788	9
7789	20
7790	19
7791	12
7792	18
7793	28
7794	35
7795	28
7796	20
7797	10
7798	15
7799	14
7800	11
7801	18
7802	16
7803	35
7804	39
7805	25
7806	19
7807	19
7808	15
7809	22
7810	9
7811	6
7812	10
7813	19
7814	24
7815	13
7816	11
7817	10
7818	14
7819	25
7820	29
7821	19
7822	28
7823	16
7824	21
7825	25
7826	17
7827	23
7828	20
7829	14
7830	18
7831	30
7832	17
7833	22
7834	16
7835	20
7836	19
7837	25
7838	29
7839	20
7840	29
7841	17
7842	17
7843	11
7844	26
7845	19
7846	17
7847	12
7848	20
7849	11
7850	19
7851	10
7852	21
7853	22
7854	14
7855	15
7856	20
7857	25
7858	24
7859	26
7860	15
7861	13
7862	27
7863	29
7864	27
7865	36
7866	37
7867	44
7868	18
7869	37
7870	21
7871	18
7872	25
7873	25
7874	19
7875	20
7876	16
7877	13
7878	12
7879	9
7880	16
7881	31
7882	44
7883	57
7884	85
7885	67
7886	25
7887	21
7888	49
7889	27
7890	26
7891	16
7892	12
7893	38
7894	10
7895	16
7896	18
7897	4
7898	26
7899	16
7900	33
7901	8
7902	26
7903	20
7904	16
7905	23
7906	18
7907	20
7908	8
7909	20
7910	11
7911	10
7912	21
7913	22
7914	16
7915	29
7916	19
7917	20
7918	28
7919	21
7920	10
7921	6
7922	12
7923	24
7924	18
7925	15
7926	28
7927	43
7928	14
7929	14
7930	18
7931	10
7932	19
7933	17
7934	35
7935	23
7936	13
7937	23
7938	24
7939	32
7940	28
7941	37
7942	40
7943	30
7944	9
7945	20
7946	18
7947	17
7948	25
7949	48
7950	17
7951	17
7952	14
7953	30
7954	27
7955	31
7956	24
7957	28
7958	26
7959	30
7960	16
7961	17
7962	15
7963	20
7964	24
7965	25
7966	16
7967	20
7968	38
7969	19
7970	26
7971	21
7972	19
7973	19
7974	16
7975	10
7976	22
7977	31
7978	23
7979	24
7980	16
7981	17
7982	17
7983	9
7984	19
7985	24
7986	6
7987	12
7988	23
7989	29
7990	11
7991	8
7992	24
7993	8
7994	15
7995	22
7996	10
7997	18
7998	17
7999	16
8000	286782
