0	0
1	0
2	0
3	0
4	0
5	0
6	0
7	0
8	0
9	0
10	0
11	0
12	0
13	0
14	1
15	1
16	2
17	1
18	2
19	1
20	0
21	2
22	1
23	2
24	2
25	3
26	5
27	2
28	2
29	6
30	7
31	8
32	5
33	13
34	10
35	15
36	11
37	7
38	17
39	14
40	13
41	11
42	21
43	16
44	20
45	10
46	17
47	14
48	21
49	16
50	15
51	16
52	22
53	18
54	20
55	27
56	29
57	31
58	21
59	27
60	31
61	30
62	36
63	32
64	24
65	26
66	36
67	35
68	42
69	41
70	48
71	42
72	35
73	53
74	49
75	58
76	51
77	64
78	64
79	72
80	80
81	60
82	79
83	106
84	90
85	98
86	85
87	91
88	106
89	123
90	114
91	107
92	128
93	128
94	130
95	155
96	187
97	169
98	185
99	172
100	204
101	195
102	217
103	213
104	199
105	212
106	243
107	242
108	237
109	292
110	275
111	257
112	288
113	307
114	294
115	345
116	344
117	334
118	359
119	355
120	358
121	354
122	407
123	378
124	415
125	397
126	436
127	445
128	399
129	485
130	464
131	500
132	443
133	531
134	485
135	499
136	548
137	558
138	538
139	571
140	558
141	583
142	624
143	621
144	643
145	534
146	526
147	563
148	618
149	633
150	629
151	562
152	631
153	622
154	609
155	653
156	642
157	686
158	661
159	736
160	710
161	725
162	705
163	742
164	757
165	756
166	750
167	812
168	802
169	775
170	804
171	779
172	822
173	792
174	766
175	871
176	811
177	881
178	969
179	869
180	896
181	877
182	801
183	726
184	824
185	768
186	805
187	834
188	878
189	794
190	847
191	817
192	884
193	833
194	826
195	870
196	856
197	876
198	872
199	810
200	837
201	838
202	743
203	756
204	793
205	772
206	814
207	751
208	740
209	726
210	752
211	799
212	750
213	764
214	740
215	756
216	678
217	719
218	778
219	685
220	715
221	717
222	665
223	604
224	759
225	680
226	662
227	612
228	636
229	603
230	642
231	677
232	705
233	640
234	621
235	642
236	601
237	688
238	677
239	619
240	655
241	600
242	599
243	626
244	574
245	611
246	647
247	623
248	618
249	632
250	619
251	640
252	651
253	839
254	640
255	638
256	636
257	638
258	624
259	646
260	683
261	680
262	689
263	693
264	689
265	674
266	688
267	668
268	648
269	615
270	523
271	591
272	628
273	607
274	576
275	633
276	575
277	559
278	619
279	601
280	627
281	643
282	615
283	588
284	692
285	593
286	604
287	617
288	636
289	575
290	663
291	576
292	591
293	680
294	621
295	651
296	619
297	590
298	583
299	608
300	599
301	554
302	566
303	547
304	565
305	563
306	552
307	526
308	631
309	530
310	567
311	610
312	562
313	652
314	616
315	542
316	560
317	513
318	503
319	536
320	542
321	532
322	501
323	593
324	582
325	518
326	556
327	609
328	515
329	476
330	477
331	493
332	461
333	472
334	468
335	447
336	423
337	475
338	469
339	453
340	465
341	484
342	502
343	478
344	395
345	461
346	417
347	494
348	442
349	459
350	432
351	461
352	446
353	514
354	424
355	442
356	387
357	484
358	459
359	449
360	389
361	423
362	414
363	465
364	453
365	405
366	396
367	419
368	435
369	439
370	432
371	393
372	403
373	372
374	383
375	380
376	408
377	411
378	421
379	339
380	371
381	369
382	373
383	342
384	375
385	378
386	353
387	392
388	358
389	380
390	383
391	371
392	354
393	376
394	451
395	336
396	399
397	388
398	406
399	365
400	369
401	391
402	387
403	382
404	354
405	293
406	339
407	377
408	393
409	381
410	327
411	331
412	346
413	330
414	357
415	300
416	339
417	343
418	343
419	330
420	299
421	333
422	348
423	299
424	266
425	275
426	288
427	294
428	244
429	287
430	273
431	261
432	252
433	271
434	239
435	262
436	229
437	241
438	274
439	235
440	236
441	233
442	263
443	254
444	255
445	251
446	237
447	267
448	256
449	242
450	231
451	277
452	209
453	227
454	232
455	217
456	212
457	212
458	206
459	187
460	189
461	181
462	228
463	198
464	188
465	165
466	175
467	169
468	158
469	211
470	174
471	210
472	182
473	161
474	143
475	131
476	163
477	150
478	155
479	180
480	156
481	143
482	133
483	162
484	139
485	145
486	177
487	183
488	187
489	152
490	132
491	128
492	159
493	137
494	171
495	153
496	129
497	156
498	165
499	135
500	118
501	129
502	138
503	142
504	149
505	126
506	116
507	148
508	150
509	158
510	128
511	116
512	126
513	125
514	112
515	101
516	124
517	131
518	128
519	109
520	140
521	113
522	108
523	115
524	129
525	117
526	115
527	95
528	91
529	114
530	140
531	105
532	133
533	112
534	118
535	90
536	97
537	102
538	82
539	80
540	128
541	116
542	99
543	89
544	97
545	94
546	81
547	96
548	114
549	104
550	91
551	98
552	84
553	81
554	85
555	91
556	79
557	70
558	71
559	66
560	77
