0	0
1	0
2	0
3	0
4	0
5	0
6	0
7	0
8	0
9	0
10	0
11	0
12	0
13	0
14	1
15	1
16	2
17	1
18	2
19	1
20	0
21	2
22	1
23	2
24	2
25	3
26	5
27	2
28	2
29	6
30	7
31	8
32	5
33	13
34	10
35	15
36	13
37	7
38	17
39	14
40	13
41	11
42	23
43	16
44	43
45	12
46	18
47	14
48	22
49	20
50	17
51	19
52	30
53	19
54	23
55	32
56	34
57	37
58	30
59	29
60	31
61	30
62	38
63	32
64	25
65	27
66	38
67	36
68	46
69	41
70	48
71	45
72	36
73	55
74	52
75	61
76	52
77	66
78	65
79	72
80	82
81	65
82	84
83	117
84	103
85	104
86	87
87	99
88	108
89	133
90	120
91	114
92	131
93	137
94	141
95	165
96	198
97	178
98	210
99	195
100	224
101	209
102	245
103	237
104	217
105	236
106	276
107	269
108	261
109	324
110	296
111	282
112	334
113	351
114	334
115	391
116	378
117	375
118	406
119	407
120	391
121	410
122	469
123	459
124	476
125	452
126	506
127	557
128	507
129	567
130	560
131	613
132	542
133	616
134	591
135	589
136	681
137	740
138	674
139	726
140	729
141	743
142	772
143	825
144	858
145	711
146	717
147	784
148	869
149	931
150	894
151	824
152	921
153	895
154	887
155	945
156	974
157	1067
158	958
159	1092
160	1034
161	1089
162	989
163	1109
164	1126
165	1103
166	1099
167	1194
168	1197
169	1223
170	1237
171	1221
172	1268
173	1308
174	1320
175	1427
176	1329
177	1421
178	1578
179	1298
180	1377
181	1346
182	1232
183	1119
184	1291
185	1259
186	1307
187	1366
188	1381
189	1249
190	1375
191	1311
192	1471
193	1348
194	1346
195	1482
196	1357
197	1359
198	1379
199	1346
200	1290
201	1330
202	1227
203	1180
204	1218
205	1152
206	1246
207	1160
208	1123
209	1127
210	1106
211	1213
212	1239
213	1218
214	1155
215	1224
216	1069
217	1158
218	1176
219	1052
220	1055
221	1066
222	954
223	867
224	1123
225	1024
226	1018
227	948
228	929
229	904
230	954
231	1012
232	1030
233	993
234	949
235	979
236	915
237	1073
238	1039
239	976
240	952
241	911
242	906
243	995
244	888
245	891
246	977
247	983
248	946
249	1031
250	948
251	953
252	1028
253	1387
254	1011
255	966
256	1013
257	955
258	971
259	961
260	1038
261	1122
262	1083
263	1059
264	1000
265	971
266	1020
267	998
268	931
269	937
270	758
271	854
272	922
273	853
274	800
275	907
276	832
277	775
278	928
279	828
280	874
281	922
282	869
283	856
284	967
285	846
286	841
287	891
288	932
289	823
290	992
291	809
292	880
293	1031
294	866
295	951
296	879
297	837
298	783
299	869
300	916
301	823
302	811
303	774
304	795
305	802
306	753
307	731
308	855
309	780
310	773
311	830
312	754
313	888
314	820
315	740
316	761
317	692
318	675
319	713
320	733
321	673
322	656
323	829
324	831
325	715
326	781
327	846
328	715
329	635
330	637
331	676
332	606
333	616
334	654
335	609
336	581
337	613
338	599
339	626
340	616
341	653
342	685
343	611
344	519
345	607
346	562
347	671
348	608
349	628
350	597
351	614
352	586
353	635
354	578
355	550
356	487
357	621
358	591
359	574
360	479
361	541
362	523
363	590
364	589
365	509
366	509
367	545
368	556
369	542
370	572
371	511
372	498
373	482
374	484
375	478
376	500
377	510
378	519
379	415
380	462
381	470
382	484
383	427
384	494
385	471
386	464
387	527
388	443
389	457
390	495
391	470
392	450
393	507
394	561
395	406
396	489
397	502
398	480
399	459
400	460
401	471
402	474
403	483
404	426
405	353
406	428
407	447
408	510
409	484
410	391
411	408
412	401
413	401
414	436
415	363
416	409
417	413
418	428
419	370
420	375
421	397
422	420
423	353
424	328
425	351
426	360
427	350
428	292
429	340
430	332
431	324
432	286
433	315
434	273
435	300
436	273
437	291
438	343
439	276
440	283
441	269
442	308
443	294
444	295
445	287
446	277
447	322
448	284
449	284
450	269
451	345
452	259
453	285
454	281
455	246
456	258
457	248
458	240
459	214
460	214
461	219
462	264
463	225
464	223
465	195
466	204
467	201
468	172
469	245
470	209
471	241
472	221
473	195
474	155
475	153
476	194
477	172
478	179
479	208
480	181
481	165
482	151
483	218
484	165
485	184
486	207
487	227
488	382
489	247
490	177
491	155
492	177
493	156
494	205
495	183
496	146
497	192
498	200
499	154
500	139
501	141
502	158
503	162
504	178
505	147
506	144
507	226
508	208
509	206
510	147
511	135
512	143
513	167
514	137
515	122
516	157
517	153
518	161
519	126
520	187
521	168
522	145
523	143
524	209
525	143
526	144
527	122
528	117
529	134
530	213
531	126
532	178
533	152
534	167
535	174
536	139
537	139
538	109
539	98
540	166
541	150
542	131
543	115
544	153
545	124
546	101
547	116
548	137
549	133
550	108
551	129
552	97
553	96
554	107
555	108
556	102
557	81
558	85
559	103
560	114
