0	0
1	0
2	0
3	0
4	0
5	0
6	0
7	0
8	0
9	0
10	0
11	0
12	1
13	0
14	0
15	1
16	0
17	0
18	1
19	0
20	0
21	2
22	1
23	0
24	2
25	1
26	3
27	6
28	1
29	0
30	3
31	3
32	8
33	3
34	8
35	8
36	7
37	7
38	11
39	10
40	14
41	11
42	16
43	9
44	14
45	7
46	13
47	10
48	17
49	18
50	13
51	22
52	11
53	18
54	16
55	14
56	22
57	30
58	24
59	21
60	11
61	30
62	34
63	15
64	13
65	20
66	14
67	26
68	22
69	19
70	22
71	51
72	31
73	24
74	56
75	33
76	41
77	25
78	31
79	35
80	36
81	39
82	42
83	51
84	50
85	84
86	72
87	57
88	47
89	59
90	85
91	69
92	84
93	81
94	78
95	85
96	87
97	110
98	119
99	92
100	92
101	82
102	141
103	135
104	112
105	99
106	183
107	144
108	92
109	173
110	172
111	166
112	192
113	235
114	187
115	242
116	239
117	161
118	211
119	221
120	185
121	258
122	237
123	170
124	234
125	244
126	228
127	272
128	224
129	183
130	238
131	204
132	181
133	282
134	275
135	316
136	256
137	314
138	297
139	405
140	319
141	471
142	378
143	493
144	440
145	290
146	320
147	246
148	317
149	430
150	295
151	605
152	346
153	243
154	351
155	406
156	325
157	518
158	569
159	524
160	442
161	506
162	612
163	454
164	477
165	271
166	480
167	459
168	742
169	594
170	444
171	507
172	480
173	381
174	555
175	450
176	715
177	630
178	542
179	868
180	601
181	721
182	548
183	490
184	587
185	806
186	383
187	796
188	633
189	687
190	782
191	793
192	413
193	815
194	481
195	658
196	481
197	634
198	516
199	469
200	760
201	933
202	573
203	831
204	679
205	912
206	624
207	736
208	674
209	835
210	749
211	806
212	522
213	753
214	712
215	747
216	813
217	894
218	938
219	804
220	797
221	718
222	588
223	951
224	805
225	691
226	739
227	405
228	946
229	721
230	631
231	439
232	751
233	590
234	758
235	799
236	717
237	449
238	695
239	573
240	490
241	891
242	756
243	657
244	479
245	464
246	1092
247	476
248	501
249	507
250	499
251	893
252	677
253	1157
254	938
255	601
256	1062
257	821
258	1037
259	1296
260	736
261	951
262	1003
263	1011
264	644
265	453
266	692
267	589
268	698
269	878
270	473
271	944
272	789
273	659
274	590
275	697
276	728
277	809
278	702
279	738
280	652
281	1083
282	752
283	776
284	975
285	566
286	634
287	729
288	565
289	908
290	684
291	570
292	694
293	536
294	626
295	526
296	476
297	628
298	446
299	665
300	784
301	634
302	847
303	641
304	814
305	588
306	731
307	675
308	802
309	698
310	540
311	413
312	405
313	420
314	678
315	497
316	624
317	640
318	567
319	452
320	559
321	762
322	620
323	486
324	386
325	720
326	680
327	709
328	510
329	587
330	931
331	627
332	534
333	355
334	352
335	620
336	675
337	651
338	468
339	791
340	590
341	796
342	455
343	818
344	367
345	641
346	622
347	518
348	415
349	301
350	444
351	546
352	265
353	315
354	391
355	655
356	369
357	529
358	311
359	416
360	302
361	346
362	715
363	561
364	320
365	663
366	292
367	426
368	521
369	439
370	297
371	395
372	396
373	351
374	358
375	251
376	253
377	494
378	282
379	404
380	359
381	484
382	591
383	237
384	342
385	436
386	429
387	297
388	408
389	431
390	318
391	415
392	485
393	333
394	279
395	310
396	453
397	569
398	476
399	286
400	386
401	369
402	303
403	370
404	391
405	515
406	241
407	288
408	280
409	420
410	504
411	481
412	280
413	440
414	305
415	306
416	279
417	340
418	331
419	207
420	336
421	426
422	413
423	392
424	443
425	260
426	333
427	401
428	267
429	203
430	338
431	145
432	297
433	165
434	182
435	226
436	412
437	244
438	320
439	220
440	190
441	306
442	302
443	286
444	157
445	314
446	186
447	178
448	194
449	214
450	190
451	131
452	141
453	139
454	273
455	280
456	403
457	217
458	223
459	206
460	229
461	160
462	97
463	158
464	152
465	115
466	214
467	168
468	156
469	157
470	102
471	151
472	245
473	153
474	113
475	209
476	187
477	121
478	181
479	158
480	223
481	133
482	97
483	115
484	56
485	106
486	228
487	133
488	62
489	138
490	69
491	76
492	154
493	60
494	126
495	75
496	69
497	134
498	109
499	97
500	99
501	199
502	149
503	170
504	159
505	73
506	55
507	160
508	105
509	126
510	59
511	97
512	135
513	109
514	102
515	183
516	52
517	70
518	73
519	46
520	95
521	86
522	92
523	89
524	154
525	95
526	101
527	65
528	65
529	36
530	106
531	148
532	67
533	182
534	90
535	72
536	203
537	75
538	81
539	86
540	147
541	101
542	101
543	84
544	50
545	90
546	49
547	58
548	96
549	91
550	145
551	46
552	27
553	50
554	40
555	21
556	74
557	73
558	85
559	32
560	63
561	30
562	54
563	38
564	40
565	25
