0	0
1	0
2	0
3	0
4	0
5	0
6	0
7	0
8	0
9	0
10	0
11	0
12	1
13	0
14	0
15	1
16	0
17	0
18	1
19	0
20	0
21	2
22	1
23	0
24	2
25	1
26	3
27	6
28	1
29	0
30	3
31	3
32	8
33	3
34	8
35	7
36	6
37	7
38	9
39	10
40	12
41	10
42	12
43	9
44	12
45	7
46	13
47	10
48	14
49	15
50	7
51	13
52	8
53	12
54	13
55	11
56	16
57	23
58	20
59	18
60	10
61	23
62	28
63	13
64	11
65	20
66	10
67	23
68	20
69	16
70	19
71	38
72	22
73	22
74	41
75	29
76	35
77	20
78	28
79	32
80	33
81	28
82	35
83	44
84	35
85	62
86	54
87	45
88	40
89	52
90	62
91	58
92	56
93	59
94	61
95	62
96	62
97	65
98	92
99	67
100	72
101	57
102	89
103	100
104	88
105	74
106	131
107	97
108	68
109	109
110	102
111	111
112	116
113	147
114	110
115	134
116	128
117	90
118	126
119	149
120	102
121	137
122	132
123	112
124	123
125	145
126	130
127	143
128	115
129	109
130	114
131	131
132	126
133	167
134	134
135	158
136	134
137	137
138	165
139	195
140	164
141	211
142	184
143	190
144	192
145	138
146	164
147	120
148	152
149	158
150	116
151	167
152	103
153	125
154	132
155	134
156	114
157	145
158	138
159	176
160	157
161	153
162	189
163	137
164	145
165	101
166	162
167	147
168	188
169	164
170	149
171	155
172	134
173	136
174	151
175	160
176	164
177	172
178	155
179	177
180	156
181	177
182	156
183	145
184	202
185	190
186	134
187	169
188	162
189	151
190	168
191	173
192	135
193	189
194	128
195	149
196	154
197	165
198	140
199	124
200	183
201	201
202	161
203	190
204	182
205	174
206	165
207	180
208	141
209	178
210	148
211	194
212	117
213	162
214	148
215	169
216	195
217	187
218	194
219	193
220	170
221	148
222	167
223	190
224	171
225	130
226	169
227	132
228	180
229	169
230	153
231	133
232	168
233	149
234	161
235	184
236	123
237	116
238	163
239	130
240	132
241	204
242	147
243	169
244	147
245	125
246	185
247	129
248	155
249	134
250	143
251	182
252	154
253	207
254	174
255	165
256	187
257	180
258	227
259	235
260	175
261	197
262	182
263	177
264	144
265	126
266	173
267	152
268	161
269	169
270	147
271	178
272	160
273	112
274	149
275	157
276	165
277	203
278	144
279	155
280	160
281	205
282	155
283	184
284	205
285	156
286	149
287	180
288	166
289	197
290	161
291	181
292	162
293	130
294	143
295	134
296	133
297	163
298	153
299	171
300	182
301	167
302	185
303	151
304	169
305	149
306	159
307	149
308	160
309	144
310	135
311	134
312	134
313	154
314	164
315	149
316	165
317	181
318	156
319	138
320	172
321	187
322	165
323	137
324	148
325	162
326	176
327	191
328	163
329	183
330	194
331	156
332	140
333	136
334	127
335	156
336	143
337	166
338	139
339	196
340	157
341	172
342	142
343	180
344	128
345	175
346	133
347	126
348	127
349	117
350	111
351	137
352	109
353	139
354	128
355	152
356	123
357	134
358	126
359	122
360	108
361	132
362	175
363	136
364	129
365	151
366	126
367	163
368	131
369	162
370	100
371	124
372	150
373	123
374	102
375	109
376	118
377	123
378	125
379	123
380	130
381	140
382	155
383	122
384	143
385	130
386	112
387	128
388	147
389	140
390	123
391	139
392	152
393	134
394	137
395	125
396	142
397	146
398	121
399	116
400	135
401	108
402	125
403	113
404	122
405	124
406	120
407	114
408	113
409	143
410	141
411	119
412	119
413	151
414	108
415	111
416	122
417	125
418	130
419	104
420	132
421	142
422	139
423	135
424	166
425	126
426	137
427	90
428	101
429	100
430	117
431	78
432	111
433	89
434	94
435	116
436	135
437	82
438	116
439	109
440	83
441	110
442	122
443	102
444	91
445	104
446	92
447	89
448	86
449	97
450	90
451	80
452	77
453	77
454	119
455	94
456	115
457	84
458	97
459	80
460	103
461	55
462	56
463	89
464	58
465	50
466	88
467	65
468	63
469	82
470	67
471	73
472	94
473	77
474	57
475	62
476	66
477	66
478	71
479	60
480	73
481	60
482	52
483	60
484	33
485	47
486	78
487	51
488	42
489	58
490	45
491	47
492	45
493	46
494	57
495	46
496	46
497	67
498	43
499	47
500	43
501	65
502	82
503	52
504	61
505	56
506	35
507	70
508	57
509	54
510	43
511	39
512	62
513	48
514	52
515	54
516	31
517	43
518	39
519	33
520	58
521	43
522	46
523	39
524	51
525	50
526	45
527	31
528	35
529	27
530	52
531	40
532	39
533	67
534	40
535	44
536	55
537	46
538	39
539	29
540	60
541	46
542	36
543	35
544	25
545	26
546	27
547	31
548	45
549	38
550	50
551	30
552	22
553	30
554	26
555	18
556	29
557	47
558	24
559	23
560	44
561	23
562	27
563	28
564	30
565	15
566	24
567	13
568	11
569	32
570	21
571	32
572	22
573	20
574	15
575	21
576	23
