0	0
1	0
2	0
3	0
4	0
5	0
6	0
7	0
8	0
9	0
10	0
11	0
12	0
13	0
14	0
15	0
16	0
17	0
18	0
19	0
20	0
21	0
22	0
23	1
24	0
25	0
26	2
27	2
28	1
29	0
30	0
31	1
32	1
33	5
34	2
35	0
36	3
37	6
38	2
39	0
40	3
41	3
42	2
43	6
44	4
45	6
46	3
47	3
48	3
49	4
50	7
51	6
52	9
53	9
54	5
55	3
56	11
57	8
58	7
59	10
60	6
61	15
62	7
63	6
64	14
65	16
66	8
67	7
68	8
69	21
70	18
71	18
72	19
73	12
74	14
75	15
76	13
77	13
78	16
79	18
80	27
81	17
82	16
83	38
84	35
85	29
86	32
87	23
88	26
89	30
90	52
91	49
92	41
93	43
94	65
95	41
96	58
97	39
98	57
99	61
100	75
101	60
102	57
103	73
104	87
105	67
106	68
107	77
108	59
109	109
110	82
111	65
112	81
113	89
114	75
115	78
116	97
117	73
118	102
119	94
120	101
121	137
122	99
123	97
124	94
125	120
126	113
127	77
128	97
129	89
130	111
131	106
132	117
133	120
134	127
135	127
136	99
137	134
138	111
139	120
140	128
141	136
142	121
143	131
144	155
145	133
146	76
147	101
148	96
149	116
150	120
151	112
152	112
153	145
154	151
155	134
156	107
157	150
158	122
159	153
160	148
161	147
162	157
163	195
164	163
165	153
166	131
167	152
168	158
169	173
170	154
171	137
172	160
173	174
174	163
175	181
176	173
177	169
178	158
179	143
180	194
181	181
182	164
183	226
184	184
185	174
186	201
187	180
188	215
189	227
190	195
191	193
192	170
193	181
194	192
195	194
196	159
197	165
198	194
199	213
200	214
201	196
202	193
203	203
204	170
205	231
206	227
207	188
208	218
209	225
210	209
211	219
212	187
213	191
214	185
215	157
216	165
217	186
218	167
219	159
220	184
221	193
222	134
223	149
224	139
225	150
226	174
227	175
228	165
229	121
230	160
231	138
232	158
233	190
234	189
235	158
236	145
237	187
238	128
239	155
240	139
241	170
242	187
243	179
244	191
245	160
246	153
247	160
248	135
249	174
250	187
251	171
252	168
253	209
254	186
255	188
256	176
257	181
258	224
259	164
260	164
261	212
262	199
263	220
264	202
265	166
266	159
267	175
268	197
269	190
270	171
271	153
272	188
273	184
274	156
275	170
276	183
277	180
278	164
279	187
280	195
281	187
282	197
283	199
284	236
285	234
286	214
287	238
288	239
289	206
290	191
291	193
292	210
293	180
294	177
295	232
296	214
297	214
298	195
299	193
300	218
301	215
302	188
303	200
304	180
305	146
306	179
307	188
308	165
309	181
310	147
311	120
312	170
313	150
314	148
315	133
316	184
317	216
318	165
319	213
320	180
321	162
322	177
323	166
324	156
325	153
326	143
327	179
328	142
329	135
330	138
331	189
332	137
333	152
334	113
335	147
336	154
337	148
338	124
339	124
340	161
341	151
342	163
343	139
344	196
345	149
346	158
347	138
348	154
349	120
350	130
351	102
352	130
353	131
354	146
355	115
356	143
357	152
358	164
359	131
360	113
361	138
362	170
363	135
364	159
365	124
366	108
367	134
368	133
369	164
370	130
371	146
372	155
373	163
374	126
375	141
376	149
377	149
378	138
379	136
380	139
381	153
382	146
383	128
384	131
385	106
386	121
387	121
388	118
389	107
390	107
391	87
392	87
393	113
394	104
395	114
396	104
397	88
398	122
399	134
400	117
401	157
402	159
403	124
404	176
405	113
406	103
407	126
408	126
409	97
410	109
411	129
412	117
413	79
414	123
415	129
416	96
417	125
418	89
419	110
420	138
421	104
422	103
423	87
424	88
425	103
426	122
427	104
428	92
429	101
430	84
431	113
432	79
433	74
434	91
435	80
436	91
437	75
438	64
439	96
440	85
441	90
442	100
443	86
444	81
445	82
446	72
447	86
448	71
449	84
450	78
451	71
452	93
453	118
454	86
455	67
456	93
457	97
458	106
459	88
460	69
461	63
462	67
463	85
464	51
465	80
466	59
467	56
468	64
469	75
470	68
471	57
472	54
473	74
474	56
475	56
476	60
477	54
478	68
479	46
480	63
481	80
482	66
483	64
484	47
485	71
486	47
487	48
488	70
489	56
490	34
491	47
492	63
493	47
494	50
495	50
496	75
497	83
498	51
499	61
500	60
501	57
502	48
503	39
504	52
505	51
506	40
507	50
508	60
509	56
510	56
511	50
512	54
513	37
514	42
515	62
516	51
517	49
518	38
519	45
520	52
521	48
522	54
523	66
524	72
525	58
526	46
527	41
528	41
529	37
530	71
531	40
532	29
533	45
534	61
535	63
536	47
537	43
538	36
539	44
540	44
541	38
542	33
543	44
544	38
545	40
546	28
547	45
548	33
549	41
550	56
551	33
552	36
553	41
554	26
555	41
556	25
557	33
558	42
559	47
560	37
561	30
562	44
563	29
564	25
565	30
566	31
567	38
568	46
