16	13
17	8
18	14
19	12
20	7
21	14
22	5
23	15
24	14
25	18
26	7
27	7
28	5
29	5
30	6
31	3
32	8
33	12
34	11
35	39
36	31
37	7
38	11
39	14
40	6
41	8
42	21
43	9
44	16
45	15
46	32
47	28
48	23
49	29
50	36
51	20
52	24
53	12
54	26
55	38
56	30
57	38
58	47
59	45
60	45
61	46
62	44
63	46
64	29
65	53
66	64
67	48
68	77
69	65
70	72
71	63
72	68
73	80
74	83
75	84
76	80
77	79
78	105
79	133
80	103
81	126
82	139
83	168
84	162
85	184
86	163
87	181
88	188
89	207
90	222
91	243
92	259
93	252
94	317
95	313
96	341
97	343
98	372
99	421
100	361
101	386
102	421
103	458
104	465
105	507
106	498
107	513
108	549
109	578
110	596
111	602
112	630
113	625
114	663
115	683
116	724
117	772
118	837
119	918
120	919
121	889
122	1081
123	1006
124	1153
125	1081
126	1164
127	1100
128	1134
129	1246
130	1312
131	1381
132	1250
133	1373
134	1343
135	1290
136	1399
137	1514
138	1489
139	1520
140	1680
141	1943
142	2160
143	2831
144	3314
145	4395
146	7019
147	13556
148	20195
149	28440
150	127909
