22	1
24	1
25	2
28	2
29	2
30	1
31	2
32	2
33	6
34	4
35	4
36	4
37	11
38	4
39	8
40	6
41	4
42	4
43	11
44	16
45	11
46	14
47	17
48	14
49	16
50	14
51	12
52	21
53	18
54	26
55	28
56	23
57	26
58	32
59	36
60	18
61	28
62	32
63	32
64	31
65	31
66	37
67	43
68	46
69	47
70	44
71	56
72	53
73	60
74	62
75	63
76	53
77	61
78	61
79	71
80	72
81	67
82	79
83	94
84	75
85	99
86	89
87	108
88	108
89	128
90	133
91	117
92	126
93	137
94	169
95	184
96	156
97	156
98	191
99	196
100	183
101	207
102	230
103	220
104	228
105	264
106	283
107	273
108	274
109	312
110	313
111	337
112	343
113	310
114	371
115	337
116	395
117	407
118	449
119	448
120	463
121	429
122	459
123	474
124	446
125	464
126	440
127	543
128	475
129	502
130	538
131	558
132	557
133	588
134	606
135	645
136	659
137	658
138	678
139	802
140	885
141	1125
142	1301
143	1738
144	2384
145	3713
146	5376
147	10101
148	17692
149	16029
150	23856
