22	1
24	2
25	2
28	2
29	2
30	1
31	2
32	2
33	7
34	4
35	5
36	4
37	11
38	4
39	8
40	6
41	4
42	4
43	11
44	18
45	11
46	19
47	23
48	14
49	18
50	14
51	12
52	21
53	22
54	28
55	30
56	25
57	37
58	37
59	42
60	19
61	32
62	36
63	43
64	39
65	43
66	42
67	51
68	54
69	63
70	61
71	80
72	72
73	72
74	76
75	73
76	64
77	69
78	75
79	89
80	87
81	95
82	102
83	111
84	94
85	127
86	111
87	142
88	142
89	164
90	180
91	165
92	166
93	212
94	222
95	291
96	233
97	225
98	260
99	289
100	286
101	312
102	344
103	335
104	381
105	399
106	447
107	440
108	467
109	521
110	523
111	572
112	555
113	564
114	662
115	628
116	757
117	746
118	868
119	871
120	868
121	836
122	940
123	904
124	862
125	880
126	877
127	1009
128	924
129	903
130	1042
131	1026
132	1115
133	1152
134	1142
135	1272
136	1278
137	1276
138	1324
139	1577
140	1787
141	2155
142	2742
143	3688
144	5707
145	9906
146	12883
147	26881
148	87603
149	52183
150	101250
