16	4
17	3
18	9
19	8
20	17
21	9
22	11
23	13
24	9
25	11
26	15
27	21
28	24
29	51
30	44
31	72
32	92
33	129
34	176
35	203
36	254
37	336
38	317
39	425
40	467
41	558
42	637
43	741
44	752
45	909
46	973
47	1046
48	1119
49	1227
50	1266
51	1395
52	1445
53	1488
54	1564
55	1696
56	1709
57	1760
58	1945
59	1885
60	1942
61	1933
62	1956
63	2006
64	2035
65	2089
66	2112
67	2141
68	2230
69	2333
70	2459
71	2566
72	2649
73	2721
74	2821
75	2881
76	2866
77	2964
78	3059
79	3125
80	3327
81	3342
82	3492
83	3811
84	3937
85	4025
86	4264
87	4438
88	4606
89	4719
90	5024
91	5326
92	5615
93	5913
94	6327
95	6730
96	7094
97	7350
98	7713
99	8377
100	8702
101	9076
102	9499
103	9919
104	10699
105	11025
106	11323
107	11914
108	12817
109	13342
110	13670
111	14259
112	14772
113	15078
114	15617
115	16085
116	16577
117	16926
118	17672
119	18354
120	18889
121	19185
122	19394
123	19568
124	19867
125	20509
126	20563
127	21099
128	21100
129	21980
130	21937
131	22837
132	23235
133	23859
134	25222
135	25821
136	27316
137	29449
138	32132
139	36380
140	42346
141	53113
142	69357
143	104763
144	155452
145	260690
146	409084
147	799666
148	1462142
149	1339184
150	1932907
