0	0
1	0
2	0
3	0
4	0
5	0
6	0
7	0
8	0
9	0
10	0
11	0
12	0
13	1
14	0
15	3
16	5
17	4
18	5
19	2
20	2
21	1
22	4
23	6
24	5
25	11
26	9
27	16
28	7
29	6
30	9
31	10
32	10
33	7
34	8
35	7
36	12
37	14
38	12
39	13
40	11
41	11
42	14
43	16
44	10
45	14
46	7
47	13
48	11
49	14
50	10
51	19
52	16
53	15
54	17
55	13
56	23
57	26
58	21
59	30
60	23
61	18
62	26
63	22
64	24
65	21
66	31
67	35
68	38
69	42
70	28
71	30
72	38
73	33
74	37
75	42
76	41
77	41
78	50
79	43
80	58
81	43
82	44
83	67
84	56
85	67
86	68
87	78
88	56
89	56
90	82
91	101
92	67
93	85
94	95
95	64
96	80
97	86
98	93
99	90
100	111
101	89
102	101
103	92
104	103
105	111
106	107
107	88
108	123
109	135
110	120
111	137
112	106
113	99
114	108
115	114
116	131
117	119
118	103
119	124
120	116
121	119
122	140
123	100
124	154
125	83
126	150
127	96
128	153
129	138
130	139
131	119
132	115
133	97
134	108
135	110
136	127
137	123
138	138
139	178
140	102
141	118
142	130
143	125
144	116
145	102
146	115
147	123
148	134
149	137
150	100
151	105
152	99
153	105
154	94
155	122
156	100
157	109
158	107
159	120
160	108
161	133
162	116
163	113
164	119
165	106
166	119
167	97
168	98
169	111
170	98
171	99
172	138
173	107
174	137
175	149
176	132
177	125
178	131
179	91
180	106
181	108
182	103
183	126
184	139
185	113
186	110
187	95
188	97
189	96
190	134
191	93
192	115
193	114
194	112
195	85
196	116
197	132
198	106
199	98
200	134
201	108
202	115
203	107
204	131
205	107
206	117
207	121
208	118
209	98
210	84
211	92
212	121
213	103
214	104
215	85
216	96
217	127
218	86
219	102
220	105
221	120
222	125
223	132
224	114
225	107
226	113
227	119
228	135
229	95
230	91
231	124
232	93
233	81
234	109
235	63
236	129
237	101
238	78
239	107
240	97
241	81
242	135
243	123
244	109
245	86
246	91
247	123
248	103
249	127
250	128
251	134
252	118
253	160
254	111
255	133
256	134
257	143
258	105
259	115
260	136
261	115
262	111
263	147
264	138
265	110
266	147
267	138
268	119
269	132
270	109
271	128
272	146
273	148
274	130
275	126
276	128
277	122
278	129
279	116
280	142
281	139
282	133
283	144
284	127
285	121
286	126
287	111
288	138
289	151
290	170
291	118
292	125
293	106
294	121
295	131
296	169
297	162
298	174
299	153
300	168
301	153
302	132
303	125
304	138
305	137
306	132
307	154
308	147
309	144
310	173
311	137
312	133
313	133
314	166
315	108
316	168
317	140
318	135
319	130
320	138
321	128
322	139
323	154
324	112
325	124
326	155
327	125
328	153
329	125
330	128
331	151
332	130
333	141
334	170
335	141
336	150
337	154
338	127
339	119
340	162
341	137
342	127
343	116
344	145
345	118
346	134
347	169
348	135
349	124
350	132
351	123
352	155
353	159
354	146
355	170
356	154
357	149
358	147
359	147
360	143
361	145
362	141
363	120
364	165
365	159
366	142
367	134
368	159
369	167
370	133
371	157
372	194
373	159
374	171
375	178
376	125
377	149
378	148
379	120
380	169
381	166
382	138
383	157
384	139
385	134
386	148
387	135
388	137
389	170
390	119
391	152
392	162
393	152
394	136
395	136
396	129
397	157
398	179
399	173
400	174
401	194
402	182
403	181
404	164
405	133
406	120
407	151
408	134
409	143
410	116
411	142
412	152
413	149
414	138
415	173
416	160
417	190
418	138
419	130
420	116
421	114
422	137
423	159
424	153
425	118
426	196
427	145
428	123
429	145
430	139
431	134
432	128
433	132
434	151
435	168
436	146
437	153
438	173
439	119
440	147
441	137
442	141
443	105
444	107
445	116
446	113
447	104
448	122
449	100
450	110
451	127
452	90
453	118
454	115
455	90
456	104
457	100
458	89
459	122
460	112
461	116
462	105
463	116
464	96
465	93
466	100
467	106
468	98
469	127
470	89
471	93
472	104
473	76
474	83
475	91
476	67
477	82
478	84
479	79
480	118
481	81
482	68
483	100
484	74
485	90
486	69
487	75
488	78
489	57
490	58
491	93
492	88
493	54
494	67
495	80
496	60
497	91
498	81
499	69
500	60
501	64
502	65
503	68
504	68
505	87
506	111
507	106
508	84
509	67
510	53
511	78
512	68
513	78
514	55
515	61
516	72
517	68
518	63
519	54
520	61
521	86
522	58
523	69
524	79
525	60
526	62
527	57
528	50
529	46
530	53
531	57
532	63
533	51
534	34
535	46
536	42
537	54
538	50
539	51
540	64
541	55
542	46
543	41
544	54
545	52
546	44
547	45
548	59
549	55
550	45
551	43
552	49
553	28
554	48
555	36
556	41
557	57
558	37
559	56
560	48
561	38
562	47
563	39
564	28
565	35
566	43
567	40
568	30
569	31
570	30
571	29
572	29
573	30
574	32
575	21
576	22
577	26
578	29
579	36
580	33
581	20
582	16
583	28
584	39
585	19
