0	0
1	0
2	0
3	0
4	0
5	0
6	0
7	0
8	0
9	0
10	0
11	0
12	0
13	1
14	0
15	3
16	5
17	5
18	5
19	2
20	2
21	1
22	4
23	6
24	6
25	17
26	11
27	32
28	7
29	6
30	10
31	10
32	11
33	7
34	8
35	7
36	14
37	15
38	13
39	14
40	11
41	11
42	20
43	17
44	17
45	15
46	7
47	37
48	11
49	17
50	10
51	24
52	21
53	17
54	18
55	13
56	24
57	27
58	23
59	30
60	26
61	19
62	29
63	22
64	25
65	22
66	31
67	38
68	41
69	44
70	30
71	33
72	43
73	36
74	37
75	44
76	44
77	42
78	52
79	49
80	63
81	47
82	52
83	82
84	65
85	85
86	78
87	87
88	64
89	62
90	95
91	126
92	78
93	97
94	119
95	72
96	98
97	113
98	117
99	115
100	128
101	105
102	126
103	126
104	124
105	153
106	137
107	118
108	151
109	214
110	162
111	187
112	139
113	121
114	154
115	174
116	185
117	162
118	132
119	156
120	155
121	162
122	207
123	159
124	246
125	129
126	233
127	140
128	242
129	217
130	201
131	203
132	170
133	147
134	151
135	167
136	186
137	198
138	249
139	286
140	173
141	204
142	229
143	223
144	199
145	185
146	222
147	219
148	298
149	318
150	177
151	196
152	216
153	224
154	179
155	269
156	230
157	257
158	217
159	253
160	192
161	254
162	222
163	224
164	249
165	270
166	213
167	202
168	205
169	218
170	202
171	200
172	305
173	241
174	296
175	346
176	356
177	291
178	275
179	223
180	278
181	197
182	231
183	286
184	339
185	293
186	303
187	242
188	215
189	221
190	260
191	217
192	268
193	272
194	299
195	214
196	296
197	315
198	266
199	204
200	289
201	239
202	248
203	249
204	276
205	289
206	303
207	323
208	310
209	208
210	240
211	226
212	301
213	247
214	237
215	193
216	219
217	331
218	177
219	278
220	237
221	257
222	344
223	285
224	297
225	295
226	256
227	243
228	324
229	240
230	172
231	267
232	198
233	173
234	249
235	130
236	354
237	238
238	163
239	212
240	225
241	151
242	309
243	293
244	230
245	158
246	183
247	254
248	235
249	299
250	232
251	290
252	236
253	386
254	244
255	314
256	253
257	338
258	201
259	263
260	273
261	260
262	212
263	315
264	340
265	219
266	282
267	316
268	278
269	294
270	216
271	255
272	267
273	309
274	282
275	363
276	241
277	261
278	290
279	226
280	235
281	256
282	256
283	276
284	288
285	261
286	195
287	230
288	316
289	347
290	408
291	219
292	241
293	172
294	192
295	283
296	304
297	292
298	410
299	294
300	304
301	309
302	242
303	249
304	247
305	312
306	260
307	291
308	283
309	300
310	314
311	234
312	285
313	263
314	337
315	187
316	309
317	273
318	261
319	235
320	222
321	195
322	304
323	250
324	205
325	180
326	250
327	221
328	286
329	227
330	237
331	276
332	256
333	242
334	356
335	246
336	287
337	280
338	230
339	210
340	323
341	254
342	214
343	182
344	249
345	181
346	213
347	315
348	224
349	244
350	230
351	196
352	272
353	278
354	233
355	317
356	246
357	248
358	274
359	272
360	273
361	258
362	275
363	206
364	266
365	250
366	209
367	227
368	266
369	289
370	232
371	269
372	332
373	267
374	291
375	296
376	209
377	275
378	241
379	200
380	302
381	297
382	256
383	292
384	227
385	227
386	258
387	197
388	219
389	299
390	175
391	250
392	285
393	270
394	231
395	226
396	186
397	264
398	324
399	285
400	267
401	373
402	308
403	299
404	292
405	236
406	189
407	225
408	243
409	230
410	196
411	226
412	264
413	240
414	207
415	265
416	217
417	369
418	184
419	183
420	166
421	207
422	220
423	290
424	236
425	182
426	321
427	242
428	217
429	261
430	195
431	216
432	162
433	187
434	242
435	248
436	222
437	278
438	319
439	171
440	206
441	204
442	215
443	170
444	147
445	190
446	165
447	163
448	193
449	155
450	172
451	192
452	126
453	161
454	167
455	151
456	160
457	158
458	142
459	195
460	175
461	176
462	164
463	171
464	160
465	157
466	150
467	152
468	143
469	196
470	131
471	121
472	155
473	105
474	152
475	143
476	91
477	126
478	125
479	109
480	203
481	109
482	84
483	167
484	96
485	125
486	110
487	93
488	108
489	77
490	75
491	148
492	140
493	74
494	91
495	126
496	98
497	129
498	109
499	92
500	85
501	78
502	89
503	123
504	95
505	107
506	140
507	154
508	117
509	81
510	65
511	113
512	93
513	109
514	70
515	89
516	104
517	86
518	93
519	79
520	67
521	114
522	102
523	92
524	113
525	98
526	85
527	90
528	63
529	57
530	71
531	69
532	83
533	59
534	40
535	54
536	57
537	73
538	69
539	67
540	93
541	88
542	54
543	57
544	74
545	112
546	77
547	66
548	82
549	84
550	55
551	58
552	58
553	34
554	57
555	46
556	51
557	90
558	53
559	83
560	58
561	65
562	91
563	50
564	41
565	47
566	52
567	46
568	43
569	35
570	38
571	34
572	56
573	38
574	40
575	24
576	28
577	33
578	36
579	51
