0	0
1	0
2	0
3	0
4	0
5	0
6	0
7	0
8	0
9	0
10	0
11	0
12	0
13	2
14	4
15	4
16	7
17	9
18	4
19	7
20	6
21	8
22	3
23	7
24	17
25	22
26	14
27	27
28	36
29	28
30	43
31	30
32	39
33	44
34	42
35	34
36	58
37	51
38	64
39	56
40	39
41	44
42	41
43	49
44	41
45	42
46	38
47	59
48	25
49	31
50	38
51	32
52	29
53	28
54	27
55	29
56	49
57	40
58	56
59	45
60	34
61	45
62	37
63	49
64	25
65	31
66	28
67	29
68	32
69	23
70	31
71	26
72	30
73	29
74	33
75	36
76	30
77	57
78	40
79	58
80	62
81	47
82	66
83	66
84	49
85	61
86	63
87	75
88	78
89	72
90	73
91	77
92	55
93	58
94	101
95	89
96	77
97	79
98	105
99	87
100	86
101	93
102	60
103	73
104	93
105	85
106	93
107	86
108	117
109	124
110	102
111	119
112	104
113	117
114	115
115	100
116	110
117	145
118	99
119	110
120	96
121	120
122	132
123	141
124	141
125	129
126	117
127	147
128	121
129	117
130	150
131	146
132	140
133	124
134	120
135	129
136	119
137	145
138	122
139	122
140	144
141	137
142	130
143	158
144	162
145	114
146	91
147	123
148	121
149	125
150	121
151	107
152	95
153	138
154	99
155	100
156	111
157	125
158	117
159	121
160	106
161	176
162	113
163	119
164	131
165	116
166	138
167	107
168	96
169	96
170	131
171	118
172	115
173	112
174	135
175	107
176	120
177	129
178	119
179	76
180	101
181	93
182	113
183	109
184	118
185	99
186	94
187	83
188	118
189	107
190	99
191	86
192	108
193	98
194	111
195	106
196	72
197	73
198	84
199	72
200	110
201	101
202	108
203	106
204	112
205	95
206	100
207	109
208	100
209	110
210	82
211	102
212	100
213	114
214	90
215	119
216	111
217	105
218	98
219	87
220	78
221	81
222	57
223	90
224	60
225	87
226	78
227	82
228	111
229	75
230	90
231	100
232	91
233	79
234	90
235	82
236	71
237	79
238	67
239	78
240	63
241	79
242	79
243	90
244	112
245	85
246	97
247	88
248	92
249	83
250	112
251	99
252	77
253	132
254	70
255	76
256	86
257	81
258	83
259	85
260	88
261	88
262	80
263	97
264	80
265	103
266	108
267	85
268	106
269	96
270	92
271	64
272	93
273	88
274	89
275	100
276	102
277	88
278	85
279	86
280	58
281	91
282	97
283	65
284	67
285	93
286	86
287	95
288	79
289	90
290	84
291	92
292	108
293	107
294	81
295	105
296	101
297	100
298	100
299	81
300	93
301	86
302	80
303	83
304	85
305	74
306	83
307	112
308	76
309	96
310	87
311	94
312	76
313	88
314	86
315	90
316	73
317	86
318	101
319	82
320	83
321	81
322	93
323	104
324	73
325	96
326	87
327	93
328	80
329	85
330	61
331	78
332	78
333	90
334	95
335	70
336	67
337	78
338	102
339	82
340	69
341	86
342	80
343	74
344	88
345	62
346	88
347	82
348	94
349	73
350	67
351	74
352	78
353	101
354	81
355	96
356	80
357	86
358	80
359	66
360	76
361	96
362	75
363	83
364	102
365	62
366	83
367	72
368	70
369	82
370	79
371	76
372	69
373	84
374	63
375	77
376	67
377	86
378	82
379	65
380	77
381	78
382	85
383	76
384	94
385	85
386	80
387	85
388	65
389	85
390	90
391	83
392	86
393	80
394	68
395	62
396	66
397	72
398	60
399	63
400	81
401	71
402	76
403	79
404	63
405	58
406	65
407	74
408	70
409	74
410	66
411	73
412	72
413	74
414	91
415	79
416	64
417	64
418	54
419	67
420	81
421	59
422	74
423	80
424	69
425	47
426	50
427	52
428	56
429	57
430	52
431	61
432	64
433	67
434	53
435	67
436	55
437	43
438	41
439	65
440	65
441	59
442	67
443	57
444	71
445	53
446	46
447	50
448	68
449	58
450	32
451	51
452	66
453	71
454	52
455	32
456	47
457	40
458	37
459	38
460	36
461	41
462	42
463	32
464	38
465	37
466	46
467	44
468	50
469	36
470	43
471	32
472	42
473	27
474	42
475	49
476	43
477	43
478	37
479	32
480	34
481	39
482	35
483	30
484	35
485	29
486	28
487	48
488	40
489	53
490	23
491	35
492	42
493	33
494	36
495	50
496	20
497	32
498	40
499	32
500	41
501	45
502	37
503	38
504	52
505	40
506	26
507	37
508	39
509	38
510	40
511	28
512	27
513	34
514	36
515	37
516	22
517	29
518	30
519	34
520	35
521	29
522	35
523	26
524	39
525	24
526	20
527	22
528	16
529	31
530	34
531	30
532	23
533	24
534	23
535	27
536	35
537	18
538	25
539	30
540	29
541	30
542	26
543	15
544	25
545	22
546	14
547	33
548	22
549	24
550	15
551	24
552	19
553	18
554	31
555	16
556	12
557	14
558	20
559	18
560	21
561	16
562	26
563	21
564	12
565	21
566	30
567	18
568	17
569	19
570	24
571	17
572	17
573	18
