0	0
1	0
2	0
3	0
4	0
5	0
6	0
7	0
8	0
9	0
10	0
11	0
12	0
13	1
14	0
15	1
16	0
17	0
18	0
19	0
20	0
21	1
22	1
23	1
24	0
25	3
26	2
27	1
28	2
29	1
30	5
31	5
32	3
33	8
34	5
35	5
36	9
37	6
38	4
39	17
40	12
41	12
42	19
43	17
44	16
45	24
46	14
47	17
48	10
49	11
50	13
51	19
52	16
53	13
54	18
55	18
56	17
57	26
58	16
59	20
60	15
61	22
62	17
63	21
64	23
65	21
66	20
67	15
68	20
69	16
70	25
71	19
72	18
73	33
74	32
75	34
76	33
77	43
78	43
79	36
80	50
81	53
82	50
83	64
84	87
85	67
86	62
87	56
88	96
89	76
90	77
91	82
92	69
93	82
94	98
95	109
96	111
97	115
98	121
99	97
100	124
101	126
102	138
103	161
104	196
105	186
106	181
107	182
108	194
109	193
110	177
111	206
112	215
113	234
114	240
115	271
116	230
117	260
118	283
119	245
120	237
121	325
122	312
123	320
124	296
125	334
126	283
127	329
128	352
129	304
130	340
131	344
132	374
133	405
134	394
135	437
136	448
137	430
138	451
139	493
140	490
141	546
142	531
143	532
144	527
145	497
146	517
147	580
148	497
149	560
150	604
151	555
152	582
153	624
154	667
155	703
156	618
157	662
158	653
159	650
160	706
161	750
162	760
163	753
164	801
165	812
166	835
167	805
168	850
169	840
170	920
171	946
172	955
173	958
174	1011
175	1065
176	980
177	1011
178	1087
179	983
180	1035
181	1003
182	1064
183	968
184	910
185	1010
186	949
187	1203
188	1082
189	1101
190	940
191	1108
192	1080
193	972
194	1037
195	1144
196	1046
197	1051
198	1056
199	1033
200	1074
201	1106
202	1074
203	1075
204	903
205	1004
206	1019
207	958
208	961
209	976
210	1104
211	1083
212	1107
213	1034
214	1049
215	1157
216	1020
217	1126
218	1086
219	986
220	955
221	968
222	888
223	963
224	912
225	857
226	893
227	1022
228	925
229	1006
230	932
231	981
232	963
233	920
234	962
235	888
236	928
237	984
238	954
239	1045
240	792
241	1007
242	959
243	1020
244	933
245	909
246	948
247	894
248	975
249	1013
250	1018
251	1035
252	1014
253	1269
254	1011
255	1165
256	1067
257	1017
258	1087
259	1038
260	1032
261	1166
262	1104
263	998
264	975
265	1023
266	1030
267	929
268	879
269	936
270	930
271	906
272	993
273	880
274	878
275	868
276	917
277	930
278	1027
279	921
280	966
281	997
282	1005
283	885
284	787
285	905
286	822
287	943
288	958
289	940
290	822
291	900
292	879
293	868
294	848
295	863
296	812
297	727
298	867
299	881
300	878
301	834
302	785
303	882
304	825
305	813
306	890
307	819
308	703
309	792
310	830
311	823
312	741
313	733
314	816
315	738
316	800
317	745
318	756
319	748
320	765
321	751
322	718
323	719
324	658
325	661
326	755
327	742
328	765
329	703
330	680
331	678
332	694
333	673
334	631
335	672
336	631
337	684
338	733
339	645
340	618
341	656
342	644
343	642
344	600
345	665
346	577
347	598
348	578
349	596
350	611
351	608
352	663
353	572
354	600
355	554
356	547
357	590
358	557
359	519
360	537
361	482
362	521
363	582
364	563
365	554
366	488
367	571
368	540
369	511
370	491
371	497
372	531
373	493
374	519
375	487
376	531
377	481
378	492
379	562
380	504
381	491
382	542
383	477
384	481
385	510
386	538
387	459
388	436
389	509
390	463
391	445
392	437
393	543
394	449
395	466
396	484
397	440
398	453
399	517
400	425
401	495
402	494
403	451
404	514
405	479
406	473
407	498
408	423
409	403
410	435
411	504
412	404
413	374
414	399
415	392
416	425
417	382
418	349
419	344
420	344
421	359
422	332
423	308
424	331
425	349
426	355
427	317
428	313
429	298
430	275
431	294
432	253
433	243
434	308
435	266
436	293
437	273
438	266
439	314
440	281
441	260
442	284
443	285
444	245
445	244
446	253
447	262
448	236
449	250
450	232
451	249
452	260
453	256
454	224
455	208
456	201
457	227
458	188
459	213
460	221
461	221
462	229
463	224
464	175
465	196
466	164
467	181
468	171
469	169
470	190
471	133
472	169
473	152
474	148
475	170
476	163
477	111
478	142
479	140
480	143
481	170
482	175
483	172
484	153
485	124
486	144
487	121
488	244
489	153
490	156
491	139
492	129
493	141
494	151
495	131
496	119
497	133
498	106
499	125
500	102
501	113
502	121
503	124
504	127
505	132
506	94
507	180
508	124
509	122
510	131
511	95
512	114
513	104
514	105
515	120
516	94
517	91
518	91
519	99
520	118
521	133
522	100
523	141
524	120
525	134
526	122
527	77
528	109
529	92
530	147
531	124
532	104
533	87
534	108
535	150
536	71
537	88
538	87
539	91
540	127
541	86
542	92
543	77
544	89
545	69
546	59
547	64
