0	0
1	0
2	0
3	0
4	0
5	0
6	0
7	0
8	0
9	0
10	0
11	0
12	0
13	1
14	0
15	1
16	0
17	0
18	0
19	0
20	0
21	1
22	1
23	1
24	0
25	3
26	2
27	1
28	2
29	1
30	5
31	5
32	3
33	8
34	5
35	5
36	7
37	6
38	4
39	15
40	9
41	12
42	18
43	13
44	15
45	18
46	13
47	15
48	9
49	11
50	13
51	17
52	13
53	12
54	18
55	17
56	15
57	25
58	15
59	18
60	15
61	22
62	16
63	20
64	23
65	18
66	18
67	15
68	20
69	16
70	24
71	18
72	17
73	32
74	30
75	34
76	33
77	40
78	41
79	33
80	43
81	49
82	47
83	59
84	71
85	66
86	57
87	51
88	92
89	75
90	75
91	78
92	67
93	80
94	91
95	100
96	104
97	104
98	110
99	92
100	115
101	118
102	117
103	135
104	174
105	144
106	150
107	158
108	165
109	170
110	163
111	177
112	194
113	196
114	223
115	236
116	192
117	231
118	245
119	229
120	209
121	284
122	265
123	261
124	244
125	300
126	249
127	284
128	286
129	253
130	291
131	294
132	321
133	319
134	323
135	362
136	335
137	347
138	349
139	389
140	382
141	432
142	420
143	411
144	400
145	361
146	360
147	435
148	371
149	429
150	419
151	388
152	411
153	430
154	484
155	494
156	447
157	483
158	455
159	472
160	506
161	527
162	531
163	550
164	553
165	564
166	587
167	579
168	545
169	543
170	625
171	604
172	614
173	624
174	640
175	647
176	648
177	654
178	688
179	660
180	698
181	656
182	666
183	654
184	595
185	647
186	653
187	706
188	681
189	662
190	605
191	717
192	711
193	639
194	647
195	746
196	657
197	685
198	684
199	683
200	704
201	739
202	706
203	697
204	649
205	675
206	695
207	659
208	641
209	644
210	668
211	659
212	720
213	679
214	676
215	697
216	658
217	732
218	650
219	661
220	630
221	641
222	608
223	653
224	601
225	574
226	591
227	643
228	635
229	636
230	632
231	654
232	642
233	598
234	599
235	579
236	612
237	618
238	605
239	661
240	513
241	657
242	622
243	650
244	571
245	581
246	617
247	565
248	618
249	642
250	623
251	657
252	599
253	751
254	620
255	704
256	692
257	665
258	679
259	663
260	624
261	644
262	643
263	672
264	645
265	680
266	680
267	629
268	617
269	649
270	653
271	651
272	674
273	613
274	615
275	609
276	644
277	623
278	693
279	644
280	670
281	683
282	681
283	596
284	559
285	616
286	586
287	638
288	653
289	643
290	582
291	622
292	621
293	614
294	611
295	614
296	563
297	531
298	617
299	621
300	611
301	576
302	548
303	614
304	565
305	582
306	603
307	585
308	524
309	562
310	600
311	607
312	530
313	536
314	577
315	538
316	563
317	546
318	550
319	541
320	546
321	559
322	552
323	527
324	460
325	495
326	548
327	546
328	527
329	516
330	522
331	482
332	498
333	500
334	467
335	496
336	486
337	475
338	570
339	484
340	448
341	474
342	507
343	460
344	454
345	503
346	432
347	438
348	441
349	459
350	448
351	463
352	456
353	441
354	461
355	417
356	421
357	474
358	433
359	421
360	429
361	393
362	418
363	444
364	436
365	435
366	398
367	431
368	424
369	395
370	405
371	401
372	435
373	392
374	416
375	396
376	422
377	384
378	390
379	436
380	398
381	402
382	442
383	400
384	397
385	407
386	411
387	371
388	337
389	406
390	377
391	360
392	356
393	432
394	378
395	387
396	388
397	360
398	371
399	415
400	362
401	396
402	405
403	380
404	423
405	398
406	369
407	396
408	370
409	332
410	350
411	394
412	327
413	303
414	336
415	339
416	344
417	323
418	285
419	290
420	290
421	311
422	275
423	271
424	277
425	298
426	302
427	271
428	268
429	244
430	240
431	257
432	223
433	207
434	272
435	244
436	247
437	234
438	228
439	266
440	246
441	223
442	249
443	248
444	207
445	213
446	208
447	228
448	204
449	204
450	189
451	204
452	223
453	197
454	195
455	187
456	177
457	192
458	172
459	185
460	192
461	190
462	195
463	198
464	149
465	163
466	143
467	148
468	143
469	150
470	157
471	123
472	152
473	136
474	125
475	143
476	142
477	97
478	124
479	123
480	127
481	142
482	153
483	134
484	125
485	100
486	114
487	100
488	146
489	118
490	120
491	121
492	109
493	125
494	124
495	114
496	104
497	119
498	86
499	113
500	87
501	102
502	97
503	105
504	113
505	113
506	80
507	132
508	106
509	101
510	113
511	89
512	105
513	85
514	92
515	100
516	83
517	78
518	80
519	92
520	105
521	112
522	90
523	111
524	102
525	106
526	101
527	67
528	95
529	72
530	105
531	100
532	86
533	68
534	86
535	89
536	65
537	73
538	71
539	75
540	92
541	64
542	70
543	62
544	62
545	65
546	54
547	57
548	56
549	57
550	51
551	62
552	57
