0	0
1	0
2	0
3	0
4	0
5	0
6	0
7	0
8	0
9	0
10	0
11	0
12	0
13	0
14	2
15	3
16	12
17	18
18	11
19	14
20	9
21	13
22	15
23	19
24	20
25	34
26	49
27	54
28	84
29	106
30	132
31	201
32	222
33	319
34	363
35	422
36	555
37	619
38	772
39	849
40	948
41	1033
42	1186
43	1294
44	1406
45	1541
46	1568
47	1599
48	1798
49	1857
50	1991
51	2052
52	2130
53	2133
54	2333
55	2151
56	2430
57	2366
58	2288
59	2449
60	2406
61	2483
62	2545
63	2580
64	2552
65	2522
66	2828
67	2919
68	3009
69	3089
70	3110
71	3212
72	3168
73	3295
74	3142
75	3354
76	3369
77	3512
78	3630
79	3750
80	3918
81	3919
82	3961
83	4191
84	4259
85	4666
86	4592
87	4508
88	4707
89	4946
90	6391
91	5785
92	5477
93	5430
94	5579
95	5764
96	5841
97	6025
98	6046
99	6240
100	6372
101	6594
102	6872
103	7060
104	7318
105	7666
106	7943
107	8176
108	8081
109	8304
110	8551
111	8679
112	9025
113	9331
114	9317
115	9868
116	10213
117	10383
118	10384
119	10732
120	11241
121	11387
122	11636
123	11802
124	12220
125	12587
126	12750
127	13061
128	13354
129	13307
130	13968
131	14278
132	14342
133	14725
134	15037
135	15225
136	15384
137	16066
138	16072
139	16250
140	16771
141	16536
142	16978
143	17252
144	17533
145	15628
146	15786
147	19019
148	19980
149	20622
150	20817
151	21311
152	21698
153	21533
154	22431
155	22370
156	22645
157	22955
158	23489
159	23840
160	24201
161	24399
162	24697
163	25075
164	25025
165	25223
166	25652
167	25791
168	25950
169	26476
170	26774
171	26485
172	26779
173	27013
174	27042
175	27348
176	27869
177	28063
178	28130
179	27913
180	27991
181	27967
182	28858
183	28356
184	28761
185	28690
186	29041
187	28796
188	29180
189	28760
190	28993
191	29078
192	29077
193	29629
194	29441
195	29618
196	29389
197	29442
198	29579
199	29462
200	29639
201	29862
202	29551
203	29456
204	29511
205	29364
206	29804
207	29886
208	29478
209	29067
210	28954
211	28855
212	29144
213	29011
214	29057
215	28314
216	28225
217	28164
218	28545
219	28010
220	27768
221	27851
222	27716
223	27693
224	27677
225	27329
226	27099
227	27451
228	27071
229	27043
230	26729
231	26496
232	26412
233	26567
234	26013
235	25969
236	25864
237	25686
238	25597
239	25609
240	25271
241	25165
242	24966
243	25055
244	24728
245	24627
246	24272
247	24283
248	24439
249	23823
250	23636
251	23588
252	23346
253	23291
254	22882
255	22664
256	22815
257	22699
258	22434
259	22033
260	21652
261	21866
262	21667
263	21918
264	21190
265	21310
266	20966
267	20990
268	21013
269	20335
270	20563
271	20075
272	20006
273	19651
274	19508
275	19207
276	19373
277	19045
278	18740
279	18660
280	18427
281	18501
282	18077
283	18161
284	18269
285	17836
286	17398
287	17549
288	17453
289	17044
290	17092
291	16668
292	16718
293	16431
294	16465
295	16264
296	16302
297	15907
298	15750
299	15519
300	15295
301	15345
302	15252
303	15058
304	14943
305	14758
306	14565
307	14464
308	14270
309	13994
310	14126
311	14139
312	13901
313	13642
314	13592
315	13543
316	13173
317	13232
318	13088
319	12874
320	12497
321	12661
322	12526
323	12433
324	12334
325	12157
326	12081
327	11857
328	11754
329	11694
330	11643
331	11352
332	11172
333	11183
334	10931
335	10766
336	10828
337	10848
338	10626
339	10613
340	10472
341	10377
342	10184
343	10019
344	10056
345	10082
346	9822
347	9787
348	9648
349	9830
350	9542
351	9227
352	9321
353	9459
354	9125
355	8981
356	8973
357	9079
358	8628
359	8479
360	8576
361	8492
362	8385
363	8281
364	8279
365	8238
366	8004
367	8185
368	7977
369	7895
370	7917
371	7797
372	7628
373	7711
374	7521
375	7455
376	7617
377	7390
378	7407
379	7334
380	7189
381	7141
382	7181
383	6827
384	6952
385	6861
386	6840
387	6755
388	6643
389	6586
390	6260
391	6661
392	6372
393	6375
394	6418
395	6173
396	6135
397	5850
398	5935
399	5973
400	5964
401	5943
402	5819
403	5747
404	5785
405	5643
406	5535
407	5507
408	5550
409	5475
410	5531
411	5123
412	5177
413	5360
414	5341
415	5212
416	5233
417	5197
418	5142
419	5188
420	4929
421	4935
422	4918
423	4984
424	4778
425	4839
426	4894
427	4816
428	4666
429	4617
430	4821
431	4561
432	4599
433	4610
434	4388
435	4431
436	4382
437	4177
438	4338
439	4349
440	4191
441	4199
442	4191
443	4204
444	4267
445	4081
446	4160
447	4010
448	4047
449	4101
450	3987
451	4051
452	3786
453	3991
454	3795
455	3909
456	3688
457	3771
458	3703
459	3688
460	3674
461	3684
462	3690
463	3533
464	3629
465	3343
466	3460
467	3482
468	3482
469	3518
470	3420
471	3413
472	3434
473	3434
474	3271
475	3247
476	3197
477	3211
478	3375
479	3126
480	3233
481	3161
482	3096
483	3260
484	3141
485	3018
486	3007
487	3035
488	3104
489	2983
490	2982
491	2969
492	2900
493	2912
494	2983
495	2848
496	2964
497	2806
498	2891
499	2934
500	2857
501	2805
502	2863
503	2802
504	2784
505	2831
506	2867
507	2650
508	2654
509	2703
510	2614
511	2624
512	2692
513	2633
514	2673
515	2688
516	2596
517	2710
518	2630
519	2605
520	2600
521	2655
522	2649
523	2511
524	2471
525	2431
526	2558
527	2501
528	2447
529	2556
530	2525
531	2396
532	2485
533	2463
534	2497
535	2464
536	2424
537	2414
538	2318
539	2287
540	2324
541	2379
542	2258
543	2358
544	2375
545	2300
546	2365
547	2290
548	2211
549	2243
550	2255
551	2230
552	2274
553	2301
554	2215
555	2181
556	2192
557	2162
558	2207
559	2188
560	2123
561	2233
562	2119
563	2138
564	2080
565	2059
566	2100
567	2036
568	2131
569	2125
570	2049
571	2013
572	1995
573	1971
574	2062
575	1970
576	1916
577	1933
578	2003
579	1940
580	1931
581	2042
582	1927
583	2084
584	1915
585	1980
586	1892
587	1986
588	1923
589	2018
590	1894
591	1946
592	1926
593	1912
594	1857
595	1929
596	1885
597	1869
598	1895
599	1935
600	1869
601	1806
602	1858
603	1812
604	1829
605	1741
606	1813
607	1824
608	1867
609	1736
610	1799
611	1778
612	1752
613	1701
614	1731
615	1797
616	1729
617	1816
618	1757
619	1726
620	1749
621	1700
622	1770
623	1781
624	1763
625	1745
626	1695
627	1756
628	1678
629	1765
630	1640
631	1728
632	1677
633	1662
634	1752
635	1677
636	1618
637	1709
638	1763
639	1703
640	1764
641	1640
642	1715
643	1633
644	1668
645	1688
646	1744
647	1621
648	1624
649	1638
650	1626
651	1578
652	1568
653	1561
654	1628
655	1530
656	1590
657	1582
658	1609
659	1499
660	1581
661	1583
662	1576
663	1516
664	1603
665	1526
666	1416
667	1494
668	1550
669	1560
670	1513
671	1663
672	1567
673	1511
674	1605
675	1487
676	1521
677	1553
678	1542
679	1591
680	1564
681	1490
682	1478
683	1527
684	1511
685	1527
686	1538
687	1525
688	1499
689	1543
690	1585
691	1473
692	1582
693	1500
694	1544
695	1523
696	1523
697	1442
698	1441
699	1473
700	1517
701	1466
702	1573
703	1592
704	1469
705	1586
706	1603
707	1527
708	1480
709	1426
710	1530
711	1491
712	1489
713	1431
714	1483
715	1405
716	1461
717	1444
718	1416
719	1474
720	1439
721	1552
722	1471
723	1455
724	1492
725	1526
726	1350
727	1431
728	1491
729	1447
730	1522
731	1498
732	1514
733	1495
734	1511
735	1484
736	1538
737	1497
738	1460
739	1468
740	1479
741	1392
742	1577
743	1526
744	1469
745	1490
746	1423
747	1495
748	1550
749	1481
750	1442
751	1461
752	1323
753	1382
754	1448
755	1432
756	1435
757	1456
758	1421
759	1450
760	1447
761	1403
762	1402
763	1399
764	1416
765	1442
766	1403
767	1407
768	1371
769	1311
770	1429
771	1401
772	1449
773	1351
774	1449
775	1382
776	1403
777	1366
778	1420
779	1425
780	1377
781	1348
782	1425
783	1478
784	1394
785	1479
786	1446
787	1455
788	1416
789	1398
790	1391
791	1452
792	1429
793	1444
794	1361
795	1334
796	1370
797	1294
798	1316
799	1317
800	1380
801	1396
802	1394
803	1412
804	1383
805	1408
806	1326
807	1463
808	1366
809	1374
810	1305
811	1363
812	1380
813	1385
814	1320
815	1414
816	1252
817	1381
818	1395
819	1262
820	1276
821	1299
822	1295
823	1323
824	1341
825	1324
826	1285
827	1252
828	1291
829	1290
830	1225
831	1290
832	1196
833	1286
834	1313
835	1283
836	1239
837	1244
838	1296
839	1244
840	1346
841	1252
842	1266
843	1280
844	1219
845	1248
846	1242
847	1242
848	1258
849	1279
850	1308
851	1244
852	1306
853	1372
854	1336
855	1287
856	1248
857	1363
858	1285
859	1315
860	1239
861	1260
862	1346
863	1274
864	1308
865	1303
866	1266
867	1308
868	1321
869	1282
870	1320
871	1343
872	1252
873	1288
874	1325
875	1263
876	1314
877	1249
878	1224
879	1281
880	1267
881	1240
882	1254
883	1339
884	1285
885	1262
886	1245
887	1292
888	1184
889	1236
890	1240
891	1225
892	1355
893	1183
894	1222
895	1200
896	1256
897	1290
898	1220
899	1265
900	1171
901	1185
902	1200
903	1215
904	1193
905	1244
906	1235
907	1165
908	1264
909	1089
910	1152
911	1149
912	1157
913	1244
914	1196
915	1199
916	1211
917	1247
918	1233
919	1232
920	1251
921	1146
922	1139
923	1183
924	1139
925	1096
926	1139
927	1196
928	1181
929	1230
930	1210
931	1178
932	1203
933	1145
934	1152
935	1143
936	1102
937	1114
938	1096
939	1079
940	1158
941	1120
942	1129
943	1154
944	1086
945	1201
946	1194
947	1108
948	1152
949	1166
950	1110
951	1156
952	1161
953	1171
954	1087
955	1071
956	1090
957	1049
958	1094
959	1106
960	1079
961	1098
962	1074
963	1078
964	1087
965	1058
966	1091
967	1071
968	1087
969	1056
970	1044
971	978
972	1008
973	1037
974	1067
975	1135
976	1083
977	1056
978	1033
979	1066
980	1054
981	1117
982	1076
983	1042
984	1049
985	1021
986	1009
987	1047
988	1035
989	1047
990	1017
991	1009
992	1038
993	1017
994	1041
995	1040
996	992
997	943
998	995
999	1037
1000	1054
1001	1001
1002	1005
1003	1025
1004	1051
1005	986
1006	1004
1007	1040
1008	1025
1009	1058
1010	956
1011	1056
1012	950
1013	975
1014	1009
1015	936
1016	970
1017	971
1018	956
1019	965
1020	998
1021	925
1022	874
1023	1075
1024	920
1025	923
1026	917
1027	973
1028	894
1029	963
1030	967
1031	943
1032	938
1033	956
1034	844
1035	935
1036	945
1037	904
1038	886
1039	917
1040	877
1041	962
1042	914
1043	969
1044	908
1045	914
1046	942
1047	930
1048	913
1049	839
1050	834
1051	843
1052	904
1053	925
1054	888
1055	991
1056	969
1057	996
1058	940
1059	929
1060	897
1061	914
1062	970
1063	902
1064	908
1065	975
1066	929
1067	956
1068	950
1069	923
1070	908
1071	939
1072	951
1073	861
1074	900
1075	812
1076	879
1077	910
1078	853
1079	901
1080	887
1081	953
1082	954
1083	921
1084	882
1085	940
1086	927
1087	886
1088	912
1089	952
1090	907
1091	941
1092	933
1093	970
1094	972
1095	890
1096	957
1097	933
1098	958
1099	925
1100	893
1101	888
1102	911
1103	895
1104	934
1105	868
1106	882
1107	903
1108	831
1109	947
1110	919
1111	865
1112	898
1113	929
1114	939
1115	951
1116	930
1117	931
1118	862
1119	913
1120	838
1121	882
1122	939
1123	864
1124	841
1125	829
1126	901
1127	893
1128	883
1129	900
1130	922
1131	869
1132	878
1133	889
1134	929
1135	904
1136	911
1137	933
1138	907
1139	892
1140	836
1141	902
1142	823
1143	886
1144	850
1145	868
1146	912
1147	892
1148	904
1149	914
1150	902
1151	931
1152	911
1153	891
1154	956
1155	919
1156	915
1157	881
1158	887
1159	887
1160	886
1161	888
1162	887
1163	851
1164	913
1165	941
1166	930
1167	884
1168	946
1169	892
1170	872
1171	871
1172	934
1173	992
1174	919
1175	913
1176	891
1177	879
1178	904
1179	925
1180	892
1181	925
1182	978
1183	926
1184	880
1185	883
1186	873
1187	917
1188	863
1189	846
1190	886
1191	877
1192	923
1193	954
1194	949
1195	936
1196	950
1197	981
1198	863
1199	850
1200	909
1201	903
1202	939
1203	912
1204	970
1205	937
1206	954
1207	898
1208	911
1209	945
1210	911
1211	878
1212	907
1213	929
1214	928
1215	892
1216	936
1217	896
1218	932
1219	931
1220	911
1221	862
1222	842
1223	877
1224	927
1225	856
1226	905
1227	897
1228	944
1229	918
1230	864
1231	830
1232	852
1233	870
1234	862
1235	895
1236	893
1237	822
1238	856
1239	921
1240	937
1241	823
1242	877
1243	913
1244	888
1245	881
1246	816
1247	954
1248	877
1249	910
1250	925
1251	871
1252	945
1253	885
1254	862
1255	874
1256	870
1257	876
1258	907
1259	870
1260	896
1261	900
1262	880
1263	846
1264	927
1265	827
1266	883
1267	923
1268	904
1269	866
1270	909
1271	901
1272	893
1273	840
1274	855
1275	921
1276	900
1277	883
1278	874
1279	890
1280	912
1281	862
1282	872
1283	862
1284	838
1285	866
1286	855
1287	892
1288	842
1289	847
1290	921
1291	953
1292	885
1293	920
1294	880
1295	921
1296	938
1297	825
1298	826
1299	864
1300	860
1301	912
1302	895
1303	797
1304	886
1305	924
1306	888
1307	880
1308	873
1309	862
1310	908
1311	849
1312	863
1313	899
1314	877
1315	928
1316	889
1317	819
1318	836
1319	827
1320	890
1321	895
1322	834
1323	905
1324	883
1325	903
1326	872
1327	918
1328	802
1329	825
1330	863
1331	847
1332	879
1333	828
1334	857
1335	952
1336	875
1337	895
1338	859
1339	841
1340	866
1341	825
1342	849
1343	824
1344	913
1345	869
1346	799
1347	860
1348	845
1349	836
1350	931
1351	886
1352	847
1353	846
1354	823
1355	879
1356	906
1357	927
1358	845
1359	829
1360	833
1361	818
1362	843
1363	776
1364	734
1365	792
1366	844
1367	816
1368	810
1369	887
1370	844
1371	756
1372	850
1373	861
1374	814
1375	785
1376	837
1377	823
1378	796
1379	740
1380	830
1381	801
1382	837
1383	824
1384	795
1385	873
1386	779
1387	850
1388	876
1389	773
1390	814
1391	891
1392	857
1393	887
1394	847
1395	841
1396	863
1397	810
1398	868
1399	824
1400	825
1401	827
1402	879
1403	894
1404	872
1405	797
1406	878
1407	870
1408	850
1409	846
1410	787
1411	893
1412	899
1413	845
1414	873
1415	873
1416	840
1417	838
1418	755
1419	801
1420	829
1421	844
1422	847
1423	755
1424	839
1425	805
1426	860
1427	886
1428	700
1429	830
1430	827
1431	859
1432	738
1433	816
1434	815
1435	712
1436	806
1437	798
1438	814
1439	724
1440	767
1441	770
1442	764
1443	765
1444	825
1445	790
1446	832
1447	766
1448	745
1449	805
1450	702
1451	767
1452	756
1453	721
1454	841
1455	796
1456	783
1457	736
1458	756
1459	720
1460	774
1461	787
1462	755
1463	790
1464	757
1465	772
1466	766
1467	804
1468	798
1469	705
1470	792
1471	738
1472	753
1473	754
1474	695
1475	768
1476	783
1477	758
1478	767
1479	765
1480	750
1481	738
1482	754
1483	720
1484	754
1485	760
1486	790
1487	741
1488	734
1489	697
1490	754
1491	744
1492	782
1493	729
1494	796
1495	815
1496	824
1497	803
1498	782
1499	773
1500	718
1501	753
1502	786
1503	743
1504	744
1505	732
1506	746
1507	756
1508	779
1509	726
1510	822
1511	750
1512	774
1513	761
1514	772
1515	757
1516	706
1517	718
1518	757
1519	753
1520	745
1521	753
1522	784
1523	762
1524	750
1525	707
1526	760
1527	795
1528	816
1529	787
1530	758
1531	788
1532	797
1533	785
1534	759
1535	769
1536	753
1537	741
1538	788
1539	734
1540	755
1541	813
1542	766
1543	794
1544	793
1545	785
1546	798
1547	770
1548	733
1549	779
1550	714
1551	756
1552	730
1553	760
1554	768
1555	742
1556	774
1557	750
1558	769
1559	790
1560	800
1561	751
1562	799
1563	772
1564	781
1565	783
1566	795
1567	737
1568	794
1569	785
1570	747
1571	800
1572	807
1573	736
1574	739
1575	796
1576	789
1577	754
1578	771
1579	760
1580	738
1581	825
1582	764
1583	835
1584	804
1585	695
1586	708
1587	748
1588	765
1589	747
1590	721
1591	717
1592	767
1593	740
1594	812
1595	782
1596	717
1597	822
1598	763
1599	792
1600	739
1601	745
1602	779
1603	752
1604	722
1605	703
1606	744
1607	712
1608	724
1609	733
1610	760
1611	715
1612	753
1613	725
1614	780
1615	740
1616	720
1617	704
1618	726
1619	738
1620	697
1621	695
1622	739
1623	736
1624	742
1625	691
1626	722
1627	772
1628	757
1629	783
1630	750
1631	665
1632	769
1633	764
1634	769
1635	761
1636	708
1637	738
1638	741
1639	743
1640	727
1641	744
1642	776
1643	766
1644	757
1645	768
1646	753
1647	812
1648	703
1649	810
1650	731
1651	776
1652	729
1653	714
1654	724
1655	644
1656	687
1657	722
1658	735
1659	680
1660	670
1661	794
1662	706
1663	678
1664	666
1665	661
1666	761
1667	684
1668	736
1669	699
1670	724
1671	747
1672	688
1673	744
1674	776
1675	720
1676	728
1677	743
1678	682
1679	730
1680	730
1681	742
1682	738
1683	735
1684	708
1685	760
1686	719
1687	698
1688	774
1689	758
1690	766
1691	668
1692	759
1693	725
1694	655
1695	679
1696	737
1697	733
1698	673
1699	725
1700	656
1701	789
1702	787
1703	745
1704	772
1705	789
1706	740
1707	814
1708	734
1709	761
1710	704
1711	804
1712	763
1713	827
1714	721
1715	712
1716	685
1717	758
1718	748
1719	778
1720	759
1721	678
1722	744
1723	738
1724	789
1725	793
1726	821
1727	724
1728	731
1729	726
1730	738
1731	722
1732	733
1733	757
1734	802
1735	814
1736	768
1737	770
1738	782
1739	759
1740	784
1741	741
1742	738
1743	789
1744	782
1745	792
1746	769
1747	766
1748	744
1749	745
1750	742
1751	731
1752	894
1753	756
1754	787
1755	746
1756	752
1757	760
1758	722
1759	709
1760	748
1761	725
1762	773
1763	738
1764	729
1765	730
1766	687
1767	736
1768	667
1769	689
1770	721
1771	720
1772	742
1773	832
1774	703
1775	723
1776	747
1777	736
1778	678
1779	662
1780	715
1781	712
1782	667
1783	733
1784	645
1785	767
1786	669
1787	646
1788	705
1789	708
1790	713
1791	734
1792	711
1793	715
1794	654
1795	691
1796	671
1797	707
1798	802
1799	706
1800	777
1801	677
1802	683
1803	716
1804	749
1805	713
1806	647
1807	673
1808	721
1809	681
1810	671
1811	692
1812	706
1813	722
1814	702
1815	699
1816	704
1817	685
1818	676
1819	709
1820	674
1821	709
1822	719
1823	673
1824	720
1825	707
1826	748
1827	712
1828	690
1829	690
1830	704
1831	633
1832	724
1833	702
1834	706
1835	646
1836	669
1837	737
1838	686
1839	694
1840	733
1841	653
1842	640
1843	658
1844	688
1845	684
1846	753
1847	635
1848	681
1849	657
1850	698
1851	634
1852	677
1853	692
1854	698
1855	576
1856	660
1857	676
1858	688
1859	655
1860	652
1861	601
1862	687
1863	676
1864	622
1865	691
1866	715
1867	669
1868	670
1869	687
1870	685
1871	675
1872	672
1873	714
1874	690
1875	639
1876	667
1877	652
1878	632
1879	674
1880	621
1881	651
1882	714
1883	701
1884	605
1885	666
1886	643
1887	621
1888	642
1889	690
1890	652
1891	672
1892	650
1893	761
1894	714
1895	698
1896	694
1897	618
1898	612
1899	658
1900	625
1901	658
1902	667
1903	712
1904	601
1905	634
1906	622
1907	658
1908	620
1909	656
1910	606
1911	644
1912	663
1913	623
1914	639
1915	655
1916	632
1917	644
1918	670
1919	585
1920	634
1921	605
1922	654
1923	576
1924	683
1925	629
1926	622
1927	636
1928	600
1929	622
1930	644
1931	625
1932	628
1933	610
1934	639
1935	640
1936	694
1937	561
1938	678
1939	645
1940	657
1941	657
1942	634
1943	680
1944	623
1945	667
1946	684
1947	668
1948	620
1949	608
1950	600
1951	670
1952	612
1953	705
1954	582
1955	649
1956	681
1957	629
1958	665
1959	653
1960	667
1961	624
1962	641
1963	630
1964	728
1965	657
1966	684
1967	695
1968	656
1969	646
1970	691
1971	699
1972	655
1973	638
1974	672
1975	680
1976	687
1977	643
1978	626
1979	651
1980	640
1981	646
1982	710
1983	663
1984	632
1985	648
1986	604
1987	645
1988	636
1989	760
1990	691
1991	653
1992	643
1993	640
1994	728
1995	672
1996	669
1997	634
1998	723
1999	678
2000	673
2001	625
2002	606
2003	706
2004	747
2005	631
2006	715
2007	707
2008	747
2009	692
2010	660
2011	641
2012	699
2013	710
2014	664
2015	680
2016	702
2017	677
2018	683
2019	760
2020	709
2021	695
2022	716
2023	663
2024	644
2025	733
2026	654
2027	758
2028	660
2029	724
2030	661
2031	703
2032	693
2033	706
2034	697
2035	683
2036	605
2037	694
2038	747
2039	700
2040	735
2041	686
2042	689
2043	730
2044	697
2045	746
2046	706
2047	766
2048	750
2049	695
2050	704
2051	732
2052	733
2053	715
2054	705
2055	705
2056	702
2057	721
2058	753
2059	699
2060	733
2061	708
2062	757
2063	756
2064	713
2065	653
2066	734
2067	759
2068	715
2069	736
2070	691
2071	768
2072	733
2073	708
2074	741
2075	728
2076	739
2077	700
2078	709
2079	744
2080	714
2081	710
2082	678
2083	696
2084	652
2085	713
2086	771
2087	688
2088	786
2089	703
2090	806
2091	765
2092	692
2093	746
2094	703
2095	708
2096	696
2097	640
2098	655
2099	688
2100	739
2101	746
2102	719
2103	705
2104	735
2105	709
2106	703
2107	696
2108	699
2109	680
2110	735
2111	703
2112	694
2113	675
2114	684
2115	684
2116	718
2117	607
2118	660
2119	632
2120	670
2121	702
2122	629
2123	670
2124	714
2125	663
2126	698
2127	621
2128	752
2129	709
2130	673
2131	645
2132	658
2133	700
2134	628
2135	646
2136	674
2137	610
2138	617
2139	662
2140	627
2141	640
2142	670
2143	643
2144	653
2145	666
2146	668
2147	630
2148	634
2149	689
2150	635
2151	660
2152	674
2153	631
2154	639
2155	659
2156	692
2157	650
2158	664
2159	719
2160	653
2161	657
2162	693
2163	661
2164	663
2165	647
2166	670
2167	634
2168	665
2169	665
2170	622
2171	624
2172	644
2173	641
2174	660
2175	620
2176	653
2177	662
2178	687
2179	639
2180	632
2181	619
2182	651
2183	679
2184	612
2185	618
2186	641
2187	625
2188	593
2189	649
2190	582
2191	596
2192	619
2193	600
2194	636
2195	602
2196	607
2197	631
2198	603
2199	641
2200	649
2201	722
2202	626
2203	618
2204	656
2205	631
2206	593
2207	657
2208	686
2209	677
2210	651
2211	594
2212	585
2213	644
2214	647
2215	622
2216	648
2217	604
2218	640
2219	593
2220	662
2221	568
2222	623
2223	671
2224	674
2225	595
2226	596
2227	683
2228	628
2229	642
2230	587
2231	670
2232	582
2233	610
2234	665
2235	587
2236	640
2237	647
2238	561
2239	632
2240	683
2241	648
2242	689
2243	581
2244	585
2245	687
2246	660
2247	649
2248	605
2249	626
2250	673
2251	670
2252	636
2253	581
2254	648
2255	658
2256	635
2257	688
2258	625
2259	657
2260	668
2261	638
2262	675
2263	719
2264	654
2265	669
2266	650
2267	641
2268	643
2269	657
2270	599
2271	649
2272	669
2273	665
2274	671
2275	649
2276	712
2277	651
2278	662
2279	602
2280	617
2281	680
2282	664
2283	664
2284	658
2285	700
2286	638
2287	703
2288	638
2289	676
2290	618
2291	619
2292	596
2293	634
2294	617
2295	669
2296	622
2297	666
2298	620
2299	672
2300	635
2301	645
2302	673
2303	584
2304	648
2305	671
2306	666
2307	637
2308	653
2309	615
2310	614
2311	643
2312	665
2313	627
2314	637
2315	641
2316	668
2317	649
2318	626
2319	639
2320	611
2321	666
2322	648
2323	698
2324	650
2325	634
2326	690
2327	668
2328	627
2329	689
2330	631
2331	628
2332	655
2333	611
2334	646
2335	671
2336	592
2337	636
2338	649
2339	596
2340	593
2341	609
2342	576
2343	582
2344	640
2345	563
2346	588
2347	541
2348	639
2349	606
2350	623
2351	560
2352	614
2353	591
2354	555
2355	597
2356	531
2357	592
2358	573
2359	551
2360	619
2361	604
2362	635
2363	579
2364	561
2365	575
2366	586
2367	614
2368	602
2369	589
2370	605
2371	561
2372	571
2373	605
2374	605
2375	568
2376	586
2377	570
2378	586
2379	583
2380	595
2381	620
2382	648
2383	659
2384	590
2385	621
2386	645
2387	601
2388	632
2389	634
2390	622
2391	636
2392	593
2393	635
2394	622
2395	644
2396	619
2397	596
2398	616
2399	595
2400	617
2401	622
2402	649
2403	586
2404	596
2405	605
2406	584
2407	622
2408	637
2409	635
2410	628
2411	634
2412	614
2413	614
2414	604
2415	614
2416	601
2417	559
2418	663
2419	609
2420	650
2421	631
2422	601
2423	627
2424	626
2425	660
2426	679
2427	601
2428	659
2429	575
2430	694
2431	670
2432	640
2433	640
2434	618
2435	517
2436	626
2437	618
2438	581
2439	628
2440	646
2441	610
2442	632
2443	605
2444	544
2445	582
2446	578
2447	584
2448	622
2449	576
2450	650
2451	611
2452	583
2453	593
2454	608
2455	652
2456	604
2457	616
2458	541
2459	638
2460	604
2461	566
2462	603
2463	614
2464	556
2465	613
2466	595
2467	646
2468	595
2469	663
2470	621
2471	601
2472	585
2473	579
2474	657
2475	559
2476	608
2477	557
2478	565
2479	570
2480	554
2481	600
2482	518
2483	551
2484	587
2485	600
2486	625
2487	615
2488	584
2489	596
2490	583
2491	623
2492	593
2493	552
2494	532
2495	570
2496	602
2497	608
2498	633
2499	644
2500	599
2501	551
2502	580
2503	578
2504	583
2505	553
2506	570
2507	579
2508	599
2509	619
2510	573
2511	612
2512	579
2513	589
2514	546
2515	635
2516	620
2517	572
2518	589
2519	618
2520	565
2521	582
2522	590
2523	582
2524	622
2525	580
2526	645
2527	592
2528	636
2529	638
2530	618
2531	570
2532	573
2533	585
2534	577
2535	569
2536	568
2537	586
2538	598
2539	557
2540	618
2541	608
2542	579
2543	574
2544	546
2545	567
2546	615
2547	561
2548	544
2549	528
2550	533
2551	530
2552	568
2553	544
2554	522
2555	551
2556	570
2557	562
2558	580
2559	528
2560	532
2561	560
2562	524
2563	516
2564	541
2565	516
2566	524
2567	583
2568	573
2569	625
2570	561
2571	563
2572	536
2573	575
2574	601
2575	565
2576	591
2577	535
2578	556
2579	536
2580	609
2581	523
2582	546
2583	593
2584	564
2585	509
2586	544
2587	574
2588	521
2589	538
2590	546
2591	517
2592	502
2593	597
2594	515
2595	543
2596	533
2597	540
2598	525
2599	466
2600	523
2601	534
2602	508
2603	539
2604	582
2605	569
2606	572
2607	488
2608	497
2609	514
2610	497
2611	533
2612	554
2613	557
2614	539
2615	496
2616	526
2617	559
2618	500
2619	532
2620	531
2621	514
2622	564
2623	563
2624	554
2625	566
2626	551
2627	492
2628	529
2629	550
2630	513
2631	504
2632	565
2633	509
2634	528
2635	562
2636	462
2637	588
2638	540
2639	542
2640	571
2641	519
2642	514
2643	547
2644	578
2645	538
2646	491
2647	493
2648	478
2649	581
2650	548
2651	518
2652	494
2653	540
2654	523
2655	482
2656	546
2657	548
2658	524
2659	537
2660	513
2661	579
2662	541
2663	503
2664	565
2665	540
2666	528
2667	471
2668	550
2669	531
2670	515
2671	509
2672	473
2673	543
2674	518
2675	494
2676	511
2677	566
2678	527
2679	572
2680	550
2681	476
2682	513
2683	512
2684	485
2685	545
2686	506
2687	532
2688	528
2689	518
2690	569
2691	594
2692	546
2693	562
2694	530
2695	526
2696	538
2697	513
2698	565
2699	483
2700	522
2701	545
2702	485
2703	534
2704	580
2705	548
2706	561
2707	566
2708	484
2709	559
2710	561
2711	528
2712	532
2713	529
2714	505
2715	579
2716	585
2717	566
2718	495
2719	509
2720	463
2721	510
2722	525
2723	530
2724	478
2725	500
2726	508
2727	519
2728	534
2729	536
2730	509
2731	530
2732	496
2733	547
2734	546
2735	458
2736	528
2737	539
2738	472
2739	543
2740	526
2741	585
2742	522
2743	502
2744	473
2745	515
2746	502
2747	510
2748	550
2749	467
2750	502
2751	552
2752	492
2753	555
2754	485
2755	533
2756	524
2757	520
2758	518
2759	531
2760	514
2761	501
2762	485
2763	505
2764	491
2765	458
2766	515
2767	550
2768	527
2769	506
2770	560
2771	467
2772	495
2773	483
2774	524
2775	459
2776	534
2777	461
2778	503
2779	474
2780	508
2781	519
2782	526
2783	489
2784	538
2785	503
2786	489
2787	516
2788	513
2789	467
2790	476
2791	518
2792	508
2793	493
2794	536
2795	523
2796	473
2797	516
2798	501
2799	500
2800	485
2801	487
2802	472
2803	473
2804	550
2805	553
2806	575
2807	481
2808	469
2809	526
2810	501
2811	500
2812	459
2813	518
2814	483
2815	478
2816	528
2817	515
2818	496
2819	490
2820	512
2821	480
2822	500
2823	442
2824	452
2825	464
2826	509
2827	466
2828	469
2829	469
2830	444
2831	489
2832	496
2833	447
2834	458
2835	500
2836	424
2837	490
2838	531
2839	468
2840	460
2841	548
2842	478
2843	475
2844	475
2845	464
2846	412
2847	458
2848	443
2849	498
2850	515
2851	495
2852	499
2853	431
2854	457
2855	503
2856	456
2857	505
2858	450
2859	512
2860	448
2861	488
2862	521
2863	487
2864	510
2865	477
2866	485
2867	528
2868	437
2869	481
2870	489
2871	490
2872	476
2873	431
2874	522
2875	465
2876	434
2877	425
2878	477
2879	450
2880	496
2881	458
2882	538
2883	474
2884	466
2885	483
2886	498
2887	469
2888	485
2889	498
2890	479
2891	470
2892	484
2893	530
2894	500
2895	479
2896	449
2897	470
2898	510
2899	518
2900	472
2901	461
2902	476
2903	494
2904	464
2905	548
2906	505
2907	480
2908	455
2909	476
2910	461
2911	482
2912	468
2913	489
2914	490
2915	468
2916	433
2917	455
2918	477
2919	467
2920	469
2921	468
2922	496
2923	479
2924	494
2925	481
2926	452
2927	464
2928	519
2929	401
2930	448
2931	469
2932	472
2933	468
2934	454
2935	478
2936	530
2937	490
2938	471
2939	529
2940	435
2941	432
2942	492
2943	412
2944	496
2945	496
2946	522
2947	472
2948	448
2949	451
2950	452
2951	453
2952	484
2953	447
2954	408
2955	451
2956	463
2957	468
2958	450
2959	398
2960	483
2961	430
2962	448
2963	474
2964	409
2965	429
2966	447
2967	442
2968	402
2969	473
2970	397
2971	412
2972	446
2973	441
2974	477
2975	452
2976	446
2977	460
2978	473
2979	440
2980	434
2981	459
2982	396
2983	428
2984	464
2985	421
2986	432
2987	428
2988	480
2989	448
2990	413
2991	437
2992	407
2993	441
2994	439
2995	437
2996	479
2997	401
2998	456
2999	499
3000	487
3001	459
3002	450
3003	477
3004	459
3005	474
3006	472
3007	418
3008	411
3009	445
3010	483
3011	480
3012	461
3013	456
3014	453
3015	466
3016	420
3017	455
3018	437
3019	499
3020	521
3021	437
3022	478
3023	458
3024	517
3025	508
3026	510
3027	494
3028	472
3029	508
3030	517
3031	462
3032	431
3033	487
3034	514
3035	445
3036	429
3037	454
3038	495
3039	537
3040	482
3041	509
3042	490
3043	475
3044	456
3045	422
3046	493
3047	485
3048	436
3049	483
3050	483
3051	472
3052	461
3053	480
3054	465
3055	461
3056	500
3057	462
3058	508
3059	469
3060	482
3061	489
3062	465
3063	475
3064	466
3065	453
3066	476
3067	429
3068	473
3069	438
3070	430
3071	509
3072	453
3073	470
3074	500
3075	440
3076	482
3077	494
3078	501
3079	474
3080	473
3081	515
3082	462
3083	468
3084	485
3085	437
3086	466
3087	444
3088	463
3089	482
3090	480
3091	451
3092	489
3093	467
3094	495
3095	427
3096	454
3097	465
3098	445
3099	466
3100	478
3101	465
3102	451
3103	482
3104	472
3105	449
3106	505
3107	460
3108	460
3109	480
3110	502
3111	449
3112	470
3113	433
3114	482
3115	488
3116	456
3117	488
3118	411
3119	490
3120	480
3121	448
3122	434
3123	461
3124	420
3125	425
3126	402
3127	418
3128	450
3129	426
3130	418
3131	418
3132	425
3133	480
3134	463
3135	429
3136	455
3137	438
3138	403
3139	426
3140	491
3141	435
3142	439
3143	409
3144	484
3145	445
3146	382
3147	440
3148	443
3149	435
3150	430
3151	446
3152	451
3153	468
3154	433
3155	405
3156	462
3157	425
3158	470
3159	424
3160	427
3161	425
3162	403
3163	475
3164	430
3165	438
3166	425
3167	499
3168	418
3169	459
3170	462
3171	436
3172	444
3173	439
3174	437
3175	420
3176	419
3177	415
3178	390
3179	403
3180	449
3181	438
3182	413
3183	422
3184	460
3185	440
3186	448
3187	446
3188	491
3189	426
3190	443
3191	415
3192	452
3193	457
3194	447
3195	468
3196	461
3197	460
3198	443
3199	451
3200	475
3201	538
3202	488
3203	464
3204	459
3205	433
3206	408
3207	514
3208	501
3209	447
3210	449
3211	429
3212	464
3213	489
3214	467
3215	523
3216	546
3217	493
3218	498
3219	494
3220	465
3221	540
3222	498
3223	481
3224	476
3225	490
3226	492
3227	498
3228	453
3229	482
3230	511
3231	492
3232	465
3233	487
3234	465
3235	490
3236	476
3237	466
3238	495
3239	514
3240	473
3241	450
3242	472
3243	500
3244	469
3245	440
3246	452
3247	570
3248	462
3249	435
3250	543
3251	527
3252	492
3253	478
3254	502
3255	516
3256	477
3257	484
3258	499
3259	502
3260	484
3261	516
3262	492
3263	493
3264	480
3265	462
3266	426
3267	475
3268	419
3269	501
3270	494
3271	489
3272	483
3273	449
3274	460
3275	466
3276	483
3277	552
3278	462
3279	521
3280	451
3281	493
3282	500
3283	492
3284	511
3285	474
3286	463
3287	567
3288	507
3289	492
3290	448
3291	486
3292	479
3293	525
3294	492
3295	506
3296	445
3297	491
3298	521
3299	540
3300	487
3301	533
3302	547
3303	509
3304	500
3305	460
3306	446
3307	503
3308	487
3309	517
3310	516
3311	521
3312	454
3313	453
3314	503
3315	507
3316	511
3317	520
3318	519
3319	493
3320	523
3321	494
3322	531
3323	477
3324	513
3325	500
3326	510
3327	576
3328	506
3329	543
3330	522
3331	493
3332	531
3333	556
3334	552
3335	533
3336	512
3337	556
3338	484
3339	555
3340	549
3341	496
3342	566
3343	528
3344	586
3345	570
3346	501
3347	516
3348	520
3349	537
3350	524
3351	499
3352	534
3353	481
3354	506
3355	526
3356	480
3357	536
3358	463
3359	513
3360	452
3361	441
3362	506
3363	441
3364	479
3365	522
3366	492
3367	489
3368	488
3369	464
3370	493
3371	442
3372	468
3373	463
3374	455
3375	509
3376	492
3377	459
3378	433
3379	462
3380	497
3381	466
3382	461
3383	442
3384	435
3385	473
3386	441
3387	473
3388	454
3389	460
3390	466
3391	457
3392	433
3393	414
3394	473
3395	455
3396	401
3397	422
3398	459
3399	497
3400	478
3401	409
3402	427
3403	451
3404	440
3405	414
3406	412
3407	430
3408	390
3409	434
3410	420
3411	472
3412	430
3413	438
3414	450
3415	405
3416	466
3417	450
3418	407
3419	432
3420	456
3421	451
3422	446
3423	459
3424	431
3425	430
3426	408
3427	418
3428	441
3429	432
3430	436
3431	457
3432	414
3433	476
3434	449
3435	403
3436	434
3437	428
3438	430
3439	437
3440	447
3441	432
3442	460
3443	452
3444	448
3445	481
3446	442
3447	439
3448	488
3449	443
3450	458
3451	481
3452	460
3453	452
3454	459
3455	451
3456	430
3457	518
3458	469
3459	465
3460	506
3461	500
3462	509
3463	472
3464	500
3465	470
3466	443
3467	462
3468	437
3469	443
3470	464
3471	439
3472	440
3473	439
3474	399
3475	438
3476	439
3477	431
3478	390
3479	386
3480	419
3481	448
3482	421
3483	456
3484	430
3485	409
3486	479
3487	469
3488	424
3489	464
3490	419
3491	460
3492	435
3493	499
3494	411
3495	418
3496	460
3497	398
3498	412
3499	430
3500	442
3501	414
3502	401
3503	447
3504	440
3505	472
3506	416
3507	381
3508	449
3509	413
3510	407
3511	419
3512	392
3513	415
3514	375
3515	387
3516	367
3517	372
3518	367
3519	434
3520	421
3521	430
3522	360
3523	379
3524	386
3525	407
3526	405
3527	404
3528	374
3529	395
3530	382
3531	387
3532	382
3533	337
3534	328
3535	331
3536	397
3537	392
3538	356
3539	348
3540	359
3541	351
3542	356
3543	343
3544	380
3545	379
3546	349
3547	376
3548	334
3549	331
3550	390
3551	363
3552	352
3553	355
3554	379
3555	372
3556	349
3557	368
3558	341
3559	406
3560	380
3561	353
3562	339
3563	434
3564	363
3565	411
3566	425
3567	384
3568	374
3569	333
3570	348
3571	359
3572	384
3573	346
3574	337
3575	364
3576	392
3577	358
3578	357
3579	388
3580	399
3581	352
3582	399
3583	343
3584	377
3585	340
3586	387
3587	357
3588	371
3589	377
3590	356
3591	370
3592	392
3593	384
3594	369
3595	363
3596	353
3597	341
3598	360
3599	365
3600	375
3601	365
3602	375
3603	406
3604	364
3605	395
3606	425
3607	387
3608	344
3609	388
3610	386
3611	449
3612	415
3613	390
3614	425
3615	384
3616	423
3617	410
3618	429
3619	434
3620	421
3621	393
3622	373
3623	407
3624	423
3625	459
3626	421
3627	385
3628	346
3629	404
3630	388
3631	427
3632	420
3633	363
3634	375
3635	371
3636	397
3637	399
3638	398
3639	396
3640	340
3641	379
3642	457
3643	331
3644	422
3645	401
3646	386
3647	426
3648	406
3649	391
3650	412
3651	424
3652	384
3653	434
3654	360
3655	332
3656	425
3657	376
3658	417
3659	375
3660	385
3661	412
3662	395
3663	391
3664	368
3665	382
3666	393
3667	413
3668	394
3669	387
3670	376
3671	385
3672	405
3673	367
3674	397
3675	353
3676	384
3677	361
3678	357
3679	390
3680	393
3681	399
3682	385
3683	378
3684	425
3685	351
3686	362
3687	334
3688	331
3689	337
3690	414
3691	361
3692	346
3693	382
3694	358
3695	366
3696	380
3697	394
3698	377
3699	364
3700	397
3701	379
3702	342
3703	378
3704	372
3705	425
3706	409
3707	350
3708	352
3709	418
3710	379
3711	430
3712	386
3713	352
3714	380
3715	372
3716	423
3717	426
3718	348
3719	369
3720	399
3721	352
3722	312
3723	382
3724	357
3725	346
3726	368
3727	438
3728	406
3729	389
3730	428
3731	384
3732	441
3733	435
3734	385
3735	435
3736	382
3737	363
3738	351
3739	395
3740	410
3741	381
3742	321
3743	366
3744	352
3745	374
3746	349
3747	383
3748	400
3749	385
3750	382
3751	399
3752	363
3753	423
3754	371
3755	438
3756	405
3757	371
3758	420
3759	394
3760	362
3761	364
3762	362
3763	359
3764	326
3765	343
3766	388
3767	331
3768	338
3769	394
3770	402
3771	375
3772	315
3773	392
3774	376
3775	363
3776	339
3777	360
3778	328
3779	349
3780	408
3781	373
3782	368
3783	398
3784	350
3785	384
3786	357
3787	404
3788	410
3789	361
3790	334
3791	329
3792	394
3793	371
3794	337
3795	344
3796	321
3797	369
3798	345
3799	348
3800	364
3801	341
3802	381
3803	396
3804	381
3805	373
3806	375
3807	371
3808	361
3809	366
3810	417
3811	393
3812	388
3813	354
3814	376
3815	381
3816	355
3817	386
3818	396
3819	370
3820	414
3821	365
3822	414
3823	355
3824	380
3825	355
3826	321
3827	370
3828	346
3829	327
3830	342
3831	366
3832	394
3833	394
3834	383
3835	359
3836	369
3837	341
3838	352
3839	352
3840	366
3841	341
3842	375
3843	332
3844	361
3845	357
3846	390
3847	378
3848	357
3849	372
3850	349
3851	357
3852	398
3853	384
3854	367
3855	391
3856	363
3857	363
3858	372
3859	415
3860	393
3861	405
3862	343
3863	365
3864	387
3865	342
3866	358
3867	358
3868	331
3869	334
3870	331
3871	361
3872	363
3873	356
3874	329
3875	369
3876	347
3877	351
3878	370
3879	329
3880	338
3881	328
3882	330
3883	363
3884	364
3885	354
3886	340
3887	331
3888	361
3889	314
3890	388
3891	355
3892	379
3893	369
3894	346
3895	355
3896	362
3897	344
3898	357
3899	346
3900	335
3901	351
3902	353
3903	391
3904	341
3905	355
3906	399
3907	354
3908	357
3909	401
3910	419
3911	354
3912	371
3913	361
3914	394
3915	385
3916	352
3917	371
3918	351
3919	369
3920	321
3921	379
3922	353
3923	365
3924	382
3925	330
3926	382
3927	330
3928	367
3929	353
3930	363
3931	368
3932	341
3933	348
3934	344
3935	362
3936	329
3937	306
3938	346
3939	335
3940	300
3941	360
3942	353
3943	419
3944	371
3945	342
3946	366
3947	366
3948	411
3949	323
3950	354
3951	349
3952	363
3953	359
3954	346
3955	380
3956	413
3957	347
3958	387
3959	375
3960	371
3961	362
3962	358
3963	386
3964	377
3965	372
3966	391
3967	391
3968	415
3969	427
3970	362
3971	385
3972	390
3973	391
3974	384
3975	388
3976	329
3977	373
3978	362
3979	375
3980	415
3981	385
3982	404
3983	375
3984	383
3985	394
3986	358
3987	381
3988	334
3989	409
3990	346
3991	412
3992	355
3993	409
3994	382
3995	400
3996	373
3997	347
3998	378
3999	394
4000	392
4001	407
4002	433
4003	391
4004	391
4005	374
4006	373
4007	405
4008	392
4009	396
4010	378
4011	408
4012	423
4013	436
4014	433
4015	433
4016	373
4017	426
4018	426
4019	418
4020	435
4021	399
4022	430
4023	423
4024	419
4025	404
4026	437
4027	391
4028	416
4029	406
4030	409
4031	406
4032	434
4033	431
4034	404
4035	497
4036	408
4037	459
4038	451
4039	427
4040	396
4041	448
4042	435
4043	431
4044	444
4045	450
4046	395
4047	476
4048	391
4049	447
4050	444
4051	415
4052	459
4053	436
4054	414
4055	447
4056	447
4057	399
4058	490
4059	438
4060	465
4061	432
4062	434
4063	428
4064	420
4065	436
4066	427
4067	454
4068	434
4069	377
4070	444
4071	468
4072	470
4073	420
4074	442
4075	398
4076	437
4077	445
4078	455
4079	454
4080	489
4081	436
4082	442
4083	460
4084	466
4085	475
4086	411
4087	404
4088	441
4089	423
4090	426
4091	445
4092	465
4093	426
4094	414
4095	466
4096	458
4097	480
4098	489
4099	523
4100	488
4101	448
4102	531
4103	460
4104	487
4105	468
4106	469
4107	467
4108	437
4109	497
4110	442
4111	445
4112	488
4113	438
4114	430
4115	411
4116	467
4117	465
4118	445
4119	427
4120	462
4121	414
4122	470
4123	431
4124	424
4125	458
4126	438
4127	439
4128	417
4129	431
4130	382
4131	372
4132	419
4133	410
4134	402
4135	408
4136	419
4137	408
4138	406
4139	396
4140	431
4141	474
4142	459
4143	405
4144	453
4145	408
4146	372
4147	385
4148	382
4149	345
4150	385
4151	393
4152	389
4153	427
4154	386
4155	373
4156	400
4157	391
4158	368
4159	397
4160	398
4161	384
4162	337
4163	351
4164	378
4165	360
4166	356
4167	363
4168	339
4169	359
4170	398
4171	422
4172	357
4173	352
4174	392
4175	428
4176	392
4177	400
4178	344
4179	373
4180	393
4181	374
4182	328
4183	349
4184	323
4185	339
4186	350
4187	377
4188	358
4189	346
4190	357
4191	346
4192	343
4193	332
4194	348
4195	356
4196	317
4197	293
4198	347
4199	378
4200	363
4201	351
4202	323
4203	335
4204	310
4205	356
4206	345
4207	331
4208	340
4209	339
4210	327
4211	315
4212	318
4213	332
4214	293
4215	291
4216	289
4217	304
4218	285
4219	342
4220	341
4221	348
4222	356
4223	303
4224	308
4225	323
4226	293
4227	307
4228	332
4229	332
4230	315
4231	351
4232	311
4233	290
4234	273
4235	333
4236	350
4237	317
4238	324
4239	322
4240	309
4241	306
4242	339
4243	267
4244	318
4245	303
4246	289
4247	331
4248	292
4249	336
4250	327
4251	302
4252	351
4253	289
4254	316
4255	308
4256	313
4257	281
4258	337
4259	314
4260	306
4261	346
4262	341
4263	299
4264	269
4265	288
4266	300
4267	338
4268	320
4269	346
4270	320
4271	295
4272	315
4273	264
4274	302
4275	305
4276	335
4277	313
4278	249
4279	327
4280	278
4281	280
4282	325
4283	314
4284	330
4285	340
4286	309
4287	333
4288	278
4289	300
4290	284
4291	330
4292	315
4293	315
4294	307
4295	324
4296	285
4297	273
4298	289
4299	290
4300	322
4301	321
4302	295
4303	292
4304	334
4305	299
4306	296
4307	319
4308	330
4309	301
4310	301
4311	276
4312	338
4313	319
4314	298
4315	269
4316	332
4317	297
4318	332
4319	329
4320	308
4321	301
4322	276
4323	306
4324	305
4325	286
4326	313
4327	280
4328	271
4329	265
4330	283
4331	288
4332	321
4333	310
4334	281
4335	271
4336	252
4337	237
4338	300
4339	299
4340	317
4341	286
4342	308
4343	305
4344	305
4345	299
4346	304
4347	324
4348	229
4349	274
4350	257
4351	321
4352	270
4353	279
4354	318
4355	296
4356	317
4357	279
4358	287
4359	281
4360	310
4361	304
4362	293
4363	311
4364	255
4365	295
4366	250
4367	234
4368	272
4369	274
4370	280
4371	297
4372	298
4373	234
4374	290
4375	274
4376	281
4377	270
4378	272
4379	289
4380	273
4381	254
4382	231
4383	296
4384	269
4385	252
4386	262
4387	269
4388	291
4389	281
4390	289
4391	250
4392	283
4393	293
4394	290
4395	280
4396	294
4397	267
4398	288
4399	273
4400	303
4401	271
4402	262
4403	263
4404	298
4405	271
4406	269
4407	311
4408	268
4409	288
4410	294
4411	275
4412	279
4413	263
4414	306
4415	250
4416	307
4417	254
4418	289
4419	246
4420	275
4421	243
4422	274
4423	265
4424	255
4425	255
4426	250
4427	268
4428	272
4429	265
4430	261
4431	284
4432	268
4433	294
4434	265
4435	261
4436	243
4437	276
4438	289
4439	248
4440	247
4441	255
4442	248
4443	283
4444	264
4445	273
4446	259
4447	247
4448	263
4449	256
4450	279
4451	291
4452	295
4453	311
4454	236
4455	330
4456	272
4457	276
4458	295
4459	259
4460	271
4461	287
4462	267
4463	275
4464	261
4465	272
4466	287
4467	276
4468	332
4469	298
4470	281
4471	265
4472	299
4473	271
4474	253
4475	311
4476	281
4477	280
4478	254
4479	295
4480	290
4481	301
4482	282
4483	282
4484	303
4485	308
4486	278
4487	262
4488	281
4489	310
4490	298
4491	272
4492	265
4493	324
4494	322
4495	284
4496	264
4497	302
4498	286
4499	273
4500	312
4501	313
4502	272
4503	295
4504	302
4505	319
4506	321
4507	286
4508	276
4509	287
4510	276
4511	279
4512	311
4513	327
4514	295
4515	316
4516	320
4517	290
4518	316
4519	286
4520	280
4521	312
4522	323
4523	294
4524	299
4525	318
4526	252
4527	286
4528	284
4529	295
4530	287
4531	325
4532	291
4533	288
4534	329
4535	320
4536	327
4537	326
4538	327
4539	329
4540	309
4541	354
4542	302
4543	293
4544	309
4545	320
4546	313
4547	329
4548	326
4549	280
4550	322
4551	352
4552	313
4553	275
4554	328
4555	344
4556	338
4557	282
4558	326
4559	375
4560	353
4561	308
4562	271
4563	326
4564	329
4565	316
4566	303
4567	305
4568	317
4569	331
4570	321
4571	299
4572	319
4573	280
4574	325
4575	355
4576	343
4577	324
4578	319
4579	345
4580	307
4581	277
4582	319
4583	312
4584	314
4585	329
4586	322
4587	314
4588	382
4589	332
4590	297
4591	289
4592	300
4593	309
4594	324
4595	330
4596	321
4597	317
4598	310
4599	330
4600	272
4601	296
4602	319
4603	306
4604	282
4605	313
4606	326
4607	251
4608	273
4609	288
4610	280
4611	306
4612	312
4613	308
4614	324
4615	304
4616	239
4617	303
4618	278
4619	290
4620	275
4621	270
4622	281
4623	283
4624	277
4625	278
4626	272
4627	274
4628	307
4629	277
4630	285
4631	260
4632	315
4633	299
4634	304
4635	301
4636	291
4637	271
4638	273
4639	250
4640	278
4641	264
4642	273
4643	272
4644	261
4645	250
4646	291
4647	273
4648	274
4649	335
4650	288
4651	280
4652	275
4653	273
4654	261
4655	283
4656	310
4657	266
4658	283
4659	260
4660	227
4661	263
4662	244
4663	283
4664	285
4665	301
4666	324
4667	286
4668	289
4669	267
4670	284
4671	315
4672	244
4673	262
4674	243
4675	284
4676	283
4677	253
4678	259
4679	288
4680	290
4681	269
4682	272
4683	313
4684	248
4685	257
4686	306
4687	265
4688	289
4689	242
4690	250
4691	305
4692	294
4693	283
4694	276
4695	267
4696	261
4697	275
4698	264
4699	254
4700	278
4701	230
4702	262
4703	249
4704	238
4705	255
4706	254
4707	255
4708	224
4709	232
4710	264
4711	280
4712	243
4713	249
4714	269
4715	274
4716	235
4717	271
4718	277
4719	266
4720	246
4721	240
4722	261
4723	258
4724	248
4725	223
4726	243
4727	232
4728	251
4729	219
4730	250
4731	314
4732	274
4733	251
4734	277
4735	270
4736	267
4737	269
4738	280
4739	272
4740	262
4741	271
4742	304
4743	268
4744	249
4745	281
4746	287
4747	257
4748	284
4749	281
4750	243
4751	288
4752	262
4753	225
4754	270
4755	217
4756	260
4757	295
4758	281
4759	265
4760	265
4761	231
4762	242
4763	270
4764	246
4765	240
4766	244
4767	217
4768	237
4769	259
4770	267
4771	276
4772	227
4773	272
4774	266
4775	312
4776	270
4777	249
4778	294
4779	253
4780	294
4781	277
4782	290
4783	271
4784	302
4785	254
4786	296
4787	250
4788	225
4789	258
4790	243
4791	231
4792	250
4793	292
4794	240
4795	279
4796	277
4797	308
4798	263
4799	262
4800	272
4801	273
4802	224
4803	302
4804	298
4805	271
4806	282
4807	292
4808	253
4809	264
4810	283
4811	261
4812	300
4813	257
4814	255
4815	253
4816	222
4817	288
4818	226
4819	248
4820	277
4821	264
4822	287
4823	305
4824	262
4825	240
4826	269
4827	275
4828	231
4829	255
4830	274
4831	271
4832	233
4833	218
4834	234
4835	281
4836	292
4837	252
4838	305
4839	263
4840	282
4841	283
4842	261
4843	256
4844	294
4845	291
4846	266
4847	221
4848	250
4849	275
4850	298
4851	275
4852	244
4853	246
4854	243
4855	225
4856	254
4857	251
4858	258
4859	222
4860	266
4861	255
4862	263
4863	251
4864	235
4865	231
4866	237
4867	244
4868	265
4869	287
4870	251
4871	256
4872	249
4873	251
4874	246
4875	280
4876	243
4877	243
4878	232
4879	250
4880	217
4881	240
4882	232
4883	241
4884	243
4885	223
4886	244
4887	234
4888	240
4889	258
4890	282
4891	247
4892	240
4893	221
4894	252
4895	220
4896	222
4897	235
4898	224
4899	269
4900	237
4901	258
4902	281
4903	242
4904	273
4905	261
4906	261
4907	240
4908	262
4909	274
4910	273
4911	260
4912	231
4913	247
4914	212
4915	244
4916	265
4917	247
4918	264
4919	257
4920	247
4921	245
4922	235
4923	238
4924	303
4925	251
4926	258
4927	271
4928	255
4929	259
4930	237
4931	264
4932	254
4933	234
4934	220
4935	262
4936	298
4937	264
4938	278
4939	239
4940	221
4941	258
4942	238
4943	256
4944	264
4945	255
4946	239
4947	260
4948	248
4949	250
4950	225
4951	254
4952	246
4953	240
4954	252
4955	272
4956	240
4957	248
4958	244
4959	254
4960	276
4961	222
4962	243
4963	216
4964	276
4965	261
4966	236
4967	250
4968	278
4969	212
4970	293
4971	296
4972	250
4973	245
4974	267
4975	286
4976	246
4977	286
4978	266
4979	233
4980	262
4981	252
4982	279
4983	226
4984	249
4985	253
4986	239
4987	248
4988	246
4989	237
4990	264
4991	225
4992	257
4993	206
4994	239
4995	227
4996	184
4997	232
4998	235
4999	244
5000	221
5001	219
5002	235
5003	267
5004	235
5005	198
5006	251
5007	237
5008	261
5009	230
5010	233
5011	260
5012	261
5013	276
5014	230
5015	252
5016	296
5017	260
5018	247
5019	276
5020	267
5021	255
5022	259
5023	269
5024	243
5025	297
5026	265
5027	237
5028	260
5029	253
5030	247
5031	277
5032	277
5033	234
5034	256
5035	263
5036	233
5037	289
5038	262
5039	259
5040	269
5041	278
5042	261
5043	270
5044	269
5045	293
5046	288
5047	281
5048	225
5049	257
5050	304
5051	277
5052	256
5053	294
5054	269
5055	232
5056	268
5057	236
5058	230
5059	278
5060	271
5061	305
5062	271
5063	275
5064	285
5065	241
5066	267
5067	260
5068	247
5069	275
5070	280
5071	290
5072	260
5073	296
5074	252
5075	290
5076	284
5077	270
5078	245
5079	267
5080	301
5081	323
5082	279
5083	257
5084	275
5085	298
5086	289
5087	269
5088	270
5089	268
5090	267
5091	270
5092	261
5093	301
5094	287
5095	263
5096	296
5097	278
5098	264
5099	257
5100	279
5101	260
5102	277
5103	294
5104	270
5105	255
5106	291
5107	312
5108	325
5109	276
5110	290
5111	314
5112	273
5113	274
5114	257
5115	212
5116	267
5117	269
5118	296
5119	288
5120	282
5121	242
5122	278
5123	280
5124	257
5125	236
5126	257
5127	239
5128	265
5129	275
5130	263
5131	249
5132	313
5133	277
5134	268
5135	324
5136	259
5137	288
5138	265
5139	299
5140	255
5141	294
5142	260
5143	273
5144	232
5145	246
5146	287
5147	309
5148	286
5149	260
5150	262
5151	258
5152	251
5153	265
5154	248
5155	239
5156	307
5157	262
5158	248
5159	312
5160	283
5161	266
5162	282
5163	298
5164	253
5165	261
5166	225
5167	301
5168	251
5169	260
5170	255
5171	253
5172	264
5173	300
5174	284
5175	241
5176	281
5177	266
5178	270
5179	276
5180	270
5181	259
5182	249
5183	282
5184	270
5185	232
5186	267
5187	285
5188	300
5189	279
5190	269
5191	281
5192	296
5193	245
5194	242
5195	253
5196	220
5197	273
5198	296
5199	256
5200	252
5201	259
5202	269
5203	236
5204	253
5205	245
5206	235
5207	240
5208	229
5209	247
5210	240
5211	249
5212	248
5213	291
5214	253
5215	237
5216	264
5217	243
5218	252
5219	274
5220	246
5221	267
5222	250
5223	246
5224	254
5225	251
5226	251
5227	243
5228	243
5229	261
5230	213
5231	245
5232	256
5233	251
5234	267
5235	240
5236	245
5237	246
5238	248
5239	245
5240	235
5241	243
5242	224
5243	264
5244	225
5245	248
5246	244
5247	235
5248	260
5249	237
5250	259
5251	179
5252	215
5253	237
5254	245
5255	261
5256	232
5257	254
5258	248
5259	230
5260	185
5261	237
5262	251
5263	219
5264	235
5265	226
5266	184
5267	232
5268	231
5269	202
5270	242
5271	215
5272	268
5273	214
5274	242
5275	248
5276	227
5277	212
5278	221
5279	238
5280	235
5281	247
5282	255
5283	200
5284	212
5285	223
5286	227
5287	237
5288	239
5289	226
5290	211
5291	226
5292	203
5293	218
5294	248
5295	226
5296	214
5297	204
5298	248
5299	192
5300	200
5301	217
5302	223
5303	227
5304	221
5305	252
5306	233
5307	195
5308	189
5309	202
5310	230
5311	235
5312	205
5313	203
5314	211
5315	197
5316	203
5317	217
5318	197
5319	196
5320	222
5321	172
5322	186
5323	216
5324	210
5325	198
5326	184
5327	225
5328	170
5329	208
5330	193
5331	181
5332	185
5333	186
5334	176
5335	198
5336	163
5337	178
5338	171
5339	187
5340	176
5341	199
5342	186
5343	200
5344	210
5345	191
5346	179
5347	214
5348	187
5349	190
5350	162
5351	180
5352	204
5353	184
5354	200
5355	177
5356	199
5357	185
5358	223
5359	194
5360	214
5361	191
5362	188
5363	233
5364	217
5365	250
5366	223
5367	188
5368	240
5369	224
5370	215
5371	215
5372	235
5373	228
5374	205
5375	187
5376	238
5377	189
5378	213
5379	205
5380	201
5381	178
5382	196
5383	221
5384	195
5385	185
5386	213
5387	218
5388	191
5389	215
5390	197
5391	211
5392	196
5393	230
5394	206
5395	232
5396	206
5397	223
5398	215
5399	236
5400	232
5401	267
5402	203
5403	244
5404	224
5405	234
5406	234
5407	215
5408	217
5409	231
5410	254
5411	238
5412	245
5413	247
5414	219
5415	228
5416	215
5417	221
5418	207
5419	226
5420	230
5421	236
5422	197
5423	242
5424	210
5425	225
5426	254
5427	238
5428	218
5429	230
5430	223
5431	249
5432	219
5433	220
5434	253
5435	240
5436	209
5437	235
5438	225
5439	201
5440	229
5441	224
5442	220
5443	233
5444	240
5445	203
5446	248
5447	205
5448	229
5449	191
5450	211
5451	209
5452	223
5453	230
5454	236
5455	222
5456	220
5457	213
5458	245
5459	239
5460	238
5461	225
5462	205
5463	217
5464	184
5465	258
5466	233
5467	219
5468	242
5469	205
5470	232
5471	233
5472	256
5473	236
5474	229
5475	203
5476	220
5477	220
5478	237
5479	232
5480	237
5481	203
5482	241
5483	211
5484	253
5485	222
5486	240
5487	242
5488	259
5489	237
5490	240
5491	255
5492	232
5493	210
5494	223
5495	266
5496	295
5497	225
5498	275
5499	277
5500	298
5501	274
5502	250
5503	245
5504	248
5505	295
5506	280
5507	263
5508	246
5509	240
5510	265
5511	242
5512	246
5513	261
5514	261
5515	260
5516	222
5517	251
5518	235
5519	223
5520	267
5521	250
5522	262
5523	264
5524	288
5525	299
5526	267
5527	268
5528	288
5529	288
5530	225
5531	271
5532	263
5533	296
5534	267
5535	270
5536	279
5537	274
5538	272
5539	272
5540	304
5541	266
5542	299
5543	253
5544	265
5545	278
5546	307
5547	290
5548	293
5549	318
5550	273
5551	253
5552	258
5553	251
5554	271
5555	224
5556	262
5557	270
5558	235
5559	250
5560	232
5561	218
5562	276
5563	286
5564	218
5565	225
5566	223
5567	272
5568	264
5569	232
5570	245
5571	240
5572	232
5573	234
5574	235
5575	234
5576	265
5577	223
5578	258
5579	261
5580	244
5581	224
5582	235
5583	233
5584	231
5585	234
5586	270
5587	264
5588	241
5589	269
5590	270
5591	244
5592	238
5593	230
5594	268
5595	233
5596	261
5597	260
5598	240
5599	241
5600	234
5601	219
5602	258
5603	242
5604	250
5605	237
5606	221
5607	232
5608	220
5609	204
5610	256
5611	222
5612	225
5613	230
5614	209
5615	242
5616	217
5617	222
5618	221
5619	212
5620	224
5621	192
5622	234
5623	245
5624	273
5625	224
5626	275
5627	224
5628	249
5629	217
5630	269
5631	230
5632	257
5633	283
5634	291
5635	249
5636	253
5637	241
5638	262
5639	248
5640	253
5641	219
5642	296
5643	255
5644	247
5645	237
5646	226
5647	231
5648	252
5649	253
5650	264
5651	300
5652	240
5653	280
5654	248
5655	283
5656	241
5657	257
5658	253
5659	291
5660	247
5661	275
5662	269
5663	258
5664	239
5665	259
5666	264
5667	243
5668	255
5669	281
5670	248
5671	281
5672	261
5673	297
5674	290
5675	296
5676	266
5677	253
5678	237
5679	249
5680	258
5681	277
5682	276
5683	256
5684	271
5685	234
5686	276
5687	256
5688	240
5689	253
5690	297
5691	247
5692	274
5693	222
5694	252
5695	255
5696	319
5697	253
5698	272
5699	274
5700	273
5701	260
5702	256
5703	245
5704	280
5705	251
5706	268
5707	283
5708	268
5709	267
5710	253
5711	273
5712	248
5713	269
5714	247
5715	265
5716	260
5717	275
5718	277
5719	301
5720	263
5721	271
5722	275
5723	252
5724	234
5725	278
5726	291
5727	275
5728	293
5729	251
5730	252
5731	232
5732	224
5733	276
5734	260
5735	233
5736	257
5737	239
5738	219
5739	267
5740	292
5741	222
5742	257
5743	262
5744	231
5745	262
5746	261
5747	243
5748	264
5749	254
5750	228
5751	263
5752	251
5753	261
5754	269
5755	250
5756	224
5757	277
5758	240
5759	238
5760	245
5761	231
5762	246
5763	254
5764	235
5765	206
5766	249
5767	237
5768	197
5769	232
5770	222
5771	242
5772	242
5773	225
5774	231
5775	225
5776	228
5777	231
5778	230
5779	235
5780	247
5781	243
5782	241
5783	234
5784	220
5785	231
5786	242
5787	215
5788	228
5789	232
5790	239
5791	250
5792	216
5793	209
5794	200
5795	229
5796	231
5797	219
5798	222
5799	204
5800	190
5801	244
5802	212
5803	210
5804	244
5805	187
5806	195
5807	213
5808	190
5809	198
5810	203
5811	204
5812	232
5813	201
5814	216
5815	203
5816	229
5817	224
5818	213
5819	239
5820	216
5821	216
5822	218
5823	224
5824	209
5825	239
5826	215
5827	236
5828	261
5829	219
5830	269
5831	242
5832	260
5833	263
5834	219
5835	244
5836	260
5837	257
5838	270
5839	215
5840	231
5841	259
5842	237
5843	231
5844	257
5845	224
5846	244
5847	240
5848	218
5849	265
5850	242
5851	262
5852	261
5853	261
5854	274
5855	278
5856	298
5857	262
5858	257
5859	280
5860	243
5861	273
5862	264
5863	252
5864	239
5865	228
5866	245
5867	210
5868	219
5869	187
5870	224
5871	213
5872	230
5873	205
5874	224
5875	200
5876	252
5877	247
5878	233
5879	194
5880	235
5881	236
5882	219
5883	236
5884	229
5885	185
5886	213
5887	212
5888	243
5889	242
5890	253
5891	212
5892	256
5893	253
5894	251
5895	241
5896	241
5897	234
5898	243
5899	231
5900	232
5901	284
5902	239
5903	242
5904	223
5905	241
5906	246
5907	261
5908	265
5909	252
5910	211
5911	241
5912	255
5913	222
5914	210
5915	253
5916	235
5917	224
5918	268
5919	199
5920	255
5921	254
5922	217
5923	193
5924	222
5925	264
5926	213
5927	192
5928	192
5929	221
5930	258
5931	192
5932	239
5933	231
5934	241
5935	219
5936	244
5937	238
5938	254
5939	273
5940	205
5941	238
5942	234
5943	249
5944	234
5945	259
5946	234
5947	250
5948	230
5949	228
5950	227
5951	212
5952	261
5953	212
5954	211
5955	241
5956	262
5957	229
5958	256
5959	228
5960	237
5961	260
5962	248
5963	251
5964	238
5965	240
5966	278
5967	254
5968	280
5969	270
5970	245
5971	238
5972	234
5973	243
5974	223
5975	224
5976	228
5977	217
5978	236
5979	275
5980	266
5981	252
5982	219
5983	260
5984	249
5985	268
5986	216
5987	238
5988	251
5989	259
5990	256
5991	206
5992	268
5993	233
5994	245
5995	278
5996	241
5997	248
5998	244
5999	252
6000	225
6001	229
6002	235
6003	212
6004	269
6005	252
6006	260
6007	215
6008	259
6009	247
6010	266
6011	236
6012	234
6013	212
6014	235
6015	223
6016	280
6017	228
6018	239
6019	214
6020	245
6021	217
6022	290
6023	242
6024	287
6025	215
6026	246
6027	256
6028	218
6029	217
6030	244
6031	215
6032	210
6033	230
6034	209
6035	223
6036	214
6037	255
6038	225
6039	244
6040	260
6041	238
6042	258
6043	253
6044	268
6045	221
6046	256
6047	248
6048	235
6049	244
6050	218
6051	212
6052	226
6053	226
6054	221
6055	207
6056	224
6057	208
6058	215
6059	231
6060	210
6061	229
6062	203
6063	233
6064	212
6065	212
6066	265
6067	211
6068	245
6069	230
6070	225
6071	220
6072	227
6073	197
6074	197
6075	270
6076	257
6077	239
6078	192
6079	201
6080	234
6081	203
6082	266
6083	198
6084	210
6085	215
6086	204
6087	231
6088	261
6089	224
6090	218
6091	253
6092	227
6093	220
6094	225
6095	229
6096	208
6097	222
6098	202
6099	216
6100	216
6101	261
6102	221
6103	241
6104	216
6105	248
6106	228
6107	257
6108	248
6109	210
6110	246
6111	223
6112	213
6113	225
6114	225
6115	218
6116	231
6117	258
6118	257
6119	206
6120	242
6121	232
6122	228
6123	258
6124	229
6125	278
6126	237
6127	241
6128	230
6129	215
6130	237
6131	187
6132	217
6133	244
6134	243
6135	220
6136	212
6137	229
6138	223
6139	253
6140	263
6141	223
6142	182
6143	231
6144	206
6145	225
6146	214
6147	221
6148	241
6149	232
6150	243
6151	233
6152	248
6153	255
6154	255
6155	233
6156	215
6157	261
6158	223
6159	241
6160	214
6161	211
6162	213
6163	224
6164	232
6165	201
6166	215
6167	237
6168	211
6169	201
6170	225
6171	194
6172	223
6173	241
6174	221
6175	182
6176	236
6177	230
6178	227
6179	203
6180	223
6181	241
6182	211
6183	215
6184	211
6185	233
6186	225
6187	236
6188	228
6189	219
6190	223
6191	228
6192	223
6193	204
6194	202
6195	245
6196	234
6197	196
6198	213
6199	229
6200	179
6201	224
6202	197
6203	223
6204	204
6205	199
6206	207
6207	190
6208	213
6209	215
6210	221
6211	241
6212	207
6213	194
6214	206
6215	223
6216	202
6217	218
6218	205
6219	214
6220	202
6221	213
6222	205
6223	186
6224	203
6225	189
6226	194
6227	218
6228	198
6229	193
6230	161
6231	201
6232	184
6233	192
6234	179
6235	179
6236	202
6237	195
6238	204
6239	165
6240	214
6241	211
6242	181
6243	208
6244	211
6245	223
6246	198
6247	185
6248	212
6249	216
6250	208
6251	221
6252	190
6253	210
6254	207
6255	199
6256	251
6257	242
6258	178
6259	196
6260	186
6261	227
6262	239
6263	217
6264	241
6265	221
6266	251
6267	225
6268	237
6269	226
6270	217
6271	265
6272	242
6273	248
6274	230
6275	202
6276	235
6277	237
6278	222
6279	231
6280	236
6281	217
6282	205
6283	201
6284	230
6285	190
6286	204
6287	212
6288	233
6289	223
6290	202
6291	219
6292	252
6293	224
6294	193
6295	217
6296	223
6297	183
6298	215
6299	209
6300	215
6301	224
6302	240
6303	225
6304	206
6305	218
6306	233
6307	207
6308	213
6309	225
6310	182
6311	221
6312	217
6313	228
6314	245
6315	236
6316	242
6317	215
6318	193
6319	197
6320	226
6321	192
6322	172
6323	226
6324	245
6325	230
6326	219
6327	226
6328	227
6329	178
6330	243
6331	223
6332	214
6333	219
6334	215
6335	193
6336	225
6337	226
6338	208
6339	234
6340	238
6341	245
6342	193
6343	212
6344	246
6345	226
6346	205
6347	217
6348	257
6349	195
6350	226
6351	235
6352	241
6353	234
6354	258
6355	234
6356	231
6357	233
6358	224
6359	225
6360	227
6361	220
6362	208
6363	244
6364	241
6365	210
6366	187
6367	211
6368	216
6369	209
6370	247
6371	207
6372	226
6373	205
6374	228
6375	222
6376	217
6377	211
6378	245
6379	224
6380	203
6381	209
6382	222
6383	198
6384	226
6385	244
6386	199
6387	209
6388	212
6389	240
6390	214
6391	189
6392	228
6393	207
6394	182
6395	247
6396	203
6397	206
6398	212
6399	220
6400	174
6401	176
6402	185
6403	190
6404	193
6405	218
6406	217
6407	169
6408	202
6409	197
6410	198
6411	175
6412	187
6413	188
6414	200
6415	216
6416	185
6417	212
6418	177
6419	177
6420	195
6421	170
6422	203
6423	176
6424	207
6425	189
6426	191
6427	206
6428	169
6429	193
6430	181
6431	190
6432	198
6433	197
6434	227
6435	200
6436	210
6437	237
6438	216
6439	224
6440	197
6441	195
6442	185
6443	209
6444	172
6445	217
6446	175
6447	203
6448	207
6449	209
6450	175
6451	181
6452	195
6453	211
6454	195
6455	194
6456	194
6457	203
6458	188
6459	221
6460	218
6461	199
6462	190
6463	184
6464	176
6465	200
6466	186
6467	203
6468	216
6469	214
6470	229
6471	203
6472	209
6473	192
6474	206
6475	221
6476	194
6477	220
6478	193
6479	181
6480	193
6481	206
6482	199
6483	155
6484	165
6485	177
6486	198
6487	204
6488	205
6489	190
6490	207
6491	153
6492	219
6493	192
6494	198
6495	219
6496	212
6497	213
6498	199
6499	213
6500	219
6501	212
6502	191
6503	190
6504	199
6505	172
6506	196
6507	167
6508	194
6509	215
6510	207
6511	205
6512	197
6513	188
6514	207
6515	222
6516	223
6517	231
6518	221
6519	184
6520	219
6521	203
6522	204
6523	204
6524	214
6525	220
6526	233
6527	213
6528	164
6529	175
6530	190
6531	201
6532	205
6533	185
6534	223
6535	206
6536	188
6537	175
6538	154
6539	190
6540	198
6541	202
6542	241
6543	178
6544	192
6545	209
6546	200
6547	193
6548	198
6549	199
6550	169
6551	194
6552	253
6553	216
6554	181
6555	208
6556	209
6557	189
6558	223
6559	188
6560	220
6561	209
6562	180
6563	216
6564	214
6565	187
6566	198
6567	192
6568	219
6569	185
6570	198
6571	192
6572	193
6573	172
6574	180
6575	182
6576	224
6577	207
6578	203
6579	223
6580	228
6581	251
6582	235
6583	210
6584	207
6585	215
6586	177
6587	192
6588	183
6589	202
6590	200
6591	191
6592	195
6593	201
6594	191
6595	193
6596	186
6597	207
6598	178
6599	200
6600	194
6601	173
6602	208
6603	203
6604	178
6605	207
6606	211
6607	197
6608	195
6609	224
6610	222
6611	192
6612	194
6613	187
6614	175
6615	197
6616	191
6617	186
6618	202
6619	159
6620	185
6621	203
6622	204
6623	218
6624	194
6625	183
6626	179
6627	184
6628	196
6629	183
6630	182
6631	186
6632	210
6633	210
6634	175
6635	184
6636	196
6637	161
6638	160
6639	173
6640	198
6641	177
6642	199
6643	183
6644	175
6645	176
6646	181
6647	157
6648	187
6649	157
6650	205
6651	151
6652	189
6653	182
6654	230
6655	191
6656	180
6657	161
6658	191
6659	175
6660	195
6661	144
6662	185
6663	201
6664	179
6665	200
6666	171
6667	172
6668	183
6669	158
6670	188
6671	164
6672	171
6673	162
6674	158
6675	183
6676	167
6677	162
6678	181
6679	161
6680	172
6681	174
6682	161
6683	174
6684	196
6685	167
6686	174
6687	207
6688	165
6689	163
6690	175
6691	166
6692	177
6693	171
6694	155
6695	158
6696	154
6697	169
6698	162
6699	200
6700	168
6701	183
6702	174
6703	169
6704	156
6705	149
6706	190
6707	177
6708	139
6709	174
6710	196
6711	206
6712	165
6713	173
6714	174
6715	179
6716	193
6717	187
6718	182
6719	192
6720	178
6721	189
6722	164
6723	187
6724	220
6725	192
6726	177
6727	163
6728	190
6729	180
6730	185
6731	189
6732	184
6733	193
6734	190
6735	184
6736	207
6737	161
6738	191
6739	182
6740	197
6741	202
6742	183
6743	182
6744	193
6745	184
6746	164
6747	187
6748	182
6749	178
6750	178
6751	188
6752	175
6753	190
6754	182
6755	175
6756	166
6757	153
6758	192
6759	191
6760	159
6761	180
6762	207
6763	171
6764	201
6765	176
6766	196
6767	209
6768	178
6769	162
6770	200
6771	168
6772	203
6773	200
6774	152
6775	178
6776	188
6777	205
6778	178
6779	163
6780	236
6781	226
6782	188
6783	202
6784	208
6785	194
6786	200
6787	205
6788	179
6789	163
6790	182
6791	176
6792	189
6793	186
6794	161
6795	167
6796	176
6797	151
6798	210
6799	213
6800	162
6801	188
6802	221
6803	221
6804	192
6805	229
6806	201
6807	199
6808	170
6809	214
6810	198
6811	179
6812	210
6813	189
6814	158
6815	213
6816	195
6817	187
6818	216
6819	184
6820	184
6821	176
6822	217
6823	175
6824	190
6825	174
6826	203
6827	183
6828	170
6829	202
6830	188
6831	185
6832	183
6833	197
6834	170
6835	218
6836	204
6837	183
6838	173
6839	196
6840	181
6841	189
6842	162
6843	188
6844	177
6845	183
6846	179
6847	201
6848	176
6849	210
6850	217
6851	193
6852	198
6853	197
6854	199
6855	235
6856	185
6857	183
6858	168
6859	163
6860	188
6861	192
6862	162
6863	177
6864	219
6865	198
6866	223
6867	182
6868	198
6869	200
6870	220
6871	191
6872	198
6873	221
6874	191
6875	204
6876	214
6877	178
6878	196
6879	196
6880	227
6881	182
6882	186
6883	215
6884	180
6885	199
6886	210
6887	192
6888	192
6889	217
6890	240
6891	182
6892	229
6893	240
6894	220
6895	202
6896	209
6897	205
6898	232
6899	177
6900	191
6901	184
6902	207
6903	205
6904	232
6905	212
6906	182
6907	208
6908	206
6909	224
6910	224
6911	230
6912	201
6913	227
6914	239
6915	235
6916	211
6917	220
6918	264
6919	219
6920	221
6921	203
6922	223
6923	227
6924	242
6925	221
6926	236
6927	221
6928	222
6929	200
6930	230
6931	238
6932	230
6933	212
6934	211
6935	239
6936	239
6937	224
6938	217
6939	226
6940	207
6941	229
6942	235
6943	256
6944	215
6945	264
6946	244
6947	224
6948	268
6949	266
6950	225
6951	217
6952	225
6953	235
6954	207
6955	243
6956	260
6957	228
6958	269
6959	230
6960	228
6961	252
6962	207
6963	228
6964	246
6965	253
6966	243
6967	224
6968	278
6969	240
6970	212
6971	226
6972	260
6973	236
6974	237
6975	219
6976	240
6977	257
6978	219
6979	216
6980	234
6981	273
6982	246
6983	234
6984	246
6985	230
6986	244
6987	244
6988	206
6989	234
6990	218
6991	190
6992	198
6993	219
6994	210
6995	226
6996	203
6997	216
6998	204
6999	211
7000	241
7001	215
7002	220
7003	221
7004	213
7005	211
7006	231
7007	190
7008	232
7009	200
7010	247
7011	208
7012	246
7013	226
7014	205
7015	210
7016	220
7017	203
7018	218
7019	208
7020	212
7021	204
7022	205
7023	217
7024	224
7025	213
7026	212
7027	198
7028	229
7029	203
7030	210
7031	221
7032	182
7033	205
7034	193
7035	219
7036	172
7037	202
7038	206
7039	199
7040	206
7041	203
7042	186
7043	185
7044	202
7045	195
7046	211
7047	196
7048	197
7049	195
7050	190
7051	190
7052	206
7053	242
7054	198
7055	186
7056	191
7057	193
7058	203
7059	205
7060	204
7061	188
7062	185
7063	184
7064	176
7065	200
7066	213
7067	193
7068	196
7069	206
7070	180
7071	255
7072	214
7073	191
7074	234
7075	233
7076	216
7077	180
7078	187
7079	194
7080	178
7081	186
7082	202
7083	181
7084	206
7085	194
7086	171
7087	219
7088	199
7089	178
7090	168
7091	169
7092	229
7093	210
7094	207
7095	189
7096	183
7097	211
7098	206
7099	213
7100	188
7101	216
7102	206
7103	196
7104	197
7105	224
7106	205
7107	189
7108	198
7109	173
7110	162
7111	202
7112	237
7113	167
7114	187
7115	211
7116	210
7117	168
7118	199
7119	214
7120	222
7121	166
7122	209
7123	200
7124	184
7125	190
7126	163
7127	182
7128	203
7129	195
7130	198
7131	168
7132	242
7133	190
7134	217
7135	206
7136	220
7137	192
7138	204
7139	218
7140	192
7141	207
7142	200
7143	182
7144	173
7145	180
7146	186
7147	191
7148	208
7149	193
7150	209
7151	208
7152	202
7153	185
7154	180
7155	234
7156	189
7157	212
7158	217
7159	210
7160	209
7161	226
7162	210
7163	221
7164	196
7165	216
7166	214
7167	187
7168	196
7169	242
7170	228
7171	191
7172	222
7173	197
7174	201
7175	193
7176	216
7177	233
7178	228
7179	192
7180	206
7181	190
7182	187
7183	208
7184	227
7185	213
7186	219
7187	204
7188	209
7189	237
7190	197
7191	230
7192	213
7193	204
7194	201
7195	209
7196	208
7197	234
7198	224
7199	224
7200	221
7201	238
7202	232
7203	228
7204	205
7205	225
7206	187
7207	222
7208	228
7209	165
7210	209
7211	256
7212	199
7213	234
7214	208
7215	226
7216	235
7217	198
7218	236
7219	268
7220	233
7221	228
7222	210
7223	249
7224	196
7225	201
7226	277
7227	230
7228	211
7229	216
7230	241
7231	229
7232	185
7233	194
7234	227
7235	228
7236	218
7237	233
7238	206
7239	215
7240	260
7241	227
7242	205
7243	229
7244	195
7245	202
7246	217
7247	192
7248	211
7249	239
7250	212
7251	253
7252	235
7253	225
7254	210
7255	222
7256	213
7257	226
7258	216
7259	232
7260	200
7261	226
7262	223
7263	205
7264	224
7265	219
7266	246
7267	221
7268	250
7269	202
7270	222
7271	254
7272	212
7273	232
7274	223
7275	209
7276	241
7277	224
7278	208
7279	202
7280	201
7281	189
7282	202
7283	196
7284	163
7285	188
7286	219
7287	193
7288	201
7289	203
7290	195
7291	189
7292	198
7293	195
7294	204
7295	190
7296	198
7297	213
7298	215
7299	216
7300	228
7301	241
7302	179
7303	222
7304	202
7305	205
7306	191
7307	213
7308	197
7309	217
7310	199
7311	188
7312	201
7313	198
7314	191
7315	208
7316	177
7317	213
7318	183
7319	207
7320	220
7321	195
7322	202
7323	189
7324	181
7325	232
7326	206
7327	197
7328	199
7329	189
7330	179
7331	179
7332	196
7333	179
7334	204
7335	185
7336	166
7337	192
7338	228
7339	188
7340	171
7341	195
7342	226
7343	187
7344	211
7345	228
7346	200
7347	196
7348	177
7349	188
7350	209
7351	196
7352	199
7353	203
7354	193
7355	212
7356	193
7357	161
7358	183
7359	203
7360	192
7361	214
7362	216
7363	211
7364	204
7365	191
7366	242
7367	187
7368	172
7369	171
7370	177
7371	211
7372	179
7373	215
7374	184
7375	182
7376	203
7377	200
7378	193
7379	199
7380	174
7381	190
7382	193
7383	204
7384	169
7385	200
7386	173
7387	202
7388	211
7389	207
7390	215
7391	154
7392	227
7393	171
7394	177
7395	185
7396	206
7397	166
7398	220
7399	189
7400	204
7401	172
7402	195
7403	189
7404	187
7405	197
7406	200
7407	186
7408	198
7409	181
7410	207
7411	201
7412	214
7413	173
7414	160
7415	191
7416	195
7417	199
7418	218
7419	165
7420	173
7421	209
7422	197
7423	174
7424	203
7425	179
7426	183
7427	208
7428	216
7429	224
7430	199
7431	180
7432	182
7433	210
7434	185
7435	209
7436	189
7437	192
7438	174
7439	182
7440	214
7441	181
7442	192
7443	195
7444	200
7445	180
7446	159
7447	168
7448	194
7449	166
7450	170
7451	173
7452	213
7453	198
7454	179
7455	175
7456	172
7457	170
7458	159
7459	140
7460	157
7461	201
7462	168
7463	184
7464	188
7465	187
7466	171
7467	176
7468	138
7469	194
7470	158
7471	162
7472	154
7473	180
7474	163
7475	179
7476	160
7477	155
7478	165
7479	180
7480	181
7481	179
7482	158
7483	146
7484	174
7485	152
7486	148
7487	165
7488	140
7489	136
7490	164
7491	140
7492	148
7493	165
7494	157
7495	170
7496	157
7497	159
7498	162
7499	138
7500	144
7501	125
7502	152
7503	137
7504	143
7505	188
7506	173
7507	134
7508	163
7509	147
7510	160
7511	170
7512	131
7513	155
7514	168
7515	147
7516	162
7517	131
7518	145
7519	168
7520	151
7521	129
7522	159
7523	172
7524	139
7525	198
7526	171
7527	186
7528	182
7529	170
7530	166
7531	148
7532	137
7533	165
7534	161
7535	143
7536	147
7537	163
7538	165
7539	162
7540	159
7541	181
7542	149
7543	156
7544	181
7545	165
7546	186
7547	163
7548	153
7549	161
7550	174
7551	173
7552	154
7553	175
7554	170
7555	143
7556	187
7557	174
7558	178
7559	186
7560	152
7561	180
7562	171
7563	180
7564	167
7565	183
7566	143
7567	153
7568	162
7569	190
7570	156
7571	154
7572	185
7573	173
7574	155
7575	183
7576	174
7577	169
7578	177
7579	190
7580	189
7581	205
7582	195
7583	204
7584	173
7585	189
7586	197
7587	186
7588	215
7589	207
7590	168
7591	183
7592	197
7593	173
7594	161
7595	200
7596	175
7597	203
7598	168
7599	156
7600	169
7601	172
7602	172
7603	207
7604	191
7605	169
7606	172
7607	155
7608	125
7609	169
7610	180
7611	172
7612	150
7613	168
7614	193
7615	164
7616	164
7617	157
7618	154
7619	166
7620	158
7621	173
7622	173
7623	173
7624	177
7625	168
7626	187
7627	161
7628	152
7629	169
7630	137
7631	160
7632	175
7633	125
7634	147
7635	174
7636	131
7637	159
7638	176
7639	155
7640	151
7641	139
7642	149
7643	158
7644	166
7645	149
7646	150
7647	160
7648	167
7649	159
7650	158
7651	148
7652	138
7653	151
7654	118
7655	167
7656	118
7657	145
7658	138
7659	114
7660	134
7661	157
7662	128
7663	134
7664	140
7665	134
7666	163
7667	134
7668	181
7669	144
7670	166
7671	134
7672	132
7673	150
7674	144
7675	118
7676	172
7677	153
7678	134
7679	147
7680	144
7681	181
7682	118
7683	124
7684	160
7685	155
7686	138
7687	150
7688	131
7689	133
7690	129
7691	145
7692	153
7693	151
7694	121
7695	136
7696	145
7697	119
7698	153
7699	146
7700	145
7701	152
7702	145
7703	160
7704	161
7705	137
7706	166
7707	123
7708	134
7709	182
7710	164
7711	160
7712	164
7713	156
7714	136
7715	158
7716	145
7717	160
7718	138
7719	154
7720	158
7721	184
7722	135
7723	150
7724	161
7725	155
7726	203
7727	138
7728	182
7729	147
7730	154
7731	162
7732	179
7733	173
7734	133
7735	146
7736	167
7737	180
7738	154
7739	158
7740	169
7741	140
7742	180
7743	167
7744	142
7745	119
7746	174
7747	177
7748	171
7749	153
7750	145
7751	169
7752	163
7753	149
7754	187
7755	183
7756	166
7757	171
7758	148
7759	165
7760	136
7761	156
7762	150
7763	135
7764	163
7765	184
7766	156
7767	143
7768	170
7769	176
7770	164
7771	158
7772	153
7773	152
7774	136
7775	165
7776	135
7777	159
7778	131
7779	139
7780	165
7781	161
7782	158
7783	157
7784	170
7785	150
7786	156
7787	170
7788	172
7789	181
7790	151
7791	169
7792	174
7793	159
7794	153
7795	200
7796	179
7797	200
7798	166
7799	197
7800	176
7801	199
7802	186
7803	179
7804	156
7805	158
7806	187
7807	170
7808	162
7809	172
7810	180
7811	168
7812	186
7813	179
7814	186
7815	164
7816	155
7817	156
7818	165
7819	191
7820	148
7821	179
7822	156
7823	176
7824	170
7825	161
7826	160
7827	163
7828	161
7829	177
7830	159
7831	159
7832	148
7833	187
7834	158
7835	156
7836	168
7837	190
7838	161
7839	188
7840	173
7841	151
7842	153
7843	188
7844	187
7845	179
7846	176
7847	193
7848	164
7849	172
7850	187
7851	161
7852	166
7853	179
7854	164
7855	159
7856	191
7857	193
7858	188
7859	201
7860	186
7861	164
7862	180
7863	164
7864	194
7865	181
7866	176
7867	199
7868	181
7869	186
7870	168
7871	153
7872	184
7873	164
7874	164
7875	186
7876	188
7877	199
7878	214
7879	210
7880	180
7881	211
7882	223
7883	215
7884	234
7885	243
7886	253
7887	207
7888	224
7889	210
7890	208
7891	218
7892	233
7893	201
7894	229
7895	205
7896	233
7897	233
7898	202
7899	256
7900	215
7901	256
7902	241
7903	253
7904	286
7905	257
7906	221
7907	278
7908	265
7909	230
7910	248
7911	247
7912	277
7913	254
7914	219
7915	259
7916	254
7917	238
7918	250
7919	255
7920	249
7921	239
7922	233
7923	238
7924	213
7925	246
7926	250
7927	269
7928	257
7929	247
7930	280
7931	247
7932	254
7933	250
7934	271
7935	250
7936	264
7937	232
7938	293
7939	269
7940	306
7941	249
7942	246
7943	273
7944	252
7945	253
7946	275
7947	281
7948	301
7949	271
7950	244
7951	225
7952	262
7953	240
7954	250
7955	260
7956	251
7957	267
7958	248
7959	264
7960	199
7961	250
7962	263
7963	236
7964	224
7965	286
7966	284
7967	261
7968	281
7969	265
7970	293
7971	267
7972	250
7973	221
7974	232
7975	215
7976	230
7977	259
7978	244
7979	266
7980	194
7981	204
7982	220
7983	202
7984	220
7985	242
7986	204
7987	221
7988	214
7989	196
7990	200
7991	189
7992	245
7993	238
7994	245
7995	248
7996	261
7997	225
7998	214
7999	231
8000	1621616
