0	0
1	0
2	0
3	0
4	0
5	0
6	0
7	0
8	0
9	0
10	0
11	0
12	0
13	0
14	0
15	1
16	0
17	0
18	0
19	0
20	0
21	0
22	0
23	0
24	0
25	2
26	0
27	2
28	1
29	0
30	4
31	3
32	1
33	2
34	1
35	2
36	4
37	9
38	0
39	2
40	3
41	3
42	4
43	3
44	4
45	4
46	2
47	8
48	4
49	4
50	4
51	4
52	6
53	3
54	6
55	4
56	5
57	6
58	4
59	7
60	13
61	9
62	9
63	3
64	3
65	6
66	6
67	6
68	7
69	8
70	12
71	4
72	5
73	10
74	8
75	6
76	4
77	3
78	14
79	9
80	5
81	23
82	12
83	12
84	18
85	26
86	18
87	23
88	19
89	32
90	22
91	29
92	23
93	18
94	29
95	34
96	26
97	33
98	38
99	29
100	31
101	36
102	38
103	35
104	34
105	39
106	34
107	51
108	32
109	51
110	56
111	45
112	53
113	40
114	61
115	74
116	79
117	39
118	52
119	55
120	59
121	63
122	74
123	65
124	65
125	78
126	64
127	75
128	56
129	76
130	88
131	91
132	88
133	59
134	77
135	58
136	85
137	86
138	92
139	133
140	104
141	87
142	86
143	99
144	110
145	109
146	75
147	66
148	87
149	77
150	60
151	92
152	87
153	108
154	63
155	88
156	82
157	115
158	111
159	91
160	81
161	77
162	78
163	100
164	107
165	94
166	117
167	104
168	89
169	112
170	82
171	110
172	86
173	129
174	94
175	153
176	126
177	140
178	136
179	129
180	100
181	137
182	134
183	90
184	89
185	141
186	132
187	128
188	133
189	133
190	127
191	149
192	118
193	119
194	126
195	123
196	130
197	118
198	99
199	96
200	94
201	104
202	117
203	119
204	122
205	119
206	114
207	107
208	129
209	124
210	132
211	143
212	144
213	127
214	141
215	149
216	108
217	106
218	118
219	120
220	141
221	110
222	154
223	123
224	96
225	103
226	155
227	102
228	113
229	108
230	101
231	116
232	96
233	99
234	109
235	128
236	98
237	137
238	131
239	150
240	88
241	130
242	144
243	106
244	124
245	130
246	112
247	95
248	108
249	145
250	122
251	129
252	131
253	161
254	97
255	105
256	134
257	142
258	126
259	146
260	103
261	138
262	139
263	149
264	125
265	173
266	161
267	129
268	107
269	135
270	122
271	149
272	137
273	113
274	146
275	125
276	104
277	118
278	132
279	144
280	109
281	116
282	126
283	155
284	124
285	126
286	137
287	150
288	124
289	148
290	116
291	111
292	130
293	143
294	107
295	130
296	111
297	122
298	144
299	131
300	129
301	115
302	148
303	120
304	136
305	127
306	137
307	128
308	136
309	112
310	97
311	149
312	127
313	109
314	123
315	157
316	119
317	96
318	131
319	133
320	145
321	108
322	109
323	85
324	79
325	102
326	94
327	107
328	92
329	90
330	117
331	122
332	100
333	114
334	100
335	85
336	107
337	114
338	68
339	73
340	78
341	88
342	98
343	104
344	108
345	67
346	105
347	139
348	110
349	132
350	88
351	103
352	104
353	111
354	143
355	107
356	84
357	81
358	88
359	113
360	113
361	122
362	123
363	126
364	101
365	109
366	90
367	92
368	99
369	88
370	110
371	115
372	87
373	101
374	101
375	63
376	109
377	101
378	89
379	83
380	102
381	97
382	65
383	78
384	89
385	132
386	109
387	112
388	106
389	98
390	79
391	94
392	83
393	96
394	101
395	74
396	89
397	105
398	97
399	100
400	110
401	98
402	93
403	70
404	101
405	91
406	99
407	76
408	62
409	66
410	107
411	90
412	105
413	85
414	105
415	89
416	57
417	74
418	94
419	89
420	90
421	75
422	79
423	67
424	85
425	81
426	72
427	68
428	78
429	73
430	66
431	80
432	86
433	74
434	78
435	64
436	77
437	112
438	72
439	67
440	70
441	69
442	94
443	101
444	65
445	60
446	71
447	60
448	68
449	55
450	68
451	72
452	59
453	71
454	72
455	59
456	91
457	70
458	50
459	62
460	46
461	63
462	62
463	45
464	47
465	43
466	31
467	36
468	42
469	38
470	51
471	63
472	54
473	52
474	48
475	39
476	58
477	51
478	43
479	56
480	43
481	38
482	38
483	56
484	50
485	40
486	39
487	45
488	43
489	51
490	32
491	38
492	39
493	31
494	21
495	37
496	39
497	30
498	38
499	29
500	18
501	27
502	41
503	25
504	26
505	38
506	19
507	26
508	48
509	35
510	29
511	31
512	28
513	19
514	36
515	32
516	10
517	25
518	28
519	37
520	28
521	26
522	14
523	26
524	38
525	30
526	21
527	29
528	15
529	31
530	36
531	30
532	23
533	30
534	27
535	26
536	28
537	25
538	31
539	14
540	30
541	26
542	33
543	36
544	28
545	23
546	27
547	16
548	15
549	9
550	19
551	18
552	19
553	10
554	24
555	24
556	15
557	14
558	17
559	13
560	17
561	20
562	39
563	18
564	13
565	14
566	9
567	14
568	38
569	13
570	16
