0	0
1	0
2	0
3	0
4	0
5	0
6	0
7	0
8	0
9	0
10	0
11	0
12	0
13	0
14	0
15	1
16	0
17	0
18	0
19	0
20	0
21	0
22	0
23	0
24	0
25	2
26	0
27	2
28	1
29	0
30	4
31	3
32	1
33	2
34	1
35	2
36	4
37	9
38	0
39	3
40	3
41	3
42	5
43	3
44	5
45	5
46	2
47	12
48	4
49	5
50	6
51	5
52	7
53	3
54	6
55	4
56	5
57	8
58	4
59	7
60	15
61	10
62	16
63	3
64	3
65	7
66	6
67	6
68	9
69	8
70	14
71	6
72	5
73	12
74	11
75	6
76	4
77	3
78	15
79	12
80	6
81	26
82	13
83	16
84	21
85	29
86	20
87	24
88	25
89	35
90	26
91	34
92	28
93	23
94	34
95	43
96	33
97	40
98	51
99	35
100	44
101	46
102	46
103	43
104	39
105	45
106	48
107	84
108	46
109	58
110	81
111	64
112	87
113	54
114	124
115	139
116	115
117	46
118	89
119	78
120	110
121	97
122	111
123	147
124	106
125	169
126	95
127	128
128	104
129	129
130	147
131	164
132	188
133	99
134	122
135	106
136	125
137	141
138	167
139	293
140	236
141	262
142	139
143	167
144	286
145	278
146	244
147	121
148	224
149	191
150	139
151	213
152	203
153	335
154	156
155	294
156	225
157	312
158	215
159	309
160	313
161	208
162	262
163	317
164	243
165	209
166	349
167	281
168	363
169	260
170	208
171	323
172	240
173	434
174	293
175	574
176	473
177	434
178	309
179	335
180	448
181	327
182	384
183	317
184	350
185	577
186	449
187	602
188	478
189	344
190	437
191	434
192	405
193	375
194	460
195	383
196	559
197	511
198	343
199	369
200	307
201	337
202	492
203	501
204	426
205	405
206	455
207	420
208	437
209	661
210	409
211	497
212	640
213	387
214	501
215	564
216	490
217	436
218	524
219	362
220	490
221	452
222	709
223	591
224	372
225	438
226	612
227	365
228	461
229	480
230	287
231	686
232	419
233	393
234	437
235	564
236	296
237	463
238	506
239	636
240	367
241	605
242	733
243	466
244	576
245	818
246	558
247	320
248	564
249	679
250	495
251	544
252	495
253	661
254	217
255	273
256	537
257	648
258	563
259	772
260	485
261	704
262	560
263	694
264	529
265	751
266	775
267	592
268	341
269	749
270	368
271	591
272	596
273	457
274	542
275	610
276	627
277	425
278	518
279	746
280	505
281	458
282	484
283	764
284	379
285	590
286	561
287	891
288	527
289	736
290	524
291	398
292	710
293	812
294	409
295	501
296	415
297	332
298	630
299	523
300	518
301	504
302	634
303	432
304	443
305	627
306	564
307	645
308	515
309	517
310	289
311	444
312	513
313	412
314	483
315	633
316	527
317	363
318	513
319	578
320	596
321	466
322	306
323	354
324	366
325	383
326	443
327	397
328	291
329	262
330	355
331	507
332	306
333	485
334	429
335	320
336	456
337	337
338	258
339	259
340	283
341	165
342	267
343	289
344	419
345	196
346	384
347	662
348	316
349	693
350	354
351	273
352	335
353	456
354	553
355	339
356	321
357	290
358	210
359	417
360	428
361	380
362	589
363	552
364	383
365	479
366	371
367	245
368	378
369	365
370	441
371	383
372	237
373	302
374	339
375	174
376	383
377	292
378	263
379	282
380	299
381	498
382	201
383	210
384	173
385	429
386	478
387	322
388	275
389	454
390	275
391	298
392	350
393	269
394	328
395	239
396	265
397	348
398	266
399	336
400	356
401	334
402	279
403	188
404	334
405	300
406	428
407	208
408	140
409	210
410	340
411	285
412	334
413	282
414	311
415	352
416	181
417	158
418	266
419	223
420	215
421	186
422	258
423	257
424	222
425	296
426	189
427	129
428	218
429	226
430	126
431	246
432	294
433	155
434	155
435	151
436	214
437	354
438	194
439	132
440	163
441	170
442	268
443	294
444	132
445	133
446	138
447	168
448	131
449	175
450	139
451	185
452	91
453	199
454	167
455	141
456	244
457	160
458	118
459	162
460	138
461	187
462	153
463	136
464	111
465	148
466	68
467	68
468	87
469	83
470	96
471	182
472	137
473	114
474	86
475	62
476	114
477	200
478	60
479	121
480	112
481	101
482	94
483	122
484	125
485	66
486	96
487	68
488	117
489	108
490	60
491	83
492	64
493	98
494	30
495	67
496	101
497	62
498	101
499	47
500	66
501	38
502	87
503	32
504	34
505	50
506	34
507	49
508	87
509	65
510	42
511	58
512	44
513	22
514	87
515	47
516	13
517	33
518	57
519	76
520	37
521	53
522	22
523	38
524	107
525	68
526	39
527	58
528	21
529	83
530	67
531	56
532	29
533	76
534	54
535	54
536	67
537	47
538	53
539	22
540	43
541	48
542	105
543	63
544	79
545	52
546	76
547	24
548	26
549	16
550	39
551	31
552	42
553	35
