0	0
1	0
2	0
3	0
4	0
5	0
6	0
7	0
8	0
9	0
10	0
11	0
12	0
13	0
14	3
15	3
16	5
17	5
18	4
19	3
20	6
21	1
22	6
23	2
24	5
25	5
26	8
27	10
28	16
29	17
30	23
31	33
32	62
33	59
34	63
35	95
36	91
37	142
38	146
39	155
40	190
41	224
42	271
43	249
44	308
45	275
46	294
47	361
48	410
49	405
50	408
51	439
52	477
53	467
54	471
55	498
56	572
57	565
58	531
59	510
60	572
61	601
62	576
63	571
64	551
65	544
66	658
67	660
68	674
69	713
70	709
71	789
72	728
73	738
74	752
75	889
76	883
77	823
78	858
79	848
80	974
81	913
82	976
83	1019
84	1034
85	1088
86	1059
87	1090
88	1091
89	1238
90	2302
91	1880
92	1508
93	1463
94	1448
95	1467
96	1390
97	1457
98	1480
99	1512
100	1612
101	1712
102	1691
103	1743
104	1771
105	1892
106	2025
107	1924
108	2054
109	2329
110	2236
111	2282
112	2326
113	2313
114	2521
115	2530
116	2722
117	2821
118	2912
119	2993
120	3021
121	3034
122	3330
123	3305
124	3422
125	3454
126	3615
127	3508
128	3699
129	3759
130	3940
131	3763
132	4099
133	4178
134	4354
135	4219
136	4442
137	4592
138	4412
139	4595
140	4873
141	4673
142	4984
143	4953
144	5155
145	4709
146	5080
147	5831
148	6171
149	6470
150	6563
151	6573
152	6495
153	6617
154	6779
155	6879
156	6917
157	7036
158	7330
159	7267
160	7385
161	7520
162	7597
163	7621
164	7662
165	7711
166	7979
167	7780
168	8103
169	8031
170	7900
171	8083
172	8185
173	8210
174	8286
175	8578
176	8656
177	8275
178	8415
179	8541
180	8330
181	8398
182	8767
183	8624
184	8611
185	8563
186	8758
187	8825
188	8564
189	8606
190	8943
191	8835
192	8876
193	8856
194	9106
195	9042
196	9069
197	8902
198	9031
199	8870
200	8610
201	8771
202	8744
203	8969
204	8940
205	8649
206	8850
207	8889
208	8242
209	8695
210	8446
211	8804
212	8379
213	8420
214	8396
215	8272
216	8395
217	8602
218	8229
219	8275
220	8284
221	8200
222	8352
223	8209
224	8204
225	7891
226	7869
227	8017
228	7778
229	7748
230	7705
231	7598
232	7862
233	7771
234	7647
235	7985
236	7691
237	7847
238	7249
239	7244
240	7251
241	7256
242	7295
243	7165
244	7268
245	7323
246	7101
247	7102
248	7137
249	6980
250	7084
251	7265
252	7120
253	7103
254	6914
255	6944
256	6931
257	6682
258	6958
259	6814
260	6545
261	6485
262	6534
263	6270
264	6080
265	5988
266	6341
267	6255
268	6172
269	6208
270	5845
271	6140
272	6093
273	5658
274	5772
275	5808
276	5835
277	5679
278	5831
279	5678
280	5674
281	5547
282	5357
283	5551
284	5407
285	5492
286	5462
287	5346
288	5391
289	5367
290	5021
291	5346
292	5086
293	5078
294	5303
295	5165
296	4863
297	4899
298	4808
299	4737
300	5084
301	4781
302	4811
303	4552
304	4770
305	4685
306	4558
307	4606
308	4483
309	4702
310	4597
311	4593
312	4659
313	4641
314	4470
315	4370
316	4302
317	4076
318	4099
319	4144
320	4189
321	4145
322	4041
323	3857
324	4137
325	4022
326	3865
327	3827
328	3775
329	3794
330	3945
331	3768
332	3604
333	3648
334	3824
335	3433
336	3614
337	3671
338	3606
339	3511
340	3484
341	3435
342	3374
343	3377
344	3419
345	3509
346	3404
347	3327
348	3334
349	3219
350	3470
351	3209
352	3234
353	3178
354	3109
355	3177
356	3107
357	3074
358	3144
359	2804
360	2886
361	2931
362	2926
363	2731
364	2744
365	2717
366	2973
367	2802
368	2846
369	2734
370	2855
371	2752
372	2890
373	2527
374	2705
375	2654
376	2783
377	2696
378	2793
379	2539
380	2570
381	2547
382	2493
383	2552
384	2484
385	2519
386	2405
387	2362
388	2550
389	2334
390	2350
391	2277
392	2290
393	2331
394	2334
395	2145
396	2271
397	2214
398	2211
399	2222
400	2266
401	2194
402	2142
403	2117
404	2205
405	2144
406	2108
407	1999
408	2093
409	2086
410	2028
411	1988
412	1996
413	2126
414	1833
415	1898
416	1843
417	1853
418	1901
419	1870
420	1895
421	1704
422	1806
423	1912
424	1780
425	1853
426	1830
427	1898
428	1820
429	1799
430	1936
431	1968
432	1734
433	1858
434	1764
435	1781
436	1778
437	1737
438	1710
439	1761
440	1716
441	1623
442	1595
443	1489
444	1668
445	1639
446	1523
447	1633
448	1697
449	1537
450	1529
451	1451
452	1340
453	1401
454	1511
455	1423
456	1437
457	1418
458	1405
459	1373
460	1471
461	1413
462	1497
463	1404
464	1328
465	1359
466	1309
467	1403
468	1364
469	1457
470	1300
471	1355
472	1414
473	1330
474	1314
475	1424
476	1227
477	1444
478	1357
479	1311
480	1255
481	1259
482	1369
483	1390
484	1243
485	1187
486	1257
487	1219
488	1249
489	1255
490	1254
491	1332
492	1135
493	1248
494	1189
495	1327
496	1126
497	1227
498	1209
499	1137
500	1125
501	1162
502	1206
503	1143
504	1219
505	1260
506	1167
507	1257
508	1268
509	1145
510	1161
511	1159
512	1111
513	1156
514	1219
515	1186
516	1223
517	1152
518	1139
519	1146
520	1113
521	1093
522	1118
523	1151
524	1099
525	1162
526	1202
527	1089
528	1169
529	1167
530	1071
531	1088
532	1082
533	1037
534	1012
535	1107
536	1047
537	1076
538	1029
539	1046
540	1080
541	963
542	1002
543	998
544	966
545	1033
546	1074
547	1092
548	1020
549	1001
550	960
551	1029
552	1070
553	988
554	993
555	948
556	957
557	916
558	1051
559	1029
560	1090
561	1006
562	1055
563	1058
564	922
565	1027
566	901
567	965
568	983
569	962
570	944
571	1030
572	929
573	898
574	927
575	889
576	951
577	935
578	963
579	897
580	1080
581	972
582	1001
583	1018
584	950
585	991
586	989
587	1010
588	961
589	935
590	889
591	994
592	913
593	996
594	942
595	902
596	858
597	819
598	851
599	917
600	887
601	956
602	913
603	848
604	927
605	822
606	921
607	817
608	777
609	943
610	852
611	885
612	838
613	778
614	887
615	863
616	905
617	828
618	841
619	787
620	778
621	791
622	854
623	878
624	818
625	812
626	773
627	803
628	870
629	814
630	848
631	855
632	825
633	880
634	818
635	817
636	822
637	814
638	813
639	820
640	799
641	859
642	891
643	832
644	788
645	822
646	806
647	775
648	767
649	782
650	805
651	810
652	786
653	769
654	733
655	764
656	719
657	775
658	767
659	734
660	713
661	788
662	731
663	734
664	770
665	727
666	711
667	802
668	728
669	785
670	758
671	748
672	825
673	859
674	733
675	771
676	780
677	759
678	746
679	748
680	693
681	735
682	760
683	704
684	663
685	754
686	736
687	743
688	775
689	765
690	686
691	697
692	707
693	754
694	757
695	755
696	709
697	766
698	718
699	706
700	647
701	745
702	709
703	739
704	766
705	702
706	753
707	667
708	675
709	859
710	806
711	731
712	768
713	678
714	661
715	653
716	681
717	711
718	756
719	721
720	767
721	684
722	684
723	704
724	678
725	698
726	697
727	699
728	691
729	682
730	731
731	725
732	624
733	640
734	654
735	643
736	690
737	745
738	691
739	607
740	696
741	599
742	624
743	608
744	585
745	615
746	635
747	642
748	729
749	643
750	656
751	589
752	572
753	607
754	667
755	621
756	559
757	584
758	566
759	588
760	627
761	608
762	637
763	637
764	547
765	590
766	529
767	567
768	533
769	610
770	612
771	627
772	667
773	605
774	589
775	676
776	566
777	580
778	577
779	596
780	624
781	539
782	559
783	582
784	587
785	632
786	608
787	623
788	603
789	556
790	593
791	556
792	584
793	623
794	574
795	597
796	540
797	582
798	582
799	605
800	598
801	597
802	580
803	562
804	516
805	469
806	619
807	482
808	595
809	611
810	635
811	536
812	567
813	644
814	614
815	644
816	616
817	635
818	627
819	560
820	632
821	615
822	557
823	578
824	547
825	544
826	556
827	500
828	551
829	530
830	558
831	557
832	622
833	589
834	553
835	617
836	544
837	631
838	552
839	516
840	654
841	557
842	538
843	559
844	578
845	607
846	544
847	648
848	582
849	583
850	552
851	552
852	558
853	517
854	580
855	582
856	561
857	524
858	587
859	598
860	553
861	631
862	531
863	691
864	629
865	561
866	579
867	539
868	583
869	604
870	618
871	522
872	596
873	563
874	584
875	619
876	569
877	588
878	596
879	565
880	547
881	589
882	553
883	599
884	574
885	569
886	561
887	532
888	552
889	562
890	506
891	491
892	606
893	512
894	495
895	617
896	544
897	622
898	556
899	583
900	491
901	560
902	533
903	584
904	563
905	630
906	587
907	493
908	540
909	585
910	521
911	541
912	507
913	521
914	532
915	521
916	492
917	496
918	468
919	434
920	470
921	458
922	515
923	506
924	465
925	503
926	489
927	514
928	503
929	533
930	513
931	553
932	545
933	574
934	506
935	517
936	492
937	505
938	566
939	543
940	500
941	538
942	525
943	565
944	575
945	569
946	511
947	594
948	487
949	554
950	502
951	492
952	561
953	493
954	540
955	467
956	519
957	513
958	527
959	546
960	541
961	607
962	530
963	554
964	537
965	526
966	561
967	510
968	526
969	530
970	530
971	567
972	569
973	603
974	528
975	495
976	558
977	536
978	546
979	540
980	532
981	516
982	475
983	459
984	503
985	533
986	454
987	498
988	563
989	506
990	506
991	525
992	506
993	524
994	531
995	541
996	529
997	540
998	557
999	553
1000	573
1001	571
1002	497
1003	504
1004	534
1005	506
1006	525
1007	546
1008	556
1009	480
1010	487
1011	464
1012	530
1013	526
1014	507
1015	500
1016	529
1017	539
1018	618
1019	554
1020	526
1021	586
1022	545
1023	499
1024	493
1025	549
1026	467
1027	492
1028	491
1029	448
1030	475
1031	470
1032	559
1033	536
1034	497
1035	491
1036	500
1037	511
1038	539
1039	474
1040	477
1041	479
1042	460
1043	483
1044	490
1045	478
1046	481
1047	496
1048	439
1049	507
1050	478
1051	457
1052	500
1053	477
1054	554
1055	465
1056	505
1057	555
1058	511
1059	459
1060	510
1061	475
1062	437
1063	405
1064	415
1065	463
1066	457
1067	424
1068	411
1069	432
1070	422
1071	464
1072	452
1073	448
1074	462
1075	439
1076	458
1077	467
1078	485
1079	516
1080	471
1081	469
1082	442
1083	493
1084	396
1085	383
1086	410
1087	431
1088	466
1089	460
1090	447
1091	438
1092	425
1093	443
1094	435
1095	430
1096	412
1097	450
1098	525
1099	469
1100	491
1101	531
1102	474
1103	469
1104	523
1105	496
1106	523
1107	471
1108	538
1109	508
1110	523
1111	501
1112	401
1113	421
1114	476
1115	442
1116	475
1117	446
1118	510
1119	519
1120	477
1121	449
1122	396
1123	501
1124	502
1125	438
1126	510
1127	426
1128	405
1129	516
1130	503
1131	487
1132	491
1133	445
1134	477
1135	419
1136	501
1137	547
1138	483
1139	517
1140	430
1141	505
1142	453
1143	484
1144	498
1145	453
1146	445
1147	412
1148	441
1149	477
1150	532
1151	507
1152	492
1153	523
1154	509
1155	426
1156	429
1157	431
1158	463
1159	454
1160	463
1161	466
1162	508
1163	424
1164	447
1165	491
1166	467
1167	463
1168	438
1169	469
1170	482
1171	479
1172	456
1173	442
1174	418
1175	474
1176	492
1177	468
1178	416
1179	446
1180	474
1181	452
1182	431
1183	446
1184	446
1185	419
1186	530
1187	481
1188	421
1189	489
1190	479
1191	397
1192	487
1193	440
1194	454
1195	405
1196	450
1197	390
1198	383
1199	472
1200	431
1201	412
1202	415
1203	478
1204	459
1205	413
1206	410
1207	455
1208	414
1209	442
1210	478
1211	420
1212	446
1213	411
1214	446
1215	411
1216	423
1217	445
1218	441
1219	394
1220	438
1221	466
1222	446
1223	431
1224	418
1225	466
1226	432
1227	461
1228	450
1229	371
1230	467
1231	461
1232	400
1233	458
1234	345
1235	442
1236	459
1237	395
1238	477
1239	430
1240	405
1241	475
1242	489
1243	429
1244	420
1245	457
1246	434
1247	455
1248	484
1249	409
1250	430
1251	473
1252	447
1253	477
1254	487
1255	446
1256	495
1257	413
1258	425
1259	443
1260	450
1261	437
1262	470
1263	435
1264	507
1265	441
1266	470
1267	454
1268	494
1269	485
1270	448
1271	437
1272	454
1273	458
1274	501
1275	496
1276	399
1277	488
1278	409
1279	407
1280	432
1281	420
1282	417
1283	409
1284	452
1285	453
1286	396
1287	447
1288	468
1289	401
1290	488
1291	457
1292	433
1293	461
1294	407
1295	445
1296	446
1297	479
1298	395
1299	423
1300	451
1301	471
1302	423
1303	493
1304	412
1305	404
1306	491
1307	441
1308	451
1309	462
1310	560
1311	444
1312	452
1313	419
1314	424
1315	429
1316	404
1317	428
1318	391
1319	428
1320	417
1321	405
1322	413
1323	432
1324	390
1325	406
1326	385
1327	377
1328	437
1329	449
1330	416
1331	445
1332	420
1333	327
1334	358
1335	409
1336	419
1337	383
1338	403
1339	427
1340	378
1341	393
1342	354
1343	422
1344	370
1345	362
1346	392
1347	403
1348	422
1349	413
1350	392
1351	361
1352	377
1353	368
1354	372
1355	365
1356	355
1357	361
1358	383
1359	347
1360	381
1361	372
1362	423
1363	371
1364	410
1365	404
1366	399
1367	419
1368	370
1369	388
1370	373
1371	339
1372	384
1373	410
1374	389
1375	450
1376	405
1377	364
1378	376
1379	354
1380	377
1381	464
1382	418
1383	371
1384	403
1385	385
1386	388
1387	385
1388	370
1389	441
1390	339
1391	478
1392	412
1393	409
1394	396
1395	383
1396	394
1397	369
1398	408
1399	391
1400	448
1401	386
1402	404
1403	348
1404	414
1405	427
1406	448
1407	419
1408	411
1409	422
1410	392
1411	404
1412	369
1413	364
1414	411
1415	403
1416	404
1417	373
1418	434
1419	388
1420	362
1421	382
1422	359
1423	346
1424	396
1425	372
1426	368
1427	392
1428	309
1429	404
1430	418
1431	353
1432	351
1433	348
1434	406
1435	435
1436	459
1437	402
1438	418
1439	390
1440	389
1441	383
1442	317
1443	344
1444	353
1445	354
1446	382
1447	370
1448	351
1449	330
1450	367
1451	388
1452	400
1453	398
1454	355
1455	409
1456	382
1457	397
1458	424
1459	395
1460	344
1461	331
1462	327
1463	339
1464	362
1465	417
1466	390
1467	355
1468	391
1469	361
1470	360
1471	350
1472	339
1473	348
1474	402
1475	417
1476	405
1477	432
1478	352
1479	388
1480	330
1481	359
1482	359
1483	402
1484	415
1485	392
1486	395
1487	397
1488	402
1489	345
1490	417
1491	360
1492	383
1493	350
1494	386
1495	407
1496	358
1497	395
1498	418
1499	480
1500	395
1501	401
1502	372
1503	431
1504	401
1505	400
1506	356
1507	343
1508	386
1509	402
1510	400
1511	413
1512	465
1513	428
1514	420
1515	408
1516	411
1517	376
1518	394
1519	428
1520	454
1521	476
1522	455
1523	452
1524	535
1525	437
1526	427
1527	470
1528	428
1529	458
1530	430
1531	363
1532	372
1533	444
1534	451
1535	402
1536	401
1537	412
1538	443
1539	387
1540	421
1541	400
1542	451
1543	392
1544	434
1545	400
1546	381
1547	430
1548	408
1549	395
1550	404
1551	445
1552	417
1553	386
1554	365
1555	380
1556	374
1557	376
1558	351
1559	326
1560	391
1561	433
1562	454
1563	387
1564	380
1565	400
1566	386
1567	376
1568	395
1569	474
1570	408
1571	446
1572	406
1573	463
1574	406
1575	424
1576	431
1577	418
1578	467
1579	431
1580	458
1581	438
1582	415
1583	406
1584	436
1585	438
1586	429
1587	437
1588	404
1589	389
1590	391
1591	452
1592	378
1593	409
1594	446
1595	401
1596	365
1597	440
1598	331
1599	389
1600	415
1601	401
1602	356
1603	434
1604	364
1605	426
1606	412
1607	345
1608	366
1609	460
1610	372
1611	400
1612	370
1613	434
1614	346
1615	376
1616	411
1617	392
1618	359
1619	400
1620	337
1621	394
1622	324
1623	370
1624	407
1625	424
1626	371
1627	355
1628	416
1629	340
1630	391
1631	402
1632	373
1633	367
1634	361
1635	377
1636	386
1637	406
1638	389
1639	386
1640	449
1641	413
1642	394
1643	358
1644	386
1645	367
1646	405
1647	358
1648	372
1649	386
1650	362
1651	444
1652	397
1653	398
1654	317
1655	390
1656	393
1657	403
1658	424
1659	426
1660	452
1661	439
1662	358
1663	440
1664	345
1665	335
1666	379
1667	369
1668	389
1669	435
1670	373
1671	382
1672	418
1673	351
1674	392
1675	377
1676	365
1677	384
1678	442
1679	407
1680	422
1681	372
1682	373
1683	352
1684	353
1685	356
1686	359
1687	391
1688	360
1689	360
1690	443
1691	387
1692	340
1693	352
1694	343
1695	335
1696	396
1697	386
1698	379
1699	328
1700	355
1701	404
1702	399
1703	388
1704	369
1705	308
1706	375
1707	346
1708	400
1709	419
1710	395
1711	376
1712	407
1713	385
1714	387
1715	421
1716	452
1717	441
1718	435
1719	426
1720	439
1721	387
1722	369
1723	389
1724	483
1725	397
1726	362
1727	374
1728	353
1729	386
1730	367
1731	391
1732	350
1733	339
1734	377
1735	406
1736	401
1737	403
1738	360
1739	408
1740	364
1741	333
1742	373
1743	428
1744	421
1745	382
1746	326
1747	382
1748	324
1749	387
1750	429
1751	392
1752	377
1753	380
1754	336
1755	326
1756	321
1757	361
1758	346
1759	317
1760	310
1761	375
1762	354
1763	373
1764	383
1765	328
1766	332
1767	328
1768	293
1769	357
1770	363
1771	349
1772	343
1773	414
1774	369
1775	323
1776	328
1777	313
1778	384
1779	347
1780	347
1781	309
1782	315
1783	317
1784	362
1785	389
1786	342
1787	307
1788	279
1789	328
1790	333
1791	360
1792	343
1793	364
1794	344
1795	347
1796	351
1797	371
1798	274
1799	309
1800	310
1801	317
1802	357
1803	334
1804	315
1805	342
1806	341
1807	358
1808	333
1809	371
1810	305
1811	329
1812	311
1813	398
1814	349
1815	311
1816	285
1817	260
1818	264
1819	259
1820	350
1821	294
1822	347
1823	317
1824	284
1825	301
1826	307
1827	340
1828	320
1829	384
1830	291
1831	277
1832	308
1833	323
1834	257
1835	288
1836	260
1837	346
1838	293
1839	275
1840	345
1841	302
1842	258
1843	297
1844	328
1845	259
1846	291
1847	288
1848	284
1849	296
1850	358
1851	352
1852	334
1853	291
1854	254
1855	282
1856	361
1857	323
1858	253
1859	242
1860	283
1861	294
1862	304
1863	296
1864	265
1865	274
1866	266
1867	303
1868	286
1869	345
1870	304
1871	324
1872	317
1873	347
1874	269
1875	273
1876	319
1877	349
1878	310
1879	295
1880	278
1881	274
1882	295
1883	286
1884	288
1885	268
1886	328
1887	328
1888	293
1889	331
1890	298
1891	270
1892	296
1893	319
1894	321
1895	316
1896	277
1897	354
1898	298
1899	367
1900	365
1901	348
1902	359
1903	313
1904	312
1905	291
1906	319
1907	267
1908	282
1909	255
1910	234
1911	285
1912	300
1913	284
1914	311
1915	255
1916	246
1917	286
1918	340
1919	328
1920	290
1921	324
1922	326
1923	361
1924	316
1925	269
1926	293
1927	316
1928	295
1929	280
1930	354
1931	342
1932	301
1933	292
1934	274
1935	286
1936	299
1937	312
1938	325
1939	297
1940	274
1941	279
1942	261
1943	291
1944	302
1945	288
1946	269
1947	304
1948	289
1949	284
1950	340
1951	300
1952	260
1953	284
1954	287
1955	311
1956	307
1957	291
1958	309
1959	304
1960	358
1961	278
1962	280
1963	282
1964	232
1965	289
1966	316
1967	383
1968	354
1969	289
1970	331
1971	276
1972	306
1973	301
1974	300
1975	321
1976	302
1977	305
1978	293
1979	377
1980	303
1981	306
1982	303
1983	349
1984	353
1985	355
1986	359
1987	305
1988	316
1989	349
1990	284
1991	325
1992	321
1993	332
1994	302
1995	305
1996	334
1997	361
1998	314
1999	340
2000	289
2001	340
2002	294
2003	323
2004	339
2005	355
2006	327
2007	316
2008	288
2009	272
2010	259
2011	290
2012	263
2013	301
2014	275
2015	338
2016	288
2017	266
2018	287
2019	326
2020	290
2021	296
2022	260
2023	285
2024	258
2025	282
2026	321
2027	324
2028	259
2029	319
2030	326
2031	348
2032	333
2033	344
2034	330
2035	306
2036	297
2037	370
2038	312
2039	314
2040	362
2041	342
2042	303
2043	331
2044	338
2045	333
2046	365
2047	309
2048	358
2049	356
2050	330
2051	301
2052	313
2053	341
2054	333
2055	346
2056	321
2057	362
2058	348
2059	370
2060	346
2061	365
2062	321
2063	355
2064	382
2065	312
2066	285
2067	277
2068	321
2069	416
2070	346
2071	324
2072	345
2073	372
2074	350
2075	362
2076	335
2077	309
2078	338
2079	287
2080	362
2081	275
2082	264
2083	308
2084	300
2085	292
2086	307
2087	296
2088	303
2089	272
2090	318
2091	289
2092	309
2093	286
2094	348
2095	379
2096	301
2097	310
2098	346
2099	358
2100	376
2101	380
2102	337
2103	362
2104	345
2105	315
2106	316
2107	301
2108	278
2109	327
2110	287
2111	292
2112	301
2113	289
2114	296
2115	294
2116	294
2117	276
2118	339
2119	260
2120	265
2121	342
2122	303
2123	292
2124	301
2125	284
2126	300
2127	285
2128	256
2129	260
2130	255
2131	304
2132	289
2133	228
2134	256
2135	259
2136	313
2137	253
2138	308
2139	311
2140	296
2141	266
2142	260
2143	328
2144	277
2145	272
2146	278
2147	274
2148	251
2149	274
2150	292
2151	285
2152	261
2153	339
2154	286
2155	286
2156	346
2157	305
2158	288
2159	245
2160	251
2161	257
2162	269
2163	280
2164	323
2165	276
2166	220
2167	275
2168	274
2169	232
2170	254
2171	237
2172	239
2173	291
2174	252
2175	291
2176	263
2177	317
2178	318
2179	274
2180	312
2181	284
2182	300
2183	310
2184	301
2185	292
2186	287
2187	275
2188	350
2189	291
2190	272
2191	356
2192	313
2193	251
2194	305
2195	262
2196	321
2197	279
2198	280
2199	295
2200	283
2201	263
2202	292
2203	235
2204	304
2205	315
2206	271
2207	316
2208	278
2209	311
2210	286
2211	263
2212	261
2213	278
2214	312
2215	276
2216	296
2217	265
2218	229
2219	303
2220	347
2221	269
2222	297
2223	362
2224	292
2225	327
2226	331
2227	272
2228	246
2229	278
2230	303
2231	314
2232	267
2233	277
2234	298
2235	236
2236	290
2237	265
2238	264
2239	240
2240	285
2241	254
2242	314
2243	319
2244	279
2245	314
2246	296
2247	305
2248	332
2249	285
2250	288
2251	261
2252	282
2253	238
2254	272
2255	275
2256	245
2257	295
2258	287
2259	280
2260	269
2261	282
2262	312
2263	314
2264	349
2265	328
2266	308
2267	309
2268	308
2269	336
2270	290
2271	302
2272	311
2273	274
2274	319
2275	284
2276	335
2277	312
2278	326
2279	293
2280	358
2281	349
2282	372
2283	342
2284	294
2285	314
2286	319
2287	278
2288	309
2289	315
2290	364
2291	312
2292	309
2293	376
2294	319
2295	317
2296	317
2297	272
2298	275
2299	274
2300	267
2301	289
2302	328
2303	245
2304	268
2305	271
2306	282
2307	265
2308	305
2309	287
2310	313
2311	268
2312	282
2313	296
2314	320
2315	310
2316	300
2317	304
2318	308
2319	293
2320	303
2321	284
2322	276
2323	294
2324	265
2325	276
2326	222
2327	207
2328	252
2329	293
2330	312
2331	289
2332	371
2333	323
2334	329
2335	294
2336	271
2337	242
2338	273
2339	284
2340	257
2341	280
2342	277
2343	280
2344	260
2345	236
2346	260
2347	297
2348	280
2349	239
2350	243
2351	262
2352	311
2353	319
2354	289
2355	310
2356	277
2357	317
2358	229
2359	241
2360	301
2361	290
2362	311
2363	240
2364	272
2365	328
2366	239
2367	243
2368	275
2369	246
2370	261
2371	244
2372	272
2373	269
2374	246
2375	292
2376	260
2377	240
2378	235
2379	269
2380	264
2381	253
2382	295
2383	309
2384	252
2385	222
2386	248
2387	242
2388	305
2389	263
2390	259
2391	273
2392	295
2393	234
2394	268
2395	318
2396	324
2397	288
2398	309
2399	277
2400	271
2401	276
2402	270
2403	289
2404	266
2405	243
2406	269
2407	248
2408	254
2409	247
2410	239
2411	217
2412	264
2413	290
2414	258
2415	263
2416	268
2417	277
2418	317
2419	289
2420	273
2421	244
2422	289
2423	313
2424	284
2425	256
2426	307
2427	286
2428	288
2429	291
2430	302
2431	287
2432	267
2433	282
2434	314
2435	339
2436	275
2437	268
2438	276
2439	276
2440	285
2441	291
2442	237
2443	281
2444	278
2445	242
2446	292
2447	298
2448	275
2449	275
2450	230
2451	226
2452	277
2453	313
2454	225
2455	269
2456	287
2457	301
2458	257
2459	299
2460	314
2461	267
2462	283
2463	259
2464	283
2465	256
2466	272
2467	269
2468	213
2469	268
2470	240
2471	258
2472	242
2473	272
2474	290
2475	332
2476	261
2477	291
2478	267
2479	283
2480	311
2481	314
2482	346
2483	356
2484	322
2485	285
2486	242
2487	295
2488	284
2489	274
2490	310
2491	280
2492	310
2493	275
2494	295
2495	295
2496	243
2497	250
2498	207
2499	244
2500	243
2501	260
2502	234
2503	214
2504	264
2505	238
2506	255
2507	308
2508	295
2509	248
2510	290
2511	269
2512	250
2513	218
2514	227
2515	264
2516	265
2517	295
2518	309
2519	248
2520	311
2521	283
2522	263
2523	259
2524	296
2525	289
2526	296
2527	290
2528	306
2529	316
2530	331
2531	269
2532	290
2533	243
2534	266
2535	241
2536	316
2537	336
2538	301
2539	293
2540	258
2541	225
2542	262
2543	255
2544	270
2545	265
2546	211
2547	246
2548	251
2549	246
2550	193
2551	219
2552	265
2553	296
2554	245
2555	298
2556	216
2557	245
2558	268
2559	294
2560	222
2561	220
2562	235
2563	231
2564	215
2565	212
2566	242
2567	239
2568	214
2569	209
2570	199
2571	217
2572	190
2573	230
2574	186
2575	261
2576	211
2577	280
2578	272
2579	292
2580	318
2581	258
2582	262
2583	251
2584	254
2585	294
2586	252
2587	213
2588	227
2589	244
2590	235
2591	273
2592	287
2593	243
2594	258
2595	286
2596	216
2597	233
2598	244
2599	249
2600	233
2601	242
2602	286
2603	210
2604	207
2605	248
2606	257
2607	262
2608	283
2609	281
2610	236
2611	228
2612	247
2613	284
2614	213
2615	191
2616	199
2617	235
2618	257
2619	234
2620	200
2621	219
2622	226
2623	286
2624	253
2625	210
2626	223
2627	265
2628	240
2629	243
2630	238
2631	205
2632	219
2633	253
2634	200
2635	289
2636	207
2637	228
2638	248
2639	280
2640	280
2641	241
2642	291
2643	287
2644	200
2645	166
2646	252
2647	244
2648	268
2649	291
2650	259
2651	231
2652	235
2653	226
2654	166
2655	188
2656	248
2657	215
2658	266
2659	208
2660	212
2661	231
2662	216
2663	248
2664	220
2665	297
2666	249
2667	266
2668	207
2669	237
2670	238
2671	254
2672	193
2673	223
2674	240
2675	232
2676	235
2677	234
2678	249
2679	236
2680	241
2681	275
2682	239
2683	236
2684	213
2685	230
2686	232
2687	242
2688	232
2689	219
2690	232
2691	253
2692	247
2693	232
2694	267
2695	243
2696	236
2697	245
2698	230
2699	242
2700	242
2701	240
2702	263
2703	225
2704	252
2705	312
2706	217
2707	236
2708	232
2709	228
2710	265
2711	282
2712	247
2713	284
2714	287
2715	252
2716	211
2717	215
2718	232
2719	267
2720	208
2721	223
2722	236
2723	248
2724	193
2725	292
2726	235
2727	220
2728	216
2729	247
2730	211
2731	197
2732	207
2733	199
2734	206
2735	227
2736	223
2737	186
2738	224
2739	225
2740	217
2741	210
2742	201
2743	250
2744	253
2745	265
2746	254
2747	248
2748	238
2749	261
2750	224
2751	248
2752	294
2753	220
2754	223
2755	271
2756	259
2757	288
2758	271
2759	291
2760	237
2761	253
2762	245
2763	227
2764	247
2765	252
2766	246
2767	257
2768	280
2769	238
2770	242
2771	192
2772	226
2773	215
2774	251
2775	274
2776	179
2777	240
2778	261
2779	257
2780	258
2781	231
2782	202
2783	242
2784	287
2785	197
2786	202
2787	196
2788	188
2789	209
2790	209
2791	218
2792	234
2793	276
2794	223
2795	260
2796	241
2797	197
2798	218
2799	237
2800	240
2801	224
2802	190
2803	206
2804	199
2805	260
2806	220
2807	257
2808	222
2809	219
2810	214
2811	222
2812	216
2813	240
2814	234
2815	196
2816	233
2817	248
2818	261
2819	222
2820	187
2821	217
2822	198
2823	212
2824	215
2825	221
2826	212
2827	203
2828	227
2829	183
2830	211
2831	207
2832	176
2833	202
2834	221
2835	206
2836	236
2837	226
2838	223
2839	214
2840	213
2841	214
2842	203
2843	210
2844	178
2845	215
2846	211
2847	178
2848	206
2849	221
2850	171
2851	250
2852	194
2853	242
2854	198
2855	179
2856	214
2857	205
2858	189
2859	228
2860	202
2861	208
2862	210
2863	226
2864	251
2865	180
2866	206
2867	202
2868	179
2869	228
2870	171
2871	211
2872	240
2873	216
2874	265
2875	193
2876	188
2877	168
2878	174
2879	201
2880	197
2881	195
2882	210
2883	226
2884	195
2885	196
2886	225
2887	197
2888	231
2889	242
2890	190
2891	162
2892	230
2893	194
2894	208
2895	184
2896	200
2897	181
2898	198
2899	238
2900	235
2901	189
2902	179
2903	185
2904	210
2905	195
2906	186
2907	215
2908	199
2909	220
2910	234
2911	197
2912	212
2913	234
2914	222
2915	198
2916	187
2917	206
2918	212
2919	182
2920	181
2921	192
2922	208
2923	182
2924	187
2925	159
2926	186
2927	139
2928	187
2929	180
2930	197
2931	160
2932	177
2933	198
2934	157
2935	148
2936	162
2937	213
2938	200
2939	174
2940	166
2941	169
2942	144
2943	125
2944	127
2945	137
2946	162
2947	180
2948	150
2949	172
2950	126
2951	153
2952	138
2953	150
2954	170
2955	182
2956	175
2957	182
2958	161
2959	152
2960	126
2961	120
2962	205
2963	152
2964	154
2965	146
2966	137
2967	133
2968	160
2969	169
2970	184
2971	164
2972	167
2973	177
2974	192
2975	186
2976	208
2977	157
2978	160
2979	181
2980	188
2981	198
2982	192
2983	163
2984	190
2985	172
2986	180
2987	185
2988	143
2989	191
2990	243
2991	194
2992	179
2993	202
2994	192
2995	184
2996	191
2997	155
2998	198
2999	138
3000	146
3001	217
3002	148
3003	210
3004	231
3005	181
3006	206
3007	172
3008	171
3009	207
3010	222
3011	185
3012	203
3013	181
3014	196
3015	226
3016	189
3017	204
3018	180
3019	210
3020	207
3021	194
3022	223
3023	207
3024	178
3025	241
3026	174
3027	220
3028	228
3029	212
3030	225
3031	200
3032	198
3033	225
3034	226
3035	167
3036	176
3037	158
3038	189
3039	214
3040	159
3041	200
3042	199
3043	184
3044	174
3045	171
3046	186
3047	211
3048	184
3049	177
3050	174
3051	203
3052	231
3053	279
3054	285
3055	269
3056	241
3057	210
3058	226
3059	186
3060	183
3061	223
3062	200
3063	164
3064	241
3065	219
3066	227
3067	185
3068	187
3069	211
3070	247
3071	199
3072	156
3073	216
3074	210
3075	191
3076	227
3077	228
3078	213
3079	200
3080	172
3081	186
3082	212
3083	165
3084	180
3085	200
3086	184
3087	214
3088	222
3089	168
3090	247
3091	179
3092	178
3093	184
3094	203
3095	164
3096	210
3097	229
3098	187
3099	214
3100	205
3101	200
3102	214
3103	196
3104	232
3105	245
3106	224
3107	194
3108	201
3109	208
3110	208
3111	232
3112	220
3113	192
3114	206
3115	193
3116	160
3117	209
3118	218
3119	213
3120	188
3121	204
3122	172
3123	203
3124	188
3125	153
3126	199
3127	165
3128	151
3129	171
3130	185
3131	173
3132	176
3133	149
3134	140
3135	156
3136	195
3137	166
3138	183
3139	175
3140	191
3141	147
3142	178
3143	188
3144	146
3145	168
3146	161
3147	141
3148	142
3149	132
3150	168
3151	193
3152	203
3153	201
3154	195
3155	167
3156	157
3157	154
3158	231
3159	205
3160	205
3161	203
3162	186
3163	187
3164	185
3165	201
3166	174
3167	153
3168	189
3169	169
3170	181
3171	173
3172	191
3173	190
3174	165
3175	135
3176	190
3177	171
3178	191
3179	180
3180	176
3181	207
3182	192
3183	177
3184	139
3185	187
3186	165
3187	168
3188	168
3189	155
3190	171
3191	169
3192	166
3193	199
3194	178
3195	180
3196	203
3197	187
3198	180
3199	208
3200	190
3201	210
3202	162
3203	212
3204	226
3205	216
3206	186
3207	203
3208	189
3209	193
3210	193
3211	216
3212	225
3213	170
3214	173
3215	194
3216	204
3217	209
3218	214
3219	236
3220	222
3221	229
3222	206
3223	213
3224	208
3225	217
3226	168
3227	182
3228	189
3229	189
3230	173
3231	172
3232	170
3233	198
3234	187
3235	224
3236	216
3237	214
3238	185
3239	176
3240	193
3241	202
3242	213
3243	220
3244	203
3245	174
3246	201
3247	220
3248	219
3249	194
3250	182
3251	177
3252	208
3253	231
3254	261
3255	236
3256	214
3257	210
3258	202
3259	193
3260	221
3261	173
3262	195
3263	216
3264	198
3265	220
3266	228
3267	188
3268	183
3269	205
3270	200
3271	232
3272	270
3273	198
3274	209
3275	197
3276	255
3277	228
3278	197
3279	204
3280	205
3281	179
3282	208
3283	216
3284	194
3285	271
3286	265
3287	292
3288	239
3289	237
3290	221
3291	193
3292	214
3293	257
3294	229
3295	182
3296	266
3297	220
3298	244
3299	203
3300	233
3301	222
3302	221
3303	249
3304	205
3305	191
3306	189
3307	187
3308	245
3309	236
3310	216
3311	185
3312	192
3313	243
3314	201
3315	227
3316	236
3317	236
3318	237
3319	260
3320	284
3321	225
3322	217
3323	199
3324	271
3325	225
3326	223
3327	213
3328	189
3329	249
3330	251
3331	179
3332	199
3333	215
3334	252
3335	224
3336	178
3337	205
3338	270
3339	239
3340	297
3341	235
3342	224
3343	234
3344	281
3345	246
3346	236
3347	229
3348	194
3349	199
3350	197
3351	236
3352	189
3353	259
3354	205
3355	193
3356	188
3357	185
3358	193
3359	202
3360	237
3361	209
3362	224
3363	219
3364	214
3365	231
3366	205
3367	231
3368	232
3369	205
3370	155
3371	202
3372	244
3373	190
3374	181
3375	178
3376	210
3377	169
3378	171
3379	212
3380	203
3381	206
3382	192
3383	170
3384	191
3385	165
3386	172
3387	185
3388	205
3389	173
3390	173
3391	172
3392	200
3393	182
3394	187
3395	194
3396	176
3397	188
3398	165
3399	175
3400	209
3401	156
3402	186
3403	191
3404	157
3405	181
3406	178
3407	173
3408	160
3409	167
3410	172
3411	156
3412	137
3413	145
3414	151
3415	130
3416	156
3417	148
3418	145
3419	147
3420	201
3421	211
3422	205
3423	175
3424	166
3425	177
3426	160
3427	167
3428	209
3429	184
3430	169
3431	157
3432	160
3433	149
3434	129
3435	184
3436	167
3437	188
3438	172
3439	143
3440	145
3441	177
3442	138
3443	197
3444	175
3445	148
3446	149
3447	166
3448	154
3449	159
3450	152
3451	177
3452	145
3453	172
3454	216
3455	204
3456	201
3457	164
3458	173
3459	211
3460	201
3461	200
3462	209
3463	185
3464	161
3465	175
3466	179
3467	208
3468	156
3469	179
3470	164
3471	156
3472	164
3473	160
3474	188
3475	188
3476	217
3477	150
3478	157
3479	165
3480	158
3481	145
3482	142
3483	144
3484	148
3485	146
3486	144
3487	166
3488	170
3489	143
3490	183
3491	165
3492	217
3493	219
3494	184
3495	167
3496	173
3497	194
3498	193
3499	156
3500	159
3501	196
3502	159
3503	182
3504	173
3505	168
3506	197
3507	148
3508	187
3509	167
3510	184
3511	160
3512	163
3513	141
3514	151
3515	120
3516	98
3517	146
3518	121
3519	139
3520	146
3521	188
3522	190
3523	181
3524	179
3525	189
3526	210
3527	189
3528	177
3529	191
3530	132
3531	156
3532	172
3533	228
3534	168
3535	178
3536	173
3537	183
3538	153
3539	156
3540	170
3541	183
3542	193
3543	135
3544	180
3545	165
3546	191
3547	207
3548	183
3549	167
3550	158
3551	178
3552	160
3553	142
3554	169
3555	178
3556	189
3557	208
3558	129
3559	167
3560	153
3561	144
3562	172
3563	157
3564	144
3565	169
3566	162
3567	164
3568	191
3569	186
3570	166
3571	166
3572	196
3573	200
3574	183
3575	168
3576	107
3577	122
3578	143
3579	209
3580	177
3581	130
3582	143
3583	134
3584	169
3585	175
3586	161
3587	163
3588	133
3589	158
3590	195
3591	187
3592	172
3593	143
3594	164
3595	130
3596	178
3597	200
3598	174
3599	162
3600	173
3601	170
3602	147
3603	152
3604	179
3605	148
3606	180
3607	160
3608	148
3609	157
3610	162
3611	151
3612	163
3613	161
3614	137
3615	175
3616	144
3617	165
3618	163
3619	164
3620	168
3621	185
3622	176
3623	158
3624	144
3625	205
3626	173
3627	168
3628	169
3629	166
3630	210
3631	138
3632	158
3633	162
3634	158
3635	159
3636	124
3637	201
3638	170
3639	167
3640	166
3641	172
3642	119
3643	124
3644	211
3645	198
3646	135
3647	153
3648	137
3649	144
3650	121
3651	141
3652	140
3653	183
3654	178
3655	204
3656	166
3657	150
3658	142
3659	175
3660	209
3661	151
3662	176
3663	186
3664	159
3665	131
3666	163
3667	169
3668	165
3669	157
3670	155
3671	149
3672	186
3673	202
3674	178
3675	174
3676	142
3677	153
3678	175
3679	189
3680	155
3681	169
3682	148
3683	165
3684	154
3685	152
3686	178
3687	177
3688	161
3689	162
3690	159
3691	187
3692	165
3693	162
3694	138
3695	197
3696	162
3697	150
3698	182
3699	164
3700	169
3701	135
3702	172
3703	154
3704	135
3705	148
3706	141
3707	163
3708	152
3709	139
3710	175
3711	162
3712	143
3713	188
3714	154
3715	172
3716	168
3717	151
3718	159
3719	183
3720	144
3721	161
3722	129
3723	122
3724	182
3725	150
3726	195
3727	147
3728	144
3729	164
3730	164
3731	171
3732	174
3733	139
3734	123
3735	132
3736	142
3737	161
3738	119
3739	158
3740	173
3741	160
3742	168
3743	187
3744	143
3745	162
3746	133
3747	161
3748	174
3749	160
3750	151
3751	151
3752	132
3753	134
3754	196
3755	181
3756	162
3757	127
3758	139
3759	155
3760	180
3761	151
3762	183
3763	150
3764	147
3765	152
3766	163
3767	143
3768	187
3769	149
3770	119
3771	126
3772	152
3773	137
3774	130
3775	115
3776	169
3777	125
3778	155
3779	128
3780	161
3781	155
3782	154
3783	180
3784	187
3785	138
3786	169
3787	123
3788	149
3789	186
3790	149
3791	130
3792	141
3793	165
3794	139
3795	120
3796	112
3797	185
3798	199
3799	150
3800	187
3801	155
3802	169
3803	146
3804	174
3805	161
3806	166
3807	164
3808	132
3809	141
3810	133
3811	140
3812	111
3813	125
3814	141
3815	148
3816	131
3817	171
3818	163
3819	153
3820	143
3821	160
3822	122
3823	128
3824	164
3825	120
3826	135
3827	202
3828	143
3829	155
3830	145
3831	180
3832	115
3833	154
3834	156
3835	130
3836	142
3837	131
3838	130
3839	166
3840	130
3841	187
3842	129
3843	159
3844	157
3845	148
3846	158
3847	145
3848	157
3849	165
3850	151
3851	189
3852	161
3853	117
3854	144
3855	115
3856	155
3857	149
3858	137
3859	148
3860	162
3861	128
3862	128
3863	140
3864	132
3865	176
3866	147
3867	160
3868	131
3869	147
3870	138
3871	150
3872	136
3873	167
3874	158
3875	161
3876	192
3877	145
3878	160
3879	171
3880	177
3881	224
3882	199
3883	169
3884	142
3885	147
3886	139
3887	168
3888	146
3889	184
3890	186
3891	152
3892	179
3893	169
3894	153
3895	172
3896	216
3897	161
3898	208
3899	160
3900	178
3901	189
3902	157
3903	138
3904	132
3905	185
3906	194
3907	209
3908	161
3909	158
3910	168
3911	171
3912	140
3913	185
3914	153
3915	196
3916	181
3917	170
3918	184
3919	216
3920	198
3921	181
3922	176
3923	164
3924	160
3925	179
3926	163
3927	148
3928	129
3929	136
3930	179
3931	128
3932	124
3933	119
3934	147
3935	140
3936	110
3937	131
3938	153
3939	152
3940	189
3941	175
3942	125
3943	160
3944	146
3945	130
3946	141
3947	218
3948	192
3949	198
3950	184
3951	181
3952	157
3953	179
3954	168
3955	164
3956	168
3957	154
3958	143
3959	191
3960	157
3961	168
3962	177
3963	179
3964	163
3965	163
3966	158
3967	147
3968	168
3969	151
3970	158
3971	205
3972	143
3973	174
3974	148
3975	157
3976	127
3977	120
3978	155
3979	155
3980	153
3981	164
3982	119
3983	139
3984	125
3985	137
3986	160
3987	183
3988	179
3989	166
3990	171
3991	120
3992	148
3993	133
3994	133
3995	147
3996	163
3997	138
3998	167
3999	177
4000	140
4001	185
4002	154
4003	132
4004	188
4005	183
4006	163
4007	195
4008	170
4009	164
4010	138
4011	140
4012	143
4013	180
4014	152
4015	168
4016	144
4017	180
4018	177
4019	150
4020	179
4021	168
4022	145
4023	146
4024	140
4025	118
4026	168
4027	165
4028	147
4029	164
4030	221
4031	175
4032	178
4033	177
4034	188
4035	186
4036	165
4037	154
4038	162
4039	160
4040	172
4041	180
4042	200
4043	177
4044	148
4045	133
4046	163
4047	154
4048	145
4049	158
4050	160
4051	164
4052	182
4053	168
4054	190
4055	193
4056	203
4057	161
4058	156
4059	186
4060	199
4061	199
4062	131
4063	206
4064	165
4065	181
4066	198
4067	197
4068	159
4069	191
4070	179
4071	161
4072	186
4073	190
4074	201
4075	167
4076	146
4077	150
4078	205
4079	152
4080	138
4081	162
4082	138
4083	171
4084	172
4085	154
4086	160
4087	159
4088	148
4089	133
4090	169
4091	146
4092	137
4093	157
4094	175
4095	167
4096	178
4097	137
4098	185
4099	166
4100	184
4101	153
4102	177
4103	178
4104	147
4105	142
4106	156
4107	147
4108	137
4109	136
4110	191
4111	178
4112	168
4113	170
4114	157
4115	154
4116	157
4117	181
4118	143
4119	160
4120	129
4121	139
4122	142
4123	178
4124	147
4125	151
4126	187
4127	191
4128	181
4129	174
4130	181
4131	139
4132	174
4133	135
4134	164
4135	165
4136	121
4137	145
4138	193
4139	124
4140	153
4141	174
4142	184
4143	139
4144	140
4145	155
4146	159
4147	203
4148	174
4149	156
4150	129
4151	142
4152	141
4153	208
4154	143
4155	126
4156	145
4157	137
4158	146
4159	128
4160	149
4161	166
4162	174
4163	176
4164	164
4165	167
4166	186
4167	119
4168	114
4169	121
4170	106
4171	154
4172	187
4173	131
4174	110
4175	167
4176	144
4177	126
4178	139
4179	130
4180	99
4181	127
4182	109
4183	142
4184	149
4185	152
4186	163
4187	142
4188	140
4189	100
4190	128
4191	172
4192	169
4193	133
4194	168
4195	120
4196	128
4197	135
4198	109
4199	134
4200	129
4201	169
4202	113
4203	132
4204	107
4205	131
4206	186
4207	122
4208	125
4209	115
4210	106
4211	138
4212	123
4213	125
4214	111
4215	97
4216	147
4217	180
4218	110
4219	113
4220	113
4221	124
4222	156
4223	150
4224	162
4225	120
4226	121
4227	99
4228	110
4229	147
4230	108
4231	139
4232	146
4233	129
4234	119
4235	136
4236	175
4237	137
4238	86
4239	100
4240	111
4241	106
4242	96
4243	115
4244	100
4245	139
4246	143
4247	152
4248	153
4249	105
4250	125
4251	128
4252	110
4253	90
4254	123
4255	115
4256	112
4257	134
4258	142
4259	126
4260	122
4261	128
4262	140
4263	147
4264	109
4265	137
4266	114
4267	118
4268	136
4269	122
4270	126
4271	103
4272	120
4273	100
4274	138
4275	147
4276	182
4277	145
4278	105
4279	150
4280	111
4281	121
4282	145
4283	177
4284	133
4285	152
4286	139
4287	178
4288	134
4289	136
4290	141
4291	154
4292	139
4293	178
4294	152
4295	137
4296	133
4297	136
4298	104
4299	147
4300	123
4301	133
4302	119
4303	145
4304	150
4305	135
4306	176
4307	142
4308	122
4309	124
4310	90
4311	134
4312	124
4313	136
4314	121
4315	128
4316	114
4317	124
4318	110
4319	133
4320	131
4321	133
4322	97
4323	135
4324	121
4325	140
4326	114
4327	130
4328	113
4329	139
4330	117
4331	153
4332	143
4333	166
4334	122
4335	116
4336	117
4337	112
4338	112
4339	125
4340	152
4341	125
4342	127
4343	102
4344	125
4345	124
4346	96
4347	89
4348	93
4349	103
4350	91
4351	108
4352	138
4353	141
4354	105
4355	138
4356	118
4357	103
4358	116
4359	87
4360	114
4361	100
4362	75
4363	113
4364	100
4365	138
4366	96
4367	133
4368	134
4369	123
4370	137
4371	100
4372	82
4373	97
4374	118
4375	103
4376	106
4377	109
4378	109
4379	126
4380	125
4381	120
4382	125
4383	116
4384	115
4385	121
4386	80
4387	117
4388	120
4389	87
4390	121
4391	91
4392	115
4393	103
4394	137
4395	129
4396	88
4397	120
4398	97
4399	134
4400	139
4401	118
4402	96
4403	116
4404	105
4405	137
4406	117
4407	113
4408	91
4409	145
4410	145
4411	129
4412	151
4413	132
4414	131
4415	116
4416	128
4417	87
4418	117
4419	109
4420	104
4421	139
4422	151
4423	99
4424	109
4425	177
4426	134
4427	129
4428	131
4429	135
4430	116
4431	135
4432	101
4433	122
4434	157
4435	116
4436	84
4437	106
4438	143
4439	117
4440	113
4441	117
4442	114
4443	101
4444	134
4445	106
4446	124
4447	118
4448	109
4449	104
4450	116
4451	95
4452	108
4453	101
4454	123
4455	117
4456	95
4457	130
4458	89
4459	118
4460	111
4461	86
4462	109
4463	83
4464	103
4465	118
4466	107
4467	110
4468	116
4469	80
4470	99
4471	107
4472	111
4473	97
4474	110
4475	131
4476	98
4477	121
4478	134
4479	109
4480	76
4481	96
4482	102
4483	70
4484	107
4485	141
4486	93
4487	93
4488	83
4489	102
4490	126
4491	94
4492	96
4493	75
4494	118
4495	103
4496	104
4497	101
4498	112
4499	98
4500	131
4501	124
4502	102
4503	118
4504	137
4505	109
4506	121
4507	137
4508	125
4509	89
4510	108
4511	123
4512	129
4513	154
4514	129
4515	125
4516	97
4517	148
4518	120
4519	140
4520	137
4521	172
4522	148
4523	175
4524	145
4525	138
4526	100
4527	133
4528	120
4529	143
4530	136
4531	127
4532	147
4533	147
4534	152
4535	145
4536	145
4537	131
4538	149
4539	155
4540	115
4541	148
4542	131
4543	151
4544	174
4545	168
4546	194
4547	161
4548	176
4549	113
4550	135
4551	139
4552	151
4553	158
4554	157
4555	133
4556	131
4557	143
4558	127
4559	142
4560	150
4561	154
4562	151
4563	97
4564	115
4565	134
4566	128
4567	95
4568	139
4569	146
4570	137
4571	145
4572	153
4573	171
4574	139
4575	149
4576	139
4577	154
4578	164
4579	135
4580	157
4581	167
4582	194
4583	159
4584	140
4585	159
4586	157
4587	174
4588	147
4589	133
4590	144
4591	138
4592	139
4593	131
4594	137
4595	178
4596	128
4597	115
4598	120
4599	124
4600	145
4601	149
4602	143
4603	156
4604	120
4605	122
4606	127
4607	138
4608	134
4609	121
4610	142
4611	137
4612	180
4613	101
4614	104
4615	163
4616	141
4617	170
4618	167
4619	137
4620	147
4621	125
4622	134
4623	104
4624	121
4625	121
4626	126
4627	101
4628	152
4629	139
4630	135
4631	160
4632	130
4633	124
4634	139
4635	119
4636	109
4637	148
4638	122
4639	112
4640	129
4641	123
4642	120
4643	96
4644	108
4645	114
4646	107
4647	111
4648	109
4649	128
4650	134
4651	94
4652	142
4653	140
4654	129
4655	123
4656	97
4657	98
4658	102
4659	112
4660	97
4661	101
4662	146
4663	95
4664	118
4665	100
4666	120
4667	145
4668	130
4669	150
4670	132
4671	106
4672	94
4673	133
4674	97
4675	131
4676	131
4677	133
4678	152
4679	90
4680	135
4681	155
4682	137
4683	121
4684	115
4685	137
4686	110
4687	140
4688	133
4689	126
4690	126
4691	151
4692	113
4693	154
4694	113
4695	124
4696	140
4697	150
4698	112
4699	125
4700	144
4701	103
4702	95
4703	109
4704	128
4705	146
4706	111
4707	126
4708	124
4709	105
4710	115
4711	96
4712	129
4713	97
4714	92
4715	109
4716	114
4717	112
4718	116
4719	91
4720	110
4721	122
4722	109
4723	107
4724	111
4725	95
4726	127
4727	119
4728	108
4729	104
4730	106
4731	97
4732	123
4733	117
4734	127
4735	111
4736	111
4737	109
4738	121
4739	93
4740	100
4741	108
4742	123
4743	103
4744	102
4745	76
4746	116
4747	147
4748	100
4749	103
4750	105
4751	114
4752	129
4753	104
4754	108
4755	111
4756	112
4757	119
4758	134
4759	136
4760	110
4761	116
4762	137
4763	138
4764	117
4765	95
4766	121
4767	108
4768	151
4769	97
4770	130
4771	105
4772	90
4773	105
4774	97
4775	105
4776	112
4777	86
4778	107
4779	108
4780	83
4781	124
4782	78
4783	112
4784	113
4785	108
4786	133
4787	103
4788	96
4789	122
4790	96
4791	116
4792	102
4793	97
4794	118
4795	89
4796	81
4797	95
4798	93
4799	89
4800	94
4801	106
4802	116
4803	133
4804	122
4805	96
4806	104
4807	117
4808	127
4809	144
4810	93
4811	101
4812	122
4813	100
4814	106
4815	118
4816	96
4817	112
4818	106
4819	104
4820	94
4821	105
4822	90
4823	117
4824	101
4825	79
4826	93
4827	90
4828	102
4829	96
4830	107
4831	114
4832	137
4833	112
4834	130
4835	151
4836	125
4837	101
4838	142
4839	99
4840	107
4841	132
4842	102
4843	105
4844	97
4845	81
4846	110
4847	94
4848	77
4849	117
4850	122
4851	103
4852	96
4853	102
4854	106
4855	90
4856	77
4857	84
4858	99
4859	97
4860	80
4861	119
4862	66
4863	81
4864	102
4865	98
4866	120
4867	101
4868	112
4869	87
4870	98
4871	116
4872	98
4873	95
4874	76
4875	82
4876	89
4877	97
4878	66
4879	101
4880	118
4881	100
4882	79
4883	98
4884	88
4885	95
4886	93
4887	101
4888	117
4889	107
4890	101
4891	72
4892	102
4893	105
4894	94
4895	76
4896	77
4897	96
4898	75
4899	97
4900	89
4901	97
4902	95
4903	83
4904	85
4905	102
4906	115
4907	77
4908	106
4909	100
4910	107
4911	119
4912	69
4913	136
4914	100
4915	97
4916	95
4917	121
4918	108
4919	152
4920	104
4921	94
4922	98
4923	157
4924	103
4925	113
4926	108
4927	104
4928	83
4929	90
4930	119
4931	126
4932	97
4933	112
4934	112
4935	95
4936	74
4937	93
4938	106
4939	101
4940	122
4941	97
4942	104
4943	105
4944	123
4945	95
4946	91
4947	86
4948	137
4949	90
4950	97
4951	101
4952	103
4953	108
4954	88
4955	97
4956	109
4957	138
4958	89
4959	97
4960	137
4961	127
4962	111
4963	105
4964	128
4965	101
4966	81
4967	98
4968	89
4969	101
4970	84
4971	90
4972	91
4973	100
4974	91
4975	103
4976	89
4977	134
4978	120
4979	89
4980	109
4981	96
4982	119
4983	93
4984	90
4985	114
4986	97
4987	81
4988	84
4989	65
4990	61
4991	113
4992	74
4993	97
4994	82
4995	92
4996	94
4997	93
4998	89
4999	112
5000	91
5001	97
5002	120
5003	89
5004	95
5005	87
5006	104
5007	92
5008	98
5009	91
5010	127
5011	109
5012	126
5013	153
5014	110
5015	107
5016	123
5017	132
5018	116
5019	114
5020	96
5021	107
5022	126
5023	111
5024	83
5025	111
5026	137
5027	111
5028	116
5029	102
5030	90
5031	106
5032	86
5033	100
5034	108
5035	95
5036	105
5037	96
5038	93
5039	116
5040	88
5041	91
5042	139
5043	114
5044	137
5045	126
5046	124
5047	143
5048	132
5049	123
5050	143
5051	125
5052	123
5053	93
5054	93
5055	108
5056	89
5057	106
5058	125
5059	109
5060	111
5061	125
5062	132
5063	95
5064	113
5065	152
5066	140
5067	100
5068	118
5069	103
5070	120
5071	97
5072	114
5073	115
5074	129
5075	105
5076	112
5077	89
5078	90
5079	110
5080	154
5081	116
5082	102
5083	139
5084	124
5085	92
5086	132
5087	133
5088	70
5089	132
5090	96
5091	85
5092	104
5093	109
5094	114
5095	90
5096	105
5097	129
5098	83
5099	93
5100	75
5101	87
5102	106
5103	108
5104	96
5105	109
5106	98
5107	101
5108	109
5109	102
5110	82
5111	85
5112	110
5113	127
5114	121
5115	92
5116	121
5117	85
5118	101
5119	93
5120	101
5121	105
5122	91
5123	82
5124	113
5125	82
5126	90
5127	123
5128	90
5129	122
5130	96
5131	88
5132	93
5133	104
5134	96
5135	84
5136	98
5137	119
5138	130
5139	127
5140	91
5141	120
5142	111
5143	113
5144	120
5145	96
5146	135
5147	80
5148	107
5149	98
5150	90
5151	104
5152	84
5153	85
5154	92
5155	75
5156	100
5157	115
5158	108
5159	113
5160	122
5161	102
5162	117
5163	100
5164	106
5165	112
5166	101
5167	126
5168	126
5169	110
5170	104
5171	96
5172	125
5173	121
5174	96
5175	112
5176	122
5177	97
5178	112
5179	115
5180	135
5181	114
5182	105
5183	119
5184	97
5185	93
5186	77
5187	82
5188	85
5189	109
5190	121
5191	99
5192	79
5193	85
5194	107
5195	82
5196	100
5197	94
5198	76
5199	94
5200	67
5201	71
5202	114
5203	98
5204	100
5205	89
5206	114
5207	110
5208	86
5209	87
5210	108
5211	98
5212	103
5213	96
5214	104
5215	115
5216	106
5217	85
5218	71
5219	86
5220	62
5221	62
5222	60
5223	84
5224	76
5225	124
5226	93
5227	110
5228	107
5229	121
5230	135
5231	140
5232	89
5233	105
5234	110
5235	93
5236	108
5237	104
5238	98
5239	106
5240	78
5241	109
5242	101
5243	81
5244	96
5245	105
5246	84
5247	78
5248	83
5249	99
5250	53
5251	76
5252	97
5253	90
5254	89
5255	87
5256	88
5257	71
5258	66
5259	74
5260	79
5261	55
5262	66
5263	79
5264	101
5265	87
5266	64
5267	57
5268	87
5269	89
5270	84
5271	78
5272	116
5273	120
5274	64
5275	105
5276	97
5277	94
5278	102
5279	65
5280	78
5281	82
5282	72
5283	100
5284	114
5285	83
5286	125
5287	65
5288	95
5289	101
5290	86
5291	71
5292	83
5293	80
5294	91
5295	61
5296	101
5297	93
5298	85
5299	93
5300	84
5301	105
5302	98
5303	75
5304	95
5305	85
5306	87
5307	98
5308	100
5309	98
5310	129
5311	89
5312	110
5313	85
5314	127
5315	120
5316	98
5317	111
5318	74
5319	111
5320	84
5321	95
5322	93
5323	101
5324	77
5325	119
5326	81
5327	92
5328	85
5329	101
5330	85
5331	78
5332	81
5333	95
5334	71
5335	110
5336	101
5337	109
5338	114
5339	91
5340	90
5341	104
5342	109
5343	94
5344	82
5345	75
5346	90
5347	89
5348	101
5349	101
5350	99
5351	104
5352	113
5353	76
5354	100
5355	100
5356	83
5357	92
5358	71
5359	94
5360	78
5361	109
5362	89
5363	106
5364	122
5365	96
5366	86
5367	110
5368	83
5369	88
5370	93
5371	125
5372	85
5373	98
5374	115
5375	92
5376	110
5377	85
5378	93
5379	73
5380	87
5381	61
5382	74
5383	79
5384	97
5385	76
5386	95
5387	73
5388	97
5389	96
5390	80
5391	100
5392	72
5393	94
5394	77
5395	93
5396	72
5397	97
5398	67
5399	62
5400	76
5401	51
5402	77
5403	91
5404	123
5405	123
5406	112
5407	71
5408	71
5409	73
5410	81
5411	104
5412	106
5413	99
5414	89
5415	85
5416	82
5417	93
5418	78
5419	85
5420	80
5421	74
5422	83
5423	72
5424	108
5425	98
5426	104
5427	95
5428	118
5429	102
5430	97
5431	97
5432	80
5433	54
5434	83
5435	98
5436	84
5437	83
5438	107
5439	97
5440	106
5441	61
5442	68
5443	87
5444	86
5445	97
5446	72
5447	69
5448	64
5449	82
5450	100
5451	105
5452	78
5453	96
5454	101
5455	96
5456	68
5457	100
5458	71
5459	89
5460	108
5461	74
5462	98
5463	81
5464	91
5465	119
5466	79
5467	83
5468	138
5469	119
5470	92
5471	100
5472	91
5473	115
5474	83
5475	94
5476	105
5477	106
5478	144
5479	95
5480	111
5481	102
5482	85
5483	75
5484	96
5485	107
5486	99
5487	91
5488	124
5489	104
5490	98
5491	90
5492	104
5493	104
5494	96
5495	88
5496	82
5497	88
5498	95
5499	94
5500	100
5501	101
5502	94
5503	83
5504	81
5505	101
5506	120
5507	86
5508	124
5509	114
5510	117
5511	112
5512	108
5513	86
5514	111
5515	111
5516	85
5517	106
5518	80
5519	79
5520	116
5521	107
5522	106
5523	126
5524	103
5525	117
5526	131
5527	131
5528	94
5529	95
5530	141
5531	118
5532	107
5533	114
5534	81
5535	107
5536	123
5537	103
5538	112
5539	112
5540	113
5541	105
5542	126
5543	100
5544	103
5545	107
5546	105
5547	107
5548	120
5549	86
5550	75
5551	98
5552	90
5553	105
5554	97
5555	121
5556	81
5557	132
5558	81
5559	96
5560	98
5561	118
5562	106
5563	74
5564	120
5565	95
5566	111
5567	94
5568	95
5569	101
5570	106
5571	86
5572	76
5573	86
5574	80
5575	79
5576	82
5577	88
5578	109
5579	86
5580	72
5581	87
5582	98
5583	99
5584	90
5585	77
5586	101
5587	111
5588	105
5589	112
5590	112
5591	117
5592	118
5593	127
5594	126
5595	100
5596	112
5597	110
5598	120
5599	121
5600	80
5601	100
5602	94
5603	104
5604	107
5605	92
5606	83
5607	115
5608	94
5609	104
5610	105
5611	135
5612	96
5613	112
5614	149
5615	133
5616	89
5617	73
5618	86
5619	81
5620	91
5621	99
5622	76
5623	69
5624	87
5625	74
5626	70
5627	110
5628	93
5629	109
5630	80
5631	93
5632	101
5633	118
5634	92
5635	71
5636	71
5637	83
5638	79
5639	85
5640	73
5641	98
5642	107
5643	109
5644	77
5645	90
5646	95
5647	99
5648	99
5649	78
5650	93
5651	105
5652	91
5653	84
5654	119
5655	68
5656	120
5657	100
5658	105
5659	125
5660	72
5661	83
5662	101
5663	94
5664	93
5665	88
5666	99
5667	109
5668	89
5669	109
5670	101
5671	97
5672	66
5673	93
5674	87
5675	52
5676	76
5677	83
5678	75
5679	94
5680	89
5681	100
5682	89
5683	89
5684	89
5685	89
5686	69
5687	88
5688	85
5689	96
5690	105
5691	101
5692	115
5693	128
5694	75
5695	97
5696	117
5697	104
5698	133
5699	99
5700	90
5701	100
5702	99
5703	88
5704	107
5705	90
5706	92
5707	97
5708	109
5709	115
5710	91
5711	81
5712	107
5713	120
5714	129
5715	95
5716	78
5717	103
5718	116
5719	130
5720	102
5721	92
5722	107
5723	92
5724	89
5725	76
5726	99
5727	79
5728	104
5729	75
5730	97
5731	119
5732	92
5733	89
5734	107
5735	78
5736	69
5737	114
5738	71
5739	66
5740	108
5741	73
5742	64
5743	91
5744	79
5745	91
5746	84
5747	71
5748	74
5749	84
5750	81
5751	88
5752	101
5753	99
5754	92
5755	87
5756	96
5757	122
5758	96
5759	80
5760	95
5761	92
5762	88
5763	87
5764	85
5765	106
5766	59
5767	56
5768	70
5769	89
5770	77
5771	96
5772	86
5773	101
5774	95
5775	85
5776	85
5777	91
5778	71
5779	77
5780	79
5781	84
5782	126
5783	96
5784	98
5785	86
5786	119
5787	109
5788	78
5789	67
5790	67
5791	90
5792	86
5793	72
5794	88
5795	81
5796	97
5797	108
5798	105
5799	91
5800	59
5801	62
5802	70
5803	79
5804	73
5805	68
5806	76
5807	67
5808	93
5809	84
5810	98
5811	85
5812	94
5813	90
5814	69
5815	83
5816	102
5817	94
5818	84
5819	89
5820	91
5821	106
5822	82
5823	68
5824	66
5825	74
5826	55
5827	75
5828	63
5829	70
5830	101
5831	105
5832	106
5833	98
5834	119
5835	116
5836	99
5837	110
5838	85
5839	104
5840	102
5841	97
5842	96
5843	114
5844	100
5845	122
5846	82
5847	96
5848	112
5849	106
5850	84
5851	94
5852	93
5853	82
5854	94
5855	85
5856	125
5857	119
5858	87
5859	120
5860	118
5861	88
5862	102
5863	91
5864	75
5865	92
5866	91
5867	78
5868	97
5869	110
5870	102
5871	89
5872	112
5873	69
5874	83
5875	78
5876	76
5877	105
5878	72
5879	100
5880	94
5881	86
5882	94
5883	85
5884	99
5885	53
5886	89
5887	76
5888	101
5889	65
5890	68
5891	78
5892	79
5893	91
5894	97
5895	98
5896	59
5897	98
5898	107
5899	103
5900	94
5901	99
5902	93
5903	112
5904	90
5905	90
5906	81
5907	113
5908	69
5909	82
5910	86
5911	82
5912	94
5913	105
5914	88
5915	64
5916	102
5917	101
5918	114
5919	105
5920	80
5921	93
5922	113
5923	91
5924	72
5925	102
5926	104
5927	75
5928	94
5929	88
5930	103
5931	96
5932	107
5933	110
5934	87
5935	86
5936	98
5937	98
5938	125
5939	83
5940	92
5941	102
5942	97
5943	68
5944	85
5945	127
5946	100
5947	96
5948	102
5949	110
5950	82
5951	76
5952	117
5953	94
5954	97
5955	109
5956	106
5957	92
5958	90
5959	108
5960	101
5961	106
5962	115
5963	96
5964	107
5965	95
5966	88
5967	98
5968	146
5969	109
5970	128
5971	88
5972	98
5973	99
5974	83
5975	109
5976	54
5977	74
5978	94
5979	102
5980	87
5981	104
5982	96
5983	77
5984	90
5985	76
5986	72
5987	81
5988	65
5989	70
5990	84
5991	90
5992	116
5993	115
5994	114
5995	107
5996	68
5997	111
5998	93
5999	92
6000	89
6001	58
6002	95
6003	75
6004	79
6005	88
6006	83
6007	96
6008	124
6009	90
6010	108
6011	96
6012	115
6013	85
6014	85
6015	71
6016	80
6017	106
6018	86
6019	92
6020	108
6021	89
6022	85
6023	78
6024	108
6025	89
6026	101
6027	90
6028	82
6029	88
6030	103
6031	71
6032	84
6033	96
6034	65
6035	79
6036	96
6037	59
6038	112
6039	77
6040	93
6041	100
6042	104
6043	97
6044	109
6045	82
6046	100
6047	75
6048	43
6049	69
6050	76
6051	79
6052	75
6053	107
6054	96
6055	83
6056	68
6057	70
6058	79
6059	76
6060	78
6061	93
6062	82
6063	83
6064	79
6065	78
6066	68
6067	93
6068	84
6069	72
6070	98
6071	104
6072	67
6073	74
6074	65
6075	93
6076	50
6077	64
6078	107
6079	90
6080	94
6081	75
6082	67
6083	54
6084	62
6085	58
6086	82
6087	66
6088	84
6089	100
6090	78
6091	84
6092	81
6093	79
6094	88
6095	82
6096	88
6097	119
6098	68
6099	91
6100	51
6101	78
6102	95
6103	76
6104	76
6105	72
6106	61
6107	93
6108	95
6109	87
6110	79
6111	77
6112	68
6113	63
6114	69
6115	86
6116	88
6117	72
6118	96
6119	63
6120	80
6121	82
6122	89
6123	77
6124	86
6125	70
6126	76
6127	73
6128	90
6129	88
6130	103
6131	98
6132	59
6133	75
6134	86
6135	71
6136	70
6137	75
6138	91
6139	100
6140	91
6141	92
6142	107
6143	112
6144	73
6145	81
6146	87
6147	86
6148	90
6149	89
6150	50
6151	83
6152	89
6153	93
6154	62
6155	89
6156	85
6157	82
6158	72
6159	79
6160	108
6161	92
6162	80
6163	96
6164	82
6165	74
6166	75
6167	86
6168	86
6169	78
6170	60
6171	70
6172	73
6173	55
6174	64
6175	63
6176	81
6177	95
6178	66
6179	85
6180	95
6181	84
6182	79
6183	93
6184	108
6185	75
6186	76
6187	86
6188	107
6189	102
6190	75
6191	65
6192	82
6193	56
6194	75
6195	85
6196	62
6197	91
6198	69
6199	55
6200	51
6201	66
6202	59
6203	72
6204	86
6205	68
6206	64
6207	71
6208	66
6209	79
6210	78
6211	96
6212	92
6213	70
6214	89
6215	109
6216	92
6217	108
6218	86
6219	105
6220	92
6221	96
6222	128
6223	89
6224	91
6225	79
6226	67
6227	66
6228	63
6229	83
6230	91
6231	75
6232	89
6233	62
6234	73
6235	66
6236	79
6237	90
6238	66
6239	59
6240	55
6241	88
6242	48
6243	43
6244	77
6245	66
6246	86
6247	107
6248	58
6249	101
6250	105
6251	75
6252	80
6253	96
6254	106
6255	88
6256	76
6257	83
6258	63
6259	72
6260	87
6261	74
6262	77
6263	80
6264	69
6265	68
6266	89
6267	91
6268	101
6269	72
6270	72
6271	85
6272	99
6273	111
6274	87
6275	89
6276	68
6277	75
6278	87
6279	74
6280	119
6281	75
6282	63
6283	78
6284	77
6285	65
6286	74
6287	82
6288	71
6289	97
6290	71
6291	85
6292	95
6293	92
6294	104
6295	110
6296	90
6297	71
6298	113
6299	89
6300	120
6301	95
6302	113
6303	113
6304	97
6305	72
6306	94
6307	67
6308	78
6309	63
6310	68
6311	69
6312	102
6313	100
6314	92
6315	106
6316	86
6317	71
6318	89
6319	87
6320	82
6321	81
6322	76
6323	67
6324	97
6325	93
6326	74
6327	95
6328	76
6329	68
6330	85
6331	79
6332	94
6333	68
6334	69
6335	99
6336	86
6337	71
6338	60
6339	75
6340	63
6341	100
6342	103
6343	80
6344	97
6345	62
6346	58
6347	68
6348	84
6349	95
6350	81
6351	83
6352	63
6353	72
6354	78
6355	102
6356	83
6357	64
6358	68
6359	67
6360	74
6361	99
6362	89
6363	72
6364	71
6365	76
6366	95
6367	83
6368	74
6369	99
6370	102
6371	77
6372	88
6373	93
6374	80
6375	62
6376	75
6377	73
6378	70
6379	73
6380	69
6381	77
6382	58
6383	74
6384	86
6385	104
6386	113
6387	90
6388	71
6389	85
6390	81
6391	71
6392	90
6393	92
6394	97
6395	73
6396	79
6397	65
6398	71
6399	62
6400	57
6401	72
6402	49
6403	59
6404	68
6405	67
6406	69
6407	55
6408	68
6409	61
6410	100
6411	67
6412	80
6413	74
6414	61
6415	63
6416	65
6417	66
6418	80
6419	81
6420	69
6421	40
6422	47
6423	102
6424	84
6425	83
6426	66
6427	106
6428	85
6429	63
6430	84
6431	74
6432	77
6433	69
6434	49
6435	49
6436	51
6437	76
6438	50
6439	68
6440	68
6441	94
6442	92
6443	62
6444	76
6445	81
6446	104
6447	80
6448	99
6449	81
6450	93
6451	71
6452	79
6453	65
6454	82
6455	94
6456	109
6457	85
6458	83
6459	77
6460	53
6461	80
6462	84
6463	74
6464	86
6465	64
6466	64
6467	58
6468	95
6469	96
6470	129
6471	87
6472	80
6473	67
6474	58
6475	74
6476	79
6477	73
6478	95
6479	83
6480	88
6481	80
6482	84
6483	76
6484	90
6485	104
6486	93
6487	62
6488	76
6489	74
6490	83
6491	67
6492	108
6493	71
6494	82
6495	68
6496	57
6497	53
6498	39
6499	86
6500	97
6501	50
6502	59
6503	66
6504	80
6505	85
6506	73
6507	67
6508	71
6509	113
6510	65
6511	55
6512	59
6513	68
6514	92
6515	104
6516	85
6517	76
6518	72
6519	74
6520	67
6521	76
6522	61
6523	91
6524	82
6525	68
6526	89
6527	58
6528	77
6529	53
6530	66
6531	70
6532	82
6533	74
6534	78
6535	68
6536	73
6537	81
6538	82
6539	92
6540	55
6541	74
6542	70
6543	66
6544	64
6545	65
6546	64
6547	59
6548	80
6549	62
6550	52
6551	93
6552	58
6553	75
6554	53
6555	83
6556	85
6557	80
6558	91
6559	55
6560	79
6561	60
6562	96
6563	67
6564	70
6565	93
6566	57
6567	83
6568	85
6569	77
6570	60
6571	81
6572	76
6573	96
6574	67
6575	61
6576	47
6577	60
6578	62
6579	77
6580	65
6581	65
6582	69
6583	71
6584	69
6585	61
6586	57
6587	44
6588	54
6589	81
6590	81
6591	78
6592	70
6593	56
6594	65
6595	99
6596	96
6597	60
6598	91
6599	71
6600	69
6601	47
6602	68
6603	100
6604	86
6605	80
6606	74
6607	59
6608	89
6609	94
6610	102
6611	62
6612	50
6613	48
6614	70
6615	70
6616	71
6617	69
6618	55
6619	77
6620	91
6621	80
6622	67
6623	75
6624	81
6625	64
6626	81
6627	85
6628	52
6629	65
6630	93
6631	45
6632	58
6633	68
6634	82
6635	59
6636	87
6637	56
6638	76
6639	55
6640	61
6641	57
6642	84
6643	52
6644	63
6645	66
6646	68
6647	74
6648	71
6649	63
6650	72
6651	52
6652	53
6653	46
6654	50
6655	84
6656	48
6657	69
6658	57
6659	59
6660	45
6661	52
6662	54
6663	48
6664	57
6665	69
6666	69
6667	58
6668	75
6669	61
6670	74
6671	60
6672	85
6673	83
6674	56
6675	35
6676	70
6677	33
6678	63
6679	45
6680	58
6681	45
6682	32
6683	51
6684	55
6685	28
6686	62
6687	82
6688	55
6689	69
6690	64
6691	61
6692	69
6693	81
6694	89
6695	50
6696	31
6697	65
6698	80
6699	87
6700	66
6701	69
6702	63
6703	66
6704	50
6705	70
6706	64
6707	56
6708	65
6709	76
6710	70
6711	93
6712	71
6713	66
6714	80
6715	70
6716	89
6717	46
6718	59
6719	60
6720	66
6721	49
6722	60
6723	78
6724	42
6725	51
6726	56
6727	50
6728	82
6729	57
6730	111
6731	81
6732	63
6733	52
6734	64
6735	69
6736	81
6737	65
6738	50
6739	55
6740	57
6741	54
6742	46
6743	59
6744	72
6745	42
6746	54
6747	75
6748	62
6749	74
6750	52
6751	68
6752	66
6753	65
6754	71
6755	48
6756	83
6757	68
6758	65
6759	78
6760	70
6761	55
6762	68
6763	65
6764	77
6765	74
6766	97
6767	89
6768	71
6769	77
6770	67
6771	87
6772	75
6773	83
6774	92
6775	86
6776	84
6777	78
6778	50
6779	63
6780	94
6781	44
6782	52
6783	59
6784	64
6785	75
6786	62
6787	66
6788	82
6789	68
6790	77
6791	75
6792	66
6793	57
6794	82
6795	50
6796	68
6797	92
6798	103
6799	71
6800	76
6801	89
6802	79
6803	99
6804	62
6805	65
6806	80
6807	69
6808	49
6809	79
6810	74
6811	58
6812	67
6813	73
6814	84
6815	68
6816	77
6817	82
6818	81
6819	51
6820	61
6821	73
6822	71
6823	79
6824	79
6825	108
6826	83
6827	71
6828	77
6829	81
6830	60
6831	53
6832	57
6833	74
6834	58
6835	60
6836	50
6837	63
6838	78
6839	97
6840	74
6841	68
6842	42
6843	64
6844	88
6845	60
6846	58
6847	43
6848	70
6849	84
6850	58
6851	74
6852	100
6853	73
6854	113
6855	80
6856	63
6857	45
6858	80
6859	92
6860	80
6861	78
6862	53
6863	69
6864	69
6865	76
6866	62
6867	65
6868	55
6869	69
6870	54
6871	77
6872	69
6873	60
6874	91
6875	66
6876	79
6877	73
6878	70
6879	64
6880	83
6881	81
6882	77
6883	87
6884	88
6885	57
6886	64
6887	64
6888	60
6889	60
6890	66
6891	67
6892	57
6893	69
6894	88
6895	52
6896	89
6897	97
6898	60
6899	68
6900	66
6901	81
6902	77
6903	73
6904	74
6905	63
6906	64
6907	62
6908	55
6909	83
6910	89
6911	71
6912	54
6913	70
6914	100
6915	82
6916	65
6917	61
6918	70
6919	65
6920	63
6921	73
6922	75
6923	70
6924	53
6925	48
6926	72
6927	67
6928	80
6929	49
6930	58
6931	67
6932	75
6933	70
6934	84
6935	73
6936	64
6937	58
6938	116
6939	77
6940	71
6941	64
6942	73
6943	81
6944	67
6945	83
6946	64
6947	58
6948	55
6949	55
6950	60
6951	54
6952	76
6953	68
6954	71
6955	45
6956	55
6957	64
6958	74
6959	77
6960	68
6961	65
6962	59
6963	71
6964	68
6965	54
6966	65
6967	73
6968	57
6969	61
6970	88
6971	51
6972	81
6973	67
6974	90
6975	81
6976	92
6977	86
6978	87
6979	93
6980	111
6981	56
6982	60
6983	77
6984	80
6985	109
6986	115
6987	80
6988	68
6989	68
6990	82
6991	92
6992	88
6993	58
6994	84
6995	76
6996	56
6997	80
6998	91
6999	54
7000	63
7001	63
7002	80
7003	75
7004	84
7005	65
7006	57
7007	69
7008	91
7009	101
7010	65
7011	74
7012	84
7013	80
7014	76
7015	71
7016	65
7017	45
7018	65
7019	62
7020	67
7021	91
7022	63
7023	77
7024	122
7025	82
7026	79
7027	91
7028	97
7029	89
7030	72
7031	71
7032	62
7033	68
7034	67
7035	78
7036	84
7037	69
7038	62
7039	71
7040	61
7041	68
7042	71
7043	66
7044	78
7045	87
7046	56
7047	85
7048	57
7049	93
7050	83
7051	55
7052	98
7053	81
7054	105
7055	54
7056	65
7057	51
7058	84
7059	63
7060	80
7061	47
7062	76
7063	93
7064	91
7065	56
7066	75
7067	84
7068	70
7069	78
7070	80
7071	77
7072	86
7073	89
7074	75
7075	80
7076	54
7077	51
7078	69
7079	60
7080	74
7081	85
7082	76
7083	80
7084	103
7085	72
7086	67
7087	76
7088	50
7089	71
7090	63
7091	95
7092	67
7093	76
7094	90
7095	91
7096	86
7097	44
7098	72
7099	79
7100	89
7101	88
7102	105
7103	69
7104	85
7105	61
7106	76
7107	89
7108	74
7109	74
7110	108
7111	58
7112	81
7113	67
7114	61
7115	66
7116	58
7117	61
7118	79
7119	80
7120	48
7121	53
7122	81
7123	90
7124	58
7125	72
7126	58
7127	64
7128	64
7129	54
7130	112
7131	63
7132	76
7133	69
7134	68
7135	58
7136	62
7137	64
7138	79
7139	66
7140	69
7141	50
7142	57
7143	66
7144	97
7145	90
7146	58
7147	75
7148	74
7149	48
7150	48
7151	64
7152	40
7153	51
7154	57
7155	57
7156	73
7157	74
7158	57
7159	54
7160	73
7161	65
7162	63
7163	68
7164	58
7165	51
7166	48
7167	49
7168	74
7169	84
7170	54
7171	85
7172	66
7173	66
7174	78
7175	65
7176	83
7177	54
7178	95
7179	66
7180	53
7181	86
7182	69
7183	74
7184	67
7185	56
7186	79
7187	79
7188	83
7189	75
7190	84
7191	76
7192	67
7193	85
7194	70
7195	80
7196	99
7197	96
7198	80
7199	81
7200	71
7201	72
7202	82
7203	94
7204	44
7205	65
7206	71
7207	72
7208	63
7209	50
7210	80
7211	77
7212	64
7213	54
7214	61
7215	60
7216	61
7217	72
7218	102
7219	81
7220	83
7221	64
7222	73
7223	55
7224	73
7225	64
7226	59
7227	61
7228	63
7229	86
7230	48
7231	115
7232	78
7233	78
7234	71
7235	74
7236	91
7237	83
7238	86
7239	61
7240	63
7241	100
7242	70
7243	76
7244	76
7245	68
7246	76
7247	83
7248	63
7249	72
7250	79
7251	93
7252	76
7253	68
7254	76
7255	83
7256	93
7257	66
7258	60
7259	65
7260	71
7261	73
7262	108
7263	79
7264	69
7265	91
7266	87
7267	98
7268	64
7269	74
7270	105
7271	85
7272	86
7273	63
7274	74
7275	96
7276	83
7277	97
7278	100
7279	79
7280	83
7281	114
7282	75
7283	67
7284	45
7285	73
7286	48
7287	63
7288	87
7289	77
7290	77
7291	76
7292	89
7293	75
7294	78
7295	52
7296	61
7297	59
7298	69
7299	54
7300	92
7301	93
7302	70
7303	79
7304	78
7305	85
7306	70
7307	70
7308	45
7309	72
7310	97
7311	90
7312	51
7313	77
7314	75
7315	60
7316	102
7317	68
7318	62
7319	60
7320	55
7321	74
7322	62
7323	70
7324	75
7325	66
7326	49
7327	71
7328	51
7329	63
7330	74
7331	82
7332	52
7333	66
7334	102
7335	74
7336	45
7337	72
7338	70
7339	96
7340	61
7341	101
7342	96
7343	65
7344	66
7345	57
7346	69
7347	97
7348	67
7349	87
7350	73
7351	72
7352	69
7353	29
7354	58
7355	64
7356	60
7357	58
7358	61
7359	78
7360	58
7361	64
7362	98
7363	57
7364	71
7365	70
7366	61
7367	73
7368	75
7369	99
7370	63
7371	64
7372	45
7373	52
7374	58
7375	89
7376	76
7377	74
7378	70
7379	80
7380	60
7381	70
7382	72
7383	55
7384	63
7385	62
7386	66
7387	65
7388	69
7389	71
7390	54
7391	64
7392	53
7393	40
7394	80
7395	50
7396	64
7397	73
7398	53
7399	50
7400	65
7401	72
7402	56
7403	55
7404	68
7405	72
7406	56
7407	88
7408	59
7409	45
7410	59
7411	63
7412	63
7413	65
7414	55
7415	56
7416	54
7417	52
7418	54
7419	49
7420	63
7421	82
7422	50
7423	58
7424	57
7425	63
7426	49
7427	61
7428	51
7429	79
7430	50
7431	70
7432	72
7433	56
7434	73
7435	105
7436	45
7437	73
7438	78
7439	62
7440	68
7441	53
7442	51
7443	86
7444	76
7445	65
7446	62
7447	58
7448	54
7449	45
7450	55
7451	54
7452	69
7453	37
7454	72
7455	63
7456	78
7457	81
7458	47
7459	45
7460	56
7461	72
7462	70
7463	64
7464	93
7465	85
7466	50
7467	59
7468	58
7469	47
7470	85
7471	72
7472	56
7473	51
7474	65
7475	61
7476	44
7477	49
7478	44
7479	33
7480	38
7481	27
7482	49
7483	50
7484	62
7485	52
7486	58
7487	70
7488	72
7489	50
7490	73
7491	76
7492	76
7493	57
7494	56
7495	47
7496	40
7497	57
7498	46
7499	32
7500	70
7501	49
7502	69
7503	64
7504	35
7505	67
7506	38
7507	50
7508	71
7509	50
7510	66
7511	75
7512	60
7513	63
7514	68
7515	64
7516	67
7517	85
7518	48
7519	70
7520	55
7521	58
7522	61
7523	76
7524	51
7525	68
7526	50
7527	53
7528	86
7529	67
7530	57
7531	79
7532	69
7533	52
7534	61
7535	42
7536	51
7537	45
7538	29
7539	43
7540	55
7541	57
7542	57
7543	52
7544	56
7545	47
7546	51
7547	44
7548	54
7549	31
7550	73
7551	41
7552	48
7553	56
7554	69
7555	50
7556	48
7557	47
7558	64
7559	74
7560	79
7561	50
7562	59
7563	49
7564	56
7565	70
7566	51
7567	77
7568	55
7569	49
7570	82
7571	84
7572	79
7573	45
7574	62
7575	50
7576	71
7577	80
7578	41
7579	54
7580	31
7581	42
7582	64
7583	55
7584	63
7585	34
7586	54
7587	47
7588	73
7589	80
7590	48
7591	64
7592	49
7593	58
7594	46
7595	38
7596	38
7597	40
7598	47
7599	59
7600	49
7601	63
7602	61
7603	46
7604	74
7605	35
7606	57
7607	72
7608	69
7609	66
7610	47
7611	46
7612	64
7613	46
7614	54
7615	60
7616	59
7617	70
7618	41
7619	46
7620	76
7621	53
7622	46
7623	79
7624	64
7625	73
7626	80
7627	52
7628	67
7629	46
7630	36
7631	76
7632	39
7633	63
7634	53
7635	53
7636	61
7637	59
7638	63
7639	57
7640	54
7641	54
7642	52
7643	54
7644	75
7645	42
7646	23
7647	51
7648	42
7649	62
7650	65
7651	50
7652	71
7653	59
7654	58
7655	52
7656	48
7657	54
7658	61
7659	65
7660	56
7661	50
7662	61
7663	64
7664	55
7665	43
7666	58
7667	44
7668	45
7669	60
7670	54
7671	66
7672	49
7673	47
7674	35
7675	78
7676	52
7677	67
7678	73
7679	61
7680	75
7681	48
7682	46
7683	49
7684	71
7685	52
7686	46
7687	55
7688	49
7689	37
7690	49
7691	44
7692	57
7693	39
7694	74
7695	55
7696	53
7697	45
7698	41
7699	56
7700	68
7701	50
7702	39
7703	37
7704	53
7705	46
7706	39
7707	74
7708	40
7709	39
7710	47
7711	72
7712	84
7713	65
7714	80
7715	51
7716	64
7717	36
7718	59
7719	57
7720	68
7721	75
7722	56
7723	57
7724	57
7725	49
7726	50
7727	70
7728	69
7729	57
7730	70
7731	57
7732	74
7733	56
7734	51
7735	57
7736	45
7737	74
7738	34
7739	50
7740	58
7741	55
7742	54
7743	66
7744	47
7745	32
7746	34
7747	44
7748	50
7749	39
7750	56
7751	56
7752	47
7753	46
7754	57
7755	55
7756	63
7757	63
7758	48
7759	63
7760	42
7761	34
7762	44
7763	53
7764	46
7765	66
7766	35
7767	41
7768	45
7769	50
7770	33
7771	58
7772	51
7773	40
7774	63
7775	66
7776	64
7777	39
7778	54
7779	45
7780	44
7781	54
7782	49
7783	64
7784	65
7785	87
7786	104
7787	41
7788	40
7789	56
7790	49
7791	59
7792	57
7793	43
7794	37
7795	71
7796	75
7797	58
7798	46
7799	63
7800	45
7801	42
7802	43
7803	54
7804	56
7805	67
7806	46
7807	62
7808	39
7809	45
7810	54
7811	49
7812	54
7813	64
7814	49
7815	49
7816	62
7817	50
7818	71
7819	63
7820	45
7821	51
7822	47
7823	43
7824	60
7825	74
7826	53
7827	60
7828	94
7829	54
7830	52
7831	67
7832	49
7833	50
7834	61
7835	37
7836	53
7837	76
7838	52
7839	54
7840	68
7841	81
7842	53
7843	54
7844	52
7845	44
7846	49
7847	73
7848	65
7849	58
7850	48
7851	80
7852	71
7853	58
7854	85
7855	57
7856	59
7857	57
7858	62
7859	63
7860	61
7861	53
7862	54
7863	88
7864	42
7865	65
7866	92
7867	69
7868	53
7869	81
7870	60
7871	73
7872	70
7873	57
7874	52
7875	75
7876	39
7877	42
7878	78
7879	75
7880	66
7881	63
7882	44
7883	63
7884	77
7885	79
7886	63
7887	63
7888	51
7889	45
7890	67
7891	60
7892	66
7893	61
7894	68
7895	75
7896	67
7897	75
7898	68
7899	54
7900	53
7901	70
7902	65
7903	78
7904	37
7905	62
7906	66
7907	84
7908	67
7909	66
7910	65
7911	61
7912	75
7913	57
7914	80
7915	65
7916	86
7917	75
7918	72
7919	80
7920	63
7921	53
7922	64
7923	70
7924	98
7925	89
7926	81
7927	75
7928	71
7929	100
7930	62
7931	93
7932	59
7933	91
7934	86
7935	72
7936	62
7937	58
7938	80
7939	77
7940	75
7941	62
7942	55
7943	83
7944	78
7945	86
7946	75
7947	91
7948	106
7949	72
7950	62
7951	97
7952	84
7953	84
7954	75
7955	86
7956	64
7957	80
7958	68
7959	79
7960	69
7961	93
7962	69
7963	60
7964	79
7965	71
7966	85
7967	83
7968	58
7969	56
7970	59
7971	70
7972	61
7973	59
7974	64
7975	76
7976	57
7977	40
7978	66
7979	64
7980	66
7981	40
7982	55
7983	31
7984	56
7985	29
7986	41
7987	54
7988	60
7989	84
7990	64
7991	55
7992	48
7993	53
7994	56
7995	74
7996	57
7997	53
7998	69
7999	49
8000	517196
