0	0
1	0
2	0
3	0
4	0
5	0
6	0
7	0
8	0
9	0
10	0
11	0
12	0
13	0
14	0
15	0
16	0
17	0
18	0
19	0
20	0
21	0
22	1
23	0
24	0
25	0
26	0
27	0
28	0
29	1
30	4
31	2
32	0
33	2
34	2
35	2
36	4
37	5
38	2
39	3
40	1
41	2
42	2
43	6
44	8
45	5
46	7
47	4
48	3
49	2
50	7
51	5
52	5
53	7
54	4
55	8
56	9
57	4
58	13
59	4
60	9
61	11
62	7
63	6
64	8
65	15
66	6
67	11
68	10
69	18
70	10
71	18
72	11
73	16
74	13
75	9
76	13
77	18
78	9
79	15
80	18
81	16
82	23
83	26
84	23
85	27
86	21
87	23
88	24
89	18
90	15
91	32
92	22
93	31
94	28
95	35
96	39
97	36
98	44
99	39
100	48
101	43
102	50
103	48
104	57
105	46
106	59
107	63
108	48
109	76
110	62
111	64
112	53
113	63
114	61
115	64
116	84
117	56
118	72
119	67
120	66
121	57
122	58
123	65
124	73
125	84
126	100
127	87
128	78
129	98
130	110
131	99
132	107
133	90
134	104
135	111
136	136
137	106
138	126
139	111
140	114
141	117
142	106
143	142
144	142
145	123
146	127
147	136
148	108
149	87
150	115
151	91
152	89
153	116
154	101
155	101
156	91
157	112
158	94
159	87
160	128
161	118
162	117
163	119
164	118
165	144
166	120
167	162
168	118
169	138
170	142
171	130
172	131
173	169
174	153
175	179
176	178
177	154
178	139
179	129
180	156
181	189
182	166
183	186
184	154
185	162
186	163
187	137
188	177
189	150
190	186
191	164
192	205
193	141
194	194
195	196
196	196
197	186
198	195
199	177
200	210
201	183
202	136
203	203
204	173
205	154
206	139
207	149
208	155
209	185
210	199
211	225
212	160
213	179
214	186
215	215
216	174
217	163
218	138
219	137
220	118
221	131
222	144
223	173
224	170
225	167
226	167
227	198
228	141
229	180
230	162
231	120
232	168
233	156
234	137
235	155
236	169
237	157
238	139
239	156
240	122
241	170
242	152
243	149
244	166
245	172
246	144
247	147
248	131
249	160
250	136
251	155
252	178
253	201
254	175
255	157
256	215
257	205
258	164
259	143
260	178
261	191
262	172
263	157
264	158
265	201
266	204
267	140
268	171
269	180
270	116
271	142
272	175
273	148
274	157
275	191
276	174
277	138
278	154
279	160
280	181
281	192
282	168
283	149
284	193
285	171
286	191
287	192
288	200
289	193
290	166
291	183
292	174
293	221
294	162
295	139
296	182
297	159
298	202
299	171
300	195
301	164
302	132
303	131
304	179
305	156
306	154
307	146
308	169
309	132
310	140
311	165
312	164
313	159
314	152
315	164
316	151
317	141
318	154
319	130
320	126
321	167
322	125
323	145
324	133
325	146
326	156
327	155
328	135
329	149
330	126
331	124
332	151
333	143
334	125
335	118
336	142
337	187
338	153
339	130
340	118
341	126
342	106
343	119
344	136
345	154
346	127
347	149
348	132
349	137
350	105
351	103
352	129
353	130
354	130
355	151
356	122
357	109
358	131
359	100
360	84
361	116
362	118
363	137
364	135
365	93
366	82
367	106
368	129
369	112
370	126
371	154
372	139
373	144
374	172
375	120
376	126
377	143
378	129
379	126
380	118
381	145
382	129
383	109
384	106
385	117
386	133
387	141
388	116
389	95
390	117
391	123
392	120
393	134
394	77
395	104
396	96
397	137
398	107
399	98
400	146
401	140
402	101
403	129
404	124
405	123
406	106
407	104
408	104
409	116
410	126
411	101
412	131
413	138
414	103
415	138
416	93
417	83
418	90
419	96
420	71
421	108
422	85
423	93
424	105
425	84
426	94
427	100
428	93
429	102
430	80
431	90
432	70
433	83
434	68
435	66
436	73
437	102
438	93
439	81
440	55
441	74
442	80
443	83
444	89
445	81
446	78
447	91
448	91
449	58
450	65
451	67
452	69
453	68
454	74
455	66
456	60
457	83
458	68
459	52
460	66
461	62
462	61
463	71
464	63
465	74
466	41
467	67
468	53
469	74
470	38
471	33
472	48
473	55
474	45
475	38
476	55
477	40
478	43
479	46
480	37
481	63
482	60
483	62
484	49
485	41
486	44
487	46
488	42
489	49
490	39
491	54
492	42
493	39
494	49
495	51
496	47
497	53
498	59
499	75
500	45
501	59
502	43
503	72
504	44
505	46
506	27
507	43
508	43
509	54
510	35
511	40
512	52
513	54
514	37
515	36
516	33
517	52
518	37
519	28
520	39
521	51
522	46
523	46
524	37
525	51
526	42
527	34
528	26
529	28
530	37
531	30
532	33
533	28
534	38
535	18
536	32
537	21
538	35
539	25
540	39
541	44
542	32
543	23
544	21
545	23
546	22
547	29
548	34
549	32
550	23
551	30
552	19
553	8
554	9
555	16
556	19
557	18
558	7
559	13
560	27
561	19
562	31
563	16
