16	21
17	12
18	8
19	9
20	3
21	8
22	4
23	11
24	15
25	10
26	9
27	16
28	17
29	16
30	29
31	27
32	27
33	38
34	28
35	43
36	49
37	29
38	24
39	56
40	45
41	58
42	55
43	47
44	60
45	83
46	90
47	100
48	97
49	109
50	111
51	110
52	126
53	130
54	132
55	143
56	135
57	171
58	170
59	209
60	171
61	185
62	207
63	229
64	225
65	228
66	237
67	264
68	246
69	279
70	294
71	317
72	292
73	298
74	350
75	376
76	419
77	400
78	377
79	462
80	421
81	453
82	468
83	507
84	505
85	547
86	531
87	573
88	582
89	642
90	648
91	695
92	618
93	750
94	733
95	716
96	706
97	807
98	790
99	820
100	742
101	769
102	741
103	873
104	902
105	873
106	878
107	957
108	937
109	924
110	953
111	991
112	957
113	885
114	995
115	1020
116	1080
117	1003
118	1081
119	1085
120	1040
121	1158
122	1167
123	1154
124	1163
125	1138
126	1160
127	1203
128	1249
129	1240
130	1259
131	1271
132	1211
133	1224
134	1287
135	1213
136	1243
137	1320
138	1312
139	1356
140	1428
141	1587
142	1770
143	1941
144	2234
145	2742
146	4152
147	6791
148	8661
149	14382
150	27678
