16	21
17	12
18	8
19	9
20	3
21	8
22	4
23	11
24	17
25	10
26	9
27	16
28	19
29	16
30	30
31	27
32	29
33	38
34	29
35	45
36	51
37	29
38	28
39	63
40	45
41	61
42	65
43	52
44	68
45	88
46	103
47	119
48	115
49	113
50	136
51	254
52	162
53	134
54	147
55	153
56	150
57	195
58	202
59	242
60	198
61	199
62	233
63	254
64	246
65	254
66	252
67	291
68	262
69	309
70	317
71	334
72	312
73	329
74	375
75	413
76	465
77	451
78	396
79	500
80	455
81	487
82	521
83	566
84	560
85	631
86	600
87	654
88	643
89	745
90	738
91	783
92	722
93	846
94	852
95	822
96	789
97	935
98	923
99	971
100	877
101	881
102	871
103	1030
104	1083
105	1050
106	1042
107	1176
108	1160
109	1148
110	1176
111	1235
112	1173
113	1173
114	1268
115	1366
116	1469
117	1390
118	1464
119	1372
120	1384
121	1512
122	1552
123	1560
124	1568
125	1588
126	1656
127	1771
128	1757
129	1805
130	1810
131	1894
132	1679
133	1767
134	1861
135	1704
136	1890
137	1921
138	1883
139	1998
140	2124
141	2439
142	2690
143	3015
144	3458
145	4402
146	6822
147	11334
148	14082
149	27237
150	83242
