16	59
17	57
18	112
19	105
20	134
21	159
22	139
23	156
24	156
25	156
26	161
27	177
28	231
29	229
30	326
31	369
32	461
33	704
34	875
35	1018
36	1283
37	1436
38	1689
39	1912
40	2049
41	2538
42	2809
43	3208
44	3655
45	4147
46	4700
47	5077
48	5661
49	5920
50	6534
51	7106
52	7399
53	8170
54	8440
55	8731
56	9260
57	9459
58	10094
59	10370
60	10512
61	10382
62	10832
63	11213
64	11601
65	11750
66	12123
67	12449
68	13141
69	13109
70	13576
71	13966
72	14628
73	15199
74	15372
75	15811
76	16315
77	16634
78	17250
79	17649
80	17970
81	18444
82	18880
83	19367
84	19880
85	19964
86	20633
87	20973
88	21642
89	22360
90	22549
91	22671
92	23669
93	23680
94	24369
95	24427
96	25024
97	25040
98	26271
99	25921
100	26754
101	27323
102	27701
103	28479
104	28832
105	28996
106	29951
107	30290
108	30580
109	30968
110	31589
111	31418
112	31757
113	32149
114	31933
115	32476
116	33478
117	33179
118	34145
119	33907
120	34077
121	34387
122	35252
123	35101
124	36201
125	36265
126	36235
127	36574
128	37211
129	37302
130	38253
131	38639
132	38287
133	39093
134	39864
135	39960
136	41154
137	43263
138	44834
139	47829
140	51846
141	57308
142	67109
143	86564
144	106933
145	145299
146	236676
147	433234
148	592554
149	973656
150	1844158
