0	0
1	0
2	0
3	0
4	0
5	0
6	0
7	0
8	0
9	0
10	0
11	0
12	1
13	0
14	1
15	1
16	0
17	0
18	0
19	0
20	1
21	0
22	0
23	1
24	0
25	1
26	1
27	1
28	4
29	3
30	0
31	3
32	6
33	8
34	4
35	4
36	12
37	5
38	8
39	4
40	6
41	5
42	16
43	11
44	37
45	17
46	10
47	16
48	14
49	15
50	19
51	18
52	11
53	11
54	7
55	20
56	12
57	13
58	22
59	19
60	10
61	19
62	25
63	25
64	16
65	21
66	22
67	19
68	35
69	16
70	24
71	29
72	20
73	24
74	36
75	32
76	28
77	29
78	28
79	37
80	46
81	43
82	48
83	61
84	57
85	59
86	56
87	55
88	65
89	83
90	89
91	92
92	81
93	87
94	91
95	102
96	92
97	120
98	120
99	124
100	146
101	121
102	135
103	152
104	140
105	157
106	168
107	155
108	183
109	199
110	173
111	201
112	215
113	208
114	185
115	236
116	255
117	222
118	257
119	268
120	258
121	298
122	255
123	308
124	309
125	311
126	330
127	373
128	334
129	331
130	384
131	334
132	358
133	450
134	398
135	364
136	442
137	471
138	461
139	529
140	576
141	529
142	532
143	514
144	578
145	540
146	470
147	561
148	497
149	545
150	569
151	616
152	639
153	681
154	653
155	649
156	627
157	656
158	719
159	708
160	709
161	670
162	768
163	715
164	754
165	883
166	781
167	818
168	867
169	845
170	908
171	938
172	835
173	861
174	968
175	1005
176	928
177	860
178	949
179	855
180	904
181	1073
182	848
183	851
184	901
185	856
186	811
187	869
188	918
189	925
190	935
191	903
192	1027
193	977
194	1050
195	826
196	897
197	835
198	789
199	853
200	837
201	899
202	904
203	811
204	851
205	791
206	801
207	739
208	846
209	835
210	772
211	887
212	821
213	675
214	837
215	781
216	689
217	805
218	654
219	777
220	686
221	661
222	648
223	687
224	627
225	589
226	642
227	635
228	562
229	645
230	513
231	571
232	624
233	607
234	633
235	600
236	594
237	534
238	610
239	682
240	543
241	549
242	542
243	645
244	513
245	483
246	535
247	531
248	644
249	645
250	580
251	560
252	496
253	719
254	529
255	597
256	646
257	655
258	629
259	564
260	631
261	740
262	575
263	571
264	636
265	649
266	553
267	610
268	541
269	515
270	467
271	454
272	487
273	468
274	507
275	457
276	513
277	498
278	552
279	497
280	554
281	506
282	482
283	496
284	511
285	522
286	385
287	413
288	443
289	448
290	508
291	443
292	511
293	566
294	506
295	420
296	444
297	468
298	474
299	417
300	437
301	494
302	438
303	420
304	471
305	435
306	434
307	386
308	463
309	390
310	407
311	381
312	400
313	385
314	350
315	431
316	397
317	374
318	374
319	342
320	334
321	365
322	358
323	350
324	242
325	338
326	355
327	347
328	343
329	362
330	284
331	346
332	268
333	309
334	314
335	281
336	285
337	227
338	322
339	315
340	267
341	305
342	366
343	298
344	319
345	356
346	289
347	253
348	249
349	245
350	273
351	281
352	310
353	310
354	267
355	252
356	196
357	262
358	267
359	272
360	250
361	224
362	291
363	224
364	269
365	268
366	250
367	202
368	251
369	247
370	256
371	231
372	230
373	264
374	262
375	215
376	266
377	202
378	220
379	250
380	214
381	242
382	177
383	213
384	196
385	236
386	301
387	248
388	251
389	203
390	212
391	227
392	169
393	225
394	198
395	170
396	204
397	166
398	203
399	193
400	170
401	207
402	209
403	264
404	234
405	240
406	179
407	187
408	254
409	200
410	169
411	174
412	186
413	165
414	242
415	195
416	181
417	184
418	125
419	174
420	187
421	186
422	198
423	144
424	167
425	141
426	148
427	134
428	137
429	141
430	124
431	155
432	157
433	142
434	114
435	141
436	161
437	112
438	153
439	137
440	126
441	131
442	130
443	116
444	174
445	154
446	165
447	149
448	116
449	134
450	138
451	114
452	117
453	103
454	118
455	115
456	118
457	78
458	77
459	105
460	97
461	80
462	99
463	120
464	78
465	108
466	104
467	81
468	112
469	103
470	81
471	68
472	85
473	63
474	84
475	86
476	71
477	95
478	70
479	93
480	65
481	74
482	79
483	86
484	80
485	74
486	61
487	91
488	199
489	116
490	44
491	49
492	96
493	52
494	65
495	82
496	61
497	95
498	71
499	68
500	75
501	64
502	61
503	82
504	62
505	75
506	62
507	82
508	103
509	113
510	70
511	69
512	66
513	75
514	67
515	86
516	50
517	55
518	84
519	60
520	73
521	66
522	74
523	74
524	100
525	55
526	53
527	68
528	52
529	66
530	98
531	63
532	61
533	54
534	91
535	123
536	69
537	51
538	43
539	40
540	82
541	98
542	78
543	47
544	63
545	42
546	38
547	77
548	44
549	30
550	52
