0	0
1	0
2	0
3	0
4	0
5	0
6	0
7	0
8	0
9	0
10	0
11	0
12	1
13	0
14	1
15	1
16	0
17	0
18	0
19	0
20	1
21	0
22	0
23	1
24	0
25	1
26	1
27	1
28	4
29	3
30	0
31	3
32	6
33	7
34	3
35	4
36	6
37	5
38	8
39	4
40	6
41	5
42	16
43	10
44	18
45	16
46	9
47	11
48	13
49	12
50	10
51	15
52	11
53	11
54	6
55	18
56	11
57	13
58	21
59	18
60	10
61	19
62	25
63	24
64	15
65	19
66	21
67	18
68	33
69	16
70	22
71	27
72	20
73	24
74	36
75	31
76	26
77	29
78	28
79	35
80	43
81	42
82	45
83	57
84	55
85	55
86	55
87	48
88	61
89	75
90	82
91	83
92	74
93	86
94	81
95	88
96	86
97	109
98	110
99	114
100	129
101	108
102	112
103	132
104	121
105	128
106	140
107	128
108	152
109	157
110	147
111	158
112	172
113	176
114	154
115	203
116	218
117	179
118	207
119	219
120	215
121	235
122	203
123	246
124	245
125	255
126	269
127	299
128	268
129	275
130	284
131	250
132	264
133	326
134	296
135	269
136	321
137	337
138	327
139	357
140	382
141	368
142	382
143	373
144	393
145	322
146	325
147	381
148	342
149	334
150	345
151	345
152	364
153	400
154	382
155	389
156	371
157	381
158	425
159	427
160	440
161	386
162	456
163	415
164	434
165	463
166	420
167	457
168	456
169	417
170	449
171	499
172	443
173	436
174	465
175	434
176	472
177	446
178	466
179	442
180	439
181	533
182	423
183	432
184	451
185	420
186	405
187	413
188	425
189	473
190	454
191	422
192	464
193	460
194	452
195	414
196	414
197	417
198	413
199	400
200	423
201	419
202	465
203	384
204	416
205	397
206	394
207	378
208	412
209	427
210	378
211	414
212	378
213	334
214	400
215	330
216	325
217	394
218	328
219	366
220	330
221	319
222	325
223	342
224	340
225	290
226	312
227	322
228	301
229	338
230	258
231	319
232	306
233	323
234	311
235	323
236	308
237	287
238	302
239	318
240	264
241	281
242	301
243	295
244	269
245	269
246	252
247	303
248	303
249	327
250	293
251	269
252	264
253	345
254	278
255	321
256	300
257	311
258	314
259	294
260	310
261	329
262	280
263	307
264	302
265	323
266	295
267	314
268	261
269	296
270	244
271	240
272	255
273	256
274	253
275	249
276	259
277	257
278	298
279	272
280	298
281	287
282	267
283	255
284	283
285	287
286	218
287	232
288	259
289	251
290	279
291	284
292	267
293	308
294	280
295	236
296	254
297	265
298	265
299	257
300	255
301	292
302	257
303	251
304	290
305	258
306	239
307	232
308	259
309	237
310	241
311	227
312	245
313	231
314	209
315	261
316	251
317	210
318	206
319	194
320	210
321	203
322	222
323	223
324	166
325	195
326	209
327	213
328	217
329	220
330	180
331	204
332	154
333	200
334	187
335	194
336	203
337	152
338	206
339	196
340	176
341	191
342	224
343	181
344	200
345	195
346	181
347	173
348	169
349	164
350	164
351	173
352	183
353	195
354	174
355	160
356	150
357	176
358	164
359	177
360	174
361	155
362	192
363	152
364	171
365	176
366	170
367	149
368	173
369	154
370	159
371	165
372	154
373	185
374	178
375	149
376	172
377	142
378	147
379	165
380	148
381	156
382	129
383	145
384	125
385	160
386	174
387	165
388	151
389	153
390	142
391	166
392	133
393	170
394	128
395	122
396	139
397	127
398	153
399	138
400	126
401	141
402	141
403	159
404	167
405	160
406	139
407	137
408	161
409	150
410	125
411	122
412	127
413	122
414	169
415	141
416	129
417	136
418	87
419	123
420	135
421	126
422	120
423	110
424	127
425	97
426	99
427	114
428	107
429	118
430	92
431	122
432	123
433	103
434	92
435	99
436	105
437	84
438	111
439	103
440	95
441	88
442	106
443	92
444	109
445	128
446	113
447	112
448	89
449	107
450	85
451	87
452	90
453	78
454	92
455	78
456	81
457	66
458	63
459	81
460	73
461	68
462	76
463	80
464	61
465	83
466	81
467	68
468	88
469	88
470	63
471	53
472	68
473	56
474	67
475	52
476	63
477	70
478	60
479	76
480	55
481	64
482	65
483	73
484	68
485	61
486	50
487	62
488	81
489	60
490	39
491	40
492	61
493	46
494	58
495	67
496	48
497	68
498	55
499	57
500	50
501	55
502	43
503	68
504	54
505	59
506	53
507	68
508	78
509	77
510	46
511	49
512	52
513	61
514	56
515	62
516	41
517	45
518	61
519	47
520	57
521	55
522	56
523	58
524	65
525	40
526	48
527	49
528	42
529	48
530	70
531	52
532	39
533	43
534	51
535	47
536	42
537	41
538	40
539	28
540	48
541	54
542	57
543	36
544	37
545	30
546	28
547	57
548	34
549	27
550	43
551	42
552	33
553	34
554	44
555	31
