16	40
17	54
18	33
19	50
20	27
21	50
22	28
23	22
24	41
25	60
26	76
27	111
28	155
29	202
30	229
31	314
32	389
33	371
34	351
35	400
36	323
37	377
38	441
39	566
40	599
41	591
42	574
43	550
44	588
45	577
46	574
47	612
48	698
49	720
50	686
51	601
52	625
53	623
54	603
55	557
56	624
57	648
58	710
59	673
60	672
61	637
62	653
63	694
64	678
65	658
66	709
67	711
68	725
69	685
70	726
71	702
72	709
73	718
74	770
75	718
76	724
77	711
78	779
79	811
80	783
81	780
82	879
83	840
84	876
85	851
86	914
87	931
88	949
89	891
90	931
91	983
92	1032
93	1023
94	975
95	1008
96	1031
97	1024
98	1034
99	1083
100	996
101	1068
102	1075
103	1046
104	1106
105	1023
106	1101
107	1072
108	1076
109	1056
110	1185
111	1146
112	1205
113	1218
114	1151
115	1167
116	1223
117	1107
118	1189
119	1143
120	1148
121	1138
122	1161
123	1112
124	1151
125	1214
126	1252
127	1275
128	1254
129	1271
130	1273
131	1302
132	1224
133	1197
134	1197
135	1219
136	1256
137	1233
138	1200
139	1233
140	1285
141	1333
142	1386
143	1341
144	1358
145	1526
146	1839
147	2860
148	3096
149	6907
150	19460
