16	40
17	54
18	35
19	50
20	29
21	52
22	28
23	28
24	56
25	79
26	82
27	114
28	169
29	221
30	234
31	321
32	399
33	379
34	361
35	419
36	359
37	467
38	596
39	1066
40	1251
41	1159
42	2115
43	1605
44	796
45	635
46	633
47	662
48	782
49	811
50	757
51	833
52	718
53	695
54	672
55	606
56	659
57	700
58	789
59	793
60	749
61	685
62	692
63	744
64	730
65	756
66	821
67	773
68	812
69	728
70	811
71	740
72	744
73	777
74	798
75	754
76	762
77	746
78	837
79	866
80	846
81	882
82	952
83	896
84	1063
85	1031
86	1090
87	1199
88	1381
89	1076
90	998
91	1047
92	1155
93	1118
94	1065
95	1112
96	1144
97	1130
98	1235
99	1222
100	1084
101	1157
102	1148
103	1175
104	1217
105	1118
106	1245
107	1168
108	1161
109	1175
110	1292
111	1278
112	1359
113	1407
114	1281
115	1293
116	1476
117	1391
118	1367
119	1290
120	1262
121	1227
122	1247
123	1232
124	1255
125	1332
126	1387
127	1414
128	1393
129	1391
130	1455
131	1410
132	1357
133	1340
134	1370
135	1381
136	1391
137	1368
138	1311
139	1351
140	1418
141	1458
142	1547
143	1520
144	1557
145	1723
146	2103
147	3318
148	3503
149	8149
150	27700
