0	0
1	0
2	0
3	0
4	0
5	0
6	0
7	0
8	0
9	0
10	0
11	0
12	0
13	0
14	0
15	0
16	0
17	1
18	2
19	0
20	0
21	0
22	0
23	1
24	2
25	1
26	1
27	2
28	1
29	1
30	2
31	5
32	3
33	5
34	4
35	5
36	7
37	2
38	3
39	11
40	4
41	1
42	7
43	8
44	7
45	7
46	4
47	11
48	8
49	8
50	7
51	7
52	9
53	6
54	6
55	9
56	6
57	9
58	10
59	6
60	10
61	9
62	14
63	12
64	15
65	12
66	17
67	10
68	13
69	12
70	15
71	16
72	16
73	17
74	22
75	15
76	17
77	23
78	22
79	23
80	31
81	28
82	20
83	49
84	37
85	51
86	50
87	29
88	30
89	40
90	56
91	49
92	59
93	48
94	44
95	60
96	59
97	52
98	104
99	80
100	104
101	70
102	73
103	95
104	67
105	86
106	82
107	103
108	115
109	149
110	101
111	130
112	114
113	139
114	137
115	110
116	131
117	133
118	141
119	146
120	134
121	176
122	163
123	165
124	141
125	158
126	196
127	165
128	179
129	197
130	207
131	157
132	180
133	203
134	213
135	251
136	202
137	246
138	250
139	223
140	225
141	241
142	236
143	229
144	233
145	196
146	163
147	194
148	195
149	204
150	195
151	168
152	143
153	147
154	173
155	163
156	215
157	192
158	218
159	212
160	169
161	213
162	226
163	198
164	196
165	232
166	226
167	183
168	181
169	207
170	225
171	214
172	206
173	212
174	239
175	217
176	228
177	240
178	232
179	222
180	235
181	195
182	247
183	197
184	204
185	211
186	228
187	251
188	213
189	217
190	191
191	211
192	183
193	181
194	245
195	223
196	213
197	194
198	214
199	205
200	234
201	196
202	204
203	215
204	225
205	206
206	245
207	218
208	173
209	181
210	220
211	187
212	165
213	205
214	213
215	166
216	190
217	204
218	204
219	172
220	177
221	195
222	187
223	128
224	207
225	204
226	194
227	156
228	155
229	203
230	203
231	148
232	209
233	168
234	167
235	177
236	165
237	171
238	169
239	201
240	184
241	167
242	147
243	163
244	165
245	160
246	164
247	204
248	206
249	213
250	174
251	200
252	201
253	223
254	227
255	177
256	179
257	167
258	197
259	162
260	161
261	175
262	192
263	176
264	185
265	211
266	169
267	153
268	134
269	152
270	153
271	183
272	167
273	181
274	145
275	146
276	179
277	174
278	170
279	183
280	198
281	171
282	217
283	191
284	202
285	145
286	142
287	168
288	159
289	177
290	152
291	172
292	163
293	200
294	169
295	205
296	176
297	173
298	167
299	180
300	176
301	191
302	197
303	171
304	160
305	158
306	190
307	115
308	115
309	139
310	130
311	176
312	188
313	141
314	164
315	153
316	182
317	185
318	174
319	161
320	168
321	135
322	145
323	171
324	158
325	147
326	139
327	187
328	182
329	148
330	165
331	148
332	130
333	122
334	127
335	135
336	150
337	166
338	124
339	108
340	143
341	171
342	108
343	131
344	119
345	136
346	140
347	165
348	132
349	145
350	99
351	120
352	144
353	134
354	122
355	125
356	145
357	117
358	110
359	146
360	134
361	149
362	154
363	145
364	142
365	146
366	149
367	122
368	103
369	157
370	153
371	160
372	124
373	144
374	100
375	132
376	162
377	124
378	130
379	116
380	126
381	147
382	95
383	114
384	121
385	98
386	142
387	128
388	114
389	134
390	97
391	115
392	132
393	147
394	147
395	110
396	105
397	125
398	118
399	142
400	118
401	119
402	128
403	162
404	133
405	122
406	117
407	113
408	118
409	120
410	112
411	119
412	117
413	105
414	90
415	93
416	91
417	103
418	101
419	102
420	103
421	84
422	119
423	91
424	99
425	95
426	80
427	119
428	94
429	109
430	97
431	112
432	96
433	89
434	85
435	86
436	98
437	85
438	81
439	99
440	83
441	69
442	84
443	98
444	73
445	75
446	94
447	98
448	104
449	68
450	73
451	93
452	69
453	57
454	80
455	99
456	95
457	110
458	77
459	98
460	56
461	49
462	59
463	55
464	55
465	89
466	45
467	33
468	50
469	70
470	52
471	49
472	75
473	63
474	68
475	50
476	41
477	31
478	59
479	43
480	68
481	49
482	64
483	54
484	45
485	45
486	48
487	53
488	58
489	64
490	69
491	50
492	39
493	38
494	52
495	45
496	62
497	38
498	62
499	41
500	51
501	47
502	52
503	37
504	52
505	53
506	53
507	62
508	70
509	48
510	54
511	38
512	34
513	50
514	43
515	40
516	47
517	45
518	37
519	54
520	54
521	46
522	43
523	40
524	46
525	28
526	48
527	39
528	39
529	29
530	45
531	50
532	40
533	38
534	41
535	49
536	48
537	30
538	35
539	29
540	40
541	40
542	25
543	17
544	30
545	27
546	27
547	29
548	23
549	30
550	29
551	19
552	29
553	28
554	19
555	20
556	31
557	15
558	24
559	18
560	21
561	21
562	13
563	31
564	29
565	26
566	20
