16	13
17	10
18	16
19	11
20	6
21	4
22	7
23	6
24	11
25	16
26	7
27	27
28	19
29	27
30	37
31	25
32	40
33	34
34	35
35	38
36	39
37	47
38	55
39	63
40	65
41	53
42	75
43	99
44	88
45	92
46	100
47	124
48	106
49	96
50	102
51	94
52	102
53	93
54	107
55	112
56	125
57	126
58	148
59	159
60	136
61	139
62	124
63	145
64	141
65	164
66	149
67	165
68	163
69	165
70	206
71	218
72	202
73	253
74	218
75	225
76	260
77	258
78	284
79	284
80	268
81	299
82	334
83	288
84	327
85	334
86	374
87	351
88	368
89	399
90	441
91	474
92	460
93	486
94	512
95	528
96	538
97	544
98	516
99	600
100	604
101	612
102	642
103	644
104	650
105	627
106	627
107	655
108	714
109	681
110	708
111	749
112	725
113	788
114	765
115	794
116	806
117	876
118	867
119	862
120	902
121	960
122	925
123	897
124	963
125	936
126	946
127	1043
128	1015
129	1027
130	1099
131	1030
132	1079
133	1071
134	1046
135	1027
136	1093
137	1122
138	1125
139	1135
140	1247
141	1271
142	1279
143	1528
144	1752
145	1946
146	2787
147	7437
148	6005
149	9357
150	13515
