16	13
17	10
18	16
19	11
20	6
21	4
22	7
23	7
24	12
25	17
26	7
27	27
28	21
29	27
30	38
31	25
32	42
33	36
34	36
35	38
36	40
37	47
38	56
39	63
40	66
41	55
42	79
43	106
44	125
45	129
46	203
47	213
48	269
49	239
50	474
51	1021
52	215
53	106
54	111
55	116
56	135
57	148
58	165
59	170
60	136
61	140
62	127
63	146
64	146
65	169
66	152
67	168
68	164
69	167
70	210
71	218
72	205
73	258
74	221
75	226
76	273
77	264
78	296
79	293
80	278
81	305
82	343
83	299
84	341
85	351
86	390
87	373
88	385
89	413
90	466
91	499
92	486
93	505
94	537
95	551
96	559
97	569
98	544
99	652
100	652
101	691
102	688
103	708
104	692
105	658
106	685
107	739
108	867
109	839
110	819
111	955
112	774
113	838
114	816
115	866
116	875
117	945
118	922
119	909
120	963
121	1053
122	1046
123	1002
124	1071
125	1061
126	1077
127	1158
128	1129
129	1123
130	1211
131	1149
132	1186
133	1175
134	1160
135	1145
136	1208
137	1246
138	1239
139	1263
140	1419
141	1423
142	1434
143	1725
144	2061
145	2266
146	3293
147	9241
148	7269
149	12306
150	18072
