16	2
17	4
18	1
19	6
20	3
21	3
22	1
23	2
24	2
25	4
26	6
27	2
28	2
29	2
30	7
31	8
32	10
33	14
34	4
35	10
36	8
37	10
38	10
39	17
40	10
41	16
42	26
43	32
44	21
45	22
46	25
47	32
48	28
49	47
50	55
51	58
52	39
53	28
54	41
55	33
56	38
57	51
58	51
59	50
60	54
61	49
62	53
63	39
64	55
65	57
66	72
67	68
68	76
69	83
70	89
71	81
72	95
73	83
74	83
75	98
76	113
77	105
78	117
79	125
80	122
81	123
82	108
83	139
84	121
85	144
86	171
87	163
88	184
89	179
90	185
91	186
92	214
93	205
94	223
95	230
96	223
97	253
98	219
99	268
100	272
101	307
102	287
103	287
104	302
105	362
106	374
107	360
108	382
109	392
110	436
111	468
112	437
113	474
114	498
115	481
116	510
117	495
118	481
119	498
120	505
121	532
122	573
123	546
124	635
125	628
126	667
127	657
128	676
129	696
130	676
131	737
132	755
133	803
134	764
135	794
136	813
137	867
138	917
139	990
140	1000
141	1123
142	1164
143	1334
144	1695
145	2112
146	3390
147	5910
148	8068
149	27103
150	29502
