16	2
17	4
18	1
19	6
20	3
21	3
22	1
23	2
24	2
25	4
26	6
27	2
28	2
29	2
30	7
31	8
32	9
33	13
34	4
35	10
36	8
37	10
38	10
39	17
40	10
41	16
42	26
43	31
44	20
45	22
46	24
47	26
48	26
49	41
50	33
51	27
52	39
53	27
54	40
55	33
56	35
57	43
58	37
59	46
60	53
61	49
62	53
63	38
64	53
65	54
66	72
67	68
68	74
69	79
70	85
71	80
72	95
73	83
74	82
75	97
76	111
77	104
78	113
79	118
80	117
81	121
82	107
83	131
84	114
85	140
86	161
87	157
88	181
89	175
90	179
91	178
92	200
93	196
94	217
95	216
96	214
97	241
98	212
99	254
100	249
101	282
102	258
103	255
104	272
105	332
106	331
107	328
108	343
109	338
110	384
111	426
112	394
113	443
114	453
115	433
116	461
117	463
118	459
119	466
120	473
121	481
122	533
123	503
124	562
125	562
126	588
127	597
128	604
129	617
130	597
131	648
132	674
133	721
134	683
135	703
136	721
137	757
138	788
139	840
140	834
141	953
142	995
143	1142
144	1416
145	1746
146	2687
147	4956
148	6684
149	18747
150	21060
