16	11
17	28
18	36
19	39
20	39
21	54
22	46
23	48
24	79
25	80
26	95
27	100
28	124
29	139
30	175
31	197
32	301
33	352
34	429
35	537
36	685
37	780
38	822
39	1007
40	1069
41	1183
42	1398
43	1483
44	1686
45	1888
46	2082
47	2321
48	2457
49	2699
50	2883
51	3104
52	3454
53	3581
54	3851
55	4018
56	4200
57	4431
58	4694
59	4928
60	4965
61	4907
62	5172
63	5213
64	5328
65	5600
66	5703
67	5953
68	6269
69	6285
70	6550
71	6781
72	6952
73	7241
74	7483
75	7799
76	7856
77	8429
78	8352
79	8676
80	9220
81	9450
82	9949
83	10150
84	10565
85	10807
86	11150
87	11519
88	11673
89	12134
90	12397
91	12883
92	13399
93	13772
94	14160
95	14628
96	15310
97	15734
98	16209
99	16310
100	17146
101	17929
102	18170
103	19058
104	19585
105	19896
106	20916
107	21499
108	21767
109	22913
110	23604
111	24013
112	24753
113	25376
114	25595
115	26303
116	27068
117	27516
118	28161
119	28923
120	29481
121	30193
122	30841
123	31362
124	32075
125	32926
126	33693
127	34126
128	34508
129	35617
130	36448
131	37314
132	37877
133	39236
134	40750
135	41739
136	42932
137	45458
138	47700
139	50604
140	54367
141	59229
142	68513
143	85384
144	115634
145	161860
146	267165
147	595609
148	775432
149	1947715
150	2187029
