0	0
1	0
2	0
3	0
4	0
5	0
6	0
7	0
8	0
9	0
10	0
11	0
12	2
13	2
14	4
15	2
16	2
17	6
18	2
19	4
20	3
21	3
22	3
23	5
24	3
25	11
26	12
27	21
28	14
29	10
30	16
31	13
32	16
33	34
34	21
35	28
36	49
37	38
38	36
39	44
40	37
41	31
42	30
43	35
44	43
45	37
46	34
47	182
48	29
49	28
50	80
51	46
52	29
53	26
54	26
55	33
56	35
57	46
58	41
59	49
60	43
61	34
62	31
63	44
64	37
65	40
66	29
67	35
68	37
69	52
70	43
71	49
72	32
73	37
74	55
75	53
76	59
77	52
78	52
79	28
80	45
81	67
82	92
83	55
84	71
85	68
86	56
87	62
88	67
89	68
90	71
91	92
92	72
93	101
94	50
95	137
96	108
97	109
98	85
99	115
100	156
101	84
102	219
103	119
104	113
105	147
106	167
107	125
108	152
109	188
110	131
111	155
112	117
113	188
114	120
115	112
116	130
117	45
118	182
119	129
120	152
121	157
122	239
123	101
124	252
125	178
126	196
127	201
128	315
129	99
130	205
131	221
132	216
133	136
134	256
135	210
136	162
137	163
138	100
139	130
140	91
141	152
142	46
143	103
144	174
145	115
146	100
147	123
148	203
149	49
150	30
151	42
152	238
153	126
154	189
155	27
156	100
157	205
158	86
159	103
160	230
161	187
162	239
163	142
164	229
165	125
166	136
167	28
168	49
169	123
170	363
171	188
172	163
173	208
174	179
175	67
176	105
177	49
178	95
179	390
180	135
181	41
182	270
183	44
184	46
185	237
186	138
187	121
188	95
189	96
190	89
191	35
192	119
193	257
194	275
195	266
196	25
197	44
198	29
199	157
200	74
201	93
202	148
203	141
204	24
205	37
206	52
207	62
208	93
209	20
210	25
211	30
212	287
213	14
214	19
215	34
216	91
217	104
218	64
219	53
220	52
221	57
222	169
223	392
224	135
225	150
226	214
227	64
228	142
229	33
230	103
231	99
232	51
233	25
234	40
235	91
236	138
237	143
238	125
239	106
240	56
241	124
242	118
243	163
244	25
245	68
246	45
247	64
248	50
249	55
250	131
251	83
252	153
253	200
254	53
255	50
256	157
257	53
258	38
259	56
260	66
261	31
262	64
263	229
264	97
265	278
266	140
267	219
268	197
269	167
270	96
271	115
272	126
273	99
274	86
275	149
276	295
277	128
278	330
279	314
280	80
281	124
282	67
283	117
284	90
285	68
286	181
287	53
288	266
289	56
290	156
291	202
292	129
293	57
294	224
295	100
296	197
297	77
298	109
299	77
300	124
301	87
302	118
303	98
304	82
305	108
306	164
307	123
308	149
309	196
310	86
311	64
312	148
313	254
314	107
315	124
316	186
317	78
318	84
319	198
320	76
321	74
322	59
323	79
324	60
325	118
326	226
327	274
328	229
329	105
330	188
331	102
332	187
333	110
334	63
335	82
336	35
337	65
338	59
339	87
340	38
341	37
342	76
343	105
344	118
345	156
346	222
347	62
348	128
349	123
350	91
351	105
352	101
353	53
354	82
355	79
356	88
357	54
358	173
359	98
360	160
361	104
362	88
363	81
364	82
365	48
366	68
367	104
368	169
369	109
370	142
371	92
372	204
373	81
374	136
375	176
376	156
377	153
378	198
379	167
380	74
381	62
382	66
383	73
384	88
385	86
386	80
387	70
388	100
389	169
390	145
391	103
392	153
393	98
394	65
395	118
396	154
397	117
398	108
399	160
400	120
401	91
402	249
403	185
404	178
405	94
406	83
407	197
408	103
409	66
410	65
411	112
412	89
413	170
414	87
415	104
416	154
417	101
418	74
419	63
420	85
421	170
422	139
423	132
424	129
425	147
426	65
427	96
428	140
429	131
430	129
431	110
432	101
433	118
434	128
435	137
436	60
437	69
438	118
439	119
440	97
441	89
442	99
443	111
444	78
445	275
446	92
447	66
448	104
449	57
450	84
451	49
452	67
453	76
454	70
455	62
456	63
457	75
458	42
459	61
460	38
461	78
462	46
463	98
464	33
465	75
466	65
467	55
468	68
469	39
470	170
471	77
472	129
473	78
474	65
475	148
476	126
477	56
478	56
479	41
480	46
481	76
482	115
483	114
484	80
485	47
486	37
487	45
488	43
489	48
490	69
491	100
492	132
493	81
494	62
495	46
496	45
497	63
498	87
499	77
500	47
501	62
502	29
503	30
504	49
505	66
506	47
507	98
508	53
509	64
510	36
511	48
512	52
513	47
514	54
515	28
516	31
517	48
518	26
519	55
520	58
521	85
522	58
523	74
524	26
525	35
526	60
527	27
528	46
529	53
530	20
531	37
532	24
533	27
534	39
535	59
536	39
537	32
538	78
539	26
540	32
541	43
542	38
543	37
544	39
545	39
546	25
547	16
548	30
549	21
550	26
551	21
552	39
553	36
554	125
555	35
556	29
557	35
558	34
559	26
560	17
561	36
562	40
563	45
564	18
565	19
566	14
567	183
568	13
569	32
570	27
571	20
572	35
573	18
