0	0
1	0
2	0
3	0
4	0
5	0
6	0
7	0
8	0
9	0
10	0
11	0
12	2
13	2
14	4
15	2
16	2
17	6
18	2
19	4
20	3
21	3
22	3
23	5
24	3
25	11
26	12
27	20
28	14
29	10
30	16
31	13
32	14
33	34
34	21
35	21
36	42
37	34
38	34
39	37
40	33
41	26
42	26
43	29
44	26
45	32
46	25
47	38
48	25
49	18
50	34
51	42
52	20
53	25
54	22
55	30
56	32
57	28
58	37
59	39
60	34
61	30
62	26
63	28
64	32
65	32
66	23
67	33
68	34
69	34
70	30
71	39
72	28
73	31
74	44
75	41
76	39
77	44
78	45
79	26
80	35
81	49
82	59
83	44
84	62
85	54
86	40
87	49
88	46
89	51
90	47
91	65
92	51
93	60
94	34
95	99
96	68
97	55
98	52
99	83
100	94
101	46
102	75
103	72
104	71
105	77
106	92
107	56
108	81
109	105
110	41
111	80
112	41
113	102
114	62
115	51
116	66
117	31
118	74
119	65
120	71
121	68
122	63
123	49
124	70
125	78
126	65
127	78
128	95
129	55
130	82
131	60
132	74
133	65
134	86
135	70
136	55
137	60
138	54
139	64
140	48
141	64
142	31
143	47
144	53
145	52
146	37
147	36
148	39
149	18
150	18
151	23
152	22
153	15
154	28
155	12
156	19
157	50
158	24
159	27
160	34
161	35
162	51
163	22
164	26
165	32
166	21
167	18
168	14
169	39
170	59
171	31
172	43
173	18
174	41
175	32
176	30
177	20
178	29
179	35
180	22
181	18
182	48
183	29
184	23
185	38
186	28
187	24
188	27
189	23
190	22
191	16
192	28
193	43
194	50
195	29
196	14
197	24
198	16
199	36
200	35
201	40
202	32
203	30
204	13
205	19
206	24
207	32
208	21
209	16
210	16
211	18
212	33
213	11
214	14
215	19
216	24
217	23
218	23
219	18
220	17
221	30
222	37
223	39
224	43
225	42
226	50
227	26
228	32
229	17
230	25
231	29
232	17
233	16
234	24
235	28
236	37
237	23
238	25
239	28
240	30
241	40
242	30
243	45
244	17
245	31
246	27
247	29
248	26
249	37
250	36
251	44
252	45
253	47
254	29
255	26
256	32
257	24
258	27
259	39
260	34
261	22
262	40
263	53
264	42
265	50
266	46
267	67
268	43
269	43
270	30
271	31
272	46
273	55
274	49
275	54
276	56
277	39
278	57
279	67
280	41
281	47
282	41
283	70
284	36
285	28
286	51
287	26
288	45
289	44
290	54
291	50
292	39
293	33
294	53
295	43
296	51
297	51
298	39
299	45
300	43
301	38
302	49
303	47
304	39
305	36
306	48
307	51
308	62
309	59
310	40
311	38
312	45
313	59
314	35
315	41
316	53
317	46
318	53
319	39
320	42
321	36
322	40
323	40
324	31
325	46
326	51
327	79
328	60
329	47
330	60
331	38
332	39
333	35
334	44
335	35
336	29
337	34
338	40
339	35
340	33
341	28
342	47
343	39
344	52
345	68
346	78
347	44
348	56
349	47
350	46
351	45
352	48
353	45
354	47
355	38
356	47
357	36
358	54
359	44
360	62
361	47
362	49
363	36
364	47
365	32
366	40
367	56
368	52
369	40
370	52
371	52
372	67
373	59
374	56
375	59
376	55
377	56
378	70
379	43
380	56
381	47
382	45
383	48
384	47
385	47
386	45
387	48
388	50
389	61
390	63
391	56
392	71
393	62
394	41
395	59
396	44
397	55
398	60
399	60
400	59
401	55
402	53
403	76
404	40
405	60
406	60
407	63
408	55
409	46
410	41
411	53
412	55
413	60
414	56
415	61
416	50
417	44
418	39
419	38
420	54
421	61
422	46
423	41
424	54
425	53
426	47
427	49
428	53
429	59
430	61
431	66
432	50
433	62
434	51
435	48
436	41
437	51
438	62
439	61
440	60
441	61
442	50
443	52
444	30
445	63
446	53
447	42
448	52
449	39
450	36
451	25
452	37
453	45
454	48
455	45
456	45
457	42
458	31
459	46
460	27
461	49
462	33
463	44
464	27
465	51
466	26
467	39
468	31
469	29
470	59
471	51
472	47
473	42
474	41
475	51
476	48
477	39
478	40
479	31
480	42
481	51
482	53
483	70
484	50
485	27
486	24
487	28
488	33
489	39
490	34
491	53
492	52
493	40
494	41
495	27
496	36
497	27
498	47
499	22
500	31
501	37
502	22
503	23
504	32
505	43
506	32
507	48
508	37
509	39
510	26
511	27
512	26
513	23
514	23
515	15
516	17
517	32
518	19
519	33
520	39
521	37
522	35
523	23
524	20
525	32
526	38
527	21
528	28
529	26
530	16
531	8
532	17
533	26
534	28
535	38
536	27
537	16
538	43
539	14
540	15
541	20
542	25
543	27
544	30
545	27
546	22
547	14
548	25
549	15
550	11
551	14
552	20
553	14
554	31
555	21
556	18
557	13
558	20
559	11
560	13
561	18
562	14
563	15
564	11
565	12
566	10
567	12
568	10
569	17
570	19
571	14
572	18
573	13
574	13
575	11
576	15
577	10
578	9
579	15
580	15
581	11
582	8
