0	0
1	0
2	0
3	0
4	0
5	0
6	0
7	0
8	0
9	0
10	0
11	0
12	0
13	6
14	39
15	79
16	83
17	79
18	41
19	32
20	27
21	31
22	33
23	35
24	37
25	53
26	67
27	86
28	87
29	118
30	133
31	144
32	161
33	189
34	235
35	276
36	283
37	436
38	465
39	500
40	558
41	729
42	727
43	827
44	897
45	1013
46	1073
47	1125
48	1307
49	1374
50	1379
51	1435
52	1488
53	1598
54	1631
55	1601
56	1743
57	1744
58	1759
59	1731
60	1836
61	1834
62	1856
63	1849
64	1855
65	1871
66	2028
67	2050
68	2069
69	1976
70	2216
71	2297
72	2226
73	2240
74	2351
75	2321
76	2452
77	2417
78	2513
79	2677
80	2565
81	2708
82	2752
83	3932
84	2787
85	3894
86	2909
87	2898
88	2715
89	3477
90	5544
91	3411
92	3301
93	3021
94	3031
95	3169
96	3211
97	3123
98	3247
99	3169
100	3307
101	3389
102	3324
103	3271
104	3402
105	3357
106	3285
107	3624
108	3581
109	3392
110	3654
111	3489
112	3481
113	3447
114	3564
115	3444
116	3494
117	3367
118	3717
119	3758
120	3519
121	3571
122	3825
123	3613
124	3660
125	3621
126	3528
127	3663
128	3644
129	3513
130	3635
131	3578
132	3534
133	3825
134	3666
135	3501
136	3477
137	3603
138	3721
139	3453
140	3803
141	3701
142	3618
143	3477
144	3614
145	3495
146	3606
147	3851
148	3793
149	3934
150	3955
151	3713
152	3878
153	3743
154	3720
155	3788
156	3773
157	3571
158	3714
159	3560
160	3731
161	3675
162	3537
163	3505
164	3597
165	3493
166	3326
167	3219
168	3323
169	3328
170	3337
171	3150
172	3244
173	3103
174	2978
175	3088
176	3011
177	3165
178	3275
179	3004
180	2969
181	2980
182	2904
183	2834
184	2588
185	2713
186	2640
187	2594
188	2516
189	2511
190	2547
191	2545
192	2690
193	2577
194	2617
195	2628
196	2504
197	2601
198	2427
199	2314
200	2522
201	2366
202	2403
203	2470
204	2312
205	2257
206	2382
207	2297
208	2336
209	2104
210	2127
211	2185
212	2066
213	2076
214	2281
215	2107
216	2091
217	1964
218	2032
219	1940
220	1802
221	2048
222	1832
223	1887
224	1905
225	1927
226	1893
227	1857
228	1788
229	1830
230	1671
231	1601
232	1604
233	1615
234	1652
235	1641
236	1613
237	1669
238	1564
239	1692
240	1568
241	1508
242	1639
243	1659
244	1603
245	1672
246	1552
247	1574
248	1684
249	1474
250	1503
251	1570
252	1536
253	1596
254	1482
255	1436
256	1473
257	1413
258	1384
259	1456
260	1470
261	1335
262	1440
263	1395
264	1318
265	1300
266	1306
267	1315
268	1414
269	1265
270	1296
271	1247
272	1244
273	1301
274	1289
275	1236
276	1231
277	1352
278	1226
279	1274
280	1168
281	1200
282	1052
283	1242
284	1173
285	1066
286	1090
287	1116
288	1045
289	1094
290	1033
291	956
292	1088
293	997
294	1099
295	1032
296	1070
297	1083
298	1013
299	1046
300	997
301	1045
302	1032
303	960
304	1016
305	1112
306	956
307	961
308	890
309	913
310	896
311	779
312	797
313	778
314	801
315	818
316	924
317	870
318	874
319	890
320	911
321	838
322	753
323	856
324	719
325	715
326	702
327	743
328	866
329	767
330	837
331	741
332	804
333	772
334	793
335	765
336	815
337	694
338	689
339	724
340	755
341	755
342	722
343	683
344	711
345	709
346	730
347	729
348	755
349	701
350	709
351	645
352	614
353	634
354	628
355	602
356	671
357	581
358	572
359	632
360	615
361	623
362	601
363	581
364	543
365	599
366	521
367	548
368	624
369	622
370	568
371	528
372	602
373	528
374	572
375	549
376	564
377	509
378	455
379	502
380	534
381	579
382	492
383	506
384	595
385	534
386	521
387	471
388	548
389	508
390	466
391	504
392	538
393	465
394	457
395	437
396	393
397	391
398	473
399	388
400	445
401	411
402	462
403	419
404	332
405	417
406	380
407	340
408	367
409	337
410	390
411	329
412	413
413	364
414	380
415	367
416	401
417	344
418	397
419	384
420	387
421	385
422	327
423	354
424	393
425	351
426	383
427	358
428	381
429	349
430	320
431	351
432	331
433	331
434	356
435	276
436	334
437	313
438	300
439	368
440	337
441	320
442	329
443	296
444	295
445	311
446	279
447	312
448	306
449	322
450	296
451	279
452	304
453	241
454	291
455	299
456	282
457	275
458	323
459	331
460	287
461	285
462	270
463	239
464	181
465	228
466	248
467	252
468	216
469	223
470	270
471	248
472	243
473	271
474	294
475	284
476	254
477	314
478	319
479	320
480	260
481	261
482	239
483	219
484	248
485	266
486	272
487	265
488	294
489	277
490	287
491	275
492	221
493	309
494	283
495	257
496	325
497	235
498	232
499	261
500	245
501	203
502	201
503	238
504	286
505	281
506	229
507	229
508	215
509	239
510	248
511	225
512	219
513	261
514	258
515	262
516	279
517	262
518	301
519	310
520	252
521	255
522	233
523	231
524	283
525	224
526	241
527	258
528	246
529	288
530	246
531	251
532	247
533	239
534	223
535	220
536	241
537	246
538	193
539	295
540	203
541	269
542	261
543	226
544	236
545	256
546	265
547	271
548	229
549	199
550	188
551	225
552	227
553	207
554	191
555	196
556	237
557	219
558	286
559	221
560	271
561	207
562	213
563	235
564	173
565	229
566	252
567	243
568	224
569	193
570	221
571	243
572	180
573	199
574	189
575	219
576	219
577	201
578	209
579	230
580	234
581	199
582	236
583	217
584	207
585	182
586	214
587	187
588	186
589	184
590	216
591	200
592	203
593	162
594	197
595	155
596	200
597	170
598	197
599	211
600	228
601	197
602	185
603	199
604	214
605	234
606	186
607	167
608	194
609	148
610	184
611	180
612	211
613	177
614	172
615	158
616	149
617	137
618	174
619	153
620	168
621	151
622	155
623	147
624	172
625	161
626	189
627	175
628	197
629	212
630	181
631	198
632	172
633	198
634	178
635	178
636	195
637	201
638	183
639	214
640	195
641	177
642	160
643	168
644	143
645	161
646	221
647	269
648	242
649	210
650	188
651	190
652	187
653	194
654	218
655	185
656	200
657	168
658	189
659	207
660	163
661	179
662	208
663	188
664	199
665	145
666	169
667	185
668	178
669	151
670	188
671	189
672	185
673	145
674	173
675	201
676	201
677	199
678	230
679	224
680	190
681	169
682	153
683	193
684	189
685	178
686	183
687	163
688	161
689	162
690	195
691	158
692	156
693	197
694	160
695	161
696	178
697	161
698	179
699	158
700	137
701	209
702	176
703	149
704	133
705	157
706	193
707	176
708	196
709	183
710	188
711	175
712	161
713	159
714	164
715	152
716	108
717	150
718	174
719	166
720	134
721	172
722	160
723	149
724	152
725	114
726	138
727	160
728	179
729	194
730	213
731	155
732	184
733	163
734	107
735	127
736	161
737	166
738	228
739	197
740	169
741	130
742	126
743	169
744	151
745	153
746	124
747	160
748	164
749	147
750	126
751	118
752	143
753	152
754	107
755	153
756	170
757	167
758	123
759	107
760	141
761	165
762	146
763	163
764	187
765	149
766	156
767	175
768	169
769	142
770	147
771	137
772	102
773	118
774	130
775	121
776	151
777	137
778	119
779	120
780	126
781	127
782	164
783	163
784	149
785	164
786	166
787	131
788	170
789	164
790	171
791	168
792	184
793	146
794	145
795	143
796	150
797	142
798	112
799	127
800	122
801	134
802	112
803	160
804	151
805	93
806	92
807	102
808	151
809	129
810	86
811	144
812	115
813	106
814	116
815	104
816	143
817	120
818	140
819	156
820	134
821	122
822	132
823	115
824	127
825	119
826	119
827	111
828	115
829	108
830	125
831	120
832	174
833	128
834	106
835	161
836	153
837	129
838	154
839	142
840	137
841	120
842	143
843	146
844	146
845	137
846	137
847	119
848	119
849	118
850	93
851	92
852	139
853	120
854	141
855	126
856	131
857	112
858	101
859	126
860	114
861	84
862	108
863	124
864	135
865	110
866	94
867	100
868	94
869	101
870	149
871	128
872	165
873	150
874	124
875	132
876	170
877	168
878	142
879	149
880	149
881	122
882	136
883	154
884	166
885	153
886	99
887	112
888	142
889	94
890	103
891	102
892	111
893	130
894	131
895	137
896	124
897	101
898	102
899	99
900	112
901	126
902	127
903	111
904	111
905	140
906	155
907	117
908	110
909	114
910	112
911	88
912	117
913	126
914	152
915	112
916	134
917	122
918	108
919	115
920	96
921	80
922	102
923	99
924	101
925	103
926	106
927	121
928	143
929	115
930	120
931	115
932	133
933	91
934	87
935	92
936	93
937	108
938	123
939	90
940	102
941	108
942	133
943	119
944	130
945	121
946	108
947	86
948	114
949	127
950	111
951	129
952	130
953	123
954	146
955	124
956	142
957	121
958	131
959	118
960	147
961	138
962	106
963	103
964	132
965	134
966	135
967	149
968	122
969	100
970	100
971	115
972	137
973	158
974	142
975	161
976	109
977	96
978	137
979	104
980	96
981	134
982	121
983	105
984	111
985	138
986	110
987	101
988	107
989	100
990	140
991	134
992	133
993	142
994	78
995	134
996	123
997	100
998	118
999	131
1000	133
1001	154
1002	136
1003	140
1004	154
1005	121
1006	142
1007	116
1008	75
1009	101
1010	109
1011	118
1012	148
1013	152
1014	151
1015	131
1016	122
1017	114
1018	130
1019	115
1020	102
1021	127
1022	104
1023	100
1024	97
1025	64
1026	112
1027	110
1028	107
1029	122
1030	107
1031	129
1032	118
1033	105
1034	116
1035	152
1036	128
1037	129
1038	103
1039	104
1040	103
1041	93
1042	116
1043	117
1044	105
1045	100
1046	119
1047	101
1048	104
1049	96
1050	104
1051	99
1052	130
1053	113
1054	132
1055	119
1056	109
1057	122
1058	105
1059	131
1060	74
1061	115
1062	93
1063	118
1064	135
1065	138
1066	106
1067	108
1068	115
1069	107
1070	117
1071	113
1072	106
1073	94
1074	137
1075	113
1076	95
1077	120
1078	112
1079	124
1080	122
1081	125
1082	124
1083	131
1084	143
1085	107
1086	99
1087	90
1088	114
1089	82
1090	84
1091	113
1092	111
1093	120
1094	111
1095	75
1096	61
1097	89
1098	81
1099	67
1100	88
1101	79
1102	109
1103	94
1104	89
1105	93
1106	122
1107	120
1108	104
1109	122
1110	105
1111	133
1112	111
1113	85
1114	110
1115	91
1116	94
1117	117
1118	73
1119	94
1120	103
1121	102
1122	75
1123	113
1124	106
1125	128
1126	135
1127	106
1128	117
1129	124
1130	91
1131	116
1132	136
1133	102
1134	163
1135	152
1136	101
1137	99
1138	130
1139	135
1140	142
1141	150
1142	160
1143	127
1144	141
1145	136
1146	107
1147	99
1148	126
1149	122
1150	153
1151	126
1152	137
1153	113
1154	133
1155	155
1156	147
1157	108
1158	138
1159	119
1160	121
1161	117
1162	102
1163	92
1164	88
1165	100
1166	104
1167	148
1168	102
1169	95
1170	108
1171	104
1172	102
1173	99
1174	120
1175	136
1176	128
1177	156
1178	153
1179	119
1180	96
1181	123
1182	90
1183	129
1184	84
1185	107
1186	115
1187	102
1188	97
1189	107
1190	97
1191	97
1192	98
1193	72
1194	95
1195	114
1196	108
1197	89
1198	128
1199	133
1200	74
1201	108
1202	106
1203	129
1204	110
1205	111
1206	111
1207	136
1208	106
1209	122
1210	114
1211	103
1212	79
1213	95
1214	87
1215	72
1216	134
1217	107
1218	127
1219	94
1220	91
1221	77
1222	85
1223	93
1224	91
1225	87
1226	122
1227	120
1228	95
1229	89
1230	64
1231	74
1232	74
1233	64
1234	90
1235	76
1236	94
1237	110
1238	128
1239	125
1240	104
1241	113
1242	117
1243	97
1244	104
1245	106
1246	82
1247	80
1248	86
1249	92
1250	71
1251	71
1252	58
1253	43
1254	77
1255	87
1256	84
1257	132
1258	69
1259	97
1260	100
1261	86
1262	107
1263	105
1264	129
1265	102
1266	105
1267	131
1268	122
1269	102
1270	111
1271	116
1272	103
1273	109
1274	109
1275	102
1276	105
1277	144
1278	121
1279	130
1280	90
1281	138
1282	132
1283	122
1284	114
1285	98
1286	73
1287	61
1288	98
1289	98
1290	115
1291	69
1292	87
1293	83
1294	66
1295	97
1296	58
1297	108
1298	127
1299	122
1300	111
1301	108
1302	91
1303	98
1304	99
1305	69
1306	85
1307	93
1308	105
1309	89
1310	86
1311	77
1312	93
1313	79
1314	91
1315	84
1316	84
1317	118
1318	69
1319	91
1320	87
1321	74
1322	90
1323	56
1324	77
1325	75
1326	79
1327	112
1328	98
1329	96
1330	121
1331	95
1332	100
1333	100
1334	101
1335	85
1336	109
1337	78
1338	112
1339	80
1340	85
1341	71
1342	54
1343	73
1344	72
1345	69
1346	72
1347	88
1348	89
1349	89
1350	80
1351	85
1352	68
1353	73
1354	71
1355	114
1356	104
1357	93
1358	70
1359	96
1360	90
1361	91
1362	79
1363	81
1364	69
1365	79
1366	120
1367	92
1368	97
1369	88
1370	91
1371	93
1372	81
1373	110
1374	117
1375	95
1376	102
1377	73
1378	88
1379	83
1380	53
1381	101
1382	84
1383	96
1384	77
1385	101
1386	67
1387	61
1388	70
1389	66
1390	50
1391	71
1392	65
1393	116
1394	90
1395	122
1396	82
1397	86
1398	114
1399	94
1400	99
1401	59
1402	55
1403	83
1404	98
1405	82
1406	79
1407	65
1408	62
1409	88
1410	76
1411	93
1412	81
1413	85
1414	88
1415	94
1416	82
1417	89
1418	96
1419	104
1420	89
1421	75
1422	79
1423	94
1424	106
1425	93
1426	88
1427	68
1428	62
1429	57
1430	80
1431	84
1432	67
1433	64
1434	66
1435	38
1436	57
1437	61
1438	49
1439	78
1440	59
1441	60
1442	75
1443	86
1444	71
1445	54
1446	61
1447	65
1448	61
1449	97
1450	72
1451	88
1452	76
1453	60
1454	58
1455	63
1456	59
1457	97
1458	87
1459	75
1460	61
1461	93
1462	57
1463	79
1464	65
1465	94
1466	87
1467	102
1468	65
1469	84
1470	72
1471	88
1472	78
1473	92
1474	46
1475	68
1476	78
1477	62
1478	88
1479	59
1480	85
1481	77
1482	76
1483	88
1484	71
1485	59
1486	51
1487	56
1488	75
1489	60
1490	55
1491	65
1492	104
1493	80
1494	72
1495	72
1496	69
1497	106
1498	81
1499	75
1500	145
1501	71
1502	105
1503	104
1504	118
1505	75
1506	76
1507	61
1508	56
1509	63
1510	96
1511	76
1512	103
1513	73
1514	74
1515	91
1516	65
1517	90
1518	73
1519	104
1520	94
1521	88
1522	89
1523	94
1524	112
1525	120
1526	118
1527	101
1528	79
1529	88
1530	127
1531	100
1532	97
1533	78
1534	61
1535	99
1536	88
1537	103
1538	103
1539	73
1540	83
1541	108
1542	93
1543	73
1544	91
1545	79
1546	93
1547	127
1548	111
1549	91
1550	84
1551	49
1552	75
1553	59
1554	65
1555	56
1556	60
1557	52
1558	40
1559	62
1560	89
1561	67
1562	80
1563	70
1564	83
1565	75
1566	74
1567	73
1568	114
1569	92
1570	67
1571	66
1572	83
1573	78
1574	79
1575	75
1576	87
1577	90
1578	84
1579	87
1580	53
1581	93
1582	78
1583	91
1584	106
1585	90
1586	61
1587	100
1588	84
1589	93
1590	97
1591	73
1592	96
1593	79
1594	82
1595	101
1596	71
1597	88
1598	75
1599	84
1600	66
1601	73
1602	88
1603	79
1604	72
1605	51
1606	66
1607	64
1608	62
1609	80
1610	124
1611	67
1612	85
1613	73
1614	64
1615	70
1616	99
1617	53
1618	68
1619	53
1620	61
1621	138
1622	79
1623	113
1624	81
1625	102
1626	51
1627	101
1628	66
1629	80
1630	81
1631	86
1632	79
1633	63
1634	81
1635	58
1636	67
1637	53
1638	60
1639	73
1640	84
1641	65
1642	40
1643	44
1644	67
1645	57
1646	63
1647	75
1648	75
1649	81
1650	62
1651	76
1652	74
1653	65
1654	92
1655	55
1656	50
1657	50
1658	53
1659	60
1660	59
1661	79
1662	71
1663	82
1664	52
1665	74
1666	82
1667	43
1668	68
1669	42
1670	51
1671	32
1672	64
1673	49
1674	65
1675	56
1676	73
1677	81
1678	61
1679	84
1680	60
1681	85
1682	78
1683	61
1684	50
1685	87
1686	64
1687	73
1688	45
1689	87
1690	65
1691	75
1692	57
1693	71
1694	65
1695	99
1696	55
1697	83
1698	64
1699	71
1700	96
1701	90
1702	96
1703	107
1704	67
1705	68
1706	79
1707	92
1708	56
1709	90
1710	80
1711	87
1712	92
1713	69
1714	101
1715	82
1716	91
1717	68
1718	76
1719	75
1720	51
1721	95
1722	72
1723	79
1724	74
1725	68
1726	78
1727	82
1728	85
1729	83
1730	53
1731	50
1732	73
1733	55
1734	70
1735	79
1736	71
1737	69
1738	59
1739	72
1740	74
1741	67
1742	82
1743	45
1744	46
1745	67
1746	101
1747	110
1748	77
1749	62
1750	52
1751	41
1752	55
1753	53
1754	47
1755	40
1756	73
1757	78
1758	45
1759	62
1760	84
1761	99
1762	64
1763	77
1764	63
1765	73
1766	82
1767	74
1768	74
1769	77
1770	74
1771	74
1772	101
1773	91
1774	46
1775	68
1776	54
1777	80
1778	70
1779	82
1780	48
1781	57
1782	58
1783	70
1784	60
1785	55
1786	76
1787	82
1788	105
1789	62
1790	97
1791	61
1792	75
1793	63
1794	61
1795	58
1796	49
1797	74
1798	35
1799	39
1800	46
1801	76
1802	95
1803	79
1804	82
1805	61
1806	72
1807	63
1808	81
1809	41
1810	62
1811	61
1812	50
1813	55
1814	51
1815	59
1816	36
1817	28
1818	36
1819	30
1820	57
1821	50
1822	46
1823	63
1824	50
1825	52
1826	66
1827	61
1828	51
1829	72
1830	50
1831	65
1832	78
1833	94
1834	81
1835	81
1836	72
1837	65
1838	72
1839	71
1840	70
1841	55
1842	79
1843	63
1844	62
1845	40
1846	51
1847	43
1848	57
1849	47
1850	52
1851	60
1852	33
1853	45
1854	51
1855	72
1856	45
1857	52
1858	54
1859	55
1860	73
1861	62
1862	37
1863	68
1864	33
1865	47
1866	58
1867	42
1868	54
1869	38
1870	26
1871	38
1872	39
1873	31
1874	45
1875	25
1876	46
1877	24
1878	42
1879	54
1880	59
1881	79
1882	51
1883	54
1884	40
1885	52
1886	43
1887	60
1888	50
1889	52
1890	48
1891	43
1892	58
1893	35
1894	39
1895	29
1896	42
1897	43
1898	78
1899	58
1900	92
1901	106
1902	63
1903	58
1904	34
1905	51
1906	55
1907	63
1908	57
1909	64
1910	65
1911	56
1912	76
1913	47
1914	59
1915	73
1916	58
1917	51
1918	55
1919	70
1920	47
1921	36
1922	40
1923	50
1924	56
1925	83
1926	59
1927	53
1928	88
1929	85
1930	75
1931	81
1932	73
1933	57
1934	42
1935	62
1936	78
1937	81
1938	64
1939	47
1940	77
1941	69
1942	77
1943	81
1944	47
1945	79
1946	43
1947	53
1948	64
1949	65
1950	79
1951	59
1952	64
1953	61
1954	55
1955	83
1956	42
1957	46
1958	31
1959	43
1960	53
1961	45
1962	49
1963	66
1964	56
1965	60
1966	76
1967	72
1968	76
1969	47
1970	75
1971	55
1972	75
1973	86
1974	75
1975	81
1976	79
1977	68
1978	66
1979	83
1980	83
1981	66
1982	63
1983	90
1984	62
1985	49
1986	43
1987	61
1988	59
1989	58
1990	76
1991	83
1992	73
1993	48
1994	78
1995	54
1996	56
1997	54
1998	74
1999	84
2000	85
2001	80
2002	88
2003	65
2004	66
2005	64
2006	66
2007	68
2008	71
2009	84
2010	79
2011	81
2012	67
2013	79
2014	107
2015	70
2016	72
2017	58
2018	73
2019	90
2020	50
2021	44
2022	78
2023	59
2024	80
2025	81
2026	98
2027	52
2028	60
2029	62
2030	51
2031	40
2032	36
2033	31
2034	67
2035	76
2036	45
2037	52
2038	80
2039	49
2040	68
2041	48
2042	44
2043	56
2044	70
2045	42
2046	54
2047	69
2048	58
2049	82
2050	85
2051	86
2052	73
2053	72
2054	93
2055	80
2056	100
2057	74
2058	57
2059	66
2060	70
2061	96
2062	84
2063	88
2064	105
2065	61
2066	41
2067	54
2068	42
2069	56
2070	44
2071	56
2072	44
2073	65
2074	82
2075	68
2076	62
2077	64
2078	78
2079	69
2080	63
2081	42
2082	42
2083	47
2084	44
2085	41
2086	51
2087	45
2088	48
2089	58
2090	53
2091	62
2092	61
2093	55
2094	83
2095	68
2096	59
2097	68
2098	55
2099	63
2100	60
2101	50
2102	57
2103	40
2104	38
2105	41
2106	65
2107	70
2108	65
2109	73
2110	47
2111	34
2112	47
2113	55
2114	48
2115	50
2116	51
2117	50
2118	18
2119	28
2120	30
2121	50
2122	78
2123	51
2124	42
2125	62
2126	46
2127	76
2128	80
2129	47
2130	47
2131	65
2132	45
2133	73
2134	59
2135	35
2136	54
2137	40
2138	43
2139	56
2140	32
2141	59
2142	90
2143	66
2144	62
2145	22
2146	35
2147	40
2148	40
2149	64
2150	71
2151	69
2152	53
2153	68
2154	48
2155	34
2156	52
2157	33
2158	40
2159	48
2160	51
2161	75
2162	59
2163	46
2164	39
2165	47
2166	46
2167	73
2168	37
2169	45
2170	55
2171	35
2172	54
2173	63
2174	46
2175	68
2176	69
2177	55
2178	74
2179	65
2180	51
2181	46
2182	25
2183	46
2184	56
2185	54
2186	37
2187	38
2188	55
2189	36
2190	74
2191	28
2192	28
2193	44
2194	53
2195	57
2196	66
2197	78
2198	51
2199	79
2200	62
2201	49
2202	50
2203	59
2204	43
2205	48
2206	62
2207	64
2208	62
2209	38
2210	42
2211	47
2212	39
2213	46
2214	47
2215	64
2216	62
2217	43
2218	62
2219	83
2220	69
2221	84
2222	83
2223	79
2224	90
2225	70
2226	62
2227	54
2228	50
2229	51
2230	86
2231	72
2232	53
2233	76
2234	73
2235	40
2236	50
2237	48
2238	64
2239	50
2240	66
2241	59
2242	84
2243	82
2244	86
2245	78
2246	69
2247	58
2248	46
2249	81
2250	88
2251	78
2252	54
2253	55
2254	63
2255	53
2256	76
2257	66
2258	77
2259	70
2260	71
2261	60
2262	70
2263	85
2264	95
2265	56
2266	55
2267	59
2268	74
2269	62
2270	62
2271	50
2272	52
2273	64
2274	54
2275	44
2276	42
2277	43
2278	54
2279	63
2280	39
2281	31
2282	83
2283	60
2284	63
2285	56
2286	50
2287	61
2288	62
2289	70
2290	111
2291	59
2292	35
2293	49
2294	56
2295	58
2296	48
2297	48
2298	70
2299	64
2300	56
2301	28
2302	47
2303	81
2304	56
2305	50
2306	56
2307	55
2308	46
2309	77
2310	71
2311	80
2312	53
2313	45
2314	45
2315	62
2316	47
2317	40
2318	43
2319	46
2320	60
2321	71
2322	40
2323	71
2324	37
2325	53
2326	68
2327	38
2328	67
2329	53
2330	51
2331	46
2332	69
2333	54
2334	36
2335	46
2336	38
2337	53
2338	43
2339	62
2340	71
2341	67
2342	51
2343	95
2344	68
2345	63
2346	63
2347	69
2348	44
2349	42
2350	39
2351	56
2352	54
2353	54
2354	39
2355	57
2356	63
2357	47
2358	47
2359	43
2360	32
2361	39
2362	65
2363	45
2364	32
2365	51
2366	45
2367	70
2368	61
2369	53
2370	40
2371	41
2372	68
2373	52
2374	69
2375	56
2376	69
2377	45
2378	38
2379	57
2380	32
2381	37
2382	47
2383	42
2384	26
2385	32
2386	33
2387	21
2388	27
2389	41
2390	44
2391	40
2392	37
2393	45
2394	65
2395	60
2396	47
2397	59
2398	50
2399	33
2400	47
2401	39
2402	38
2403	50
2404	38
2405	54
2406	77
2407	57
2408	57
2409	55
2410	24
2411	32
2412	52
2413	20
2414	48
2415	70
2416	68
2417	43
2418	70
2419	81
2420	59
2421	53
2422	72
2423	52
2424	59
2425	60
2426	51
2427	37
2428	47
2429	35
2430	46
2431	50
2432	42
2433	61
2434	57
2435	75
2436	52
2437	51
2438	37
2439	32
2440	66
2441	56
2442	47
2443	60
2444	37
2445	47
2446	47
2447	34
2448	51
2449	45
2450	57
2451	43
2452	42
2453	41
2454	36
2455	76
2456	63
2457	48
2458	73
2459	56
2460	41
2461	45
2462	49
2463	55
2464	46
2465	58
2466	94
2467	64
2468	35
2469	36
2470	36
2471	41
2472	47
2473	49
2474	40
2475	42
2476	56
2477	37
2478	66
2479	37
2480	49
2481	45
2482	68
2483	54
2484	42
2485	55
2486	65
2487	57
2488	51
2489	81
2490	61
2491	50
2492	67
2493	66
2494	63
2495	43
2496	64
2497	64
2498	36
2499	62
2500	70
2501	30
2502	40
2503	37
2504	38
2505	41
2506	45
2507	28
2508	25
2509	23
2510	49
2511	48
2512	49
2513	51
2514	38
2515	35
2516	21
2517	29
2518	24
2519	39
2520	36
2521	33
2522	37
2523	51
2524	59
2525	53
2526	59
2527	62
2528	58
2529	67
2530	53
2531	28
2532	39
2533	23
2534	30
2535	40
2536	35
2537	44
2538	60
2539	36
2540	41
2541	29
2542	38
2543	36
2544	56
2545	56
2546	69
2547	47
2548	72
2549	39
2550	36
2551	48
2552	30
2553	53
2554	35
2555	49
2556	40
2557	56
2558	53
2559	50
2560	37
2561	32
2562	38
2563	72
2564	55
2565	66
2566	28
2567	31
2568	27
2569	33
2570	35
2571	47
2572	39
2573	39
2574	32
2575	31
2576	22
2577	18
2578	28
2579	56
2580	29
2581	41
2582	31
2583	41
2584	43
2585	59
2586	50
2587	76
2588	66
2589	61
2590	73
2591	33
2592	58
2593	50
2594	53
2595	45
2596	58
2597	56
2598	44
2599	45
2600	67
2601	36
2602	32
2603	49
2604	18
2605	35
2606	34
2607	43
2608	54
2609	45
2610	26
2611	27
2612	18
2613	24
2614	43
2615	43
2616	39
2617	52
2618	33
2619	35
2620	38
2621	23
2622	24
2623	36
2624	47
2625	37
2626	38
2627	49
2628	34
2629	41
2630	56
2631	43
2632	45
2633	43
2634	43
2635	43
2636	36
2637	43
2638	31
2639	26
2640	25
2641	20
2642	42
2643	36
2644	25
2645	51
2646	43
2647	49
2648	34
2649	35
2650	53
2651	29
2652	35
2653	31
2654	29
2655	45
2656	39
2657	46
2658	30
2659	25
2660	53
2661	49
2662	41
2663	47
2664	60
2665	44
2666	45
2667	59
2668	29
2669	43
2670	61
2671	56
2672	45
2673	65
2674	53
2675	39
2676	30
2677	16
2678	27
2679	32
2680	29
2681	36
2682	47
2683	36
2684	42
2685	19
2686	29
2687	34
2688	30
2689	37
2690	53
2691	53
2692	28
2693	23
2694	11
2695	26
2696	27
2697	42
2698	46
2699	39
2700	49
2701	59
2702	49
2703	37
2704	34
2705	35
2706	51
2707	51
2708	36
2709	26
2710	31
2711	38
2712	42
2713	61
2714	58
2715	52
2716	42
2717	46
2718	30
2719	44
2720	26
2721	54
2722	55
2723	60
2724	31
2725	58
2726	46
2727	35
2728	45
2729	42
2730	40
2731	40
2732	52
2733	28
2734	33
2735	38
2736	37
2737	51
2738	61
2739	79
2740	44
2741	58
2742	33
2743	44
2744	42
2745	56
2746	30
2747	43
2748	47
2749	69
2750	42
2751	38
2752	28
2753	32
2754	52
2755	46
2756	40
2757	41
2758	49
2759	46
2760	41
2761	39
2762	42
2763	48
2764	38
2765	59
2766	61
2767	47
2768	43
2769	37
2770	31
2771	22
2772	30
2773	50
2774	25
2775	27
2776	40
2777	44
2778	42
2779	43
2780	51
2781	50
2782	36
2783	43
2784	70
2785	38
2786	37
2787	48
2788	40
2789	49
2790	37
2791	49
2792	24
2793	20
2794	48
2795	38
2796	43
2797	38
2798	42
2799	37
2800	54
2801	60
2802	39
2803	39
2804	58
2805	44
2806	45
2807	45
2808	35
2809	22
2810	32
2811	39
2812	42
2813	51
2814	41
2815	32
2816	34
2817	34
2818	29
2819	29
2820	31
2821	29
2822	53
2823	35
2824	37
2825	27
2826	27
2827	34
2828	43
2829	48
2830	57
2831	64
2832	63
2833	55
2834	55
2835	35
2836	40
2837	59
2838	58
2839	27
2840	53
2841	57
2842	38
2843	47
2844	41
2845	40
2846	34
2847	33
2848	39
2849	34
2850	31
2851	31
2852	53
2853	56
2854	41
2855	35
2856	49
2857	58
2858	54
2859	40
2860	22
2861	41
2862	39
2863	30
2864	44
2865	54
2866	28
2867	61
2868	32
2869	40
2870	28
2871	12
2872	25
2873	22
2874	30
2875	47
2876	23
2877	25
2878	43
2879	48
2880	49
2881	26
2882	33
2883	38
2884	18
2885	22
2886	24
2887	30
2888	26
2889	29
2890	17
2891	43
2892	32
2893	16
2894	18
2895	11
2896	34
2897	18
2898	26
2899	20
2900	25
2901	13
2902	29
2903	39
2904	28
2905	24
2906	23
2907	33
2908	18
2909	22
2910	15
2911	23
2912	32
2913	40
2914	28
2915	43
2916	36
2917	47
2918	22
2919	35
2920	35
2921	36
2922	29
2923	22
2924	28
2925	23
2926	33
2927	28
2928	29
2929	30
2930	34
2931	38
2932	35
2933	23
2934	34
2935	35
2936	16
2937	23
2938	19
2939	20
2940	17
2941	15
2942	29
2943	27
2944	44
2945	25
2946	20
2947	26
2948	29
2949	25
2950	19
2951	26
2952	31
2953	21
2954	23
2955	23
2956	47
2957	22
2958	38
2959	19
2960	24
2961	28
2962	46
2963	15
2964	14
2965	34
2966	43
2967	34
2968	34
2969	29
2970	34
2971	20
2972	18
2973	24
2974	31
2975	45
2976	28
2977	34
2978	52
2979	42
2980	32
2981	34
2982	54
2983	38
2984	17
2985	14
2986	8
2987	12
2988	19
2989	17
2990	21
2991	42
2992	45
2993	47
2994	21
2995	28
2996	42
2997	35
2998	34
2999	57
3000	42
3001	25
3002	30
3003	33
3004	29
3005	21
3006	32
3007	42
3008	42
3009	39
3010	47
3011	36
3012	34
3013	23
3014	22
3015	27
3016	31
3017	16
3018	31
3019	30
3020	20
3021	26
3022	27
3023	27
3024	49
3025	18
3026	32
3027	21
3028	49
3029	42
3030	30
3031	51
3032	50
3033	20
3034	28
3035	35
3036	38
3037	49
3038	34
3039	43
3040	14
3041	21
3042	37
3043	51
3044	43
3045	26
3046	28
3047	25
3048	22
3049	23
3050	22
3051	25
3052	15
3053	25
3054	53
3055	40
3056	35
3057	52
3058	52
3059	32
3060	13
3061	18
3062	17
3063	24
3064	27
3065	24
3066	28
3067	39
3068	25
3069	33
3070	34
3071	36
3072	53
3073	37
3074	33
3075	57
3076	30
3077	37
3078	35
3079	33
3080	31
3081	28
3082	33
3083	32
3084	34
3085	36
3086	33
3087	14
3088	29
3089	54
3090	44
3091	30
3092	44
3093	45
3094	23
3095	26
3096	49
3097	35
3098	31
3099	48
3100	55
3101	58
3102	35
3103	32
3104	34
3105	32
3106	50
3107	54
3108	52
3109	34
3110	36
3111	45
3112	49
3113	38
3114	46
3115	29
3116	20
3117	32
3118	39
3119	50
3120	37
3121	36
3122	55
3123	21
3124	40
3125	32
3126	23
3127	28
3128	41
3129	38
3130	44
3131	40
3132	49
3133	33
3134	38
3135	41
3136	32
3137	29
3138	42
3139	25
3140	52
3141	45
3142	37
3143	28
3144	21
3145	31
3146	32
3147	30
3148	28
3149	35
3150	38
3151	47
3152	35
3153	39
3154	28
3155	35
3156	29
3157	20
3158	25
3159	25
3160	20
3161	27
3162	18
3163	19
3164	29
3165	30
3166	34
3167	24
3168	40
3169	15
3170	24
3171	13
3172	18
3173	40
3174	47
3175	32
3176	24
3177	31
3178	33
3179	21
3180	25
3181	19
3182	19
3183	73
3184	34
3185	30
3186	37
3187	28
3188	35
3189	37
3190	22
3191	27
3192	29
3193	42
3194	31
3195	48
3196	39
3197	48
3198	17
3199	18
3200	30
3201	46
3202	33
3203	41
3204	40
3205	25
3206	38
3207	37
3208	28
3209	26
3210	39
3211	43
3212	20
3213	40
3214	21
3215	34
3216	21
3217	27
3218	37
3219	40
3220	17
3221	15
3222	24
3223	24
3224	26
3225	29
3226	36
3227	26
3228	30
3229	41
3230	30
3231	35
3232	33
3233	54
3234	48
3235	46
3236	36
3237	54
3238	43
3239	44
3240	43
3241	44
3242	37
3243	32
3244	76
3245	36
3246	36
3247	43
3248	36
3249	52
3250	33
3251	42
3252	40
3253	37
3254	29
3255	28
3256	23
3257	20
3258	31
3259	42
3260	29
3261	37
3262	46
3263	33
3264	36
3265	33
3266	26
3267	19
3268	28
3269	27
3270	30
3271	46
3272	30
3273	33
3274	18
3275	27
3276	32
3277	42
3278	42
3279	40
3280	43
3281	44
3282	21
3283	36
3284	34
3285	61
3286	28
3287	39
3288	28
3289	28
3290	47
3291	56
3292	28
3293	37
3294	36
3295	33
3296	43
3297	35
3298	32
3299	36
3300	47
3301	53
3302	38
3303	56
3304	73
3305	49
3306	59
3307	59
3308	36
3309	43
3310	35
3311	31
3312	61
3313	54
3314	55
3315	45
3316	33
3317	51
3318	40
3319	70
3320	44
3321	56
3322	56
3323	39
3324	27
3325	29
3326	24
3327	68
3328	26
3329	35
3330	37
3331	30
3332	42
3333	53
3334	27
3335	49
3336	45
3337	41
3338	43
3339	56
3340	24
3341	39
3342	50
3343	50
3344	51
3345	66
3346	43
3347	44
3348	47
3349	53
3350	40
3351	60
3352	42
3353	21
3354	51
3355	33
3356	35
3357	47
3358	43
3359	39
3360	27
3361	23
3362	17
3363	19
3364	14
3365	29
3366	27
3367	36
3368	47
3369	30
3370	26
3371	31
3372	23
3373	42
3374	44
3375	30
3376	17
3377	23
3378	14
3379	17
3380	25
3381	24
3382	40
3383	33
3384	45
3385	43
3386	46
3387	25
3388	21
3389	30
3390	24
3391	32
3392	25
3393	11
3394	31
3395	27
3396	26
3397	22
3398	33
3399	21
3400	29
3401	34
3402	24
3403	25
3404	27
3405	32
3406	27
3407	40
3408	66
3409	18
3410	22
3411	15
3412	24
3413	31
3414	16
3415	29
3416	23
3417	16
3418	28
3419	32
3420	29
3421	25
3422	26
3423	26
3424	49
3425	37
3426	29
3427	23
3428	47
3429	25
3430	39
3431	42
3432	42
3433	38
3434	49
3435	42
3436	48
3437	22
3438	28
3439	35
3440	21
3441	18
3442	29
3443	21
3444	21
3445	22
3446	52
3447	43
3448	43
3449	39
3450	28
3451	26
3452	25
3453	37
3454	31
3455	25
3456	25
3457	31
3458	16
3459	23
3460	31
3461	40
3462	36
3463	19
3464	24
3465	33
3466	49
3467	23
3468	29
3469	37
3470	42
3471	46
3472	23
3473	16
3474	24
3475	31
3476	49
3477	23
3478	32
3479	20
3480	15
3481	26
3482	24
3483	18
3484	23
3485	21
3486	10
3487	25
3488	22
3489	35
3490	22
3491	38
3492	15
3493	30
3494	39
3495	26
3496	42
3497	31
3498	25
3499	20
3500	41
3501	22
3502	27
3503	19
3504	25
3505	43
3506	30
3507	10
3508	18
3509	26
3510	28
3511	33
3512	26
3513	24
3514	23
3515	45
3516	30
3517	41
3518	44
3519	33
3520	33
3521	21
3522	17
3523	27
3524	25
3525	38
3526	21
3527	32
3528	30
3529	31
3530	29
3531	51
3532	28
3533	14
3534	31
3535	26
3536	19
3537	33
3538	20
3539	40
3540	38
3541	33
3542	56
3543	31
3544	49
3545	33
3546	25
3547	18
3548	29
3549	17
3550	15
3551	18
3552	14
3553	22
3554	36
3555	24
3556	22
3557	23
3558	41
3559	47
3560	40
3561	31
3562	22
3563	24
3564	18
3565	24
3566	34
3567	35
3568	43
3569	35
3570	34
3571	22
3572	29
3573	35
3574	41
3575	37
3576	30
3577	28
3578	24
3579	31
3580	20
3581	44
3582	26
3583	22
3584	24
3585	31
3586	31
3587	48
3588	66
3589	35
3590	30
3591	21
3592	16
3593	18
3594	5
3595	19
3596	36
3597	38
3598	29
3599	36
3600	20
3601	19
3602	24
3603	24
3604	30
3605	14
3606	25
3607	22
3608	26
3609	18
3610	38
3611	25
3612	26
3613	30
3614	22
3615	20
3616	22
3617	30
3618	35
3619	35
3620	44
3621	18
3622	22
3623	21
3624	18
3625	44
3626	32
3627	30
3628	38
3629	38
3630	24
3631	35
3632	35
3633	19
3634	33
3635	39
3636	19
3637	45
3638	32
3639	31
3640	53
3641	40
3642	40
3643	40
3644	31
3645	32
3646	19
3647	31
3648	21
3649	36
3650	39
3651	40
3652	34
3653	27
3654	38
3655	50
3656	29
3657	29
3658	46
3659	28
3660	26
3661	35
3662	36
3663	37
3664	17
3665	19
3666	28
3667	37
3668	23
3669	30
3670	43
3671	32
3672	39
3673	22
3674	22
3675	18
3676	34
3677	32
3678	15
3679	13
3680	16
3681	17
3682	25
3683	18
3684	46
3685	28
3686	9
3687	12
3688	31
3689	41
3690	56
3691	48
3692	42
3693	27
3694	23
3695	20
3696	20
3697	27
3698	16
3699	31
3700	43
3701	39
3702	18
3703	24
3704	11
3705	37
3706	32
3707	46
3708	25
3709	28
3710	20
3711	27
3712	35
3713	27
3714	43
3715	30
3716	27
3717	18
3718	30
3719	27
3720	17
3721	31
3722	21
3723	25
3724	22
3725	42
3726	36
3727	45
3728	68
3729	24
3730	45
3731	30
3732	30
3733	35
3734	18
3735	20
3736	25
3737	33
3738	16
3739	26
3740	26
3741	31
3742	33
3743	38
3744	30
3745	33
3746	22
3747	30
3748	18
3749	21
3750	12
3751	21
3752	23
3753	14
3754	15
3755	36
3756	16
3757	42
3758	32
3759	37
3760	18
3761	31
3762	18
3763	36
3764	26
3765	38
3766	23
3767	22
3768	14
3769	19
3770	18
3771	17
3772	22
3773	16
3774	26
3775	48
3776	19
3777	35
3778	16
3779	14
3780	15
3781	42
3782	21
3783	37
3784	42
3785	30
3786	28
3787	19
3788	19
3789	20
3790	26
3791	21
3792	17
3793	26
3794	21
3795	20
3796	22
3797	29
3798	21
3799	17
3800	22
3801	28
3802	20
3803	15
3804	15
3805	20
3806	28
3807	18
3808	22
3809	22
3810	24
3811	15
3812	18
3813	8
3814	22
3815	14
3816	21
3817	15
3818	22
3819	17
3820	28
3821	38
3822	15
3823	21
3824	25
3825	22
3826	25
3827	9
3828	12
3829	38
3830	31
3831	44
3832	40
3833	15
3834	15
3835	28
3836	17
3837	31
3838	25
3839	48
3840	20
3841	18
3842	31
3843	24
3844	37
3845	44
3846	32
3847	28
3848	21
3849	16
3850	19
3851	15
3852	13
3853	20
3854	29
3855	17
3856	15
3857	20
3858	39
3859	27
3860	39
3861	33
3862	23
3863	38
3864	34
3865	49
3866	52
3867	51
3868	65
3869	23
3870	17
3871	20
3872	16
3873	12
3874	20
3875	33
3876	31
3877	38
3878	27
3879	37
3880	39
3881	31
3882	26
3883	21
3884	40
3885	42
3886	44
3887	38
3888	44
3889	32
3890	54
3891	39
3892	17
3893	29
3894	35
3895	28
3896	45
3897	60
3898	36
3899	36
3900	56
3901	38
3902	27
3903	63
3904	33
3905	59
3906	63
3907	34
3908	61
3909	35
3910	43
3911	41
3912	69
3913	29
3914	35
3915	73
3916	33
3917	41
3918	58
3919	37
3920	51
3921	52
3922	58
3923	38
3924	40
3925	56
3926	54
3927	66
3928	49
3929	49
3930	26
3931	35
3932	32
3933	32
3934	42
3935	23
3936	26
3937	40
3938	49
3939	31
3940	39
3941	45
3942	43
3943	59
3944	52
3945	60
3946	40
3947	50
3948	51
3949	32
3950	46
3951	29
3952	53
3953	38
3954	54
3955	36
3956	22
3957	21
3958	27
3959	37
3960	26
3961	24
3962	22
3963	18
3964	35
3965	11
3966	41
3967	18
3968	17
3969	25
3970	33
3971	36
3972	33
3973	25
3974	36
3975	32
3976	23
3977	22
3978	51
3979	29
3980	32
3981	28
3982	22
3983	41
3984	22
3985	22
3986	37
3987	25
3988	25
3989	31
3990	15
3991	25
3992	23
3993	31
3994	27
3995	16
3996	20
3997	23
3998	23
3999	13
4000	28
4001	21
4002	24
4003	11
4004	15
4005	25
4006	26
4007	12
4008	20
4009	40
4010	23
4011	20
4012	38
4013	15
4014	28
4015	24
4016	26
4017	31
4018	24
4019	60
4020	40
4021	38
4022	37
4023	51
4024	35
4025	26
4026	40
4027	26
4028	40
4029	30
4030	39
4031	37
4032	40
4033	31
4034	39
4035	28
4036	45
4037	41
4038	45
4039	31
4040	39
4041	35
4042	39
4043	35
4044	47
4045	33
4046	36
4047	34
4048	39
4049	42
4050	49
4051	57
4052	52
4053	58
4054	52
4055	55
4056	40
4057	70
4058	52
4059	38
4060	36
4061	30
4062	43
4063	35
4064	40
4065	45
4066	40
4067	39
4068	57
4069	37
4070	35
4071	30
4072	51
4073	39
4074	37
4075	51
4076	36
4077	41
4078	45
4079	27
4080	28
4081	47
4082	39
4083	30
4084	21
4085	22
4086	23
4087	37
4088	51
4089	42
4090	48
4091	21
4092	40
4093	45
4094	34
4095	42
4096	54
4097	50
4098	62
4099	44
4100	37
4101	28
4102	24
4103	48
4104	28
4105	44
4106	46
4107	58
4108	20
4109	17
4110	29
4111	21
4112	37
4113	41
4114	24
4115	40
4116	39
4117	28
4118	40
4119	25
4120	18
4121	21
4122	17
4123	25
4124	11
4125	12
4126	25
4127	19
4128	26
4129	18
4130	24
4131	22
4132	20
4133	17
4134	22
4135	18
4136	22
4137	32
4138	29
4139	19
4140	25
4141	33
4142	30
4143	13
4144	23
4145	51
4146	28
4147	16
4148	23
4149	11
4150	20
4151	16
4152	21
4153	35
4154	22
4155	36
4156	33
4157	59
4158	40
4159	36
4160	22
4161	40
4162	20
4163	16
4164	19
4165	10
4166	18
4167	33
4168	25
4169	20
4170	29
4171	33
4172	38
4173	42
4174	33
4175	29
4176	30
4177	36
4178	18
4179	29
4180	32
4181	22
4182	18
4183	28
4184	20
4185	35
4186	21
4187	17
4188	22
4189	26
4190	10
4191	4
4192	20
4193	19
4194	24
4195	16
4196	24
4197	20
4198	11
4199	20
4200	20
4201	14
4202	20
4203	24
4204	35
4205	25
4206	18
4207	15
4208	15
4209	11
4210	24
4211	22
4212	20
4213	35
4214	27
4215	13
4216	9
4217	27
4218	35
4219	16
4220	16
4221	30
4222	7
4223	21
4224	29
4225	27
4226	19
4227	10
4228	14
4229	22
4230	16
4231	14
4232	30
4233	18
4234	29
4235	16
4236	21
4237	31
4238	18
4239	19
4240	20
4241	20
4242	15
4243	14
4244	15
4245	22
4246	23
4247	19
4248	23
4249	15
4250	26
4251	16
4252	9
4253	23
4254	6
4255	8
4256	22
4257	21
4258	34
4259	18
4260	11
4261	15
4262	19
4263	14
4264	15
4265	15
4266	23
4267	19
4268	21
4269	22
4270	14
4271	22
4272	33
4273	26
4274	30
4275	36
4276	9
4277	9
4278	7
4279	7
4280	18
4281	11
4282	23
4283	9
4284	9
4285	14
4286	8
4287	11
4288	11
4289	15
4290	14
4291	31
4292	14
4293	21
4294	24
4295	38
4296	17
4297	20
4298	29
4299	22
4300	21
4301	5
4302	25
4303	10
4304	35
4305	26
4306	10
4307	10
4308	13
4309	23
4310	30
4311	27
4312	21
4313	20
4314	25
4315	25
4316	9
4317	16
4318	30
4319	55
4320	27
4321	31
4322	10
4323	7
4324	10
4325	24
4326	39
4327	17
4328	13
4329	17
4330	17
4331	29
4332	22
4333	24
4334	23
4335	13
4336	18
4337	31
4338	19
4339	34
4340	12
4341	20
4342	21
4343	17
4344	15
4345	23
4346	19
4347	25
4348	9
4349	18
4350	10
4351	8
4352	10
4353	19
4354	12
4355	12
4356	21
4357	13
4358	11
4359	25
4360	7
4361	13
4362	9
4363	11
4364	15
4365	24
4366	19
4367	10
4368	14
4369	17
4370	20
4371	30
4372	16
4373	47
4374	26
4375	38
4376	37
4377	40
4378	22
4379	25
4380	27
4381	18
4382	16
4383	20
4384	26
4385	10
4386	27
4387	19
4388	16
4389	20
4390	21
4391	7
4392	13
4393	10
4394	7
4395	11
4396	10
4397	16
4398	23
4399	24
4400	27
4401	25
4402	42
4403	38
4404	7
4405	12
4406	2
4407	11
4408	29
4409	8
4410	8
4411	9
4412	11
4413	12
4414	37
4415	25
4416	17
4417	17
4418	16
4419	13
4420	25
4421	20
4422	19
4423	16
4424	19
4425	22
4426	32
4427	18
4428	27
4429	19
4430	27
4431	24
4432	11
4433	16
4434	11
4435	26
4436	21
4437	29
4438	24
4439	20
4440	10
4441	15
4442	13
4443	10
4444	18
4445	7
4446	16
4447	11
4448	17
4449	14
4450	16
4451	19
4452	13
4453	18
4454	17
4455	10
4456	14
4457	21
4458	11
4459	17
4460	24
4461	18
4462	24
4463	15
4464	20
4465	17
4466	8
4467	22
4468	17
4469	15
4470	26
4471	31
4472	16
4473	18
4474	17
4475	22
4476	8
4477	14
4478	1
4479	5
4480	6
4481	13
4482	23
4483	22
4484	23
4485	21
4486	21
4487	17
4488	12
4489	13
4490	43
4491	26
4492	14
4493	22
4494	10
4495	32
4496	34
4497	5
4498	19
4499	23
4500	20
4501	21
4502	12
4503	18
4504	25
4505	19
4506	12
4507	4
4508	14
4509	9
4510	16
4511	23
4512	23
4513	18
4514	15
4515	25
4516	13
4517	15
4518	13
4519	14
4520	17
4521	23
4522	17
4523	17
4524	22
4525	17
4526	10
4527	23
4528	22
4529	23
4530	19
4531	8
4532	24
4533	8
4534	10
4535	19
4536	37
4537	32
4538	25
4539	22
4540	14
4541	22
4542	23
4543	30
4544	24
4545	30
4546	15
4547	12
4548	11
4549	12
4550	11
4551	16
4552	9
4553	15
4554	3
4555	6
4556	18
4557	33
4558	13
4559	14
4560	27
4561	12
4562	18
4563	17
4564	15
4565	14
4566	20
4567	21
4568	31
4569	22
4570	26
4571	28
4572	17
4573	9
4574	19
4575	23
4576	21
4577	17
4578	20
4579	13
4580	18
4581	22
4582	29
4583	20
4584	19
4585	19
4586	18
4587	8
4588	20
4589	22
4590	16
4591	28
4592	24
4593	13
4594	23
4595	17
4596	28
4597	26
4598	12
4599	25
4600	16
4601	19
4602	20
4603	25
4604	31
4605	18
4606	20
4607	14
4608	11
4609	9
4610	7
4611	16
4612	27
4613	23
4614	31
4615	13
4616	21
4617	49
4618	29
4619	28
4620	37
4621	27
4622	13
4623	15
4624	24
4625	7
4626	17
4627	23
4628	29
4629	26
4630	21
4631	7
4632	5
4633	3
4634	5
4635	7
4636	13
4637	10
4638	18
4639	19
4640	37
4641	30
4642	23
4643	19
4644	20
4645	22
4646	12
4647	15
4648	20
4649	22
4650	5
4651	15
4652	20
4653	9
4654	8
4655	25
4656	19
4657	23
4658	12
4659	14
4660	18
4661	20
4662	12
4663	14
4664	29
4665	13
4666	24
4667	16
4668	26
4669	27
4670	25
4671	25
4672	23
4673	31
4674	20
4675	26
4676	27
4677	11
4678	21
4679	12
4680	22
4681	32
4682	42
4683	14
4684	15
4685	22
4686	32
4687	23
4688	16
4689	25
4690	24
4691	18
4692	15
4693	13
4694	22
4695	13
4696	19
4697	14
4698	6
4699	12
4700	7
4701	22
4702	20
4703	25
4704	18
4705	35
4706	13
4707	22
4708	32
4709	29
4710	33
4711	24
4712	25
4713	16
4714	26
4715	26
4716	14
4717	17
4718	9
4719	10
4720	6
4721	6
4722	12
4723	23
4724	21
4725	22
4726	18
4727	29
4728	45
4729	18
4730	15
4731	21
4732	27
4733	25
4734	22
4735	17
4736	21
4737	13
4738	22
4739	26
4740	18
4741	13
4742	23
4743	18
4744	12
4745	20
4746	17
4747	37
4748	15
4749	13
4750	12
4751	32
4752	29
4753	25
4754	18
4755	33
4756	14
4757	14
4758	13
4759	8
4760	17
4761	19
4762	21
4763	30
4764	12
4765	20
4766	17
4767	9
4768	8
4769	17
4770	8
4771	14
4772	20
4773	35
4774	16
4775	12
4776	13
4777	13
4778	22
4779	13
4780	22
4781	29
4782	17
4783	14
4784	20
4785	19
4786	10
4787	16
4788	20
4789	14
4790	17
4791	13
4792	15
4793	19
4794	28
4795	16
4796	16
4797	19
4798	26
4799	47
4800	19
4801	19
4802	22
4803	24
4804	20
4805	26
4806	36
4807	37
4808	20
4809	32
4810	27
4811	16
4812	39
4813	13
4814	31
4815	34
4816	17
4817	15
4818	22
4819	22
4820	12
4821	26
4822	18
4823	20
4824	24
4825	28
4826	17
4827	18
4828	24
4829	21
4830	20
4831	32
4832	26
4833	12
4834	29
4835	16
4836	16
4837	21
4838	27
4839	10
4840	15
4841	18
4842	14
4843	10
4844	20
4845	35
4846	23
4847	33
4848	32
4849	31
4850	21
4851	15
4852	29
4853	19
4854	12
4855	19
4856	30
4857	27
4858	18
4859	14
4860	15
4861	15
4862	20
4863	32
4864	21
4865	29
4866	30
4867	38
4868	36
4869	32
4870	30
4871	33
4872	18
4873	13
4874	5
4875	13
4876	6
4877	7
4878	5
4879	6
4880	6
4881	10
4882	6
4883	5
4884	6
4885	8
4886	15
4887	11
4888	10
4889	13
4890	15
4891	7
4892	9
4893	18
4894	8
4895	12
4896	27
4897	17
4898	26
4899	26
4900	26
4901	23
4902	15
4903	19
4904	9
4905	16
4906	28
4907	22
4908	21
4909	31
4910	18
4911	29
4912	14
4913	28
4914	11
4915	13
4916	16
4917	9
4918	11
4919	13
4920	18
4921	22
4922	39
4923	46
4924	25
4925	26
4926	23
4927	19
4928	24
4929	21
4930	16
4931	20
4932	14
4933	31
4934	18
4935	22
4936	13
4937	15
4938	26
4939	13
4940	8
4941	20
4942	13
4943	16
4944	17
4945	21
4946	32
4947	14
4948	13
4949	5
4950	12
4951	8
4952	7
4953	4
4954	5
4955	6
4956	13
4957	17
4958	17
4959	26
4960	20
4961	18
4962	23
4963	28
4964	27
4965	38
4966	27
4967	37
4968	22
4969	9
4970	7
4971	7
4972	13
4973	18
4974	18
4975	24
4976	8
4977	7
4978	12
4979	11
4980	33
4981	24
4982	20
4983	28
4984	30
4985	25
4986	18
4987	19
4988	10
4989	7
4990	8
4991	22
4992	6
4993	5
4994	7
4995	19
4996	9
4997	8
4998	24
4999	11
5000	15
5001	21
5002	21
5003	13
5004	9
5005	13
5006	26
5007	10
5008	10
5009	11
5010	14
5011	16
5012	13
5013	26
5014	24
5015	23
5016	25
5017	21
5018	27
5019	7
5020	15
5021	21
5022	22
5023	13
5024	10
5025	6
5026	8
5027	29
5028	19
5029	38
5030	23
5031	42
5032	31
5033	18
5034	14
5035	12
5036	20
5037	29
5038	24
5039	26
5040	21
5041	20
5042	39
5043	22
5044	22
5045	18
5046	17
5047	25
5048	31
5049	12
5050	27
5051	18
5052	23
5053	17
5054	25
5055	15
5056	23
5057	20
5058	13
5059	13
5060	28
5061	23
5062	32
5063	46
5064	22
5065	59
5066	32
5067	16
5068	8
5069	34
5070	17
5071	22
5072	27
5073	11
5074	36
5075	47
5076	37
5077	13
5078	22
5079	19
5080	16
5081	10
5082	14
5083	12
5084	6
5085	3
5086	12
5087	27
5088	5
5089	4
5090	11
5091	17
5092	20
5093	14
5094	17
5095	20
5096	31
5097	21
5098	14
5099	12
5100	18
5101	9
5102	14
5103	30
5104	19
5105	20
5106	40
5107	39
5108	32
5109	27
5110	42
5111	20
5112	10
5113	12
5114	9
5115	14
5116	8
5117	9
5118	12
5119	21
5120	21
5121	37
5122	22
5123	6
5124	13
5125	8
5126	26
5127	22
5128	15
5129	15
5130	19
5131	8
5132	20
5133	21
5134	10
5135	14
5136	8
5137	3
5138	18
5139	17
5140	13
5141	14
5142	5
5143	17
5144	21
5145	19
5146	25
5147	16
5148	27
5149	9
5150	8
5151	17
5152	6
5153	8
5154	17
5155	5
5156	15
5157	12
5158	21
5159	24
5160	13
5161	12
5162	22
5163	8
5164	13
5165	14
5166	10
5167	3
5168	7
5169	17
5170	9
5171	2
5172	13
5173	7
5174	12
5175	11
5176	20
5177	17
5178	11
5179	9
5180	29
5181	18
5182	18
5183	15
5184	8
5185	13
5186	5
5187	5
5188	21
5189	10
5190	12
5191	4
5192	3
5193	5
5194	7
5195	9
5196	12
5197	23
5198	14
5199	9
5200	11
5201	15
5202	18
5203	15
5204	20
5205	10
5206	13
5207	18
5208	28
5209	5
5210	9
5211	14
5212	8
5213	6
5214	15
5215	13
5216	9
5217	6
5218	17
5219	10
5220	13
5221	7
5222	3
5223	7
5224	14
5225	5
5226	7
5227	10
5228	19
5229	14
5230	6
5231	20
5232	9
5233	6
5234	1
5235	7
5236	6
5237	9
5238	19
5239	16
5240	11
5241	23
5242	6
5243	8
5244	11
5245	18
5246	15
5247	12
5248	11
5249	11
5250	18
5251	16
5252	17
5253	18
5254	12
5255	12
5256	3
5257	7
5258	11
5259	14
5260	6
5261	11
5262	24
5263	22
5264	21
5265	12
5266	18
5267	18
5268	26
5269	19
5270	16
5271	11
5272	5
5273	17
5274	20
5275	11
5276	23
5277	15
5278	15
5279	17
5280	16
5281	11
5282	10
5283	13
5284	8
5285	10
5286	10
5287	11
5288	11
5289	20
5290	8
5291	9
5292	10
5293	9
5294	12
5295	7
5296	15
5297	14
5298	14
5299	7
5300	2
5301	17
5302	11
5303	14
5304	18
5305	30
5306	20
5307	22
5308	15
5309	16
5310	14
5311	5
5312	12
5313	8
5314	11
5315	15
5316	12
5317	28
5318	3
5319	11
5320	15
5321	26
5322	22
5323	12
5324	14
5325	8
5326	28
5327	9
5328	5
5329	11
5330	15
5331	22
5332	21
5333	5
5334	10
5335	23
5336	15
5337	10
5338	22
5339	23
5340	13
5341	26
5342	23
5343	6
5344	5
5345	7
5346	15
5347	5
5348	4
5349	9
5350	9
5351	11
5352	23
5353	13
5354	21
5355	7
5356	2
5357	13
5358	20
5359	15
5360	19
5361	26
5362	35
5363	22
5364	25
5365	19
5366	25
5367	20
5368	15
5369	21
5370	16
5371	13
5372	14
5373	21
5374	12
5375	33
5376	10
5377	11
5378	17
5379	19
5380	25
5381	7
5382	9
5383	9
5384	5
5385	1
5386	16
5387	10
5388	24
5389	25
5390	12
5391	19
5392	18
5393	10
5394	30
5395	6
5396	14
5397	18
5398	14
5399	12
5400	9
5401	13
5402	4
5403	6
5404	5
5405	1
5406	16
5407	4
5408	13
5409	23
5410	22
5411	12
5412	15
5413	23
5414	10
5415	19
5416	20
5417	22
5418	6
5419	9
5420	3
5421	5
5422	8
5423	8
5424	4
5425	10
5426	9
5427	11
5428	28
5429	18
5430	14
5431	16
5432	22
5433	11
5434	10
5435	5
5436	4
5437	9
5438	3
5439	7
5440	8
5441	11
5442	7
5443	1
5444	12
5445	17
5446	25
5447	14
5448	14
5449	8
5450	9
5451	14
5452	12
5453	25
5454	15
5455	14
5456	10
5457	23
5458	14
5459	26
5460	9
5461	14
5462	12
5463	15
5464	15
5465	19
5466	18
5467	15
5468	8
5469	21
5470	15
5471	16
5472	11
5473	14
5474	34
5475	5
5476	16
5477	3
5478	10
5479	24
5480	16
5481	20
5482	8
5483	5
5484	11
5485	9
5486	8
5487	13
5488	15
5489	7
5490	7
5491	2
5492	0
5493	4
5494	9
5495	16
5496	12
5497	21
5498	9
5499	8
5500	9
5501	12
5502	10
5503	13
5504	36
5505	17
5506	14
5507	15
5508	6
5509	10
5510	11
5511	6
5512	9
5513	17
5514	27
5515	25
5516	29
5517	28
5518	11
5519	23
5520	23
5521	20
5522	26
5523	23
5524	18
5525	19
5526	28
5527	19
5528	25
5529	15
5530	13
5531	21
5532	13
5533	11
5534	15
5535	12
5536	7
5537	16
5538	17
5539	11
5540	14
5541	17
5542	16
5543	26
5544	20
5545	19
5546	25
5547	17
5548	17
5549	32
5550	13
5551	18
5552	14
5553	13
5554	16
5555	19
5556	14
5557	20
5558	22
5559	15
5560	5
5561	2
5562	17
5563	16
5564	9
5565	23
5566	17
5567	20
5568	30
5569	12
5570	16
5571	8
5572	21
5573	20
5574	13
5575	17
5576	20
5577	16
5578	12
5579	15
5580	20
5581	11
5582	23
5583	22
5584	19
5585	22
5586	26
5587	33
5588	18
5589	14
5590	29
5591	23
5592	14
5593	12
5594	7
5595	4
5596	13
5597	12
5598	30
5599	19
5600	11
5601	9
5602	13
5603	17
5604	26
5605	18
5606	9
5607	31
5608	13
5609	13
5610	18
5611	11
5612	8
5613	29
5614	10
5615	7
5616	17
5617	29
5618	10
5619	15
5620	8
5621	8
5622	7
5623	5
5624	4
5625	6
5626	16
5627	4
5628	21
5629	7
5630	18
5631	22
5632	8
5633	12
5634	26
5635	33
5636	10
5637	1
5638	12
5639	14
5640	8
5641	11
5642	10
5643	18
5644	23
5645	14
5646	11
5647	22
5648	4
5649	29
5650	11
5651	42
5652	26
5653	30
5654	15
5655	10
5656	26
5657	15
5658	19
5659	21
5660	15
5661	23
5662	12
5663	12
5664	15
5665	16
5666	0
5667	0
5668	4
5669	4
5670	7
5671	0
5672	2
5673	7
5674	4
5675	6
5676	14
5677	35
5678	19
5679	20
5680	17
5681	14
5682	9
5683	18
5684	17
5685	21
5686	6
5687	10
5688	20
5689	17
5690	8
5691	24
5692	2
5693	13
5694	12
5695	5
5696	16
5697	5
5698	8
5699	18
5700	11
5701	7
5702	14
5703	27
5704	39
5705	13
5706	7
5707	14
5708	22
5709	5
5710	15
5711	16
5712	31
5713	10
5714	19
5715	12
5716	15
5717	9
5718	21
5719	10
5720	13
5721	22
5722	14
5723	11
5724	5
5725	7
5726	13
5727	0
5728	2
5729	11
5730	5
5731	7
5732	15
5733	2
5734	15
5735	9
5736	5
5737	11
5738	23
5739	15
5740	16
5741	15
5742	23
5743	26
5744	15
5745	25
5746	9
5747	22
5748	6
5749	14
5750	16
5751	19
5752	23
5753	15
5754	15
5755	15
5756	22
5757	15
5758	17
5759	16
5760	8
5761	13
5762	19
5763	12
5764	15
5765	14
5766	15
5767	10
5768	15
5769	8
5770	13
5771	22
5772	17
5773	14
5774	21
5775	21
5776	12
5777	21
5778	15
5779	8
5780	13
5781	9
5782	4
5783	6
5784	13
5785	10
5786	8
5787	17
5788	11
5789	11
5790	10
5791	9
5792	1
5793	2
5794	13
5795	5
5796	14
5797	8
5798	13
5799	18
5800	18
5801	33
5802	29
5803	24
5804	18
5805	21
5806	22
5807	15
5808	1
5809	3
5810	3
5811	11
5812	20
5813	12
5814	7
5815	10
5816	7
5817	16
5818	17
5819	12
5820	23
5821	1
5822	7
5823	16
5824	23
5825	15
5826	3
5827	0
5828	7
5829	24
5830	1
5831	6
5832	7
5833	18
5834	12
5835	6
5836	12
5837	11
5838	21
5839	9
5840	8
5841	9
5842	8
5843	6
5844	6
5845	9
5846	9
5847	16
5848	0
5849	2
5850	4
5851	6
5852	4
5853	0
5854	4
5855	2
5856	2
5857	3
5858	11
5859	17
5860	23
5861	22
5862	13
5863	18
5864	15
5865	18
5866	16
5867	22
5868	20
5869	23
5870	23
5871	18
5872	18
5873	25
5874	14
5875	13
5876	23
5877	27
5878	11
5879	10
5880	22
5881	13
5882	12
5883	23
5884	12
5885	21
5886	22
5887	27
5888	15
5889	8
5890	19
5891	19
5892	9
5893	9
5894	13
5895	9
5896	18
5897	9
5898	12
5899	19
5900	21
5901	23
5902	24
5903	10
5904	18
5905	11
5906	4
5907	8
5908	15
5909	14
5910	18
5911	12
5912	11
5913	4
5914	15
5915	5
5916	6
5917	10
5918	23
5919	29
5920	8
5921	12
5922	5
5923	11
5924	6
5925	13
5926	11
5927	4
5928	14
5929	36
5930	27
5931	19
5932	14
5933	22
5934	26
5935	20
5936	23
5937	20
5938	11
5939	23
5940	22
5941	18
5942	7
5943	2
5944	6
5945	29
5946	12
5947	6
5948	10
5949	13
5950	14
5951	15
5952	15
5953	28
5954	46
5955	8
5956	15
5957	7
5958	27
5959	12
5960	3
5961	24
5962	23
5963	17
5964	25
5965	20
5966	14
5967	15
5968	19
5969	7
5970	21
5971	40
5972	26
5973	14
5974	16
5975	7
5976	5
5977	7
5978	10
5979	19
5980	20
5981	7
5982	19
5983	12
5984	8
5985	10
5986	12
5987	5
5988	11
5989	8
5990	31
5991	17
5992	12
5993	13
5994	6
5995	7
5996	16
5997	28
5998	11
5999	9
6000	10
6001	6
6002	13
6003	11
6004	11
6005	19
6006	11
6007	14
6008	15
6009	5
6010	14
6011	10
6012	15
6013	20
6014	18
6015	15
6016	20
6017	18
6018	23
6019	14
6020	9
6021	7
6022	3
6023	8
6024	1
6025	5
6026	29
6027	11
6028	15
6029	13
6030	10
6031	22
6032	11
6033	11
6034	17
6035	12
6036	17
6037	7
6038	32
6039	18
6040	12
6041	15
6042	8
6043	6
6044	10
6045	18
6046	10
6047	25
6048	16
6049	22
6050	15
6051	10
6052	11
6053	3
6054	1
6055	5
6056	9
6057	8
6058	4
6059	6
6060	15
6061	34
6062	16
6063	18
6064	31
6065	9
6066	9
6067	12
6068	11
6069	5
6070	3
6071	3
6072	6
6073	9
6074	9
6075	6
6076	13
6077	15
6078	7
6079	11
6080	10
6081	13
6082	11
6083	13
6084	10
6085	12
6086	22
6087	19
6088	8
6089	18
6090	14
6091	12
6092	10
6093	16
6094	24
6095	6
6096	5
6097	13
6098	7
6099	13
6100	14
6101	12
6102	11
6103	5
6104	5
6105	1
6106	15
6107	18
6108	12
6109	21
6110	23
6111	23
6112	7
6113	5
6114	26
6115	16
6116	22
6117	17
6118	13
6119	19
6120	16
6121	8
6122	15
6123	12
6124	10
6125	19
6126	11
6127	22
6128	17
6129	20
6130	17
6131	9
6132	20
6133	26
6134	9
6135	19
6136	17
6137	7
6138	26
6139	24
6140	5
6141	13
6142	16
6143	15
6144	10
6145	14
6146	9
6147	5
6148	7
6149	10
6150	17
6151	10
6152	15
6153	18
6154	26
6155	12
6156	16
6157	19
6158	22
6159	15
6160	13
6161	13
6162	8
6163	14
6164	12
6165	23
6166	14
6167	9
6168	17
6169	15
6170	19
6171	29
6172	25
6173	20
6174	12
6175	12
6176	7
6177	21
6178	23
6179	27
6180	12
6181	6
6182	2
6183	0
6184	1
6185	3
6186	10
6187	3
6188	7
6189	7
6190	16
6191	18
6192	12
6193	13
6194	8
6195	19
6196	4
6197	8
6198	10
6199	17
6200	13
6201	17
6202	25
6203	33
6204	16
6205	14
6206	12
6207	7
6208	10
6209	15
6210	11
6211	18
6212	11
6213	8
6214	16
6215	9
6216	3
6217	6
6218	3
6219	11
6220	17
6221	22
6222	33
6223	21
6224	14
6225	12
6226	2
6227	11
6228	17
6229	15
6230	21
6231	8
6232	18
6233	12
6234	19
6235	6
6236	3
6237	6
6238	4
6239	27
6240	16
6241	9
6242	10
6243	5
6244	13
6245	8
6246	7
6247	9
6248	5
6249	12
6250	14
6251	20
6252	14
6253	8
6254	9
6255	23
6256	12
6257	24
6258	31
6259	12
6260	11
6261	32
6262	22
6263	13
6264	21
6265	22
6266	18
6267	14
6268	11
6269	10
6270	18
6271	9
6272	10
6273	14
6274	26
6275	15
6276	11
6277	15
6278	8
6279	15
6280	9
6281	18
6282	6
6283	18
6284	10
6285	11
6286	14
6287	20
6288	20
6289	8
6290	9
6291	27
6292	15
6293	12
6294	6
6295	18
6296	11
6297	15
6298	15
6299	14
6300	7
6301	16
6302	13
6303	19
6304	13
6305	15
6306	13
6307	17
6308	20
6309	30
6310	15
6311	7
6312	11
6313	12
6314	6
6315	9
6316	7
6317	16
6318	12
6319	10
6320	10
6321	24
6322	30
6323	18
6324	6
6325	24
6326	25
6327	31
6328	20
6329	30
6330	21
6331	42
6332	7
6333	21
6334	4
6335	5
6336	7
6337	8
6338	11
6339	6
6340	11
6341	9
6342	13
6343	8
6344	9
6345	6
6346	17
6347	14
6348	12
6349	33
6350	12
6351	3
6352	11
6353	10
6354	16
6355	17
6356	23
6357	28
6358	19
6359	16
6360	29
6361	22
6362	23
6363	11
6364	10
6365	14
6366	6
6367	15
6368	16
6369	15
6370	16
6371	10
6372	3
6373	11
6374	2
6375	8
6376	14
6377	15
6378	11
6379	11
6380	7
6381	10
6382	8
6383	10
6384	4
6385	1
6386	6
6387	8
6388	13
6389	27
6390	14
6391	5
6392	11
6393	16
6394	6
6395	11
6396	15
6397	17
6398	12
6399	15
6400	14
6401	7
6402	2
6403	5
6404	6
6405	3
6406	7
6407	10
6408	11
6409	9
6410	15
6411	8
6412	18
6413	14
6414	8
6415	13
6416	11
6417	7
6418	11
6419	18
6420	11
6421	11
6422	29
6423	6
6424	13
6425	3
6426	5
6427	23
6428	13
6429	12
6430	9
6431	5
6432	6
6433	14
6434	16
6435	21
6436	11
6437	9
6438	8
6439	10
6440	4
6441	2
6442	3
6443	2
6444	6
6445	8
6446	11
6447	20
6448	9
6449	7
6450	6
6451	7
6452	17
6453	6
6454	6
6455	10
6456	17
6457	7
6458	3
6459	11
6460	8
6461	25
6462	5
6463	18
6464	6
6465	15
6466	13
6467	16
6468	9
6469	10
6470	1
6471	8
6472	10
6473	8
6474	4
6475	13
6476	9
6477	13
6478	10
6479	13
6480	11
6481	18
6482	17
6483	14
6484	17
6485	9
6486	8
6487	8
6488	9
6489	14
6490	12
6491	7
6492	13
6493	15
6494	6
6495	8
6496	15
6497	12
6498	20
6499	10
6500	28
6501	10
6502	11
6503	5
6504	6
6505	13
6506	15
6507	22
6508	18
6509	23
6510	14
6511	18
6512	21
6513	23
6514	11
6515	6
6516	4
6517	6
6518	9
6519	8
6520	5
6521	4
6522	20
6523	11
6524	10
6525	11
6526	15
6527	2
6528	11
6529	4
6530	10
6531	20
6532	8
6533	8
6534	11
6535	16
6536	7
6537	6
6538	8
6539	9
6540	17
6541	10
6542	15
6543	16
6544	20
6545	16
6546	7
6547	10
6548	9
6549	8
6550	15
6551	9
6552	8
6553	15
6554	8
6555	6
6556	9
6557	4
6558	4
6559	11
6560	4
6561	10
6562	5
6563	9
6564	9
6565	4
6566	9
6567	4
6568	4
6569	8
6570	14
6571	17
6572	13
6573	17
6574	8
6575	4
6576	8
6577	11
6578	6
6579	11
6580	18
6581	9
6582	4
6583	1
6584	9
6585	9
6586	9
6587	14
6588	10
6589	5
6590	3
6591	1
6592	1
6593	4
6594	18
6595	2
6596	6
6597	1
6598	8
6599	16
6600	2
6601	10
6602	6
6603	13
6604	8
6605	9
6606	6
6607	13
6608	5
6609	12
6610	6
6611	20
6612	11
6613	10
6614	16
6615	11
6616	21
6617	17
6618	6
6619	2
6620	3
6621	3
6622	5
6623	0
6624	1
6625	10
6626	10
6627	13
6628	16
6629	16
6630	9
6631	4
6632	9
6633	5
6634	12
6635	12
6636	13
6637	5
6638	10
6639	9
6640	17
6641	18
6642	12
6643	7
6644	8
6645	7
6646	1
6647	18
6648	12
6649	5
6650	37
6651	10
6652	16
6653	11
6654	12
6655	11
6656	11
6657	14
6658	6
6659	12
6660	18
6661	11
6662	13
6663	20
6664	7
6665	8
6666	3
6667	5
6668	5
6669	5
6670	6
6671	7
6672	10
6673	3
6674	8
6675	18
6676	12
6677	5
6678	13
6679	8
6680	18
6681	7
6682	9
6683	12
6684	5
6685	3
6686	5
6687	14
6688	7
6689	6
6690	5
6691	15
6692	11
6693	7
6694	4
6695	3
6696	2
6697	16
6698	1
6699	0
6700	5
6701	7
6702	5
6703	7
6704	6
6705	8
6706	7
6707	2
6708	12
6709	10
6710	4
6711	4
6712	0
6713	5
6714	10
6715	9
6716	8
6717	8
6718	10
6719	4
6720	4
6721	7
6722	8
6723	13
6724	23
6725	8
6726	10
6727	7
6728	7
6729	16
6730	5
6731	8
6732	13
6733	10
6734	1
6735	1
6736	0
6737	1
6738	1
6739	8
6740	6
6741	11
6742	16
6743	20
6744	7
6745	12
6746	5
6747	4
6748	2
6749	1
6750	1
6751	3
6752	7
6753	10
6754	13
6755	5
6756	7
6757	5
6758	1
6759	1
6760	0
6761	7
6762	15
6763	9
6764	12
6765	15
6766	16
6767	5
6768	15
6769	15
6770	3
6771	6
6772	14
6773	7
6774	10
6775	7
6776	29
6777	10
6778	13
6779	14
6780	21
6781	6
6782	13
6783	16
6784	16
6785	10
6786	10
6787	8
6788	5
6789	5
6790	10
6791	2
6792	5
6793	10
6794	4
6795	14
6796	7
6797	15
6798	6
6799	7
6800	10
6801	17
6802	18
6803	14
6804	10
6805	7
6806	13
6807	1
6808	2
6809	1
6810	9
6811	7
6812	12
6813	16
6814	12
6815	15
6816	6
6817	13
6818	12
6819	14
6820	11
6821	9
6822	10
6823	5
6824	12
6825	2
6826	20
6827	14
6828	10
6829	24
6830	14
6831	9
6832	14
6833	14
6834	14
6835	8
6836	12
6837	8
6838	20
6839	7
6840	8
6841	5
6842	4
6843	8
6844	7
6845	17
6846	10
6847	8
6848	4
6849	4
6850	16
6851	10
6852	6
6853	2
6854	6
6855	14
6856	24
6857	8
6858	15
6859	11
6860	11
6861	15
6862	15
6863	15
6864	27
6865	8
6866	11
6867	7
6868	8
6869	11
6870	5
6871	5
6872	21
6873	4
6874	10
6875	10
6876	8
6877	6
6878	12
6879	5
6880	10
6881	16
6882	10
6883	13
6884	10
6885	22
6886	10
6887	10
6888	17
6889	19
6890	19
6891	19
6892	16
6893	17
6894	22
6895	14
6896	4
6897	7
6898	8
6899	13
6900	1
6901	5
6902	4
6903	8
6904	8
6905	13
6906	1
6907	8
6908	26
6909	1
6910	0
6911	3
6912	11
6913	8
6914	16
6915	17
6916	26
6917	10
6918	8
6919	4
6920	6
6921	2
6922	6
6923	23
6924	11
6925	6
6926	2
6927	7
6928	10
6929	8
6930	7
6931	9
6932	9
6933	13
6934	16
6935	1
6936	11
6937	5
6938	12
6939	7
6940	13
6941	9
6942	5
6943	13
6944	10
6945	6
6946	8
6947	7
6948	13
6949	14
6950	8
6951	11
6952	4
6953	3
6954	11
6955	9
6956	14
6957	21
6958	7
6959	10
6960	10
6961	12
6962	16
6963	10
6964	31
6965	12
6966	11
6967	17
6968	17
6969	12
6970	24
6971	23
6972	18
6973	22
6974	16
6975	19
6976	6
6977	4
6978	20
6979	19
6980	20
6981	7
6982	8
6983	15
6984	17
6985	22
6986	15
6987	17
6988	34
6989	11
6990	14
6991	12
6992	3
6993	6
6994	15
6995	7
6996	10
6997	2
6998	5
6999	14
7000	22
7001	19
7002	8
7003	6
7004	8
7005	19
7006	12
7007	17
7008	14
7009	8
7010	5
7011	13
7012	9
7013	11
7014	11
7015	5
7016	6
7017	2
7018	4
7019	10
7020	6
7021	13
7022	6
7023	5
7024	13
7025	12
7026	8
7027	7
7028	14
7029	16
7030	15
7031	2
7032	10
7033	7
7034	1
7035	4
7036	4
7037	15
7038	4
7039	5
7040	6
7041	10
7042	7
7043	17
7044	17
7045	21
7046	9
7047	1
7048	8
7049	5
7050	7
7051	30
7052	2
7053	8
7054	11
7055	16
7056	11
7057	4
7058	4
7059	8
7060	27
7061	10
7062	7
7063	12
7064	4
7065	11
7066	22
7067	10
7068	5
7069	3
7070	7
7071	3
7072	10
7073	3
7074	4
7075	1
7076	5
7077	15
7078	16
7079	24
7080	18
7081	16
7082	23
7083	6
7084	3
7085	1
7086	2
7087	5
7088	2
7089	3
7090	8
7091	3
7092	5
7093	7
7094	5
7095	8
7096	2
7097	7
7098	14
7099	12
7100	13
7101	30
7102	11
7103	14
7104	10
7105	7
7106	4
7107	16
7108	1
7109	3
7110	13
7111	1
7112	2
7113	9
7114	9
7115	5
7116	4
7117	10
7118	11
7119	14
7120	11
7121	15
7122	5
7123	6
7124	3
7125	8
7126	4
7127	8
7128	7
7129	15
7130	7
7131	5
7132	5
7133	13
7134	12
7135	11
7136	16
7137	4
7138	6
7139	6
7140	20
7141	27
7142	13
7143	13
7144	20
7145	9
7146	11
7147	20
7148	22
7149	22
7150	13
7151	24
7152	26
7153	4
7154	9
7155	13
7156	13
7157	8
7158	15
7159	7
7160	7
7161	1
7162	7
7163	5
7164	11
7165	11
7166	14
7167	20
7168	15
7169	23
7170	10
7171	13
7172	19
7173	15
7174	15
7175	9
7176	22
7177	26
7178	22
7179	10
7180	6
7181	15
7182	19
7183	10
7184	7
7185	15
7186	3
7187	5
7188	10
7189	11
7190	5
7191	17
7192	7
7193	7
7194	18
7195	29
7196	5
7197	10
7198	19
7199	15
7200	13
7201	18
7202	12
7203	40
7204	21
7205	19
7206	17
7207	6
7208	5
7209	2
7210	6
7211	1
7212	9
7213	6
7214	7
7215	9
7216	0
7217	1
7218	13
7219	5
7220	13
7221	10
7222	16
7223	9
7224	11
7225	10
7226	7
7227	6
7228	17
7229	16
7230	9
7231	21
7232	16
7233	10
7234	9
7235	8
7236	6
7237	10
7238	3
7239	3
7240	14
7241	12
7242	12
7243	8
7244	17
7245	5
7246	15
7247	7
7248	11
7249	5
7250	5
7251	14
7252	12
7253	24
7254	13
7255	18
7256	8
7257	12
7258	19
7259	15
7260	9
7261	4
7262	24
7263	13
7264	21
7265	18
7266	15
7267	12
7268	1
7269	0
7270	5
7271	5
7272	12
7273	8
7274	11
7275	12
7276	16
7277	20
7278	23
7279	18
7280	19
7281	17
7282	22
7283	10
7284	7
7285	8
7286	5
7287	3
7288	7
7289	5
7290	4
7291	12
7292	3
7293	6
7294	3
7295	4
7296	2
7297	19
7298	6
7299	15
7300	9
7301	21
7302	12
7303	17
7304	20
7305	15
7306	17
7307	10
7308	18
7309	13
7310	21
7311	17
7312	26
7313	17
7314	27
7315	26
7316	27
7317	17
7318	13
7319	13
7320	11
7321	7
7322	10
7323	9
7324	16
7325	13
7326	19
7327	12
7328	9
7329	16
7330	8
7331	13
7332	19
7333	13
7334	8
7335	13
7336	10
7337	12
7338	19
7339	5
7340	22
7341	15
7342	6
7343	6
7344	18
7345	8
7346	13
7347	7
7348	12
7349	13
7350	3
7351	5
7352	8
7353	9
7354	9
7355	4
7356	7
7357	9
7358	5
7359	3
7360	13
7361	13
7362	7
7363	2
7364	2
7365	4
7366	0
7367	2
7368	0
7369	2
7370	7
7371	2
7372	2
7373	7
7374	11
7375	5
7376	3
7377	2
7378	12
7379	9
7380	9
7381	13
7382	10
7383	11
7384	12
7385	11
7386	10
7387	11
7388	6
7389	9
7390	10
7391	15
7392	5
7393	5
7394	1
7395	4
7396	5
7397	5
7398	11
7399	8
7400	18
7401	8
7402	6
7403	7
7404	16
7405	15
7406	5
7407	7
7408	5
7409	6
7410	10
7411	2
7412	10
7413	19
7414	9
7415	24
7416	16
7417	1
7418	7
7419	7
7420	8
7421	4
7422	8
7423	13
7424	2
7425	12
7426	10
7427	13
7428	12
7429	28
7430	25
7431	13
7432	5
7433	4
7434	3
7435	8
7436	3
7437	5
7438	8
7439	1
7440	2
7441	1
7442	3
7443	10
7444	5
7445	11
7446	2
7447	11
7448	8
7449	10
7450	26
7451	27
7452	10
7453	11
7454	14
7455	8
7456	11
7457	2
7458	0
7459	0
7460	5
7461	6
7462	3
7463	9
7464	3
7465	2
7466	3
7467	3
7468	2
7469	7
7470	10
7471	3
7472	6
7473	4
7474	0
7475	4
7476	3
7477	3
7478	5
7479	5
7480	1
7481	3
7482	7
7483	5
7484	9
7485	4
7486	11
7487	8
7488	7
7489	8
7490	19
7491	13
7492	11
7493	22
7494	9
7495	7
7496	35
7497	25
7498	31
7499	23
7500	10
7501	7
7502	15
7503	7
7504	8
7505	5
7506	3
7507	4
7508	7
7509	5
7510	8
7511	8
7512	18
7513	11
7514	10
7515	17
7516	6
7517	7
7518	14
7519	4
7520	10
7521	5
7522	12
7523	8
7524	18
7525	27
7526	6
7527	7
7528	12
7529	18
7530	15
7531	4
7532	13
7533	12
7534	16
7535	10
7536	11
7537	17
7538	17
7539	17
7540	28
7541	10
7542	12
7543	14
7544	13
7545	12
7546	0
7547	6
7548	4
7549	15
7550	5
7551	4
7552	12
7553	8
7554	14
7555	7
7556	4
7557	6
7558	6
7559	0
7560	3
7561	3
7562	7
7563	0
7564	1
7565	5
7566	7
7567	10
7568	12
7569	27
7570	19
7571	10
7572	6
7573	5
7574	13
7575	14
7576	11
7577	12
7578	7
7579	13
7580	17
7581	6
7582	10
7583	7
7584	3
7585	7
7586	1
7587	0
7588	3
7589	8
7590	14
7591	11
7592	4
7593	9
7594	7
7595	7
7596	4
7597	17
7598	7
7599	9
7600	13
7601	13
7602	13
7603	22
7604	3
7605	11
7606	11
7607	9
7608	7
7609	9
7610	8
7611	7
7612	0
7613	2
7614	3
7615	12
7616	3
7617	1
7618	2
7619	2
7620	0
7621	4
7622	6
7623	13
7624	16
7625	8
7626	12
7627	6
7628	6
7629	26
7630	17
7631	0
7632	4
7633	8
7634	11
7635	5
7636	2
7637	6
7638	16
7639	8
7640	8
7641	26
7642	8
7643	12
7644	10
7645	1
7646	16
7647	7
7648	4
7649	8
7650	16
7651	9
7652	12
7653	4
7654	7
7655	5
7656	19
7657	11
7658	16
7659	11
7660	15
7661	2
7662	3
7663	16
7664	8
7665	5
7666	3
7667	8
7668	9
7669	20
7670	6
7671	2
7672	4
7673	7
7674	7
7675	5
7676	9
7677	10
7678	6
7679	8
7680	11
7681	10
7682	16
7683	5
7684	11
7685	15
7686	2
7687	4
7688	5
7689	9
7690	3
7691	2
7692	6
7693	4
7694	12
7695	11
7696	7
7697	10
7698	9
7699	10
7700	15
7701	12
7702	14
7703	7
7704	3
7705	0
7706	0
7707	0
7708	1
7709	1
7710	8
7711	9
7712	20
7713	7
7714	10
7715	12
7716	22
7717	12
7718	5
7719	2
7720	6
7721	5
7722	7
7723	7
7724	1
7725	5
7726	4
7727	4
7728	4
7729	2
7730	5
7731	14
7732	5
7733	12
7734	11
7735	18
7736	15
7737	9
7738	11
7739	6
7740	9
7741	4
7742	6
7743	8
7744	13
7745	22
7746	6
7747	6
7748	5
7749	14
7750	10
7751	16
7752	8
7753	5
7754	4
7755	4
7756	5
7757	10
7758	6
7759	10
7760	9
7761	6
7762	3
7763	0
7764	1
7765	3
7766	3
7767	6
7768	2
7769	4
7770	4
7771	7
7772	10
7773	19
7774	9
7775	9
7776	6
7777	2
7778	15
7779	0
7780	0
7781	1
7782	3
7783	3
7784	2
7785	2
7786	7
7787	5
7788	3
7789	2
7790	11
7791	10
7792	8
7793	19
7794	10
7795	12
7796	4
7797	4
7798	8
7799	10
7800	10
7801	9
7802	10
7803	14
7804	7
7805	7
7806	11
7807	20
7808	12
7809	8
7810	8
7811	14
7812	6
7813	8
7814	6
7815	2
7816	3
7817	5
7818	5
7819	9
7820	3
7821	6
7822	11
7823	6
7824	6
7825	6
7826	6
7827	12
7828	9
7829	13
7830	6
7831	14
7832	15
7833	17
7834	13
7835	14
7836	19
7837	9
7838	9
7839	11
7840	13
7841	16
7842	11
7843	8
7844	4
7845	3
7846	7
7847	8
7848	8
7849	15
7850	13
7851	11
7852	16
7853	13
7854	17
7855	10
7856	6
7857	12
7858	8
7859	15
7860	8
7861	16
7862	24
7863	16
7864	22
7865	30
7866	10
7867	9
7868	7
7869	13
7870	12
7871	10
7872	8
7873	3
7874	1
7875	5
7876	2
7877	10
7878	11
7879	6
7880	14
7881	24
7882	51
7883	70
7884	69
7885	78
7886	11
7887	5
7888	18
7889	9
7890	5
7891	15
7892	8
7893	19
7894	9
7895	19
7896	10
7897	11
7898	12
7899	15
7900	12
7901	9
7902	5
7903	2
7904	5
7905	14
7906	10
7907	3
7908	10
7909	21
7910	12
7911	18
7912	17
7913	15
7914	17
7915	0
7916	5
7917	12
7918	5
7919	2
7920	11
7921	4
7922	9
7923	1
7924	8
7925	5
7926	0
7927	0
7928	5
7929	1
7930	0
7931	4
7932	4
7933	7
7934	6
7935	0
7936	0
7937	9
7938	2
7939	2
7940	3
7941	7
7942	11
7943	15
7944	11
7945	10
7946	3
7947	1
7948	2
7949	3
7950	10
7951	5
7952	3
7953	2
7954	4
7955	4
7956	1
7957	0
7958	2
7959	5
7960	3
7961	12
7962	1
7963	3
7964	4
7965	6
7966	5
7967	3
7968	3
7969	8
7970	16
7971	10
7972	6
7973	14
7974	7
7975	4
7976	4
7977	0
7978	4
7979	0
7980	5
7981	5
7982	10
7983	9
7984	10
7985	5
7986	4
7987	3
7988	0
7989	4
7990	9
7991	17
7992	7
7993	15
7994	14
7995	11
7996	6
7997	3
7998	7
7999	3
8000	193608
