18	4
19	1
20	2
24	1
26	5
27	3
28	1
29	2
30	5
31	7
32	2
33	5
34	6
35	4
36	4
37	10
38	7
39	5
40	7
41	5
42	13
43	26
44	27
45	18
46	21
47	28
48	18
49	30
50	32
51	26
52	45
53	35
54	30
55	30
56	48
57	46
58	39
59	40
60	51
61	56
62	52
63	77
64	62
65	53
66	52
67	75
68	85
69	79
70	69
71	82
72	83
73	82
74	93
75	77
76	95
77	116
78	120
79	135
80	125
81	140
82	149
83	152
84	170
85	191
86	171
87	205
88	240
89	242
90	261
91	240
92	268
93	284
94	281
95	304
96	266
97	307
98	317
99	354
100	348
101	306
102	353
103	414
104	435
105	452
106	460
107	467
108	490
109	504
110	547
111	575
112	598
113	626
114	587
115	621
116	686
117	723
118	720
119	746
120	722
121	745
122	789
123	831
124	861
125	843
126	829
127	909
128	945
129	939
130	973
131	965
132	1006
133	1002
134	1116
135	1130
136	1137
137	1170
138	1150
139	1240
140	1388
141	1501
142	1819
143	1933
144	2488
145	3306
146	3904
147	5261
148	12389
149	14741
150	16690
