18	4
19	1
20	2
24	1
26	6
27	3
28	1
29	2
30	5
31	7
32	2
33	7
34	6
35	5
36	4
37	10
38	7
39	5
40	7
41	5
42	13
43	26
44	27
45	18
46	22
47	33
48	18
49	30
50	32
51	26
52	46
53	37
54	33
55	32
56	53
57	56
58	48
59	53
60	60
61	58
62	55
63	81
64	62
65	59
66	58
67	82
68	89
69	83
70	78
71	87
72	92
73	96
74	107
75	91
76	109
77	135
78	132
79	150
80	144
81	169
82	163
83	165
84	192
85	215
86	198
87	236
88	291
89	287
90	300
91	295
92	317
93	337
94	388
95	376
96	326
97	381
98	415
99	438
100	464
101	402
102	462
103	551
104	583
105	598
106	610
107	634
108	662
109	712
110	744
111	794
112	827
113	874
114	818
115	893
116	963
117	1081
118	1018
119	1057
120	1048
121	1135
122	1161
123	1261
124	1320
125	1252
126	1230
127	1389
128	1438
129	1406
130	1511
131	1547
132	1561
133	1578
134	1715
135	1694
136	1762
137	1838
138	1862
139	2143
140	2371
141	2632
142	3154
143	3604
144	5019
145	7302
146	9854
147	14886
148	36516
149	58355
150	97722
