16	6
17	6
18	13
19	15
20	18
21	14
22	9
23	22
24	19
25	14
26	20
27	9
28	25
29	28
30	46
31	51
32	72
33	79
34	146
35	175
36	181
37	249
38	324
39	371
40	467
41	545
42	609
43	729
44	848
45	1045
46	1171
47	1295
48	1334
49	1459
50	1567
51	1771
52	1796
53	1923
54	2082
55	2088
56	2127
57	2155
58	2438
59	2553
60	2404
61	2464
62	2548
63	2512
64	2685
65	2757
66	2822
67	2879
68	3077
69	3188
70	3304
71	3517
72	3711
73	3759
74	3857
75	4090
76	4212
77	4225
78	4587
79	4836
80	5048
81	5179
82	5498
83	5635
84	5947
85	6304
86	6670
87	6729
88	7338
89	7242
90	7593
91	7919
92	8399
93	8751
94	9295
95	9744
96	10346
97	10848
98	11349
99	11832
100	12298
101	13301
102	13583
103	14410
104	14733
105	15433
106	16148
107	17186
108	17574
109	18315
110	19471
111	19646
112	20700
113	20766
114	21469
115	21669
116	22802
117	23208
118	24320
119	24871
120	24940
121	25493
122	25752
123	26401
124	27069
125	27452
126	27457
127	28425
128	28869
129	29269
130	30277
131	31066
132	32144
133	33342
134	35168
135	37045
136	39102
137	42527
138	47080
139	53008
140	60683
141	75522
142	97249
143	117622
144	171398
145	276065
146	381141
147	581701
148	1389880
149	1652499
150	1920466
