0	0
1	0
2	0
3	0
4	0
5	0
6	0
7	0
8	0
9	0
10	0
11	0
12	0
13	8
14	6
15	6
16	5
17	12
18	8
19	4
20	7
21	2
22	6
23	7
24	4
25	7
26	12
27	15
28	7
29	12
30	13
31	21
32	18
33	19
34	13
35	19
36	23
37	22
38	14
39	22
40	25
41	12
42	15
43	20
44	17
45	14
46	14
47	28
48	20
49	19
50	19
51	31
52	25
53	24
54	15
55	27
56	18
57	27
58	23
59	33
60	24
61	35
62	23
63	42
64	29
65	31
66	34
67	48
68	33
69	38
70	29
71	40
72	46
73	43
74	58
75	63
76	54
77	60
78	69
79	49
80	68
81	83
82	54
83	72
84	85
85	87
86	79
87	97
88	87
89	94
90	108
91	86
92	110
93	107
94	99
95	129
96	102
97	98
98	118
99	92
100	148
101	152
102	131
103	125
104	136
105	131
106	155
107	142
108	155
109	154
110	145
111	141
112	159
113	142
114	147
115	167
116	142
117	143
118	140
119	166
120	154
121	163
122	185
123	138
124	141
125	172
126	151
127	145
128	147
129	137
130	156
131	140
132	178
133	174
134	163
135	180
136	153
137	166
138	181
139	164
140	151
141	175
142	167
143	165
144	170
145	133
146	126
147	121
148	159
149	107
150	163
151	146
152	109
153	137
154	137
155	116
156	130
157	108
158	123
159	111
160	128
161	129
162	136
163	113
164	102
165	84
166	116
167	132
168	129
169	105
170	140
171	85
172	93
173	136
174	86
175	102
176	141
177	151
178	101
179	128
180	122
181	112
182	101
183	134
184	106
185	119
186	140
187	143
188	126
189	113
190	123
191	90
192	116
193	111
194	79
195	95
196	133
197	94
198	109
199	98
200	114
201	123
202	90
203	89
204	123
205	102
206	84
207	86
208	100
209	84
210	120
211	106
212	113
213	89
214	88
215	124
216	112
217	108
218	80
219	95
220	92
221	130
222	107
223	114
224	124
225	108
226	96
227	105
228	89
229	86
230	69
231	94
232	95
233	103
234	77
235	84
236	91
237	97
238	78
239	86
240	90
241	93
242	79
243	89
244	94
245	94
246	97
247	96
248	120
249	114
250	115
251	127
252	91
253	104
254	105
255	107
256	108
257	88
258	101
259	102
260	103
261	77
262	104
263	81
264	106
265	115
266	128
267	140
268	119
269	156
270	124
271	97
272	98
273	129
274	127
275	119
276	136
277	134
278	148
279	137
280	102
281	141
282	146
283	131
284	123
285	130
286	113
287	98
288	124
289	116
290	121
291	148
292	116
293	124
294	120
295	146
296	110
297	139
298	139
299	123
300	119
301	106
302	119
303	124
304	146
305	129
306	107
307	113
308	102
309	126
310	129
311	152
312	142
313	130
314	110
315	146
316	119
317	125
318	102
319	94
320	120
321	116
322	131
323	136
324	128
325	129
326	110
327	148
328	157
329	104
330	156
331	107
332	95
333	111
334	127
335	122
336	126
337	112
338	93
339	132
340	131
341	109
342	85
343	115
344	112
345	132
346	109
347	100
348	111
349	113
350	109
351	99
352	117
353	110
354	106
355	111
356	126
357	134
358	114
359	128
360	142
361	134
362	134
363	94
364	141
365	101
366	113
367	119
368	137
369	136
370	119
371	122
372	110
373	115
374	92
375	127
376	85
377	87
378	109
379	130
380	136
381	90
382	119
383	92
384	110
385	135
386	114
387	101
388	116
389	110
390	118
391	93
392	117
393	98
394	130
395	97
396	129
397	122
398	129
399	122
400	142
401	110
402	112
403	124
404	112
405	128
406	133
407	108
408	108
409	114
410	104
411	125
412	136
413	121
414	119
415	114
416	128
417	129
418	110
419	108
420	99
421	113
422	118
423	111
424	94
425	111
426	104
427	131
428	110
429	87
430	87
431	104
432	116
433	106
434	104
435	105
436	117
437	115
438	138
439	101
440	96
441	115
442	94
443	99
444	91
445	88
446	84
447	104
448	91
449	95
450	97
451	87
452	86
453	89
454	85
455	72
456	61
457	76
458	77
459	58
460	73
461	67
462	68
463	74
464	69
465	75
466	78
467	72
468	69
469	67
470	82
471	77
472	78
473	81
474	69
475	78
476	61
477	67
478	53
479	48
480	67
481	79
482	63
483	84
484	83
485	58
486	59
487	59
488	55
489	54
490	68
491	63
492	46
493	57
494	74
495	52
496	77
497	58
498	74
499	53
500	69
501	77
502	56
503	70
504	61
505	79
506	67
507	77
508	74
509	74
510	72
511	57
512	56
513	61
514	55
515	61
516	49
517	46
518	55
519	47
520	59
521	70
522	42
523	43
524	59
525	49
526	43
527	61
528	68
529	51
530	46
531	40
532	49
533	46
534	53
535	47
536	38
537	54
538	44
539	38
540	46
541	57
542	61
543	37
544	42
545	51
546	27
547	37
548	56
549	39
550	43
551	45
552	43
553	40
554	24
555	43
556	36
557	20
558	23
559	29
560	29
561	34
562	42
563	31
564	32
565	22
566	25
567	28
568	29
569	31
570	31
571	33
572	21
573	30
574	23
575	19
576	38
577	25
