0	0
1	0
2	0
3	0
4	0
5	0
6	0
7	0
8	0
9	0
10	0
11	0
12	0
13	8
14	6
15	7
16	6
17	13
18	8
19	4
20	7
21	2
22	6
23	7
24	4
25	9
26	13
27	18
28	7
29	12
30	15
31	25
32	18
33	22
34	16
35	19
36	33
37	25
38	14
39	29
40	26
41	12
42	17
43	21
44	36
45	14
46	16
47	72
48	22
49	20
50	29
51	36
52	29
53	25
54	17
55	28
56	22
57	30
58	24
59	35
60	26
61	36
62	25
63	45
64	32
65	36
66	37
67	51
68	35
69	45
70	30
71	40
72	47
73	46
74	65
75	64
76	58
77	66
78	79
79	54
80	79
81	89
82	59
83	83
84	96
85	95
86	89
87	106
88	100
89	112
90	119
91	99
92	129
93	132
94	117
95	145
96	121
97	112
98	148
99	120
100	171
101	194
102	159
103	164
104	168
105	164
106	184
107	178
108	191
109	214
110	211
111	193
112	237
113	180
114	196
115	216
116	184
117	179
118	210
119	281
120	240
121	257
122	277
123	195
124	229
125	238
126	210
127	254
128	228
129	209
130	244
131	209
132	295
133	273
134	286
135	282
136	278
137	301
138	319
139	293
140	291
141	306
142	305
143	252
144	319
145	236
146	285
147	191
148	344
149	198
150	328
151	316
152	223
153	278
154	272
155	239
156	277
157	265
158	296
159	245
160	280
161	273
162	290
163	305
164	218
165	185
166	248
167	267
168	298
169	245
170	320
171	171
172	213
173	305
174	174
175	224
176	336
177	369
178	217
179	315
180	293
181	252
182	267
183	302
184	225
185	242
186	301
187	339
188	345
189	255
190	289
191	184
192	279
193	270
194	172
195	221
196	349
197	213
198	215
199	233
200	304
201	239
202	178
203	172
204	253
205	222
206	167
207	175
208	259
209	166
210	271
211	223
212	251
213	202
214	149
215	251
216	262
217	268
218	205
219	216
220	192
221	302
222	199
223	256
224	299
225	199
226	193
227	282
228	215
229	167
230	145
231	205
232	203
233	226
234	141
235	182
236	212
237	185
238	167
239	196
240	184
241	203
242	155
243	173
244	200
245	195
246	189
247	172
248	248
249	208
250	203
251	251
252	185
253	190
254	207
255	224
256	209
257	168
258	226
259	161
260	181
261	160
262	202
263	157
264	185
265	248
266	220
267	261
268	213
269	316
270	266
271	219
272	163
273	215
274	280
275	233
276	291
277	259
278	286
279	272
280	185
281	291
282	282
283	274
284	224
285	263
286	194
287	187
288	190
289	227
290	234
291	297
292	231
293	218
294	216
295	252
296	202
297	271
298	266
299	218
300	216
301	150
302	209
303	219
304	239
305	212
306	189
307	202
308	143
309	227
310	216
311	297
312	265
313	252
314	210
315	304
316	214
317	176
318	169
319	147
320	202
321	204
322	197
323	251
324	171
325	196
326	179
327	246
328	262
329	148
330	259
331	186
332	120
333	164
334	212
335	184
336	218
337	173
338	149
339	213
340	205
341	152
342	122
343	187
344	171
345	273
346	158
347	131
348	152
349	176
350	178
351	136
352	205
353	183
354	162
355	180
356	171
357	213
358	183
359	195
360	252
361	230
362	227
363	151
364	227
365	172
366	158
367	177
368	240
369	258
370	188
371	199
372	169
373	183
374	162
375	206
376	121
377	123
378	155
379	205
380	216
381	133
382	169
383	123
384	159
385	179
386	193
387	143
388	162
389	164
390	196
391	115
392	161
393	130
394	207
395	140
396	223
397	184
398	193
399	192
400	190
401	199
402	162
403	191
404	162
405	182
406	235
407	150
408	144
409	190
410	183
411	195
412	198
413	176
414	194
415	179
416	185
417	217
418	157
419	144
420	151
421	172
422	212
423	195
424	123
425	177
426	154
427	189
428	140
429	121
430	127
431	155
432	170
433	156
434	140
435	159
436	169
437	145
438	226
439	133
440	142
441	183
442	123
443	134
444	127
445	116
446	111
447	141
448	127
449	129
450	130
451	127
452	124
453	124
454	108
455	95
456	87
457	111
458	104
459	85
460	99
461	107
462	93
463	89
464	110
465	96
466	121
467	94
468	73
469	87
470	109
471	105
472	105
473	105
474	105
475	114
476	99
477	86
478	71
479	70
480	92
481	99
482	78
483	115
484	112
485	81
486	77
487	65
488	88
489	64
490	107
491	89
492	72
493	71
494	78
495	73
496	94
497	67
498	111
499	64
500	100
501	100
502	73
503	88
504	73
505	102
506	78
507	92
508	104
509	100
510	102
511	73
512	75
513	86
514	74
515	87
516	63
517	54
518	65
519	58
520	80
521	104
522	54
523	48
524	70
525	64
526	62
527	78
528	99
529	76
530	60
531	45
532	57
533	63
534	70
535	66
536	45
537	71
538	51
539	42
540	70
541	66
542	76
543	59
544	55
545	58
546	33
547	60
548	71
549	53
550	50
551	56
552	50
553	64
554	30
555	57
556	44
557	21
558	32
559	31
560	30
561	44
562	60
563	34
564	40
565	28
566	31
567	32
568	36
569	38
570	42
571	63
