16	10
17	7
18	4
19	7
20	7
21	5
22	6
23	8
24	18
25	12
26	9
27	5
28	6
29	16
30	22
31	16
32	24
33	28
34	25
35	35
36	47
37	53
38	56
39	41
40	57
41	48
42	70
43	55
44	86
45	76
46	85
47	81
48	95
49	86
50	87
51	95
52	102
53	102
54	102
55	109
56	115
57	114
58	139
59	135
60	154
61	133
62	136
63	142
64	159
65	183
66	195
67	213
68	216
69	221
70	241
71	226
72	273
73	286
74	303
75	310
76	318
77	334
78	381
79	354
80	426
81	435
82	462
83	483
84	502
85	570
86	604
87	559
88	580
89	622
90	671
91	691
92	683
93	754
94	787
95	770
96	838
97	862
98	873
99	961
100	987
101	1036
102	988
103	1067
104	1053
105	1025
106	1105
107	1149
108	1107
109	1091
110	1173
111	1180
112	1277
113	1243
114	1258
115	1348
116	1400
117	1404
118	1478
119	1447
120	1554
121	1537
122	1583
123	1544
124	1656
125	1666
126	1727
127	1733
128	1849
129	1805
130	1786
131	1883
132	1939
133	1913
134	1920
135	1978
136	1993
137	2139
138	2045
139	2219
140	2232
141	2436
142	2545
143	2757
144	3133
145	3899
146	5053
147	7834
148	9931
149	14988
150	25858
