17	4
18	3
19	2
20	2
21	1
22	1
23	1
25	1
26	1
27	1
28	3
29	5
30	1
31	2
32	4
33	6
34	6
35	3
36	6
37	7
38	11
39	11
40	10
41	11
42	9
43	11
44	19
45	9
46	25
47	37
48	29
49	35
50	79
51	95
52	36
53	26
54	24
55	28
56	26
57	26
58	35
59	36
60	34
61	19
62	36
63	43
64	35
65	22
66	35
67	32
68	40
69	41
70	41
71	30
72	43
73	51
74	45
75	50
76	64
77	59
78	71
79	71
80	69
81	75
82	77
83	96
84	117
85	115
86	114
87	102
88	101
89	124
90	126
91	122
92	145
93	101
94	141
95	167
96	148
97	167
98	179
99	209
100	195
101	232
102	212
103	220
104	248
105	274
106	282
107	318
108	325
109	387
110	337
111	358
112	436
113	388
114	423
115	435
116	433
117	496
118	487
119	525
120	531
121	512
122	557
123	608
124	603
125	541
126	599
127	600
128	662
129	631
130	659
131	661
132	747
133	783
134	757
135	863
136	838
137	912
138	901
139	1002
140	1071
141	1271
142	1544
143	2221
144	3179
145	4227
146	7581
147	18721
148	21507
149	55818
150	55832
