17	4
18	3
19	2
20	2
21	1
22	1
23	1
25	1
26	1
27	1
28	3
29	5
30	1
31	2
32	3
33	6
34	6
35	3
36	6
37	6
38	10
39	11
40	10
41	11
42	8
43	11
44	18
45	9
46	23
47	34
48	14
49	26
50	30
51	26
52	31
53	23
54	22
55	25
56	23
57	24
58	27
59	31
60	30
61	19
62	29
63	37
64	32
65	21
66	31
67	28
68	33
69	36
70	38
71	26
72	40
73	46
74	40
75	44
76	55
77	56
78	65
79	60
80	59
81	70
82	65
83	82
84	91
85	97
86	92
87	79
88	88
89	104
90	112
91	103
92	121
93	85
94	110
95	133
96	118
97	138
98	139
99	156
100	137
101	177
102	158
103	167
104	184
105	202
106	197
107	226
108	219
109	242
110	219
111	213
112	274
113	237
114	278
115	302
116	292
117	334
118	329
119	347
120	352
121	340
122	365
123	376
124	392
125	337
126	399
127	404
128	431
129	421
130	428
131	442
132	475
133	500
134	473
135	540
136	519
137	551
138	559
139	606
140	646
141	823
142	873
143	1258
144	1633
145	2062
146	3390
147	7962
148	8551
149	13262
150	13890
