0	0
1	0
2	0
3	0
4	0
5	0
6	0
7	0
8	0
9	0
10	0
11	0
12	0
13	0
14	0
15	0
16	1
17	1
18	2
19	0
20	0
21	1
22	0
23	0
24	0
25	1
26	0
27	3
28	1
29	2
30	4
31	4
32	1
33	0
34	1
35	1
36	1
37	2
38	5
39	4
40	0
41	5
42	3
43	5
44	3
45	3
46	3
47	3
48	4
49	3
50	14
51	8
52	6
53	8
54	7
55	8
56	8
57	5
58	10
59	8
60	11
61	12
62	12
63	4
64	11
65	13
66	10
67	11
68	9
69	9
70	14
71	14
72	15
73	18
74	9
75	18
76	14
77	16
78	15
79	11
80	16
81	16
82	20
83	32
84	28
85	34
86	30
87	26
88	48
89	27
90	23
91	47
92	32
93	49
94	18
95	41
96	40
97	35
98	56
99	47
100	44
101	60
102	33
103	49
104	47
105	42
106	49
107	65
108	67
109	66
110	61
111	69
112	68
113	64
114	64
115	91
116	70
117	59
118	76
119	85
120	81
121	76
122	90
123	85
124	83
125	81
126	79
127	94
128	104
129	76
130	111
131	87
132	123
133	134
134	86
135	101
136	108
137	110
138	88
139	129
140	90
141	99
142	146
143	81
144	86
145	77
146	50
147	88
148	65
149	80
150	59
151	60
152	72
153	82
154	72
155	68
156	68
157	80
158	91
159	71
160	102
161	60
162	65
163	81
164	48
165	87
166	93
167	68
168	103
169	109
170	90
171	87
172	93
173	68
174	72
175	74
176	109
177	96
178	61
179	66
180	108
181	126
182	121
183	102
184	117
185	113
186	95
187	95
188	104
189	92
190	67
191	91
192	130
193	64
194	96
195	96
196	111
197	122
198	69
199	74
200	103
201	98
202	87
203	92
204	143
205	108
206	78
207	113
208	102
209	95
210	113
211	119
212	88
213	81
214	97
215	65
216	79
217	96
218	74
219	81
220	75
221	97
222	52
223	67
224	88
225	63
226	67
227	87
228	97
229	129
230	102
231	88
232	83
233	105
234	95
235	47
236	83
237	80
238	90
239	97
240	95
241	81
242	59
243	71
244	77
245	104
246	71
247	60
248	70
249	71
250	80
251	75
252	94
253	86
254	98
255	64
256	79
257	88
258	110
259	102
260	114
261	110
262	115
263	128
264	108
265	96
266	119
267	115
268	100
269	104
270	105
271	88
272	113
273	112
274	88
275	131
276	91
277	93
278	100
279	99
280	88
281	76
282	98
283	64
284	93
285	102
286	90
287	118
288	90
289	125
290	90
291	84
292	95
293	108
294	101
295	109
296	115
297	117
298	97
299	89
300	113
301	84
302	97
303	113
304	94
305	104
306	94
307	100
308	90
309	70
310	89
311	78
312	96
313	92
314	91
315	74
316	71
317	66
318	66
319	75
320	85
321	94
322	83
323	106
324	92
325	74
326	98
327	103
328	89
329	77
330	80
331	61
332	87
333	78
334	102
335	83
336	86
337	84
338	94
339	69
340	72
341	61
342	76
343	71
344	102
345	70
346	86
347	59
348	75
349	59
350	60
351	69
352	75
353	96
354	70
355	65
356	54
357	93
358	66
359	88
360	75
361	84
362	119
363	89
364	87
365	104
366	98
367	73
368	74
369	93
370	78
371	70
372	86
373	103
374	74
375	82
376	56
377	89
378	82
379	71
380	68
381	91
382	71
383	76
384	82
385	80
386	73
387	75
388	65
389	68
390	75
391	67
392	49
393	80
394	70
395	80
396	74
397	68
398	52
399	56
400	60
401	63
402	118
403	78
404	79
405	80
406	54
407	84
408	77
409	69
410	92
411	97
412	89
413	82
414	73
415	63
416	56
417	66
418	64
419	58
420	41
421	64
422	66
423	62
424	57
425	68
426	73
427	57
428	71
429	67
430	68
431	81
432	65
433	70
434	67
435	99
436	54
437	55
438	41
439	54
440	77
441	36
442	57
443	47
444	64
445	45
446	41
447	54
448	70
449	56
450	67
451	55
452	56
453	46
454	55
455	61
456	56
457	65
458	36
459	46
460	50
461	48
462	44
463	59
464	40
465	37
466	48
467	26
468	31
469	37
470	50
471	40
472	46
473	32
474	28
475	29
476	26
477	36
478	20
479	40
480	42
481	47
482	39
483	46
484	45
485	44
486	30
487	25
488	22
489	29
490	23
491	22
492	42
493	17
494	24
495	31
496	21
497	43
498	31
499	27
500	29
501	35
502	41
503	23
504	25
505	35
506	30
507	28
508	41
509	39
510	20
511	28
512	32
513	18
514	38
515	23
516	30
517	23
518	10
519	16
520	21
521	18
522	19
523	20
524	32
525	28
526	20
527	19
528	15
529	25
530	22
531	22
532	14
533	19
534	23
535	22
536	28
537	29
538	10
539	21
540	33
541	12
542	15
543	21
544	37
545	28
546	29
547	22
548	13
549	17
550	11
551	21
552	17
553	15
554	22
555	9
556	20
557	16
558	14
559	17
560	12
561	13
562	11
563	11
564	7
565	8
566	16
567	19
568	15
569	23
570	21
571	11
572	10
573	6
574	18
575	8
