0	0
1	0
2	0
3	0
4	0
5	0
6	0
7	0
8	0
9	0
10	0
11	0
12	0
13	0
14	0
15	0
16	1
17	1
18	2
19	0
20	0
21	1
22	0
23	0
24	0
25	1
26	0
27	3
28	1
29	2
30	4
31	4
32	1
33	0
34	1
35	1
36	1
37	2
38	5
39	5
40	0
41	6
42	3
43	6
44	4
45	3
46	3
47	3
48	4
49	3
50	15
51	9
52	8
53	8
54	7
55	9
56	8
57	6
58	15
59	9
60	12
61	13
62	12
63	6
64	11
65	14
66	10
67	12
68	9
69	12
70	15
71	14
72	18
73	24
74	9
75	20
76	14
77	16
78	16
79	12
80	19
81	19
82	20
83	42
84	34
85	40
86	34
87	30
88	55
89	30
90	26
91	55
92	36
93	57
94	20
95	51
96	49
97	38
98	64
99	56
100	64
101	79
102	42
103	65
104	57
105	51
106	53
107	81
108	84
109	98
110	75
111	106
112	103
113	78
114	84
115	147
116	96
117	79
118	103
119	113
120	108
121	128
122	135
123	140
124	127
125	118
126	105
127	154
128	148
129	99
130	175
131	113
132	167
133	216
134	112
135	145
136	173
137	177
138	114
139	205
140	145
141	143
142	225
143	157
144	137
145	109
146	79
147	214
148	116
149	153
150	118
151	164
152	143
153	220
154	185
155	150
156	150
157	154
158	253
159	157
160	197
161	114
162	133
163	202
164	100
165	163
166	206
167	155
168	238
169	221
170	217
171	216
172	262
173	149
174	147
175	161
176	255
177	243
178	166
179	146
180	268
181	288
182	268
183	289
184	348
185	306
186	255
187	264
188	288
189	254
190	156
191	257
192	391
193	148
194	288
195	245
196	304
197	356
198	227
199	211
200	315
201	298
202	240
203	184
204	534
205	345
206	236
207	331
208	321
209	296
210	365
211	436
212	308
213	333
214	294
215	199
216	231
217	402
218	228
219	287
220	287
221	350
222	131
223	144
224	232
225	208
226	179
227	178
228	335
229	384
230	297
231	330
232	321
233	299
234	275
235	94
236	341
237	246
238	301
239	365
240	361
241	196
242	177
243	168
244	181
245	409
246	171
247	212
248	217
249	178
250	251
251	232
252	311
253	231
254	364
255	172
256	277
257	289
258	341
259	326
260	408
261	463
262	347
263	435
264	330
265	284
266	343
267	374
268	401
269	300
270	409
271	239
272	388
273	345
274	252
275	489
276	224
277	345
278	261
279	236
280	326
281	203
282	317
283	161
284	278
285	259
286	350
287	322
288	322
289	475
290	201
291	246
292	263
293	381
294	351
295	335
296	389
297	262
298	306
299	193
300	348
301	201
302	263
303	343
304	301
305	344
306	295
307	320
308	236
309	242
310	244
311	217
312	228
313	316
314	255
315	186
316	153
317	121
318	160
319	217
320	217
321	265
322	173
323	286
324	273
325	152
326	246
327	270
328	254
329	252
330	313
331	194
332	231
333	228
334	226
335	208
336	236
337	200
338	211
339	145
340	173
341	201
342	157
343	144
344	289
345	139
346	222
347	123
348	167
349	145
350	137
351	181
352	186
353	174
354	135
355	178
356	128
357	152
358	134
359	173
360	134
361	156
362	271
363	211
364	199
365	206
366	254
367	154
368	164
369	222
370	219
371	144
372	228
373	259
374	128
375	174
376	114
377	178
378	188
379	105
380	151
381	184
382	221
383	189
384	189
385	177
386	130
387	196
388	125
389	122
390	208
391	128
392	77
393	145
394	193
395	158
396	120
397	120
398	98
399	127
400	114
401	95
402	315
403	148
404	162
405	165
406	90
407	159
408	127
409	125
410	181
411	184
412	238
413	186
414	111
415	185
416	74
417	179
418	133
419	104
420	62
421	123
422	151
423	148
424	110
425	123
426	135
427	125
428	191
429	153
430	128
431	165
432	93
433	149
434	103
435	241
436	71
437	115
438	97
439	85
440	241
441	44
442	94
443	84
444	111
445	85
446	45
447	78
448	109
449	83
450	122
451	113
452	121
453	65
454	130
455	97
456	91
457	133
458	61
459	75
460	87
461	91
462	83
463	117
464	75
465	69
466	90
467	50
468	37
469	43
470	62
471	49
472	90
473	47
474	50
475	40
476	40
477	59
478	25
479	79
480	96
481	78
482	81
483	66
484	86
485	73
486	39
487	44
488	46
489	53
490	29
491	27
492	62
493	20
494	32
495	68
496	50
497	91
498	46
499	36
500	46
501	53
502	65
503	29
504	46
505	50
506	72
507	35
508	75
509	90
510	38
511	47
512	70
513	25
514	56
515	31
516	83
517	39
518	18
519	21
520	27
521	20
522	33
523	33
524	56
525	34
526	34
527	32
528	16
529	31
530	25
531	30
532	16
533	25
534	29
535	32
536	55
537	69
538	14
539	31
540	67
541	13
542	21
543	36
544	79
545	40
546	38
547	46
548	29
549	23
550	14
551	40
552	19
553	19
554	37
555	10
556	26
557	28
558	26
559	22
560	18
561	18
